# CEC 2013 LSGO F06 rotation matrix (50x50)
1.4288195185566999e-01 -1.6408790864749739e-01 -1.0090804220587681e-01 2.8066169925059098e-01 -1.4425071982349590e-03 -1.8756457637561419e-01 5.5243588341818681e-02 -2.2776146865142119e-01 -1.5286897548458861e-01 2.8947711414087779e-02 1.8246829464950781e-01 8.9192940119939557e-02 1.1511075970258240e-01 8.2883478571891822e-02 -1.2670083777408500e-01 -2.3345778260774280e-01 4.8508577928565368e-02 -1.2592746472030070e-01 -1.3469364083212010e-01 2.2539959096741749e-01 -3.5450274599611871e-02 7.7031403642779009e-02 2.2361358421451799e-01 -1.1677822346035800e-02 -9.2374584751189343e-02 3.7870087923841583e-02 3.8271982963761150e-02 6.4807259235786133e-02 1.2384470208563569e-01 -1.2330326490403280e-01 4.8622159608022443e-02 -1.6102270601201579e-01 -1.5286371369320939e-01 -4.0786767214395600e-02 -1.2901622028029691e-01 6.2662619293157876e-02 -2.5769153615777279e-01 -1.7425992412089561e-01 -1.4960994206653400e-01 -1.0771375433157609e-01 -1.4474429569284411e-01 -1.1634906632312880e-01 -2.3402873385841971e-01 1.6615237030616539e-01 -1.5706345657803850e-02 -9.0101113207132821e-02 -9.5557536156348738e-02 2.3090636407251020e-01 1.4106784911696760e-01 -1.2071762867149650e-01
2.1607453840685639e-01 2.7939955524474080e-01 -9.8935471884794473e-04 5.9198664582578338e-02 -2.4606419169330121e-01 3.2188272030863198e-02 -7.8118931315811727e-02 -5.1482920511322569e-02 7.5034689107881039e-02 1.2991127966497640e-01 1.1359974900807010e-01 -1.5854442009065950e-01 3.2464370839381980e-03 3.5217613861963492e-03 -9.6398430861422510e-02 8.9084926168169862e-02 3.1317745081640957e-01 -1.3430996926581160e-01 -5.1279020905440308e-02 -2.3254303750271360e-01 -8.4674518163266863e-02 -8.8539018705583714e-02 7.8928103555984036e-02 7.1611200187781179e-02 3.5125297956124241e-01 3.6130881912926308e-02 -1.2237645834172180e-01 -1.5794799341014720e-01 1.3869294907256710e-01 1.7652740116912319e-01 7.0675000150062658e-02 -1.1228234467687900e-01 -1.3839983017763480e-01 5.6222869429932112e-02 2.7662783149826209e-01 1.4597472660797861e-01 3.7023116513575177e-02 -1.1764769078045539e-01 -1.6797523615535839e-01 -3.0435758392096460e-02 2.0762046691297459e-01 -1.2548014727244561e-01 -9.0849093032639203e-02 2.7582760822683398e-02 3.1967891724299681e-02 3.6833739822111640e-02 1.1801825953204980e-02 1.4003251830587629e-01 -1.7616127202469570e-01 7.9242702666756495e-02
-7.4876300223931117e-02 4.9454615564285397e-02 -8.3815002188200691e-02 1.8494088058085831e-01 -2.3837847632598899e-02 -1.4693531466222029e-01 4.0019773596169712e-02 -8.4653011871299408e-02 2.3177970576061141e-01 -7.1642039935759058e-02 -1.0907847098767430e-01 -6.2960104078879017e-02 -4.5326389903841351e-02 9.9870343292060210e-02 2.6634160504728721e-02 -1.2370536693400540e-02 1.4379188098026419e-01 -1.9396049475409710e-02 1.7722917636261909e-01 -2.5747443292832528e-01 1.0515482328942941e-01 -3.4916688111609570e-02 -2.6944903706468032e-01 -5.5334673701656442e-02 -2.0584533318970311e-01 5.9353496291454907e-02 -1.7177640740608591e-01 1.0821451641435329e-02 7.4252902922208909e-03 1.2134794393550230e-01 -1.7600676637149640e-01 3.8550526951869647e-02 2.0280015851822711e-01 -1.5398389666584089e-01 -2.2920305024153809e-02 -1.4371801668734119e-01 -1.5643991229338711e-01 4.6094012388659622e-02 -3.4041578537317679e-02 3.4420112167189280e-03 -1.2395042330518220e-01 -4.9654299870692642e-02 -9.8429469462046060e-02 -2.9494599988477732e-01 8.4629213675703183e-02 4.2785867710854386e-03 -9.3969753734968325e-02 3.9076987591628648e-01 -1.1618380448692840e-01 -3.0367042291350321e-01
-2.2707021483334211e-01 6.4350092338646692e-02 1.3815620204343410e-01 1.6298642972693930e-01 1.7878892679337510e-01 7.8625762195791774e-02 -2.3127300306820840e-02 1.4093788078937319e-01 -4.0631097571551672e-02 -5.9746678134036174e-03 2.2168235837257749e-01 8.6164335290261525e-03 1.3353395919402691e-01 5.6453223278824863e-02 -2.7962163498847541e-02 2.8522587169350501e-02 -1.3883331177793171e-01 1.9313071126741721e-01 1.2095280632878040e-01 -1.3702016691161839e-01 -2.9435359722273319e-02 6.5121844137216223e-02 2.5624904707517637e-01 -7.8757252459495344e-02 1.8816347281177251e-01 8.2931404611186268e-02 -4.3517356729728163e-01 3.8174389193425301e-01 1.4230199720447331e-01 8.6694712259820755e-02 4.1221991188786791e-02 1.9645980861607130e-02 2.0303085138119539e-01 7.8815514350012161e-03 1.8523911922959249e-01 -1.9709820201162642e-02 -2.3645271055641511e-02 7.9740410169841722e-02 -9.3149650021011651e-02 -7.0709894435558626e-02 -1.4482430863799231e-01 1.1717432536847000e-01 -1.0005663653224391e-01 4.1039794760031008e-02 -1.0004656941789880e-01 -8.0862123282840745e-02 -1.2001106827788910e-01 -1.8742324257184830e-02 8.2930669954327879e-02 1.0598883381809100e-01
2.0516302495652600e-01 -2.0732552949439639e-01 -2.1668393295909161e-01 -1.4300219242999479e-01 2.7207792978659640e-01 7.2205300058103758e-02 -1.7350318245129071e-01 -8.0161160804434431e-02 -3.1539353010684201e-01 -1.0183216600315330e-01 -2.2732806150273790e-01 -1.2648359879134119e-01 -2.1263702751316260e-01 -8.0174613041629605e-03 9.4346964084202664e-02 8.5088863124769154e-02 -1.1263009789255680e-01 -6.7271170100998744e-03 -3.8915425655012909e-02 -1.8168173394669179e-01 -3.1699170518256332e-03 -1.0695825725832640e-01 8.6280633126930295e-02 2.7989556491180212e-01 1.4474623338254590e-02 4.9088399955029727e-02 4.7530418800384071e-03 1.2233865990701370e-02 2.8527042374056871e-01 9.2995728677131254e-02 1.0314946530602680e-02 -9.0413987492946060e-02 2.2001819325078209e-01 1.5221814441414000e-01 2.4938351228311711e-02 2.0774329338896429e-02 4.0545977177642543e-02 -1.4853633164737981e-01 -6.2538104704759387e-02 -2.2745335734350489e-02 -2.0177636382911629e-01 -6.1922715713572288e-02 2.0182532261513161e-01 7.8389652930594786e-02 -8.1599068874218278e-02 -3.5506066369235277e-02 -9.0664265706684774e-02 1.0900394412383339e-01 -1.3994283754711090e-01 -8.6175069863967863e-02
8.3527064934375533e-02 2.2610205871303740e-01 7.8969720824999895e-02 9.8393002471952762e-02 -2.4583433176270781e-02 1.8860235366475839e-01 -2.8355363460085248e-01 -2.5911149597290217e-01 -2.4811711399926911e-01 7.6151900493069941e-02 -1.3499601304185049e-01 -4.8107579012675129e-02 -1.3994935833638519e-01 1.8314244795289009e-01 -6.4378074392872743e-03 -2.2203788313731342e-02 -1.4906311819284590e-01 1.0066291071304299e-01 7.0453116510604168e-04 1.7943993667621441e-01 -1.2287243561418990e-01 4.8382326742471983e-02 -1.4555821347485559e-01 -2.3177212355944499e-01 -6.6462003140890166e-02 -1.0526574320916590e-01 -2.3106694534145569e-01 -6.6637887008036259e-02 -1.5465431047144160e-01 2.1824392048838670e-01 -2.7981808155889820e-01 -5.7959699606255792e-02 -1.8915457085191739e-01 2.9654276023732530e-02 -9.3835023551193608e-02 4.2333943587233247e-02 1.7794719588417349e-01 3.0151840045436321e-03 4.2524621331765260e-02 1.0942207291957411e-01 -6.7220458854544959e-02 -8.8299802550364320e-02 -1.1457833919302390e-01 -2.2396071785425031e-02 -9.2517621097828975e-02 -2.7099166970860322e-01 -1.1755850541474240e-01 -5.0750189991902478e-02 -6.2466782047966131e-03 1.3638716682939830e-02
3.6611915164550708e-03 8.5055311633724720e-02 5.6906819466547368e-02 -9.3654838875710786e-02 1.9917247224329360e-01 1.0062029282914089e-01 -2.4142803957014980e-01 3.0405289652179798e-02 1.2508181915638800e-01 1.8605251293345010e-01 -3.4476020613738079e-01 1.2376548081714731e-01 -5.0435386481824607e-02 3.1811394352856681e-01 6.6897458178782924e-03 -1.3063632869198291e-01 1.6586522071490320e-01 -1.3949131205320461e-01 2.0979693008405051e-01 4.4407023010314503e-02 -5.3397436043003323e-02 -1.3647226786166139e-01 3.2869820732465388e-01 1.0829598814374861e-01 -4.7641108386260227e-02 5.5276492935120783e-02 4.7506548601295023e-02 2.1713203461437749e-01 -2.0165638652419471e-01 -8.8632009776021925e-02 1.5742090233111330e-01 1.9062636802297889e-02 -1.3357681054378090e-01 -1.3348322000529991e-01 -8.7429663120623863e-02 1.6905186100191170e-02 5.2289189413183078e-02 6.3529056183632304e-02 -5.7029318426407870e-02 -2.5719022179344042e-01 9.6594343653795184e-02 2.1642493283640981e-02 -2.8536888083526061e-02 -1.3902850264738800e-01 -1.6563036389331059e-01 8.8553142545553978e-02 9.1218185322850920e-02 8.0094481093326578e-02 -5.8440390969555500e-02 -2.6887255242375969e-02
-2.0439055474970230e-01 -1.5090694439881019e-01 -2.2205625293104710e-02 1.7795240545970151e-01 -7.6551506547621426e-02 -1.0087721241976309e-01 -1.5418905259647889e-01 1.0934053201778079e-01 -4.3574587739772047e-02 -6.1374695861294383e-02 -6.6747924696119135e-02 1.1931521823894370e-01 -1.0111856091492570e-01 -3.1859176830018453e-02 1.3388663277878241e-01 5.4892130178899101e-02 5.5534613808352320e-04 3.0118274096757158e-01 -3.6848009868829718e-01 -1.0937434029298870e-01 -9.7148544337677833e-02 -2.6804302763318077e-01 -2.3383326189758299e-02 -1.9297173903972821e-03 -6.7955939479274127e-02 1.8940071364984351e-01 -2.6467704261052102e-02 -9.3171371107318782e-02 -1.7469384799864479e-01 2.2323086613520331e-02 -1.5331775536359479e-01 2.4150045221587049e-01 -1.8693846060510849e-01 1.4896788753165130e-01 1.2629409410526651e-01 -9.7947567334980445e-02 5.4368796824122857e-02 -8.9694631108278106e-02 -8.1337227826124722e-02 -2.1214412587812420e-01 1.1970547749264830e-01 9.5743924466550029e-02 -7.2823271279525106e-02 1.9526806931559471e-01 -1.3736566045687809e-01 1.2291633715728230e-01 9.2429368573905740e-02 2.1382273743655139e-01 1.0452636444758071e-01 -2.4211061059187359e-02
4.9874569384171237e-02 -8.3384538161731248e-02 1.1388303239476280e-01 2.5669631067445068e-04 3.7706036976396011e-02 1.4444691022682421e-01 -4.8641442176178447e-02 3.3285313667952419e-02 -3.3428254604492870e-02 6.8107503805157940e-02 1.0751733099268880e-01 -1.4853801938724280e-02 2.0250983224357100e-01 2.5103782805573582e-02 1.7132548886488880e-01 2.2147950368193670e-01 -6.0425067207945840e-02 1.2658965766497129e-01 -1.4774631792885920e-01 -1.3877296795655769e-02 9.4705337273601281e-02 -1.2528663859683090e-01 1.4701213058919461e-02 1.3846516704506559e-01 -1.1393197820102180e-02 5.2192177709285567e-02 -1.2892411333273809e-01 -1.4717852598894671e-01 -1.2024329866356480e-01 -1.2002186963183969e-01 1.8437122310383339e-01 -1.7738849636865731e-01 -1.4582134639852989e-01 -4.8387321296534103e-01 3.7311759396938413e-02 -1.4181620119833499e-01 -8.5482358663541300e-02 -8.6224215984028619e-03 2.1241813913830479e-01 2.2985609813598040e-01 -2.1433268011666881e-01 -5.3109230624279941e-02 -8.7162655461030344e-02 9.0504355701620881e-02 -1.2560582267362991e-01 -4.6056686033698842e-02 1.6993972609889349e-01 8.3673353557113903e-02 -3.0258860199195109e-01 -3.0175833914378579e-02
-3.2715164911640358e-02 1.8903020049202790e-01 -1.9358740843122049e-01 5.2350669587712447e-03 -7.3054715521562036e-02 1.3073714718596341e-01 -6.4946400695482950e-02 -3.6589266085838103e-02 -4.6294330255355801e-02 1.6558805389125530e-02 -4.8872016549553567e-02 -8.1253509222126194e-02 -2.4218257511873201e-01 2.0930366407709951e-02 4.2860195054594451e-02 -1.7889835703901069e-01 -2.5943680452010032e-01 1.2837626498862639e-01 9.7036697339753827e-02 -6.2144840560554852e-02 1.6268108025805861e-01 1.2305730389718871e-02 -2.7521803199405082e-01 -1.1239697565283641e-01 1.5592224800376689e-01 1.8525503613574129e-01 1.0114961551064439e-02 -1.3959213940753920e-01 1.6081449694410291e-02 -2.3120027996311401e-01 3.3912638671576739e-01 -1.6311476144893230e-01 1.1726086239621540e-01 7.2263357927879121e-03 -8.1411244748323452e-02 -8.3143273456352612e-02 -1.8071632986927061e-01 -3.6014588525519947e-02 -5.0483207709727728e-03 -2.3755800012978831e-01 9.9299216531775605e-02 7.5034670227976330e-02 -3.3777966462434200e-01 9.8472963487371737e-02 -5.7950825125160213e-02 1.4231395095201940e-01 -7.3495571573574392e-02 -1.4437355617481290e-01 -2.9346595074451361e-02 -2.0051754302042308e-03
-3.5683416086232780e-02 -2.9976176732662559e-02 -9.6482561812111459e-03 2.8680110499172540e-01 1.6789288018874779e-01 1.7840095753453089e-01 -6.7164636726914945e-02 -2.0027076092417179e-01 -6.5261102624603537e-03 -1.7325512236647059e-01 4.9507567783694598e-02 4.8483450207182123e-02 1.3166367118194769e-01 -1.1092043128517880e-01 -2.1482741787042470e-01 2.1524507028250539e-01 5.6409118016945772e-02 7.4237139777744765e-02 -5.9673284606006252e-02 1.2884052881355751e-01 -1.5734496878254031e-01 -5.8582609669073617e-02 -2.1264445568018450e-01 2.4392572690242029e-01 9.5404596890924925e-02 6.3457071306905186e-02 -1.8042558908441440e-02 -7.1836703269497051e-02 4.8787595229570623e-02 -1.7328216933842711e-01 -4.3554262455014897e-02 -2.0446578160204840e-01 5.2681972351500260e-02 -2.7852658060424779e-02 -2.6054216992342949e-02 -8.7428227916481333e-03 7.6395332537940369e-02 2.4484600864082329e-01 3.0243223533110271e-02 -3.5308550882979028e-01 4.7827796567222983e-02 -2.0350524590006550e-01 1.0920983525520600e-01 -3.1275601320734431e-01 2.6276016211929019e-02 2.7349365063777300e-02 1.1444537185017610e-01 -4.3279900738162083e-02 1.4589762054271810e-01 1.0277076494506721e-01
-5.3266129130951870e-02 2.4477996786446790e-01 -9.3203099867366787e-02 -8.6736596855348236e-02 1.9845887974446830e-01 1.5993931935060279e-01 8.4558771759688012e-02 -2.9409743576114439e-02 1.2464876272622701e-01 1.0117934023332190e-01 3.1738237377538941e-01 3.8625484705488290e-03 -2.6007080573137199e-02 3.1775178004018021e-03 5.2338618447107167e-02 -2.1833304781249191e-01 1.1764571585978489e-01 2.1379489643433860e-01 -9.8962509039918101e-02 -1.5954652194779581e-01 1.2625499909277449e-01 3.3905325746645017e-02 -6.7557209810698321e-02 -8.3173927181625237e-02 -6.5484479743472268e-02 2.7411520597587221e-02 2.0976173988217309e-01 9.9381671021282370e-02 6.3405477663564483e-02 -2.0004559341747369e-01 -2.5935417531115318e-01 -6.1874335789201262e-02 -1.0381086822416710e-01 1.2579476960080099e-01 -1.9687948150636889e-01 2.8854854678207791e-02 1.2031019094530709e-01 -6.0775961518091419e-03 -2.5968121954730089e-01 -2.7870748584332621e-02 -2.1876874464139359e-01 -4.8332523914712537e-02 1.2701085533819981e-01 8.5557430320812033e-03 -1.1951310859209610e-01 -3.7192103870033577e-02 1.8413569579993180e-01 7.8248360779552745e-02 -2.7750550799115359e-01 1.5810556698941389e-01
-7.3502571191197977e-02 -1.3945159158360340e-01 -3.2760489150210331e-01 9.4687333237794463e-02 4.5821985428481683e-02 3.5933003071813067e-02 -5.6005148132385517e-02 -4.6841849962281412e-02 6.8871677738171377e-02 -2.9311624270718172e-02 2.1750611858280651e-02 -7.3021774570894385e-02 1.5881468405449409e-01 -2.0953983565056411e-01 2.5019793710073263e-01 -1.3697818701915150e-02 1.6344603289917070e-01 5.1555522601768183e-02 1.2952147190364019e-01 1.0758030563475060e-01 1.0542069508912261e-01 -1.6617257515428460e-01 -1.2534855953045940e-02 -4.4329882155247309e-02 -2.2641156317398988e-03 3.4870134078939868e-01 6.8518340966744598e-02 8.3510839234817516e-02 -5.3698538177698950e-02 3.4265813525729322e-01 2.7794702362555799e-02 1.0035086140867951e-01 -3.8423817891302683e-02 -1.6666505496434170e-01 -1.5988133427944881e-01 4.3155115785815418e-01 6.5779683503975714e-02 -2.7114855669766479e-02 3.3770884910267439e-02 -4.5684726095364756e-03 -3.2938803235574521e-02 -4.4066578775147767e-02 -1.2030378999329090e-01 -2.3837306990767679e-02 5.9421181822469082e-02 -3.7311668152165009e-02 -1.0965004204765311e-01 -1.9758619998876381e-01 -4.2417589582583438e-02 1.4389936233998599e-01
1.1945646438831790e-01 -2.2704949890158391e-01 -9.2909654689269483e-02 -1.0436698345616900e-01 1.5256523785006240e-01 -4.2288990650511719e-02 -1.2627830703747989e-01 8.4475981051683455e-02 2.9439501949321267e-01 -1.5127092560625591e-01 1.0015266295342960e-01 -1.1714681355043320e-01 -1.3320844151585179e-01 2.4589177460563930e-01 -2.5198226294361481e-01 -1.7065913723909931e-01 6.2220716602140860e-02 1.6652267174321561e-01 -1.6459520075773629e-01 -1.1622621945944170e-01 8.0047033007178067e-02 -5.5105343188343391e-02 -9.3007674728504131e-02 1.7344978145498350e-02 3.0640821583569931e-02 -6.7068145035000512e-02 -1.9724130866327511e-01 -5.8893795102111957e-02 -9.0321915791104573e-02 -9.2675338185637668e-02 4.4894237891479533e-02 -1.3669129153669621e-01 7.3228688437480080e-02 -2.2592225607229521e-01 -1.0675820085058110e-01 1.7554389607547030e-01 1.3049369843698561e-01 -1.1380656487636411e-01 -7.0612559772143757e-02 2.4505344377614610e-01 2.2345616732016690e-01 4.5463079811974783e-02 9.0364809956665140e-02 1.9433719758310049e-02 -6.1741564963855022e-02 -8.6433341893288232e-02 -9.8292732684775244e-02 2.0804758589296330e-02 3.1350944967333988e-01 1.1260326497897420e-01
1.0897619955775310e-02 -1.7612065052450149e-01 -6.5020962143586075e-02 1.2734135479562020e-01 -6.1153698209707702e-02 2.2834842362716291e-04 2.2417685350266010e-02 4.7968713376635892e-02 3.2854558190529509e-01 -7.9991624870940928e-02 -8.7303517729027891e-02 -2.8059458205741850e-02 5.5207700211591250e-02 -9.6356005994310354e-03 -1.5356272439278129e-01 2.8027662215683230e-02 -1.4450208099941891e-01 2.3890904060967982e-02 1.3324380502158420e-01 -5.5083707915354468e-02 -1.6159382275892559e-01 -3.1300735771387318e-02 1.8438349601793341e-01 1.0279065958572089e-01 -2.6480187955828238e-01 -4.9923835474557150e-02 3.0238878759701628e-02 -2.1479378958986450e-02 7.6782051981095126e-02 -1.4913259722066510e-01 -2.2521510162386679e-01 -8.7642242937645998e-02 8.0081292593781148e-02 1.4192306094536611e-01 6.9484118026185038e-02 -7.7499074333642448e-02 1.8707080477878110e-01 -1.4407200095397180e-02 6.8716973003126028e-02 5.9570475194855477e-02 1.2418709217593570e-01 -2.3682236718197211e-01 -3.6694952202175118e-01 1.6283834431820540e-01 -1.1383225742440520e-01 1.9812873030861079e-02 -1.4377709350517631e-01 -2.2366276372423871e-01 -3.3586385748360592e-01 8.2493456073962260e-02
1.4917305552184851e-01 2.1265277691483911e-01 -1.1110529042730841e-01 1.3663085764746791e-01 6.0379766068008031e-02 -2.3208590756597761e-01 -8.7290949366715984e-02 -4.2342271148385478e-02 3.6466455562945890e-03 9.5587972434593932e-04 4.0277988718636408e-02 -7.3072315953440674e-03 1.3723569385667750e-01 1.9423573563408719e-01 1.1441633947003650e-01 -4.6565409403491909e-02 3.6481015348978463e-02 3.9105997381299701e-01 4.5721297985585628e-02 -5.1021289744166629e-03 -2.5504976720735079e-01 8.6998739820489002e-02 1.0034190780730889e-01 -1.1902378239308289e-01 -8.1311107055585058e-02 -4.4656879207991808e-02 2.7745845179743350e-01 -1.7488460210793842e-02 2.3649670203852560e-01 2.3623859580048651e-01 1.4387966154854800e-01 -4.6953731242346870e-02 2.0572547666692961e-01 -1.6199864997457181e-01 -3.5588452488996412e-02 -2.1774553154461529e-01 1.4622041275531369e-01 -7.6402691088129471e-02 1.9459274092373161e-01 -4.0779804357954350e-02 1.6879964331495659e-01 2.1511599603684699e-02 7.6272934610014650e-02 7.2774558153373678e-02 9.9466999473643791e-02 -2.0185854996553849e-02 2.2180563347324969e-01 -2.9020385596378540e-02 4.6977890921459819e-02 -2.6464613756675481e-02
-2.2655435161241561e-01 -7.8326185531184075e-02 7.3359479108673201e-02 -1.4723513547923830e-02 1.0495841983411581e-03 -2.9138459326111638e-01 1.2567535250947210e-02 -9.2831592465224769e-03 -1.4058680953445130e-01 3.1611538297722852e-01 3.0680869122758810e-02 1.6044161547819810e-01 -6.3436222795007213e-02 3.4926639379206689e-02 1.3993060283399470e-02 3.2609691937741728e-02 -1.2355426211697110e-01 -3.4011134121897740e-02 3.2392680682682078e-02 -1.7069151934538730e-03 7.8545720277364173e-02 5.9595578835344200e-02 -1.8421711395404361e-01 -9.3645033407674366e-03 1.2713832735359659e-01 7.1006360859493439e-02 -5.2559185147102477e-02 7.4093433407294781e-02 1.5806274940632131e-01 -1.3285623556649881e-01 9.6243378269895985e-02 2.4914296112785619e-01 5.9191150643207971e-02 -1.2117806228636650e-01 -9.0341181363227330e-02 5.7394268189829838e-02 1.3206661495975799e-01 -9.7795170197865988e-02 4.0512574324993250e-02 5.9490425685538410e-03 2.7423245724239381e-01 -5.1219844624647437e-01 1.3888345943668831e-01 -1.8402190925532500e-02 -1.4632908906620859e-01 -1.5555467273530901e-01 -6.4254126334738787e-02 8.8490661338593762e-02 -1.2874242965281990e-01 6.7940487896477539e-02
-1.4613226999122789e-01 -1.1281217262409840e-01 9.9861083972906065e-02 1.4247816334392790e-01 -1.9935963330844908e-03 1.3637076165773751e-01 -8.1045095582577539e-02 -2.1149634999538230e-01 -3.7533718058155592e-02 -2.9008700620918942e-01 -5.9148597917877403e-02 -2.8921534020160877e-01 2.5737376970509762e-01 7.4643935137013423e-02 1.9977684704284729e-01 -3.2263118156861342e-01 1.0325611194431340e-01 -2.0299674608179591e-01 -9.6433044694473002e-02 3.7904600849890432e-02 1.4549786928792419e-01 7.8207962102842601e-02 -1.8577965315318822e-02 1.9393029086553971e-02 2.2673531583584330e-01 -2.7726634653839771e-01 -7.7495273959440432e-03 -1.7733148793902850e-02 1.8635986538424170e-02 -2.7039721539314721e-02 -9.2112701755622806e-02 2.3752509890015119e-01 1.5756577993371251e-01 -1.7068562634101839e-02 -3.6012210444097713e-02 -9.3545671763140908e-02 -1.5429205852751791e-02 -1.5134965206148240e-01 1.2663959674142930e-01 -7.7036008208807780e-02 1.4932963212149589e-01 7.5294861759732462e-02 -1.2739862138348220e-03 2.7513969137447400e-02 -1.9541350515365960e-01 3.4155004946879751e-02 1.0215874383129500e-01 1.3079538640897680e-02 -1.4356393548122340e-01 1.1132355934999370e-01
-1.8647410065567410e-01 -3.8341628533121667e-02 5.3009725664469813e-02 1.2926243989004330e-01 -2.2458670205542878e-03 -1.7413344944099369e-02 1.1166660675445630e-01 -2.3230292963285731e-01 -1.2123397084670259e-01 -3.5217455310150871e-03 -1.3701604121742419e-02 1.4993800862541079e-01 -1.9706913696508821e-01 -3.7549220736547859e-02 6.0614042820048793e-02 1.9791870865446101e-01 2.5557116186643919e-01 1.1139840041073740e-01 -1.7268827561625591e-01 -1.8824852984095861e-01 2.1246929681533930e-01 2.3163805538302920e-01 2.0447361905064870e-01 5.7964504792486320e-02 -1.5056165220757989e-01 -5.8739602698233397e-02 -1.2302575640207310e-01 9.6447903774108973e-02 -9.6690585490731576e-02 4.8106648339509957e-02 7.6047318992041993e-02 -2.7982295263500268e-01 -3.8491048906929393e-02 8.7771901874619515e-02 -2.2122411386344390e-01 -1.2811647157623290e-02 -5.2072345277167559e-02 -9.5035905826969594e-02 9.9369742665774169e-02 -2.0483998869493938e-02 3.1949108199761589e-01 1.8571348295913651e-01 7.5051946936927863e-02 -6.9789761886686091e-02 8.9988053815662092e-02 -2.7402275664528322e-02 -1.3487204790647789e-01 -1.6241441431902540e-01 -2.0700395371028721e-01 -1.0215039977803150e-02
2.0777777537408079e-01 -1.3947257213269800e-02 -1.0700271606431060e-01 3.1725751745501221e-03 -2.0503118854767191e-01 2.1931960202017231e-01 1.0937285471448560e-01 -2.8482300696537441e-02 -6.0395541631487033e-02 -1.6493004695118230e-01 -4.2570806918805233e-03 1.9134485697704859e-01 1.1775423380365821e-02 -1.0338306286780050e-01 -2.7331485715109429e-02 -2.9609270743938539e-02 -1.0503530082973279e-01 -6.1449808081310939e-02 1.3058129131184790e-01 -1.5979430189307101e-01 2.3051658789962071e-01 2.4980400850138029e-01 -2.5312112133625171e-02 3.9543051740889401e-02 -2.3056667573740081e-01 -2.2398547714755641e-02 -7.1589419824952136e-02 8.4976417366463997e-02 -3.8433823392312917e-02 2.3485921048694611e-01 -4.0974369408572048e-02 2.8543814539557070e-02 -6.2397159933285803e-02 -3.0735770213696922e-01 1.1747662695244690e-01 -8.4663518345178490e-02 7.0187874230378505e-02 8.1458835850640621e-02 -2.5836190266782671e-01 -1.8642170461281010e-01 1.3605268818928301e-01 -1.5986283980744731e-01 1.4366806096518550e-01 2.3569612606568749e-01 -2.3650708868341661e-01 5.3964103865077107e-02 1.6550702590717031e-01 -6.2162401606449938e-02 1.3587716773157690e-01 -2.8818781147615720e-02
-2.4088354265371181e-01 2.3594081326406260e-01 -5.9920948218593853e-02 2.0894322361296089e-01 4.4401268691469473e-02 7.0988416613184224e-02 -2.6850709236720438e-01 -1.3672820890782769e-02 6.7934151667324846e-02 1.8023966256045389e-02 -4.4334273280147107e-02 -1.7811557388989130e-01 -1.5360556949644899e-01 -3.4317761190201468e-01 -1.7827304691354059e-01 1.0792301190681470e-02 -5.1729579167271410e-03 -6.0799409036305339e-02 -2.6391520268021509e-02 1.7545823046941050e-01 1.4550615233110850e-01 1.1213244955297760e-01 7.0914777084407049e-02 -2.3574872355391879e-02 -2.6095908251199129e-01 2.1296350056139179e-02 2.0279623282978751e-01 7.3539202081939467e-02 1.0645742304371650e-01 -1.3903728330249551e-01 1.2832765937562529e-01 -1.7687825162094010e-03 -2.1093104882545202e-02 -1.2777824928947820e-01 3.7207220284887760e-01 6.9297599764183648e-02 9.7123376199100386e-02 -1.6458426691877859e-01 7.0078169821469499e-02 1.6767255381352941e-01 1.6628083719004160e-02 1.1613362457422551e-01 1.1589873832446100e-01 -4.6079674193496040e-02 -1.3605895873716839e-01 -6.2993325660279861e-02 -5.7935728330503797e-02 1.4821337568922721e-01 5.5397956442629022e-02 -3.6908349967193443e-02
4.4227362767212799e-02 -9.2928442136805220e-02 3.5576384035625108e-01 9.5652094999691240e-02 -2.4483451558643571e-01 5.0363129919918329e-02 -8.6065279771121536e-02 2.6355290545400328e-01 -6.8843013839277475e-02 5.9567944731783243e-02 -7.5325966418864479e-02 -4.3009418836421461e-02 1.4324172063642071e-01 -5.6752521993389468e-02 9.8546335453244441e-02 -3.0217780222750329e-01 -1.6276322951809960e-01 -5.1007870497951677e-02 -1.0813807856023830e-01 -2.3298078781119991e-01 5.5845825461989032e-02 -1.0051129407125831e-01 -2.6507061488544370e-02 -7.0593692060215527e-02 -2.1040023131131191e-01 1.9985105033811960e-02 1.7762203170694570e-02 -2.4925923887884342e-02 2.2975019329965990e-01 -2.7352495767037611e-02 3.5380867277876767e-02 -2.6755411630781328e-01 -5.8810914132978254e-03 6.7349271032077478e-03 -8.6285657231555707e-02 3.2381170949707888e-01 1.7558659808181590e-01 1.4722118624351069e-01 1.4145198089472810e-01 -2.1169564324073550e-01 2.0169948706988058e-02 7.4630642641968420e-02 8.0699743734503560e-02 -7.1765105568847729e-02 1.1504775937233130e-01 -1.2067103557495470e-01 -3.5142984966344930e-03 8.4162319977453992e-02 -1.9231029151758752e-02 -7.2182850087576314e-02
2.3530216813366320e-01 2.1796618114589520e-03 -2.4210272640768229e-01 1.5720154115743151e-01 -1.2835227011471200e-02 -1.5244228493099210e-01 1.7025664324621589e-01 6.1009674089859363e-02 -5.5282392849616148e-02 -1.8595696889133759e-01 -1.2120119167769190e-01 7.8141982721518732e-02 -5.5622097368828187e-04 1.5667162524330239e-01 -1.4458489314323181e-01 2.3639494462525909e-01 -9.3216395471554150e-02 -6.8850363099646331e-02 -1.3593066725210781e-01 -3.3779777398474847e-02 1.8845136226122600e-01 -4.8774813694145117e-02 -1.0294684413228571e-01 -1.6986086535302239e-01 4.5623904660063351e-02 -1.5784040331241431e-01 5.8014435925136228e-02 2.4620127207945189e-01 -5.5517198752242529e-02 -6.7167041169077790e-02 2.2028824168734451e-01 1.3162246152664239e-01 -3.7182591814845442e-02 1.2811381381377840e-01 7.9818799910762558e-02 1.7377469063784209e-01 1.6074800721057311e-01 1.2196604215237029e-01 7.2309790771690446e-02 -3.1272407194589971e-02 -4.9336787858422930e-02 1.7254078546617349e-01 -1.7553106388601539e-01 -1.0975599272275730e-01 -7.8624202948308186e-02 -2.7281587113179612e-01 2.3320275274715971e-01 1.0461106945973070e-01 -1.7711709049567489e-01 1.3021026925179449e-01
1.0456295215280850e-01 -1.3425440906662370e-01 1.5587057380662950e-01 9.7742134480279866e-02 -2.6017427998463483e-01 -2.2309304931570451e-02 -1.9966948414934049e-01 1.0381083980538540e-01 2.5545882134263093e-01 2.0250522270856630e-01 1.2793321694340090e-01 -4.3215695801307102e-02 -6.5007127181129970e-02 4.3584701305201597e-02 -3.3205357991480583e-02 1.6217396029346531e-01 -1.2907421205539640e-01 -1.6832916861232179e-02 -9.1975854928389625e-02 3.1887659562152471e-01 2.2195572386452511e-01 -5.7555791650849043e-02 -5.0126216132893267e-02 1.6145078668012339e-01 3.0506286603564831e-02 2.0217704588523969e-02 5.1820087284752119e-02 6.7335225156423720e-02 8.1711409966856025e-02 2.4521839772932480e-01 2.2878280850092109e-02 -1.7890939012625080e-02 1.6108209529722689e-01 7.6798391997601093e-02 -2.0651105830455460e-01 -2.2604500996376231e-01 2.2566844355184721e-02 -2.1326612528686040e-01 -2.8413556391009942e-01 -9.8085846731079174e-02 -8.0001991619906260e-02 1.5593181891162561e-01 2.3790532716034929e-02 -1.8887531092637341e-01 -1.0924400498781189e-01 -8.9003873279613899e-02 7.3035942514289048e-02 -1.3013970817394729e-01 -6.9047894164792636e-02 -9.6940990624784316e-03
6.1889414268866773e-02 -1.3696234769450319e-01 -1.1361835728259100e-01 7.9893831593846568e-02 1.3482289498479980e-01 2.7427539362195608e-01 -2.6658433310596381e-02 -8.7947577407454999e-02 5.6034674672148149e-02 1.0168188961401529e-01 2.1016439754055691e-01 1.4749112966871819e-01 1.5126403006624550e-01 -2.9212340745556849e-02 1.9286457458776740e-01 1.6489760007400579e-02 -2.4384321015122440e-01 -2.8556181785762258e-01 -4.3594398965856748e-02 -1.1821829360641289e-01 -1.6198760517146060e-01 -1.1800794356171571e-01 -1.1149950437523090e-01 -1.9890969256822860e-01 -1.9777995136704359e-02 -2.8125044346830890e-03 1.4803549472204411e-01 1.7362959781124521e-01 -1.0594807096139730e-01 1.1103599765286799e-01 1.6167954044640981e-01 -1.4697859375772521e-01 -3.9888127188364493e-02 1.3448352329214211e-01 3.2785093459928179e-03 -2.4570144366441579e-01 1.1692907144147301e-01 -1.9013224689323871e-02 -3.6660624104239953e-02 1.9430439680878381e-01 2.4909607159743710e-01 3.5573854980360593e-02 3.9355680718674187e-02 -1.1105710596999280e-01 2.6892766766056841e-02 1.3082693677338100e-01 -2.1593826800400889e-01 2.4507694631128640e-01 3.3995016078548823e-02 8.2402505972839560e-02
-1.5298528352388330e-01 -5.2733335605328467e-02 9.8477686661187797e-03 -3.0316211678317029e-01 2.4015880511791959e-01 1.0224454965224580e-02 5.0582569997062394e-03 2.3598197345977800e-01 -2.1992434746919010e-01 -7.5671484714977463e-02 2.6991230553352320e-02 -7.0067390684961511e-02 1.6427255377934580e-01 -8.4683217270886041e-02 -1.1850856251593921e-01 1.1102125000339440e-01 1.3309662368908751e-01 -2.9455435488419890e-02 -1.0191754331154210e-01 1.5572813772177349e-01 -9.1221386298272950e-02 2.9867526114534179e-02 -1.7114941330382499e-01 -1.7522537598904039e-01 -3.2144509195978161e-03 -8.9007436278779009e-02 2.8293979485204509e-02 6.9066335757948003e-02 1.2879694307687331e-01 9.0743884546891820e-02 -8.0068991510195101e-02 -1.5637839760355041e-01 -6.3658379996482913e-03 -1.1786377181817891e-01 -2.6806067346622298e-03 4.4435706169295569e-02 9.4760748110983020e-02 -6.4590584175556673e-02 -2.4023520867265560e-01 -6.1866557903394202e-02 2.5260624573579149e-01 6.5522344550762848e-02 -3.0088333837119952e-01 -5.8767449585099288e-02 -9.6909359701454187e-02 4.3081109877898642e-02 7.0505544234129913e-02 -4.2890535194884352e-02 -1.2991164128550009e-01 -4.1086301211256487e-01
4.8360977934979142e-02 -4.3886142470047122e-02 -6.9333859063730449e-02 6.3853843113977167e-03 9.6583497051820497e-02 -3.0472835801103187e-01 -7.0832811132258200e-02 1.5950707406157319e-01 -9.1572495537674145e-02 1.3973294533210870e-01 2.1734533865569311e-02 -2.5854859255461282e-01 -2.0059691268830390e-02 -2.2394313585139680e-01 -9.0961552278028282e-02 -1.6673655621216329e-01 5.2687083930898167e-02 -2.6483698610524600e-02 -9.2350726055113436e-02 -1.7980560120703859e-01 -1.2840936719959770e-01 8.5163286289942144e-02 -1.7094552922017200e-01 1.1717301330317979e-01 -3.2395848951603037e-02 -2.7210486863153183e-01 1.1648853032213850e-02 1.6660722871370581e-01 -2.6097033887132909e-01 1.2903521221812281e-01 9.8028460893616262e-02 -3.5625842815512579e-02 -1.9556456655289489e-01 -1.5336836606107801e-01 3.8411194705781283e-02 -2.3884447026564329e-01 4.9233004270749420e-02 -1.0633007754774590e-02 1.6837297576810979e-02 -2.7325221049432269e-01 -2.0046167072739091e-01 -3.6659166512949440e-02 -2.0131204577308420e-02 -4.0567333652319473e-02 5.0891095030845622e-02 1.1340237172868750e-02 -2.3161196596375280e-01 -1.3685920360486439e-01 -7.4039997596011056e-02 2.1166361696096669e-01
1.6152664962780669e-01 -1.9500983914476311e-01 1.7926772971994070e-01 1.4945076835227980e-01 -4.9127884752980619e-02 2.1036318673535759e-01 2.3423032753337569e-01 1.6716613739734021e-01 -2.9391420024683318e-01 7.5841568776618046e-02 -5.4489052665941937e-02 -2.0478015674899580e-01 -2.0361782521246280e-01 -7.9317824704789847e-02 -9.8785226262399745e-02 2.8519391110841830e-02 9.2655620147225212e-02 2.5631759091726142e-01 2.3837680381246310e-01 5.8598604775707927e-02 -5.8774639357973828e-02 -1.5326637103858121e-01 5.4813267756499452e-02 -1.6767496493350151e-01 -9.3094513110527841e-02 -9.3065878964544907e-02 1.0487334177157891e-01 6.6736044033740075e-02 -2.5124243177076490e-02 -1.8867769554065120e-02 -6.5395658098654066e-02 3.7392893143132849e-02 8.1351513770626313e-02 -9.2815456046546535e-02 -3.1661555308547168e-02 3.1531146543388462e-02 -2.2643059112441291e-01 -1.6647782069919290e-01 -6.2948899206303671e-02 7.3449569041801027e-02 1.2979890704121591e-01 -6.7425350180997060e-02 -5.0388976093703089e-02 -1.9294613253670601e-01 -1.9376858476627710e-02 1.5281738703270970e-01 9.0478889544441832e-02 1.5881129256307960e-01 -1.2578212636653549e-02 3.1700612725080057e-01
1.2705906634597600e-02 -7.4505926043617041e-02 -9.1866025807625581e-02 1.6436381777746151e-01 3.7321502105623447e-02 -1.1992675971338650e-01 3.7914214321110987e-02 -1.7283406701190052e-02 -7.3358682865013652e-02 1.9498308279519461e-01 7.5843659584693773e-02 3.9887916739733277e-02 -3.3073545548063042e-02 1.5105298235972889e-01 1.5930630002525570e-01 -1.8055405022412380e-01 4.5881179003074493e-02 3.2503479330193298e-02 1.6573440242261389e-01 1.3126745037174661e-01 -1.5030153620945360e-02 1.1344100368129200e-02 -3.2037460178231891e-01 3.2023355210317550e-01 -1.4229679989180741e-01 -1.0213311043870781e-01 -2.4752313592243819e-01 1.5065043877121120e-01 1.7074578394006931e-01 6.9505347270120118e-03 1.1491506099242500e-02 -9.3319568142064449e-02 -1.9602318740064420e-01 1.7254411361756439e-01 1.9629849455669299e-01 1.4058421760506951e-01 3.9309572710170569e-02 7.1095504258288462e-03 6.5149181820713650e-02 2.1230777821371469e-01 3.4255568332803389e-02 1.4886125774925121e-01 -3.9416325733346849e-03 -3.0377380562152279e-02 -9.1202016499180097e-02 3.4656746318650178e-01 2.3613646160274679e-01 -1.2369300411751100e-01 4.6048581920013322e-03 -3.7550939716486223e-02
2.4355688244704671e-01 1.8132935861847291e-01 3.1918936309539223e-02 -3.7136860140588729e-02 1.1799886255174180e-01 -3.7251441124423842e-02 7.1534484076388710e-02 1.5208905484553559e-01 1.4456896197764291e-01 1.1862976004988990e-01 -3.3161616573665270e-01 1.8546157817249301e-01 1.3539169536618911e-01 -1.9899871510967579e-01 7.1611379949260784e-02 -9.9891254968684187e-02 1.5306040460904841e-01 2.8325493569809020e-02 -3.1960905888523561e-01 1.4746392722212551e-01 -1.5989530116064219e-02 9.3529566948712478e-02 -1.3248338905166041e-01 -2.0015010376236399e-02 5.0329383381793116e-03 1.1243409109631290e-01 -7.4134222587461510e-02 8.2573587067887422e-02 5.0383099712934587e-02 9.8231279848066566e-02 -9.2461224757054428e-02 -1.4275096521863481e-01 2.0541592491748159e-01 9.3374885356494575e-02 1.6568299630799609e-02 -1.7839865846686460e-02 -3.1612391087754571e-01 1.1103824665419740e-01 1.2794652114213681e-01 8.2600572222051735e-02 7.8636513653110585e-02 -4.0314837069193921e-02 3.1742260176015470e-03 4.2126785905983982e-02 -3.4634960038088181e-01 -2.6637572762040911e-02 -1.1488303627048310e-01 4.4097175728679383e-02 2.0451394497172350e-02 1.8841996005632111e-01
4.0710285644134862e-02 -1.7655127901944159e-01 2.4877847470128539e-01 3.5162522957548430e-03 1.7246924019015950e-01 -1.2635345006720489e-01 -3.1330454406455122e-01 -1.7934622861133681e-01 1.2402247070041939e-02 -1.1703331601790640e-01 7.3032982556773166e-02 2.8661587826040108e-01 -8.0612224781374434e-02 -8.9381389882158227e-02 -4.7589145516550059e-02 -1.6233619408368069e-01 1.0300245086007960e-01 -1.6581198312171509e-02 5.1599433278674903e-02 3.0167298427853349e-02 -4.1671590061699432e-02 -7.3505587418558060e-02 -1.0812593733286879e-01 -2.1924270785779709e-01 -1.4126615665753189e-01 -3.7506707138393713e-02 -2.5392157391019049e-02 -1.4422095643301769e-01 -8.3050090403709101e-02 5.6160079790787652e-02 2.1232797525469979e-01 3.5605582852927170e-02 1.8606718336784861e-01 4.0003808967552679e-02 2.4779735506893061e-01 6.2724958435831424e-02 -1.7418225082926120e-01 1.3117030796481599e-01 -2.7254260060489832e-01 4.3487447532075042e-02 -2.3585271644347431e-02 -1.3845435893356260e-02 3.9747066467905608e-02 8.5334873303973699e-02 1.6904830609861909e-01 -5.3284354036494432e-02 1.3849542884109359e-01 -1.3264588858581700e-01 -2.9119227858489610e-01 1.2790788835971281e-01
1.7899572822422780e-01 1.2637998309198081e-01 9.2422320233334535e-02 2.3477645720615731e-01 9.1427360941350178e-02 -1.8267958633819101e-01 -4.1528823793349212e-02 1.0010276897194650e-01 -2.3779585541849581e-02 -1.9721619347851410e-01 -1.3269158580553780e-01 -1.2206747894160770e-01 -8.1480562488325040e-02 -2.5171487691871608e-01 1.1198243361807041e-01 -2.4841733272516261e-02 -7.6564796168516136e-02 -2.2277140335632309e-01 -3.9727703369806272e-02 -1.2253534916938980e-01 -1.8707356829167571e-01 9.8947852085419022e-02 8.6670269129530325e-02 -1.0180679365187779e-01 5.1057305919582942e-02 3.0276129974518279e-01 -2.1763429314775970e-01 6.7271841216185041e-02 -1.2197074188813309e-02 -1.9419481351112519e-01 1.2282521017363719e-02 4.9000771203395209e-02 -8.6986702930250445e-02 -3.6234365821144060e-02 -2.9146692672328828e-01 -1.1638811723540320e-01 1.0993726964077860e-01 -1.1248715411048210e-01 -1.8777053032036289e-01 2.4189056847725460e-01 1.8854642853141691e-02 -3.0568767088896751e-02 2.1833103052930031e-02 -1.0344361830129740e-01 4.0742097022885372e-02 7.5708338247606366e-02 2.8048173546567912e-01 -1.7632615548503450e-01 1.7320112113021952e-02 -5.0991707971004260e-02
-1.6822825712100081e-01 2.9789710140690667e-01 2.6754224453134950e-02 6.0773338938919487e-02 -5.0934685590827367e-02 2.5967744647328850e-03 -1.8524566596252109e-01 9.7010165929259359e-02 -2.5285114994099211e-01 -1.1222293503898090e-01 -8.0138553621958555e-02 1.4767355970289200e-01 2.9261924020319602e-01 4.1971309284341340e-02 -2.8692503654939389e-01 5.6494145684548476e-03 2.5816485858562890e-03 -2.7215942471533160e-02 6.5101274148429950e-02 -1.9935170585117601e-01 1.2106865721304021e-01 -2.6417548389243523e-01 -1.1428592824807740e-01 3.2129777537606907e-01 -1.1064857490288380e-01 -6.7194051713162270e-02 1.4168657749793601e-01 5.9710886953403479e-02 2.8488155436665469e-02 7.5258118846862718e-02 3.6292700764117933e-02 6.8561955767597590e-02 6.0324591064582801e-03 5.1899941021045830e-02 -2.7084899500516108e-01 -5.5358563651239361e-02 -1.4990769883441621e-01 -2.6826724175144701e-02 -1.2169222059381531e-01 2.7937249653615270e-01 4.8418261940913962e-02 4.6479787404542063e-03 -9.9536349498822202e-02 1.2831572718820100e-01 8.4510135355513064e-02 -2.0667573369615631e-02 -3.4635433891456673e-02 -3.1074470492246289e-02 7.6156153100392018e-02 1.4100339649109411e-01
-1.1527879805000960e-01 -1.4861141905882669e-01 -2.6353745051746291e-01 1.8967112059253360e-01 -1.1682990419458709e-01 1.1136915535344570e-01 -2.6923250312538038e-01 2.1211011420348000e-01 3.6822074290603140e-03 1.0406467820624060e-01 -1.4770210628666189e-01 5.9816555831256647e-02 -1.4368656448734390e-01 1.3882247208340240e-01 1.4651732925173130e-01 6.9608871721527840e-02 2.1754207126070870e-02 -3.4078990320749888e-02 -1.8189662423608269e-01 -3.2395256401522909e-02 -1.2848647060939390e-02 1.8230533152532949e-01 5.8151079678560029e-02 -8.8583078932666634e-02 1.9995466382558411e-01 -1.9749479355890770e-01 1.4052282532350260e-01 7.2380252377080678e-02 2.4558948172322789e-01 -9.4393165047007246e-02 -1.9470595760341719e-01 2.8919588555239438e-03 -7.9667179821088771e-02 -2.2022544081908549e-01 9.7881691600452507e-03 -1.4786173808487310e-02 -2.0043252418687801e-01 3.3176240664572682e-01 -1.6718674863110319e-01 1.4298487224225109e-01 -7.2943007435547923e-04 -3.8864913426532130e-02 -5.2521733732359323e-03 -7.4992209972501210e-03 2.2213936470576309e-01 5.7231860950443490e-02 -1.8613614025437819e-02 -1.0142960007651480e-01 -1.8547472607810381e-02 5.1935137876833168e-02
1.2216482659660211e-01 -1.7701861528371560e-01 4.7402395454102502e-03 1.9982651731926929e-01 6.0325798099934241e-02 1.5618171695450919e-02 -2.9175733259009299e-02 -1.4924587540547629e-01 -7.9319175991504398e-02 4.1414533554400962e-01 -6.6803252671843810e-02 1.3736060070344719e-01 5.3493176428622363e-02 -2.6706690543871808e-01 -2.1943966959462061e-01 -1.0650492793670710e-01 8.0551693877523839e-02 7.5879429674242618e-02 9.7635385518835327e-02 -2.1368004235057100e-01 1.2430207924771980e-01 -1.9712654848831100e-03 4.1439198755328407e-02 -1.0260239769095229e-02 3.1505847476034898e-01 -4.7985301602788660e-02 1.3854475404652650e-01 -6.3376374373461636e-02 -1.8678985783462879e-01 -3.1234684639738469e-02 -1.4077848378400221e-01 2.2367139127334970e-02 2.2516743095020930e-01 -1.7011807148025911e-02 -3.3845657203480893e-02 2.7892598825384231e-03 2.1833321026328659e-01 9.6606189337199319e-02 6.5387269798151210e-02 1.3054482994262029e-01 -6.1413169496961392e-02 1.6430485734894701e-01 -1.1640690623983400e-01 8.0962835465483315e-02 -9.4680312149477378e-02 2.4499374707493051e-02 1.0226328495870700e-01 -4.3061387701940970e-02 8.6052511831036987e-02 -2.7506899236879562e-01
-4.5436669995889301e-02 2.9842484537035651e-02 -1.2430326612817180e-01 6.6071825073197379e-02 -2.0731964888877899e-01 9.0669101172285896e-02 -3.2965556423869127e-02 5.1410603464009056e-03 8.6859430143292657e-02 6.1080465353178223e-02 6.7882145417601334e-04 -1.8963429578893631e-01 9.1910220674448331e-02 -8.5585170505372815e-02 2.1365394246083361e-01 8.8060328950433378e-02 8.8079028426029715e-02 1.2127430875220360e-01 5.2720422504368453e-02 -4.3547976721025027e-02 -2.3741648137094551e-01 -1.4809536969646761e-01 -5.1312228808520141e-02 -7.9970475493702647e-03 -5.6209306718897060e-02 -2.7539876196089602e-01 -3.8265853598877381e-02 2.1554594535050661e-01 -2.5652361628968418e-01 -1.8474629388317279e-01 1.9048696279304400e-01 -6.4726351733133819e-02 1.4698438854204529e-01 1.7461178004942809e-01 -3.5824469722713248e-02 1.4072666370151721e-01 -2.0545343585641190e-01 -1.6262802877722631e-02 -1.4802635369071240e-01 2.0734604149299889e-02 2.8952673734118889e-02 -1.9379227946554331e-01 1.8666422622663120e-01 1.2829222175602401e-01 -1.1458623552215461e-01 -2.6201405039394232e-01 7.8399577608347593e-02 -1.1185578684247501e-01 7.9845238454178014e-02 -3.1387219243600889e-01
-3.0391791523472839e-01 -1.2422743331744890e-01 -1.6357714676711330e-01 -3.6136473078393197e-02 -1.3132481172994259e-01 -7.7491378497697341e-02 9.3207786949556240e-02 6.6512046088965052e-03 1.2892316312561840e-02 -1.1216772744161480e-01 3.4321183516910818e-02 7.5601844753599948e-02 -1.6376234566510561e-01 -1.0533833573440771e-01 -1.5066568466207941e-01 -2.0651039115598929e-01 -5.0765002854765880e-02 -4.7591615094003198e-02 1.3052249685818090e-01 -7.8773796943256494e-02 -2.3219486166032860e-01 -1.1604484159107770e-01 1.2263961747569940e-01 -3.5295071799174897e-02 1.3068175960573850e-01 -1.6580834098849969e-02 2.2283851524341331e-02 -1.9858035714770200e-01 1.2799065115077310e-01 2.5103096844791029e-01 9.5905586552310657e-02 -1.6409585255965969e-01 -1.8892629187513851e-01 1.5067941688007109e-02 -1.0375983738163159e-01 -1.0414272658076081e-01 -1.4000597459888309e-01 1.5904085560099521e-01 6.5143138674885984e-02 1.0759696499188660e-01 -3.2444110265804793e-02 8.5121712824356904e-02 8.6705388042766701e-02 -1.9591326384484600e-01 -4.2097902651375912e-01 -2.1412262549273309e-01 1.6029614718224039e-01 -9.2445654690229248e-05 -5.4289623375087581e-02 2.3123006214083319e-02
-4.1960035159972722e-02 -3.7098530142108219e-02 1.5490405333468249e-01 2.8854371987955211e-02 -1.4730455364146791e-01 -3.3806602624580309e-02 1.4156445397424139e-01 -2.7205174013090311e-01 4.1288649673334427e-02 2.7702956150909220e-02 -1.5854597213011751e-01 -5.7302469242416922e-02 1.0580381709627110e-01 1.5711702758307011e-01 -1.3502462614238869e-01 1.3813653905215020e-01 -1.0501925905085620e-01 3.3550944099617307e-02 -5.1162768494879468e-02 -1.0142410798498890e-01 -3.8582785331236558e-01 1.3122836797607620e-01 -2.0013060808275440e-01 1.0498795331137119e-02 1.9555409596601851e-02 1.5386975467804229e-01 1.7062206075926020e-01 8.8711739265373457e-02 4.2871824173679768e-02 -6.4411316151179565e-02 2.3003378706671618e-02 8.4387803923548832e-02 3.7719112419281079e-03 -2.3338957080531031e-01 -3.2771848610744433e-02 2.2535442939532971e-01 -2.5443394208748409e-02 -2.9203971145863320e-02 -2.0747143770691029e-01 1.5141139690556469e-02 -8.6162087521600206e-02 3.3957505510512043e-01 1.6874759134570599e-01 9.9531684567667714e-02 -1.8425000188714119e-01 1.4336628163861700e-01 -2.1629483968662280e-01 -4.7092609224076737e-02 -1.6676759139517641e-01 3.9019811411588230e-02
5.7095361188332097e-02 1.9279010854557280e-01 -2.8976703065657750e-02 1.9308053494279701e-01 1.8243823221984090e-01 1.1701010769237109e-02 3.9727944041026982e-02 1.9467244417164381e-01 -8.8192392111757306e-02 8.2691318603858019e-02 3.1882588059089378e-01 7.1047341698632874e-02 -1.6234997670735760e-01 7.8975638054958178e-02 1.6374462838030190e-01 1.0701593143839840e-01 -3.3487472671133278e-02 -2.3935388381532491e-01 -9.5141707276441903e-02 -8.6229259011589413e-02 -1.4096675330219841e-01 4.3031184934528212e-02 9.2014133632450062e-02 1.3096125086660071e-01 -2.0529233436708261e-01 -1.8470204822943251e-01 2.5574069515294659e-02 -3.7896680398738142e-01 -7.8772840537183517e-02 3.0539370878458590e-02 8.2065688810969029e-03 2.1748781350053420e-01 2.5723202286954688e-01 -9.0172815279796203e-02 -9.7981935095009742e-02 2.4488911204734060e-01 -3.2486775286831228e-02 6.1496341556810122e-02 -1.7145373893448598e-02 -7.3330483959182624e-02 3.1069272083947951e-03 7.7657380457255815e-02 -1.1170925495531740e-01 -9.8753526251952148e-02 -2.4006941678066299e-01 4.6931769600536348e-02 -9.6122682730291162e-02 -7.5314169040271009e-02 4.0012067184030019e-02 -1.0406439799767010e-02
-1.0527050690354450e-01 -8.3905977426277381e-02 3.2750990336192630e-02 2.0182667573422412e-02 3.7748056731137340e-02 -1.3550573681391740e-02 -2.6284460567679541e-01 1.4978402243194269e-01 7.5836204550158950e-02 -1.5140789611706279e-02 1.3005603095027549e-01 -6.5702481143342414e-02 -9.2372208545767900e-02 7.3883656312988516e-02 -1.8177150108909410e-01 2.1676736672790931e-01 -1.9543410857962271e-02 -2.1511365398791940e-01 1.1881573607886070e-01 -7.5542077436539165e-02 -7.1339298564135803e-02 2.5979816002875450e-01 -1.2702212771112911e-01 -1.0778116796156560e-01 3.9690440808912250e-02 8.5661926660418719e-02 6.3428766806071110e-02 1.1569074480855540e-01 -1.6026982631024281e-01 1.5270517437111539e-01 -1.1445570854701900e-01 -1.7768007977389341e-01 6.2947558098748024e-02 1.1456037852656560e-01 -1.7249913663666641e-01 1.7040644577105901e-01 -1.7411314614518811e-01 -1.0848845734872310e-01 3.2287042575976282e-01 -9.5520149843148661e-02 -7.0623459513401404e-02 -6.6273110912421898e-02 4.6161274136501250e-02 3.1119707907536293e-01 -2.7810992961704199e-02 1.6033843178597679e-01 2.8455273930662600e-01 1.6552937911545049e-01 -2.6157868024383611e-02 6.3221150551271893e-02
-1.2007135360011070e-01 3.5244321661158533e-02 -2.8243396432162438e-01 -1.6706946537638681e-01 -3.7508197293604839e-01 -7.2790486526184930e-02 -9.8952321774047627e-02 -1.4353163735497561e-02 -2.2657762633072609e-01 1.8278044162387382e-02 8.6453958414759221e-03 7.2309595710569496e-02 1.5640136382542541e-01 6.7749242478132438e-02 -1.1866440450741880e-01 -8.8730283885017067e-02 2.7249743915619611e-02 -1.5284478208597629e-02 -2.0180464899779579e-01 7.3240456001473830e-02 -3.4717432841973123e-02 1.7316231629818959e-02 1.6857146361623979e-01 -1.4216267207688349e-01 -1.0112815840723080e-01 4.2798867062066120e-02 -1.6670617992297601e-01 -3.7641995293709661e-03 -1.9326202144999460e-01 -6.7760827899958409e-02 2.2780385005560681e-02 -1.2533194478858109e-01 3.4993744367871721e-01 -7.7362812082636654e-04 2.8407646606333940e-02 3.1053319269192518e-02 1.7880032584821179e-01 -3.9527497433265557e-02 -1.9465535768065739e-02 6.4292941673403090e-02 -1.7707322767480230e-01 -1.0700077722881200e-01 6.6280091529233656e-02 -2.3463121152887370e-01 -3.7180140863767343e-02 3.6374466487410329e-01 5.2153807284512063e-02 1.1199391569597761e-02 -6.8800836375790958e-02 1.0804477362306671e-01
-5.4883374199452162e-02 4.4845271754522742e-02 -4.1289685163032309e-02 2.8087759132732781e-03 -1.2835875068644770e-01 6.1502903456945812e-02 1.3517311456265049e-01 1.0125523003316070e-01 -1.3778561636891690e-01 -5.6179290864846902e-02 8.9980471151724070e-02 1.8412597931371341e-01 -2.2801613926972561e-01 8.3203571311752489e-02 9.3800513264056709e-02 -1.7220609941472620e-01 1.0922162633896150e-01 -2.1255506857907019e-01 5.8001193264418409e-03 7.4465524286958823e-02 -1.9399918975934791e-01 -1.0794734555312940e-01 -1.2527204105151121e-01 2.2115179211749800e-01 7.7918324583402226e-02 2.1252310959039639e-01 8.2311598487968249e-02 1.9128989914155409e-01 -1.5085757618871570e-01 -8.8892262786654214e-02 -2.4766354722045339e-01 -1.5928240445641539e-01 2.4315090073313789e-01 -2.0968200389624511e-01 2.0387467059328479e-01 -9.3751374880827312e-02 7.2607938232226304e-02 -1.6787911175061909e-01 6.5939636495236181e-02 -1.6371726966625040e-02 5.7333172886628231e-02 1.4397362217576029e-01 -4.4894580352347759e-02 7.5210603047845492e-02 1.6410654058676941e-01 -3.6201435992170228e-01 6.9016509316029068e-02 -5.0950494017135528e-02 -4.1774297989852847e-02 6.4281198441171930e-02
-9.9095234704677529e-02 2.1116704733385280e-02 -5.2635692365491787e-02 2.1121763171755979e-02 1.4693991148278840e-01 -2.0722131304940480e-01 5.4743460283875188e-02 1.0959873599246821e-02 -1.4790781414113189e-02 7.2736486116540211e-02 -1.3518201843257899e-01 -1.3424670223428789e-01 2.2056001984236059e-01 5.8437987377211120e-02 1.0695046877848470e-01 -3.1605292515956493e-02 -4.1335694905926729e-01 8.9963531762490959e-02 6.3359635376401297e-02 -1.8507228660776351e-02 1.0086202377434279e-01 2.2574614905278609e-01 1.1844451153098380e-01 1.7832507242506451e-01 7.4915532524287232e-02 5.1788338972576092e-02 1.1363872656694780e-01 -1.8830414749605981e-01 -3.1582178566052171e-01 7.3002113123314283e-02 -1.6096307437654150e-01 -2.2203692628756050e-01 3.0045724760583278e-03 5.4955052201859193e-02 1.9783454112875920e-01 1.6093648862647730e-01 -1.5447721370747369e-01 -4.8683147255184557e-02 -2.5844771835762442e-01 2.8463441846703949e-02 1.7724629961843200e-01 4.7802579885546257e-03 1.0044597920481770e-02 -1.7052535854384709e-01 9.3292263949915744e-02 -1.1963767173437530e-01 1.4483423165589560e-01 1.0351651836487880e-01 -2.4843233278278469e-02 8.6516918039194896e-02
-1.3732093400133069e-01 4.3169925298047002e-02 -1.2997719252179969e-02 2.3093215749306339e-01 1.6915239570143431e-01 -8.1454999114065577e-02 1.8889946786710279e-01 6.9246943076558723e-02 1.7212463944106429e-02 7.9078588058874327e-02 -1.8409687424177751e-01 4.7782323558904459e-02 8.7973539034384651e-02 2.0670478620487909e-01 -3.6109977078158891e-03 1.1733274176635911e-01 4.6899520617696581e-02 -2.0117170764898559e-01 2.8585901565739480e-02 -6.8674976994312104e-02 1.8128094425530061e-01 -3.1915070493841591e-01 -3.7491604703472653e-02 -3.3979885812023780e-01 1.7766671352721430e-02 -6.7144793181343795e-02 1.8599277546718630e-02 -1.6032750637065260e-01 5.7168511398637323e-02 3.9796432193325406e-03 -9.6537307983058318e-02 -2.4947123733024379e-01 -3.4919912487084433e-02 -4.4615005900834580e-02 1.4937464333779740e-01 -5.7867396176589619e-02 3.0199160205696580e-03 -2.8468841448908250e-01 -4.4067051071918287e-02 -9.5444904531261365e-02 -1.5985140281208099e-01 -6.3768564475244954e-02 2.2981618570233101e-01 9.4264229284641010e-02 -7.0905915282215820e-02 6.7890204788231823e-02 -2.5278058330689409e-02 -3.1796897124840329e-01 1.1452974710842050e-01 2.7954455352838969e-02
1.5153261687938879e-01 1.2193760534186010e-01 -7.8958966670277422e-02 -9.1611898289976762e-02 -5.2296727914592243e-02 -3.4787074754151093e-01 -1.5194266727210029e-01 -1.3348817139940350e-01 -5.8514314175744243e-02 -3.3761011792530438e-02 1.7806097399872989e-01 -8.0984997314237056e-02 -1.3033517532393830e-02 -1.6721271742238819e-01 7.5991294069597648e-02 1.2884121596092729e-01 -1.3147765201648021e-01 -5.4108842238748789e-02 1.8824355294537060e-01 1.2964071107385849e-01 1.1076824229518550e-01 -3.4778630346442307e-01 9.6949570226016038e-02 -8.2424909716348485e-02 2.5299629993428659e-02 -1.0406365171383490e-01 -9.9384925906423907e-02 8.8660904006246016e-02 3.0272902226783398e-02 -1.7280450830527169e-01 -3.0540744140140819e-01 -1.1844403816108880e-01 1.8152326718370540e-02 -1.5188520614927470e-01 -9.1426621056244869e-02 -1.5763213774983261e-03 -7.3262702234304922e-02 2.4046272331009419e-01 2.3226978353114231e-02 -9.8609645990794026e-02 2.3131049747097471e-01 2.3342454300525789e-01 1.5306879156703720e-01 1.4164906066030061e-01 -9.1471081779108579e-02 8.7852901610121159e-02 -8.9867317497722921e-02 9.0156873520701661e-02 -8.4026075102685810e-02 6.5901442927643605e-02
-1.3941617254552249e-01 -5.4993366572159273e-02 1.3463757619735481e-01 -2.4873967280443349e-01 -6.1302528301304289e-02 -1.2543610666399321e-01 -5.1131226130360738e-02 -2.8826855255744799e-01 6.1039821846290150e-02 8.5120733772772628e-02 -9.6892272321329811e-02 -1.2411526913693380e-02 -4.9573332518355231e-02 -1.0184648449102500e-01 2.8645224325791419e-01 2.1029901111235691e-01 9.1164204370748805e-02 -9.2394563476456706e-02 1.9694418184749062e-02 -1.8643402377015961e-01 -2.7672620753846529e-02 2.2583493460232130e-02 -3.0127777987886649e-02 -5.5548943107824548e-03 -1.0897555736438710e-01 -1.3619669471859480e-01 5.9652955545482313e-02 3.1391194123185868e-02 1.5759334703991029e-01 -6.1444858315173788e-02 1.5367171154005279e-04 -1.4932763083831771e-01 8.2031580232937024e-02 -4.8187530298832992e-02 2.5879684376681580e-04 9.7606910666754466e-03 1.0536604004085340e-01 -2.9299357193160149e-02 -1.0658157168051929e-01 8.5899259077697569e-03 -1.2976698535067949e-01 8.0167171289226968e-03 -3.8258265177228618e-01 -2.5806238724913569e-02 -8.9981658674672824e-02 -6.7719834811180254e-02 1.9401659093793269e-01 5.6793403368852219e-02 3.8445946840266948e-01 3.0787113524304721e-01
-1.6359530307251230e-01 1.6150894014431791e-01 -9.4916985933351516e-03 4.3359849837800973e-02 8.4859391417566668e-02 8.0049531418345782e-02 2.3034527992540410e-01 -8.3358241486560833e-02 2.2059816317127140e-01 1.4789292840176160e-02 -1.7147434147459970e-01 1.4263046102127450e-01 -1.8450740880947120e-01 -2.1638941113331001e-01 -4.5268687088689322e-02 -9.2203308759951599e-02 -2.6175716859545201e-01 1.1806001890517850e-02 -1.6408507327234689e-01 1.6173433247833871e-01 -1.0295225878659260e-01 -1.7152149989518611e-01 4.9428361317045033e-02 8.4566905778949056e-02 1.1118238216713480e-01 -3.4633082623477979e-01 -1.6311771786809889e-01 6.0305667614392280e-02 2.6901269575358131e-02 1.9477605463344780e-01 6.4070329194343953e-02 -3.3741609857243712e-02 8.3634104881772822e-02 -1.7029531519631691e-01 -1.6212064537412149e-01 1.6656725825984570e-01 8.5398247070694128e-02 -1.0825887114131520e-01 -4.5824942652090687e-02 -4.3172666589869242e-02 -4.8487335821144423e-02 -4.5779275262339589e-02 -2.6330512738487862e-02 1.7398949849985151e-01 2.5743921814183801e-01 1.7074401044596049e-01 1.3665293886144669e-01 1.7911307542924529e-01 -9.5449692869428449e-02 -1.8995186617398519e-03
5.9731102541756391e-02 -5.3283024607834267e-02 -2.5247003783722011e-01 -1.6754199478603199e-01 4.2587855182103701e-02 1.6534222262949491e-01 -8.1074002501060380e-02 -1.0884179105520540e-01 5.7367003152217003e-02 3.0600461084496922e-01 -2.5268651395776269e-03 3.2470841039600601e-02 1.8136489989440191e-01 -9.2469057199965968e-02 -1.8843889778739450e-01 -1.0176577347751181e-03 -1.2712362375738681e-01 -6.7615526913755969e-02 -7.7262946297772223e-02 -1.6757581232341959e-01 -1.1716622805929090e-01 -2.6175634955063080e-02 7.1275665437921104e-03 -7.2645151163593810e-02 -2.0178447888707809e-01 6.5531194194235910e-03 -2.5586972131062052e-01 -4.3737742972567592e-02 1.6405980775309639e-01 -9.0162690681118193e-02 -1.2043771519032330e-01 2.5183500057574110e-01 -5.3709268998808540e-02 -4.7214312166255677e-02 1.0741062650214250e-02 -1.1577691418803630e-02 -2.7104422393652561e-01 -2.5782868866683872e-01 1.3881265736928999e-01 -1.6091720366970971e-01 1.1810929765100341e-01 1.9150319517602499e-01 3.0760947047941078e-02 -1.3359309757214449e-01 1.6152320350999200e-01 -1.7380337919378189e-01 2.1519513139740171e-01 -1.3343339329404430e-01 -7.8390103985958338e-03 5.7199734982052303e-02
-1.2424119695093530e-01 -1.7302131480014821e-02 1.4201028710431860e-02 1.6062739320989599e-02 8.6210278214794281e-02 2.7902549255252030e-02 2.0419033395246480e-01 -1.5217413729478399e-01 -6.1071852008560128e-02 2.4118731592039749e-01 6.2339753672509971e-03 -4.6993728168326232e-01 -9.2707200947954982e-02 1.5173665562153821e-01 -1.4620000869312619e-01 -3.5174146578474307e-02 5.5649619920346057e-03 -1.7104597500956520e-01 -2.5468862208199600e-01 4.5914655039858553e-02 5.7407233107225099e-02 -1.4038152090643369e-01 4.7633316337757137e-02 2.4718982633193270e-03 -2.0698159594898419e-01 2.2905604417776421e-01 -1.6631017916996400e-02 3.9494834770218569e-02 -1.2972197875434480e-02 1.5531214514219421e-01 6.9663447880670637e-02 3.6166959834005578e-02 1.3129889935708311e-01 2.5808395092642510e-02 3.8763708028553682e-03 -1.2807968284174431e-01 1.4715757633726519e-03 4.3067024848818453e-01 -4.7371713235347113e-02 5.8716103868230833e-02 1.1119318320164361e-01 -5.8033633446837103e-02 -7.8839337096090999e-03 2.0806532135072359e-01 6.9481133601649467e-02 -3.2932817675414838e-02 1.7213427049131491e-01 -5.8468097517116471e-02 2.7002558304404581e-02 1.8058634671574411e-02
8.9945360504474797e-02 8.3031805758614380e-02 1.7718211488329599e-01 -8.5904314356439540e-02 -1.6576602981569770e-03 -5.9805659651389897e-02 -4.7056360914083190e-02 -1.9914127892281480e-01 3.8975880657679339e-02 -1.2625724050263529e-01 1.5446693492257840e-01 2.1005699804374230e-02 -1.5300535793297379e-01 4.9606387791655923e-02 -3.6291237241531132e-02 -6.9870249221993433e-02 -2.1414790439283879e-01 3.5936246182259823e-02 -2.5276422267515108e-01 -1.8869085977115119e-01 6.4143290923614996e-02 -1.7921580592968331e-01 7.5125968371080140e-02 1.0147987943224470e-02 7.1155226488295642e-02 1.1333705063564990e-02 2.4120354560404961e-01 3.2312648576358510e-01 -2.6852864816162770e-02 1.1546255104615290e-01 -1.2852534549931641e-01 3.9702428763503411e-02 -4.1017620379053953e-02 -7.6256714001603748e-02 1.6739683481913281e-01 1.3349409730795381e-01 -2.3561265909737211e-01 -5.1081103316760627e-02 1.8268989159934321e-01 5.1068006225509832e-02 4.4292840777246057e-03 -2.2564505522346359e-01 -1.0338416239077780e-01 -2.7060413786507581e-01 -8.2376766219392480e-02 1.6762550702002729e-01 4.4821070521908812e-02 -2.7235817781224009e-01 6.0657048923422108e-02 -2.0336858934862431e-01
