# CEC 2013 LSGO F06 rotation matrix (25x25)
-1.6675260783398860e-01 -1.0320603909772130e-01 3.5922510042816727e-02 3.8407231680256487e-01 2.2828455672418671e-01 1.5723539359018240e-01 -1.3930234652043769e-01 -1.4516774008583730e-01 -1.7148039503290460e-01 1.7150060740484591e-01 1.0656874279078800e-01 2.4402674470980781e-01 -1.1183963720042010e-01 6.7767908715112013e-03 -2.3081288812393561e-01 9.0591782419855368e-03 2.2479245134967429e-01 3.1747587680112338e-01 -3.3998692165245997e-01 -3.2862425515960569e-01 6.7068409590782155e-02 1.2110184384754900e-01 3.1838175704121768e-01 4.8913411543263688e-02 4.4260425818863518e-02
-2.6606747286376020e-01 1.2388622812834829e-02 -3.0816992719170200e-01 2.7767536575240441e-02 6.1978302389540253e-02 2.1820754505086981e-01 -1.8333986537625219e-01 -8.5377991621430407e-02 -2.8032814922469129e-01 5.1298390774486988e-02 -3.4791491001413738e-01 7.3578339603571449e-02 1.8162555482170231e-01 3.0038317416147081e-01 -4.9590874342709687e-02 2.6888467704055358e-01 -1.5843188987455781e-01 -1.4863769108801589e-01 2.9257706824431910e-02 2.1075531576818421e-01 -2.2783283084269779e-01 -2.6573881843649522e-01 1.7381399297316269e-01 -2.7611790313390527e-01 1.1773316553975290e-01
2.2334245792764040e-01 4.2645949008067002e-01 -1.6256617884930319e-01 1.7774191183701679e-01 -1.1295012291802391e-01 -7.3436448508417615e-02 -1.8428583132682839e-02 4.3925924232446523e-01 -7.0274328350979562e-02 4.6134125830428639e-03 -3.3536536696849757e-02 -6.6518794093305106e-02 -3.4951558337903782e-01 -1.5441866478455751e-01 5.9245846630048143e-04 9.6928521854516961e-02 6.1531149602363139e-02 6.1180359678985503e-02 -1.4494690294730361e-01 3.1076719590875568e-01 1.7069115449705469e-01 1.0879658888603899e-02 2.6364742544080488e-01 -1.0956826800741470e-01 3.1144279043683543e-01
-2.4824747134669589e-01 -3.4247202484151212e-01 4.3165306450448682e-01 4.8058077885992541e-02 1.2112555920571710e-01 1.8396257260729590e-01 -1.5086788423170570e-02 2.5021809953847179e-01 3.8127616019384740e-02 -1.6091232078256641e-02 1.3661172342630251e-01 -3.9491574546838708e-02 -1.8720151228434939e-01 1.8885055059921649e-01 2.5415693694211838e-01 8.0917309750040245e-02 -3.0462061884640101e-01 -3.1206370420406410e-01 -1.3254964260330199e-01 1.7955602471052531e-01 2.7591076292348871e-01 8.7999036000879605e-02 1.7785331985777411e-01 2.3760780654378220e-02 3.5501066675593169e-02
1.8604438659634301e-01 2.0295386264626619e-01 1.3184622322558770e-01 1.6701648318312101e-01 -6.7148860042496719e-02 1.5076729252780491e-01 7.9391564532527256e-02 -8.5375413809074624e-02 -7.2574059579072217e-02 -5.0958670977673326e-01 2.0547646771784740e-02 6.6179192847157092e-02 -2.1799439195216441e-01 3.4755934806080058e-01 2.3631183484186569e-01 -2.8233237466946742e-01 1.5194337041164430e-02 -1.2562108240676911e-01 5.3317822847942717e-02 -3.3644985715011771e-01 -2.8016881227877799e-01 -1.1909254723492170e-02 8.7855070453120993e-02 -1.7764440611201851e-01 1.2041961740451430e-01
1.3931694303802120e-01 1.5356331736152870e-01 1.3510539863956919e-01 -5.4781868317250813e-02 -1.0846878511819751e-01 2.9333227804898437e-01 2.2300368515123681e-01 -9.8606027593626175e-02 3.3759464269979922e-01 -2.9145040096149227e-01 1.1474347523596511e-01 2.3019825856246151e-01 2.0250695235220881e-01 -7.5979283512029039e-02 -4.3721662731872019e-01 3.2391281790037058e-01 -2.9668603470901422e-01 6.0181125243722579e-02 3.8354158608190643e-02 6.8649989324725172e-02 -1.5483399963252230e-03 8.1441626490450891e-02 2.5258735886863859e-01 4.7863777061286181e-02 2.4906370361527218e-03
-1.5256293727632011e-02 -3.2384606219213352e-01 8.2488537966982481e-02 1.7386682279020241e-01 -1.5734417771852879e-01 -8.7510173419859227e-02 -2.7737649003863440e-01 3.5756248851800809e-01 1.4285628789093069e-01 -2.9514807026975209e-01 -1.6500373508411970e-01 -2.1325715645101539e-01 3.6434363411905218e-01 -2.9251722282140857e-01 1.1293209098403340e-01 1.5701823382092661e-01 8.0255914929065045e-02 1.2560598297150821e-01 -9.3100861582038313e-02 -1.8068513649659110e-01 -2.6267161536798378e-01 1.0869962417980020e-01 8.8212421733582111e-02 -1.5285536954868439e-01 9.5999918666785297e-02
-2.2013772762347919e-01 -4.1860624192457938e-02 7.8224725919850704e-02 1.7531174856341730e-01 3.5119158966661117e-02 1.8514402737764460e-01 -1.3339049961506241e-01 8.4133207542111434e-03 2.4034269903152439e-02 -8.0989656695813206e-02 1.5597231923282159e-01 -2.0380532507557969e-01 -8.9507516610188936e-02 1.3080328109986011e-01 -1.9219628860012339e-01 -2.8484947200898508e-01 -2.5052390503597852e-02 4.3536364047064208e-01 3.2315135311429649e-01 4.5499294863543521e-01 -2.0455661610223461e-01 2.4267555360407281e-01 -1.7923766090945689e-01 -5.1355693937941163e-02 7.9023541736964603e-02
-7.5639702756369444e-03 -1.5980717625698809e-01 1.4196673956114650e-01 -2.0285327972612510e-01 1.6769341315068079e-02 1.3936299920639680e-01 2.0414532090617060e-01 -2.4698186003393491e-01 -1.1340907904893479e-03 -2.2842728354001019e-02 -5.0787255281936131e-03 -1.6216434414578559e-01 -3.3445685714700947e-02 -2.3768837863924611e-01 -1.2941776642764741e-01 -1.7161233050540711e-01 -1.8756469864760351e-02 3.0693283693106130e-02 -4.1926207879300742e-01 5.8594651285022968e-02 -1.1982351189985890e-02 -2.6664633717003261e-01 -2.2917876796594949e-01 -2.3846173816355609e-01 5.4673842216979063e-01
-2.2299698437937460e-01 3.2272197549523163e-01 5.1425771800199904e-01 6.4811033521365025e-02 2.5371052386004411e-02 6.4657918453833044e-03 4.1911261881782706e-03 -2.7630669377509260e-02 -2.1878704081572459e-01 -1.9174100243318989e-01 -4.9486170669692531e-01 -3.5256652659673968e-02 1.6399512235763181e-01 -1.0596845827099970e-01 -1.0486349110547941e-01 -5.9961030525347188e-02 2.3161593401287239e-01 -1.2006427623871050e-02 9.6374134329251987e-02 5.8581212930205788e-02 2.5093682665134909e-01 -1.1110361429481440e-01 -4.4461563245837457e-02 2.1810359763008491e-01 -3.3864885127986258e-02
-5.7248203242905117e-02 6.4150123667151794e-03 1.4998101253744189e-01 3.7473592394277427e-01 -6.5809002995554278e-01 -1.8417195483237481e-01 -6.0701762635914508e-02 -2.9918951668806981e-01 -1.1526143242585200e-01 2.0718455724167739e-01 9.9183866624297692e-02 9.0932288433326638e-02 3.5632184492613829e-02 -1.3470378520451221e-01 2.3422859518143879e-02 -1.2854856906766479e-01 -1.8901879728111501e-01 -1.8979245997919569e-01 -1.1166484776254330e-01 1.7237161850419089e-01 -1.7637835422444531e-01 -2.1334375258595838e-02 7.9202895862012526e-02 9.7936614976627284e-02 -3.7349230181956773e-02
-1.6817324502332279e-01 -1.8304906402227891e-01 -2.6650918630954762e-01 6.5612625634459951e-02 -4.2649437001765078e-01 2.4503639389872359e-01 5.8010116019871001e-02 3.8817231674165273e-02 1.9630737279028790e-01 -5.2683673890987812e-02 7.1504225491132783e-03 -1.5756728878874551e-01 -6.0496136707693451e-02 2.3407574746778789e-01 6.6393167502652208e-03 8.1903580268178774e-02 2.4048831648742131e-01 6.0388949922139543e-02 1.8118980210363461e-01 -1.6623331308483610e-01 2.7734485582980573e-01 -2.5258130845920712e-01 -7.2241012192743991e-03 3.8556179688467418e-01 2.7073948330604852e-01
1.1117382024237840e-01 -1.5810940548614560e-01 3.3294190657678281e-02 2.2335317340241539e-01 1.6952341923812339e-01 -1.9032946779452761e-01 -2.0608794546733051e-02 1.0737524974869051e-03 3.3463285432510947e-01 -7.3494484378302263e-02 4.5974759896566020e-02 1.6465949911716329e-01 8.5702027398229644e-02 8.2367150965964413e-03 2.1100876811862498e-02 -2.8171699756606750e-01 8.1570913329140363e-02 1.1380554383480480e-01 8.8700038631366315e-02 2.1742517523928689e-01 1.3341351549445890e-01 -6.3197363497236947e-01 2.4105096336782411e-01 -1.6929945195266879e-01 -1.8363888627305050e-01
-2.1561542561708300e-01 -9.1123196799442654e-02 1.1509645142839620e-01 -3.7326562172589861e-01 -1.9839753891306769e-01 -5.1192598053058827e-02 3.4977564019460411e-01 3.1795473532802782e-01 -2.2329714656712829e-01 9.3822826791890523e-02 5.9745075340285288e-02 4.6835118610874937e-01 6.8182089302349175e-02 -1.8412399296462122e-02 1.7220221709492381e-01 -1.0691741827320450e-01 1.0386983512091900e-01 2.8753385837022982e-01 1.0174212092154790e-01 2.9644455193658562e-02 -2.1673018474974770e-01 -4.4795633622536038e-02 1.8965141733077090e-01 8.2199115554225342e-03 9.9214385283537931e-02
3.3056699743151841e-02 -8.4640923978605856e-02 8.5620518225857201e-02 3.5611322897676378e-01 -4.4170068239500287e-02 2.1011704174144849e-01 5.3732028073998361e-01 2.0517690575587511e-01 -6.3961856261779651e-02 2.6741256769638438e-01 3.0336059458846870e-03 -1.5628694121755671e-01 1.2575453658361210e-02 -3.9998568824869948e-02 -1.7326260250833120e-01 1.1748191746960920e-01 2.2475499993085651e-01 -1.8945837460607970e-01 1.8371891101570689e-01 -9.3646170695731848e-02 -4.7701744102019022e-02 -1.5539614543231590e-02 -1.4490729256697921e-01 -3.7961698815228528e-01 -1.9624942091624081e-01
-1.9314702332996431e-01 2.0996281632516881e-01 2.4869096053536541e-01 -1.3823335011947341e-01 -1.5628346664081350e-01 -7.6458167032472338e-02 -1.3588575909997841e-01 -1.7920486948784400e-01 1.7763331259483220e-02 8.0096069043455453e-02 1.7038205352247390e-01 -2.2364843635829351e-01 -2.4035477902139460e-01 -4.1183572582364381e-02 1.8154336173728641e-01 3.9374665725403291e-01 -1.2465909940378660e-01 3.7114146434375639e-01 1.5086770778195779e-01 -2.2861584608844709e-01 7.7695360064950592e-02 -2.3979079521065491e-01 1.9850277449771449e-02 -3.3829966205417072e-01 -1.2990359009165661e-01
2.4002055366775549e-01 3.2179859498299893e-02 1.7035027877812839e-01 2.8254756164281319e-01 2.4262438521889770e-01 -2.6691104399486271e-01 1.4037476800847351e-01 -1.0408296390878169e-02 -1.8462110547681560e-02 2.7013867619933130e-01 -2.3174781994696119e-02 -1.1716745453297990e-03 2.4990549068952020e-01 1.9097432947569520e-01 1.3106034735127761e-01 1.5088389414644399e-01 -2.9050071724626442e-01 1.5742018149818271e-01 2.5338418376367339e-01 -1.2513123258669040e-01 -3.1217781222180191e-02 -2.8154002703469180e-02 -7.1431605073700513e-02 1.8524286535063550e-01 4.8953252296201738e-01
-1.2010578546155000e-01 2.4319441150330451e-01 -9.5588240704136254e-02 1.5331938387382271e-01 2.2685112000050850e-01 4.1814245294085778e-01 1.3347733580538909e-01 -1.2912286496712590e-02 1.1027376629768680e-01 6.9880266066011179e-02 7.4525294342299889e-02 -1.0161137115552429e-01 3.3563374165210137e-02 -3.5438637714037807e-01 4.4621328670769012e-01 2.6548636940108089e-02 -5.9981338005854277e-02 4.5469363233338958e-02 -9.9818521393596704e-02 6.3498145120150160e-02 -3.1715459443592797e-01 -1.8786275118977760e-01 -8.8075200346261144e-04 3.4729839798630030e-01 -1.1786649092889950e-01
9.2751179648758245e-02 -2.6070852740941658e-01 -1.7175379304010430e-01 1.5845815531855681e-01 2.9640188937257100e-02 1.2226364322588870e-01 -6.2274107088157747e-02 -4.2591009564593073e-02 -3.8416030562377917e-01 -2.6830861791154248e-01 -8.5773492944259599e-04 2.9032556173047719e-01 -1.8293944272991830e-01 -4.5588822327758532e-01 4.3967794257914333e-02 4.1467530119238392e-02 -2.5443315394034238e-01 2.0255175226272671e-02 3.4890945205550200e-01 -5.6821811609259830e-02 2.5066962681292132e-01 -6.7132682599088195e-02 -1.9853357091619281e-01 -2.6417996093183869e-02 3.0338110021651630e-02
-1.2126120044283049e-01 1.2035393372123041e-02 5.4987349136645849e-03 -1.1212887039934349e-01 1.1713181695745750e-01 -1.5754520448571491e-01 -2.1491730059599722e-02 2.1645192260402071e-01 -2.6903539963204010e-01 -4.4764254419227018e-02 2.6177285079623852e-01 -3.5751000693338231e-01 -7.2619154959958507e-02 -1.0666062515020240e-01 -4.3177302208598461e-01 -1.4729349299414621e-01 -1.9078850033175640e-01 -1.9197391144018969e-01 1.3385249417313791e-01 -2.1666169765668980e-01 -2.2610300289950369e-01 -2.8219946671808910e-01 2.5628534104261569e-01 2.3793922113918239e-01 -5.3883448297188863e-03
-4.0181725676173338e-03 1.7414744323923539e-01 -1.5399504637392430e-01 -3.8663160289592803e-02 -1.2942236538348839e-01 2.3865936679081720e-01 1.5893522529853880e-02 1.1071133370775060e-01 -7.5108427699169589e-02 1.4963354867896361e-01 -3.9567446226636320e-02 -1.7080704371690869e-01 3.8742118409996168e-01 7.4307543173075044e-03 8.3594997516321420e-02 -4.6064294999224992e-01 -3.7162908078745532e-01 1.6106344221160029e-01 -4.9719648244610573e-02 -2.1101102597510701e-01 3.8121085420602302e-01 9.5667217170635629e-02 1.3956711930723209e-01 -1.9364044775776229e-01 -8.7348609358003954e-02
-5.5286316708173144e-01 1.8609938859669090e-01 -1.4294283523725379e-01 1.1477570635264819e-01 7.5440420413002501e-02 -2.1382647042942679e-01 4.1454563218858417e-02 8.2953893430481249e-02 4.4896320520310079e-01 3.6213748792197978e-02 -1.6619694044712149e-01 2.3059232835183949e-01 -1.7999292281285259e-01 -1.5792146575871241e-01 -8.8626979051837168e-02 -1.4550098024286609e-01 -1.7558883398504491e-01 -1.7932163390259731e-01 9.9959758587518918e-02 -2.2405242595423480e-01 -2.8977151980344631e-02 1.0460477967392839e-01 -1.2183298390750180e-01 -1.3117788698281799e-01 1.7041988087439480e-01
1.7623408114576850e-01 -4.5578905186191440e-02 1.4850910999974701e-01 -2.0488666154898880e-01 2.5524113964197709e-02 2.4854520070277381e-01 -2.6142902565256071e-01 -1.8766826760708380e-01 1.5093860759960631e-01 3.2171072452460792e-01 -7.8899184001335679e-02 -1.0512847434686589e-02 -5.7297495750886628e-02 -2.4563683060821739e-01 5.3968317847961522e-02 -1.3368221900476701e-01 2.2712361566364919e-01 -2.3476627431166011e-01 4.3146784070248678e-01 -3.6191627965161753e-02 -5.2549864358847807e-02 1.3146794859189481e-01 3.7916798947178121e-01 -9.9206990852256594e-02 2.2801250562778411e-01
-1.2083773262214170e-01 2.7376697181031751e-01 4.7386527236522299e-02 3.0253284832349750e-02 2.7916943499744759e-02 7.4439351058907047e-02 -2.8179359806232768e-01 1.2310487401223220e-01 -7.2521005688624074e-02 -3.9968224385175673e-02 5.9253963123101339e-01 2.0702171677592590e-01 3.8292821406276850e-01 4.2620293706519133e-03 1.7547997491979290e-02 5.5562023753514739e-02 2.5119039955991113e-01 -2.4567686958140580e-01 2.9481614120681711e-02 1.2753826896826829e-02 1.1565532493988670e-01 -8.4572146948823840e-02 -2.5451060256235952e-01 -1.2358863109849150e-01 1.7457648583612589e-01
-2.4881505792577360e-01 -2.3965303730173380e-02 -2.1124419360561961e-01 4.6382849780471462e-02 1.2317440115639409e-01 -2.8213457060659219e-01 3.5408492486585341e-01 -3.5298632006962488e-01 -1.0837949095850780e-01 -2.7132511447459201e-01 1.7891888078264950e-01 -2.3531995172581779e-01 1.7440205385354890e-01 -9.9911128875912122e-02 1.9711147137661239e-01 6.4277956266774142e-02 1.6929727131716030e-01 -5.9693945585050603e-02 9.5634323639816027e-02 1.4743904716364789e-01 1.6416786621992999e-01 2.4037303814017599e-01 3.5566254429057742e-01 -8.3145573930066205e-02 9.2799274119637870e-02
