# CEC 2013 LSGO F06 permutation vector 0-based (D=1000)
610
594
975
446
555
801
193
231
580
58
612
25
847
583
679
547
69
952
559
826
350
572
486
466
382
503
551
428
581
378
481
989
12
252
894
554
334
339
799
430
646
576
354
454
786
531
17
381
956
578
424
913
719
906
804
717
176
456
744
616
868
92
155
320
749
585
460
419
310
663
934
862
507
750
634
15
399
26
73
147
416
676
331
823
360
255
134
794
248
75
187
313
144
240
657
896
991
812
629
410
153
712
740
113
857
445
550
241
652
905
713
516
370
494
771
940
237
490
621
8
844
165
35
965
609
853
183
239
464
338
453
950
851
158
775
94
437
915
42
426
97
642
137
600
548
263
156
858
800
185
436
541
342
291
6
63
935
930
933
936
624
482
122
353
284
391
270
417
633
876
704
739
244
414
682
524
832
459
649
470
972
140
366
687
86
774
355
860
425
825
925
761
777
112
288
22
87
793
563
88
127
247
695
96
164
850
954
726
976
98
526
974
287
227
505
944
643
791
404
955
909
408
540
990
376
671
865
49
352
225
57
202
709
819
129
443
211
195
630
16
138
861
337
186
234
715
67
843
469
918
920
218
125
250
205
592
970
688
675
835
71
104
901
921
498
808
76
917
396
772
484
798
131
513
820
188
743
515
478
114
179
333
328
449
30
422
980
226
506
685
874
867
711
327
298
170
544
573
893
358
556
922
508
34
43
525
533
702
705
167
285
780
318
810
89
480
528
274
588
201
690
945
964
311
495
46
336
700
359
795
983
957
121
29
716
245
828
875
413
584
766
986
668
222
595
923
869
51
133
491
357
103
384
369
667
168
314
755
575
279
706
235
946
872
192
37
931
863
651
108
757
148
473
132
44
435
708
769
514
305
927
788
111
502
141
693
78
904
919
401
560
233
928
166
174
74
966
375
372
20
859
429
210
910
973
171
198
813
181
374
959
259
569
309
324
303
421
984
824
306
929
251
728
523
214
394
335
496
197
720
442
492
182
228
264
883
670
0
323
721
802
811
796
191
673
529
849
932
27
620
842
23
903
827
897
271
53
107
553
124
455
579
7
656
169
654
479
319
948
345
294
764
32
364
465
431
90
412
273
367
293
126
878
329
949
383
879
362
79
265
142
173
432
243
377
3
589
784
159
175
638
760
938
395
995
892
162
68
497
947
912
184
389
677
56
409
487
608
542
475
341
387
493
994
59
149
666
530
194
405
262
873
601
52
714
462
834
943
735
277
758
731
458
199
80
440
281
806
877
519
641
347
447
261
452
472
36
618
864
985
330
207
674
512
38
154
577
564
942
229
536
640
885
312
891
256
242
236
163
770
737
830
773
343
238
47
48
926
886
349
602
483
631
178
115
397
870
669
660
623
268
981
504
881
790
463
718
650
317
647
535
177
45
517
302
568
742
996
468
325
756
392
787
567
385
888
911
636
598
13
988
209
574
703
145
692
614
993
765
461
628
283
102
605
895
960
476
596
61
969
224
316
275
856
499
31
809
1
511
60
348
276
11
65
380
351
962
639
683
779
815
2
762
622
24
269
304
9
979
254
128
500
566
363
253
172
916
907
632
734
603
10
549
902
39
662
978
565
368
967
433
778
645
450
321
951
748
992
738
5
707
522
356
545
586
203
135
448
403
776
93
963
814
119
619
371
792
582
684
509
161
297
759
783
14
852
106
722
691
99
754
833
854
344
18
501
746
562
282
625
532
438
136
50
753
724
217
332
204
626
908
110
939
689
745
130
999
54
837
296
611
725
411
723
386
538
884
961
116
200
257
189
968
543
19
730
232
266
28
644
561
434
4
118
289
100
390
672
696
109
221
488
208
260
866
117
937
664
648
613
249
818
527
278
272
213
441
139
741
308
41
836
300
402
83
123
400
146
752
604
326
747
467
406
190
637
70
732
267
797
898
899
597
307
216
280
143
206
729
101
838
998
393
655
552
518
66
346
855
871
196
451
617
55
557
805
423
230
982
365
215
816
680
180
697
900
829
607
212
763
846
150
751
587
987
151
558
627
593
537
789
839
768
258
340
77
301
290
322
882
471
521
599
890
665
571
82
848
379
407
219
635
315
40
782
373
510
841
84
546
62
95
152
590
977
736
33
388
474
889
223
653
733
785
418
924
91
710
489
941
295
398
698
958
694
105
845
821
658
686
681
997
767
292
840
822
606
539
699
415
64
246
485
439
914
953
286
831
457
299
807
678
781
81
361
420
661
220
427
591
477
701
880
971
444
157
21
72
615
817
727
160
887
803
659
570
120
534
520
85
