# CEC 2013 LSGO F06 shift vector (D=1000)
-1.0107059297852230e+01
-1.1297532904768261e+01
1.8869710254766659e+01
-2.0678821460031191e+01
6.3492308744181294e+00
1.5122424034685130e+01
-2.6353722137634520e+01
-6.5913589402840707e+00
1.0728038888513449e+01
1.3752232226649991e+01
-8.4566900936510283e+00
1.5778560939039020e+01
1.3538425233542270e+01
3.0533084061105349e+01
-4.8333339041506171e+00
2.2740680177283210e+01
-2.0353852795420170e+01
2.6952723679192259e+00
-1.2489864422695961e+01
3.3708944499601379e-01
2.6912889731548891e+01
1.0998099223766280e+01
1.2789857781698000e+01
-1.4338910675643399e+01
1.7214898512710310e+01
-3.9355011865744172e+00
-2.3478773991600839e+01
-1.7655839822236580e+01
2.8787792661007941e+01
-1.7777796152668412e+01
5.3191629009249413e+00
1.1852710282827680e+01
8.7520888718084926e+00
-1.2878702526246689e+01
3.1234183925620680e+01
-2.9871873150092640e+01
2.7404939318247170e+01
-1.6262848422541989e+00
-5.5205460736077967e+00
-2.1802443980965979e+01
-1.3449123256962270e+01
2.3792563368915491e+01
-4.1197743295145113e+00
-7.0659224884659073e+00
-1.3818212813458500e+01
2.5318106874150299e+01
-1.0645642570006030e+01
1.4855153173494660e+01
-1.6599365014504659e+01
2.5405707954890591e+01
-7.2927643040891850e+00
-1.1694469002316740e+01
1.6196570380565831e+01
1.2476693761583171e+01
2.8364008400167329e+01
2.9586954095342051e+01
-6.8831697761716084e+00
2.6200268711839271e+01
-2.5337390637148360e+01
-2.1787039234561099e+00
-1.3631575494786530e+01
-2.6504189874348882e+01
-3.0906529600791870e+01
4.8672525256109161e-01
2.2070158843970990e+01
2.5930150508778478e+01
-1.1222294660427711e+01
-2.0356835754029721e+01
2.8782050210790482e+00
-1.3886246149183540e+01
-1.5962556632769880e+01
-5.8234458788687880e+00
-1.7458845789419719e+01
3.4128869037870060e+00
2.2891167772253930e+01
1.9337115237782431e+01
1.1483340391607859e+01
-1.3889772492715640e+01
-2.3340894403226531e+00
-2.5264270845295790e+01
8.5023273393799315e+00
-4.6909664379143807e+00
1.1955152082290549e+01
-1.5206852020999730e+01
-2.0333993791389000e+00
2.0334635971001209e+01
1.3678036845966799e+01
2.7676726513464249e+01
-2.3804213451961310e+01
-7.8083300246481766e+00
-2.8191263949828421e+01
-5.1898167216854203e+00
-2.8418473480053120e+01
2.5340919654213732e+01
7.0227357499638607e+00
2.6942465742254571e+00
-2.0871051690043250e+00
-1.7176912124296980e+01
1.7450784808858639e+01
-1.2461269916393380e+01
7.4305021545477761e+00
1.9558842126555859e+01
6.2396219205507206e+00
1.4496184620193970e+01
-2.6245365734853941e+01
1.4972090408992489e+01
2.8182994696077220e+01
-1.7463191592314601e+01
-1.3395070004120800e+01
1.3936294386002871e+01
2.8571811781495740e+00
-2.4859734369116069e+01
1.1615578687698800e+01
1.7244660507845129e+01
8.4336684275802103e+00
1.1302423767757420e+01
-8.2585530897899204e+00
1.0759620802040171e+00
-2.5823428349179500e+00
-2.7311141223193811e+01
9.5902808345246946e+00
-4.8631523205387603e+00
-2.6561490449308661e+01
2.3369020678293118e+01
-4.8137528790328457e+00
5.8728751992339803e-02
-9.7570858609289566e+00
-1.2269809197121811e+01
9.1747598272464668e+00
2.6826907553254411e+01
-3.0587158157185229e+01
1.3218980644020929e+01
1.1506254683790840e+00
1.2473923769475251e+01
1.0284845144133429e+01
-1.9109308266474571e+01
-1.2777173892938659e+01
1.2796039389229961e+01
-1.6332419246077489e+01
-1.6729730794327381e+01
8.5131057488610082e+00
8.6981558156455219e-01
-4.2326146788060814e+00
9.9817116579245191e+00
1.5844868536650409e+01
1.5517060136492360e+00
-3.1222229822944019e+01
3.7650474297811043e-02
1.4907029507301329e+01
-2.3722974306057971e+01
2.8554672709760180e+01
-6.5436279066091663e+00
-2.2741991204056220e+01
-5.5806696574276584e+00
1.0141953909773600e+01
-1.0101090507101530e+01
-5.4888271366769787e+00
-2.4324156619271090e+01
-2.0504046716151109e+01
-3.0322067442546359e+01
2.3102183624569999e+00
-2.6733750707423422e+01
-2.9749953511414521e+01
2.9024368920576869e+01
-1.7856677301054660e+01
1.2127928874141119e+01
1.6777028746066531e+01
-1.3969100058104830e+01
-1.9036172552752241e+01
-2.6138522813380421e-01
-2.2195822631364809e+01
1.1937875605638760e+01
1.2586216040797730e+01
3.9642960408334380e+00
-4.1581238766456323e+00
-1.5953855315023040e+01
-2.1915906746485518e+01
5.9080426918173359e+00
-1.7633334017882621e+01
-2.2189679674631140e+01
-1.0321567371448950e+01
1.8690145651525739e+01
-1.5884202442673410e+00
2.8591915412034780e+01
1.7199837379681771e+01
9.3366154773227485e+00
-2.9264481874984138e+01
-3.0964531862963341e+01
-1.7770391569113880e+01
9.3704710143145533e+00
-1.6151016851122272e+01
-2.0693696486038441e+01
-1.0697413337406500e+01
1.0467321719054040e+01
-2.2488857029307280e+01
-7.2084725016923539e+00
-2.7573670802941091e+01
1.2138731999871419e+01
7.2997150125925740e+00
2.2341255495138281e+01
-8.2142934686905402e+00
1.2219579651736481e+00
-1.6999038325219079e+01
5.3616617660617569e+00
9.4310058780814234e+00
-2.4564089415555468e+01
-1.0940724956158871e+01
-1.9705399866504769e+00
1.8878077270355920e+01
3.0403338454075460e+01
4.7519714342940880e+00
-1.2866358967334589e+01
-1.2804111385194121e+01
-2.5337856331896880e+01
-1.8640275022906579e+01
-5.6659401801041840e+00
1.1952130514702290e+00
9.3685430224897583e+00
-9.1805427632475052e+00
3.7500373821916031e+00
-2.3302979954927050e+01
-1.8194806229023911e+01
-1.3349175277806051e+01
1.8797323819610579e+01
2.0876016723331979e+01
2.1064977564624169e+01
1.1030162687116739e+01
-1.2118078563548129e+00
-7.6155503218885796e+00
1.6381806524461730e+01
2.8887007559899011e+01
-7.0807464185153401e+00
6.0958908105857157e+00
2.7567584979021401e+01
-2.8055137528198237e-01
6.9776349546639622e+00
2.1392759198146230e+01
-2.1673803452801380e+01
-1.5248252422631610e+00
-1.2244956489412409e+01
7.8613338859516579e+00
2.4789598050447179e+01
-1.8150642341612251e+01
2.5871424445161821e+01
3.3125499219626788e+00
-1.7048606034925760e+00
-1.8112542106499870e+01
2.3290689105654959e+01
2.1141612375625959e-01
-2.2897999565240958e+01
-7.0187508111938248e+00
2.2058607745618509e+01
-2.3466350866886789e+00
3.1710024129504259e+01
1.2015211166955829e+01
1.2879090060736679e+01
-6.9217176601034947e+00
-3.0949143314271321e+01
-1.0516054942767649e+01
1.5064599014263390e+01
-2.8557402945634241e+01
8.3863063551167940e+00
7.4962759613588608e+00
-9.6974927671789022e+00
2.9869570124138448e+01
-2.9207986605660292e+01
-3.1564166690962189e+01
3.1327610873405291e+01
-1.7897035168698981e+01
1.3496216325892130e+01
1.2382367899634530e+00
2.3965890507226131e+01
-1.0216353376953890e+01
-2.0810195794781929e+01
-1.5696428275877709e+01
-1.0249256963382051e+01
-9.4420622924103554e+00
-3.1768789275890121e+01
2.3041388106159189e+00
-2.4886292806601622e+00
2.5860606066676151e+01
1.2655784767693920e+01
-9.4367948933293349e+00
1.8921793214250680e+01
5.0190303737217716e+00
2.9524340788231079e+01
1.8470120561064260e+01
-1.1375783715493959e+01
2.9064564889406089e+01
-5.1685437127066303e+00
8.6943285896483378e+00
-1.6348818981131551e+01
-3.3436135808031020e+00
-3.1154893643113279e+01
-2.3088832228771771e+01
-1.4796608416578540e+01
-2.0045075183675891e+01
-7.0612133961951020e+00
2.6267476221930838e+01
2.9853948710214731e+01
-1.1295693782119400e+01
5.5987889076133284e+00
1.5923047340875421e+01
-2.8618888475952811e+01
1.8305729207305561e+01
-2.7088153268163190e+01
-2.1767005504135710e+01
3.0343507607286329e+00
-2.5377774250681199e+01
-2.4200717796343511e+01
-1.5148572061282289e+01
-2.3093198751416640e+01
-3.0839128056800860e+00
1.0110394822005180e+01
2.9375007500805510e+00
2.0409879310018781e+01
-1.4555505847360561e+01
-1.9779967558960440e+01
-1.5506210940134091e+01
2.1358635961619150e+01
-2.4079844433846930e+01
1.0449929463666361e+00
-1.8251557956170409e+01
-3.0888846022039179e+01
9.0707924885279070e+00
1.2270591434560860e+01
-2.3529201027452611e+01
1.0216060874212500e-02
1.0947648371940041e+01
-5.6509639087797636e-01
2.3176593012208659e+01
-2.9237771199992402e+01
2.3542308771861080e+01
1.0094632176775439e+01
1.5776782214129950e+01
-1.0830771872311371e+00
1.0859213483321200e+00
2.8061432788984022e+00
4.8233064872127747e+00
1.1891975707795069e+01
-1.1871987688531931e+01
-2.1497572521985042e+01
2.0170539739180519e+01
2.3011109517813878e+01
-6.1769334745422411e+00
1.9757089187982899e+01
2.6794804076948740e+01
-1.3037702754132461e+01
1.0142791950878500e+01
-2.7314377723135340e+01
-1.8761372933644871e+00
-2.7683308385638931e+01
2.4258681842476960e+01
2.5393846203952428e+00
-2.8559697275547389e+01
-2.2153464710800890e+01
-1.2797520516628900e+01
2.0564077508976698e+01
1.8837528971694830e+01
1.0167328611852669e+01
2.3597929711680731e+01
3.0131318821163362e+01
-1.1841987735764990e+01
-8.3106034770142700e-01
1.5068420635970380e+01
-2.2095723677161459e+01
1.6877199572064929e+00
-2.7490767529552109e+01
-1.8455501197004729e+01
5.5379261583866466e+00
1.4518494426834691e+01
-6.9428627399487146e+00
8.0639458995884841e+00
-7.4102225183848196e+00
2.8492065815839100e+00
-1.4659427072688629e+01
-7.5237855260973188e+00
-1.1357408585404411e+01
-3.1474940147819950e+01
-2.2322643343495141e+01
2.3113072891765420e+00
2.8980020581840542e+01
-3.8110122424662300e+00
1.0597196820096890e+01
1.5883211064064330e+01
-2.2432949623574672e+01
2.9957480751354542e+01
7.2525943969320954e+00
3.1342831371685872e+01
-5.5291252496787786e+00
-1.5995230376953341e+01
4.7801986393283871e+00
-3.2529190937898860e+00
1.9985879302237500e+01
-2.1694885524338570e+01
1.1925902087539621e+01
6.2298789833134469e+00
-1.5144805211002130e+00
-2.3015938482624700e+00
-2.4202549476829560e+01
5.5408900426597381e+00
-1.5312054819824620e+01
-2.5726811979104191e+01
1.8701883340240428e+01
2.3135322315814770e+00
-1.2385375686099570e+01
2.8032000842587902e+01
2.2858211598004011e+01
1.5745077115542060e+01
-1.2691300175278650e+01
-7.7727091089320739e+00
-1.9121980496031689e+01
2.1909018159212120e+01
-2.9506825022573381e+01
-1.6334984215461638e+01
-1.0206432611336890e+01
3.5944707154803499e+00
-1.9654460591475321e+01
-3.8087692969457470e+00
3.1498723137486859e+01
2.5519479933900239e+01
-1.2599796568936339e+01
-1.1432212942185370e+01
-1.5091279046236730e+01
1.5899446818640589e+01
7.1546689828039813e+00
7.2909867837938478e+00
8.4445597094493117e+00
-1.3319149258002261e-01
-5.5677534140661011e+00
9.0246419903632962e+00
-2.0825649892484350e+01
-2.7179673080743910e+01
1.7904655323477549e+01
-5.7052027328051249e+00
1.1135198926794590e+01
2.6240315347011651e+00
-2.4750435291744360e+01
-2.1216876987571741e+01
2.2453989042734189e+01
1.6612729732826089e+01
-5.7741896042251089e+00
2.0131881974491151e+01
-1.2218056283692119e+01
3.2517487868230088e-01
-2.1285184792854270e+01
-2.5160243608859862e+01
-2.6161635572292042e+01
-2.2833463992817531e+01
2.6400124276406189e+01
-1.1822345523965121e+01
1.9849850273412152e+01
-5.4970364333493844e+00
1.1437157893609740e+01
1.3006796115669641e+01
-1.0730186976084701e+01
1.6952974446992020e+01
5.3680060094305944e+00
-1.5205428458644720e+01
2.0095024675809601e+01
-1.0152279682014520e+01
-2.7413250786540329e+00
8.1500340650444976e+00
-1.3474496350372849e+01
-1.3162680993339471e+00
-2.9398287644074820e+01
1.9773088010006699e+01
-9.0089733425270158e+00
2.1586760957603460e+01
1.9098544243324358e+01
-4.0912595886722142e-01
-3.6653060773271712e-01
2.0581708334917511e+01
-8.2290199482057658e-01
-7.7992293463842790e+00
7.3883372058193419e+00
-4.4684868136133898e-01
-1.4131499858059771e+01
1.6476681605316699e+01
-2.8854969497740971e+01
-2.8220700615866811e+01
5.0224127049831040e+00
2.2971314923369039e+00
1.1639261713433330e+01
1.1781468285080881e+00
-2.4036284320194401e+01
-4.0052891141869473e+00
-1.7356063129020981e+01
-1.2899402509780950e+01
1.5000675229012930e+00
-8.9777685239578773e+00
-1.9601222512643570e+01
-1.1458454553874340e+01
-1.5779262597785060e+01
-1.2689863375138160e+01
-1.1596462388787961e+01
-2.4745714580711329e+01
-6.8705452430787606e+00
-1.2265630740620210e+01
-2.3186719917581250e+01
1.1498838212522561e+01
-2.4696271243325070e+00
-1.7276979922189660e+01
-2.5417932963030250e+01
-6.1974431352422279e+00
6.6090374561855878e+00
2.2843301647774310e+00
-8.4324876467208885e+00
8.4104697974724729e+00
-7.4529287611257562e+00
1.6300339106346550e-02
-1.0594074579177259e+00
2.5987641111257131e+00
-3.0919231084430280e+01
1.1476063740837120e+01
2.1924772342321440e+01
-1.6729969556549829e+01
-6.3926780861946564e-01
-4.7767289757064981e+00
-5.6270726726454479e+00
-8.1356314779404553e+00
-1.4178378995842021e+01
-2.3661891493673110e+01
-1.7262890880946979e+00
-4.6439665493584148e-01
1.9613996996110771e+01
-5.9134312836803344e+00
-3.0805851396386551e+01
-2.2641479680124419e+01
8.0388385143013097e-01
-3.0030634405182582e+01
-1.3341272638895560e+01
-2.4239325077315571e-01
-1.0720055930191901e+01
-2.0754418063467799e+01
-3.5642588956826469e+00
-1.6879643436170920e+01
2.9270280677397089e+01
-1.1472285539187761e+01
3.4466038020325800e+00
5.3035373767667373e+00
3.3788492010605600e+00
-2.9752371187806880e+01
-2.9746403126114082e+01
-2.4191856249744600e+01
1.5002612367926540e+01
1.7731709319301189e+01
-1.1260311311378940e+01
3.6230390502161378e+00
-2.9766658151608091e+01
2.0882491373083081e+01
-1.6960960318484389e+01
2.6463620342077590e+01
-1.6948396435762849e+01
-2.7942897585443500e+01
1.6365377783794059e+01
-1.9138499985879839e+01
2.2577508486434489e+01
-2.7963436370007880e+01
1.8022349828829331e+01
-4.3818583099608848e+00
-1.9174491216259501e+01
1.3230452499234969e+01
2.9040954628615250e+01
5.7005985496398424e+00
1.8874369579950070e+01
2.3048945894566842e+01
-2.5145341416448680e+01
6.5816141730736621e+00
5.2237184293504457e+00
-1.5145587340828040e+01
-9.8137200258742485e+00
2.5369089521081492e+01
4.4105194274728827e+00
1.2391898484385051e+01
2.5640436379440921e+01
-2.9562632996389810e+00
-1.9747813278564291e+01
1.7200524514731040e+01
3.0673012569209881e+01
-3.1555765992163671e+01
-2.4872928650000219e+01
3.6042607480425009e+00
2.3984899692259610e+01
1.9469245222039170e+01
8.6381407876605056e+00
1.7609260537595588e+01
-2.4468591838580291e+01
1.7141381133734431e+01
-3.6129475671390550e+00
5.2997988277139632e+00
-2.0336205211851979e+01
1.9263361875832089e+01
-2.1964715920295731e+01
1.8430391172298819e+01
-1.2617504919370949e+01
2.9554704795294441e+01
4.7275786010285268e+00
7.0992077074154007e+00
1.6074915670449080e+01
1.5671713367118450e+01
-1.1284847490981321e+01
-1.0606106053885121e+01
-1.1265446094270271e+01
-3.5699314015419521e+00
-1.2791918038262050e+01
-7.2591942170409620e+00
-1.7906596512512349e+00
-8.0408821916472473e+00
-2.3143544690877409e+01
-2.0769268626332661e+01
-2.2276740382262901e+00
-3.0814532507046342e+00
-2.5913005098525929e+01
1.7580519261485382e+01
-3.0574942757336778e+01
1.4569231311174301e+01
-4.3659137401345189e+00
1.4496907717841371e+01
-5.6385499591730337e+00
-1.0994768664057270e+01
2.4519363880722711e+01
-2.3793048865257401e+01
-3.0415551433447181e+01
2.6372087881203608e+01
-2.1113006132303511e+01
1.9454174748324188e+01
2.5025897541240269e+01
-2.9574373115050150e+01
-1.6356138893089721e+01
2.3866675791529200e+01
-1.3697671203189040e+01
-1.7668937707622351e+01
2.3449876164527840e+01
-2.3611142704630058e+01
1.9962393036956239e+01
1.0477900608876830e+01
-2.1161499930334671e+01
1.0425418307515510e+01
8.4136633217426144e+00
2.0420351267039550e+01
9.5262608552231764e+00
2.2745328814694279e+00
1.8006040056457039e+01
-2.9261341946991418e+01
2.0415426919107770e+01
-2.0887999966011019e+01
-2.8694223673662840e+01
-1.4449630531702841e+01
-1.2870254498100801e+01
5.5789378060643813e+00
1.8918646823089869e+01
-2.8662636649048341e+01
-3.1178134989231299e+00
2.5883013343799451e+01
-3.1560625818506631e+00
1.2948468989231760e+01
-3.0133002756763080e+01
4.5280604631790737e+00
-1.3836622517642899e+01
8.9277301267969555e+00
1.8701097684164161e+01
3.2247903654940240e+00
-2.6571165868096291e+01
-6.6675182164967071e+00
-1.7436746110636520e+01
1.1045645923490040e+01
-8.1269254080810747e+00
-2.8108266052666341e+01
-5.7784103933882660e+00
-6.8743740444838970e+00
3.5501760839026049e+00
-7.5784223471031771e+00
-2.3397133735113059e+01
6.1957368204547247e+00
-1.1422209664312820e+01
-2.1615831384510809e+01
2.7217680735763199e+01
9.7175625781316022e-01
9.6752606056091270e+00
1.3043788143605520e+01
-2.2324737136204579e+01
1.0615798013979649e+01
3.0332615270456330e+01
1.7367278121908861e+01
-1.1821883836449990e+01
-2.2177017297031220e+01
2.2742693831771770e+00
2.7483823336526449e+01
-1.2167382904185571e+01
-8.7272836843217387e+00
-1.9871289435492891e+01
1.8245148400437259e+01
-5.4948604024727370e+00
-2.4513425443443740e+01
5.4086843312714468e+00
-2.9095041782599910e+01
2.0963407808626989e+01
6.2229433742086924e+00
-2.5197604284163820e+01
1.5883258181129589e+01
1.5407277274426590e+01
-2.7650991924502861e+01
-2.6181591164536801e+01
1.0595141238161720e+00
2.0517562442884120e+01
2.6960477610502810e+01
-4.3174578571017541e+00
1.6850355850406069e+00
1.6565485078317071e+01
1.4369446076694549e+01
-1.2324610279024119e+01
2.5432617622443878e+01
-6.6616090908345371e-01
-2.8881797863744618e-01
-5.8284239131353566e+00
3.9122270793359779e+00
2.5820764739326719e+01
-3.1999524692252269e+01
-3.1791090108268449e+01
-3.3693349953323071e+00
6.1851292328531384e+00
-3.0026942733168159e+01
2.1135730448793161e+01
-3.2233690491706279e+00
-1.2260791055730831e+01
-8.5527740768078342e+00
2.6276776336365208e+00
-2.1124159009204529e+01
-1.6029826443396050e+01
-1.5379630545026981e+01
1.7921208834543229e+01
8.3965106182599030e+00
-1.1509298205175829e+01
1.3729017044695400e+01
-7.9924026405644506e+00
-8.8311373264817394e+00
6.8233426518284146e+00
-2.2352360015571620e+01
7.5321862506537194e+00
-1.4446213487356090e+01
-6.5472748500101243e+00
-9.0081911832702470e+00
-3.0923680380430739e+01
1.8400514102754219e+01
-2.4845788135271958e+00
2.2176315423675291e+01
-9.1650315622762477e+00
-1.6859346981066910e+01
-2.3436678520826121e+01
1.6428354503975449e+01
-6.3615289458741273e+00
-3.2041249610467371e+00
1.7250163026334089e+01
1.1941922420550920e+01
-8.9113865383127493e+00
4.7714080051501426e+00
2.0711466119789272e+01
1.9042348948498550e+01
1.3901529754053139e+00
-2.1844785517805370e+01
-8.1339510954317920e+00
-1.4036418623765460e+01
-2.4949817384491690e+00
-1.2385597896789299e+01
2.8194498058341409e+01
-1.3307909520628510e+01
2.2660317485171550e+01
-9.3328292298003017e+00
2.6206406625994230e+01
-2.7434091143037399e+01
2.7389483909977579e+00
-1.8835788521652699e+01
-2.7022974129350150e+01
-3.2316526102941920e+00
3.4261451763857098e-01
1.5772251379602681e+01
-1.5389095017711560e+01
-3.0933874564643851e+01
3.5113374779494730e+00
1.3253881810138850e+01
-6.5258238677361664e+00
1.3422953336907730e+00
-7.1596694458852657e+00
5.8158590593012036e+00
-2.0282210543174251e+01
2.1214365332327791e+01
-1.6123531141890119e+01
-5.2128460951435267e+00
5.9410808413918126e+00
9.0054546931270210e+00
-8.2099212518582334e+00
-6.4292189704902034e+00
-2.7056395112374370e+00
-9.2379274671273559e-01
-1.9052551060925339e+01
8.6947046468978169e+00
2.5478068937044391e+01
-7.7095625575986064e+00
-2.1600535660453389e+01
3.4253875854872922e+00
3.9529472236663130e+00
-3.9721580710147171e+00
2.7979857765121061e+01
8.5737656335671684e+00
2.0630997738853640e+01
6.1251609364509232e+00
2.0586369391650020e+01
-1.8975297137427329e+01
2.9408125030431069e+01
-6.8770652594900170e+00
1.3764895212474199e+01
-5.5437277246080621e+00
-1.2362466820979600e+01
1.1629783227687160e+01
-1.8857616406204251e+01
-2.8314557535509710e+01
-2.5582573294173670e+01
6.0283136998778151e+00
7.9570160867123736e+00
-2.0240242374206758e+01
-7.8163392662359543e+00
-5.2803795606328796e+00
9.4316056253626499e+00
2.5783205197497988e+01
-2.9127880486371151e+01
5.6585355212963080e+00
-8.5675034099796950e+00
2.3686742763310392e+01
2.1435602673019790e+01
1.9452016530057040e+01
6.9847363994475566e+00
2.5945737251101040e+01
9.8187768063100318e+00
1.2129599035089351e+01
1.1751872685732749e+00
-1.1793522755110891e+01
2.0766565818957851e+01
4.7585583181690776e+00
-2.2160183153809150e+01
1.1786233590687051e+01
2.9457009850065880e+01
1.1283280392404720e+00
-1.8919277207222880e+00
2.9374321301601349e+00
1.3726416745123140e+01
2.0775163280873489e+01
-2.5651779823592950e+01
1.0321544649378390e+01
9.6115934182693863e+00
3.3851248178228128e+00
-6.8227271782049193e-01
1.6847561929065130e+01
1.9818954771923771e+01
2.3019950044505620e+01
-3.7281051850645399e+00
-1.9414889029071968e+01
4.9093938810437026e+00
-2.2699390986038349e+01
1.2297036826840159e+01
-3.0317329975018121e+00
9.4467264185461133e+00
-3.1792114536575340e+01
-3.1652327981607250e+01
6.6714813784470861e+00
-2.0589627237711849e+00
5.1943455855392191e+00
1.0822873809243600e+01
2.6387658322430799e+01
2.1223853045926500e+01
-2.5770569574723371e+01
-1.4861355214661151e+01
1.4236059578509060e+01
3.1690732331188919e+01
1.3005341692776531e+01
-1.3835762523572329e+01
-1.8717943848084321e+01
1.9181272534509461e+01
1.9202458184864518e+01
1.7895548673222450e+00
2.0885017362836059e+01
1.7925839065850749e+01
-8.4658920555927715e+00
-1.9189081942738540e+01
2.4277097848263981e+01
-3.1313898278039879e+01
1.6465421343129361e+00
-5.5230292287183613e-01
3.3483354190907191e+00
4.2982953571206277e+00
-2.9901168431951259e+01
2.4714193936330560e+01
-2.8579096832241930e+00
7.7889672189245296e+00
-1.9125176776950742e+01
1.8905809856106131e+01
8.9100892940724974e-01
1.9367003152697020e+01
-2.5439024906213270e+01
1.0356231196668929e+01
3.0361305014265259e+01
2.5839770321456061e+01
-2.0108192624353020e+01
-8.4501609518477050e+00
-2.0701104578239061e+01
2.0590525052089209e+01
3.1343516519144881e+01
2.1164980379103870e+01
3.5142796624148089e+00
1.2722615171018230e+01
1.8422301284300818e+01
-2.7664253978932660e+01
-8.9708171389129259e+00
4.5125254342374008e+00
-9.2704622493995503e-01
1.1341843156843810e+01
-2.2231105175575781e+01
-1.0616164214757340e+00
2.1605108029212101e+01
2.2204160214709010e+01
2.6330590520061450e+00
4.1808206772941867e+00
2.1454180635670301e+01
-1.1801208386300789e+01
1.9955541920846159e+01
-1.0851585810270249e+01
-1.7867906751126341e+01
8.4031893428222357e+00
1.6323721754193791e+01
1.0066475815334890e+01
2.7722316102564150e+01
1.7285754112288030e+00
2.0264576421527430e+01
9.6718700784176743e+00
1.5193016631581870e+01
-3.0455334092866688e+00
2.7944219664401110e+01
4.4041415345974899e+00
2.2361456587496811e+01
-1.7923510010233521e+01
-2.3461052334562840e+01
-2.2702973149228711e+01
1.6465689370866031e+01
-2.2569348953261620e+01
7.5457926456307822e-01
2.0823304898299220e+01
1.9251401097207051e+01
2.6701748322216570e+01
1.1884963944286071e+01
-1.9046055342810051e+00
2.6125076913108121e+01
-3.9062973986403580e+00
-1.0793745385550180e+01
5.0315658028471466e+00
-2.2053927467777452e+00
1.9395159831904369e+01
1.2916818898311350e+01
-1.1389254324088590e+01
2.4278564589183510e+01
2.8579290550168981e+01
2.1226598737477071e+00
-1.1923621291896101e+01
-4.4764407266543138e+00
-2.2564926075680191e+01
-5.8637366702450509e+00
2.6845989228002701e+01
-2.3496413280272801e+01
-2.2733190247210839e+01
5.7325663543327359e+00
1.2558777136231191e+01
1.0829017769062480e+01
-1.5344281481211549e+01
-6.7673760596429817e+00
3.3347080946138670e+00
-9.2788673186289111e-02
2.4889102358385230e+01
6.5908156351756579e+00
-2.5726917976177720e+01
5.9761721161558574e+00
1.7722347671920769e+01
-2.8379022302564749e+01
-9.7683541984056124e+00
-3.6984736403655600e+00
2.8768976094038350e+00
2.4379404477185851e+01
1.7728085762313640e+01
-5.2505158170668427e+00
6.3777775069316311e-01
-1.1329772605770451e+01
-2.9997760382493408e+00
-3.1885771281388561e+01
8.9361029871262492e+00
-2.3869192485546790e+01
-8.1852610152263576e+00
5.2841604423354367e+00
2.8342709310519041e+01
8.2611499774338064e+00
2.4900882627329331e+01
1.8849433922645520e+01
1.0745488008228991e+01
