# CEC 2008 F04 shift vector (D=1000)
3.8465943600000001e+00
4.3236220599999999e+00
-2.8216293700000001e+00
6.4653817599999996e-01
4.3382018699999998e+00
2.4408699700000001e+00
-3.4593102400000002e+00
2.3370587600000001e+00
3.9799805600000000e+00
4.2900143200000000e+00
2.3739320500000001e+00
3.2249767800000000e+00
-2.3574441299999999e-02
4.6273859699999997e+00
4.6134354899999996e+00
9.9472289700000005e-01
1.6101377200000000e+00
-4.7253465200000004e+00
-2.6974652099999998e+00
1.0355478400000000e+00
-3.2047934800000002e+00
3.8057038400000001e+00
-2.6782537700000000e+00
-3.2290469399999999e+00
4.4115507200000001e+00
7.1588795400000005e-01
-4.4219378300000001e+00
1.4915944999999999e+00
7.3886515399999997e-01
2.1793920299999998e+00
-3.2777580799999999e+00
2.7836145800000001e+00
3.5961872200000000e+00
-4.7192014599999998e+00
5.1737211900000002e-01
-3.6043601600000001e+00
-3.2039839099999998e+00
4.6834594000000002e-01
-2.0301857200000000e+00
-3.9847622799999999e-01
-3.7711077799999999e+00
4.9680342000000000e+00
4.3214501199999997e+00
3.3546872099999998e+00
-4.8657242299999997e+00
4.8320672599999996e+00
2.1250489600000000e-01
-4.2749778200000002e+00
3.6840304599999998e+00
4.7874287400000002e+00
-4.0843071300000000e+00
3.4202368100000000e+00
-2.3546832400000000e+00
1.2421677000000000e+00
4.8673780400000000e-01
-2.2540184600000002e+00
-3.3486993200000001e+00
2.6769696700000001e+00
-5.2956976700000002e-01
-3.8310880599999999e+00
3.0218417700000000e+00
-3.0914621200000001e+00
4.1947729300000001e+00
-1.3488122600000001e+00
3.4688785100000001e+00
3.0658051099999999e+00
2.6927432699999998e-01
-1.1231439100000000e+00
2.3412702900000002e+00
2.8629115500000002e-01
2.4200548999999998e+00
3.4987605600000000e+00
1.3899577500000000e+00
1.1681844600000001e-01
-4.6781233100000001e+00
-2.1706040299999998e+00
4.1590271799999998e+00
3.4853082799999999e+00
3.2452254699999998e+00
-4.3716592399999996e+00
4.6994740699999999e+00
3.8688680500000001e+00
2.6407186100000000e+00
1.8582668099999999e+00
4.7093810100000004e+00
-1.3341202399999999e-01
-4.2485954000000001e+00
-4.5585467099999999e-01
1.1476134499999999e+00
1.1406890400000000e+00
4.2191272399999997e+00
7.5180418599999999e-01
-3.7611153800000002e-01
-1.2739286500000000e+00
-4.5903032900000001e-01
-2.2382207099999998e+00
-4.8537115899999996e+00
4.5819691200000001e+00
1.1798724899999999e+00
2.2573172200000000e+00
-7.4687227000000000e-01
-4.3299637300000002e+00
-2.9689394500000001e+00
-9.3821254700000001e-01
-3.7653897999999999e+00
-1.7128774000000000e+00
-1.5174614900000001e+00
-4.9385508500000004e+00
3.2859060499999998e-01
3.5387436000000000e-01
1.5355943700000001e+00
2.6041381100000001e+00
3.4279522400000002e+00
2.2291638200000001e+00
-3.7191318899999999e+00
-2.2131587999999999e-01
4.3809708799999996e+00
-5.6322569099999997e-01
-2.5584217499999999e+00
-3.8257679699999998e+00
-1.9491691600000001e+00
-7.4888196900000004e-01
-2.8479168600000002e+00
3.8554863299999997e-01
-3.7864833299999998e+00
-9.0420601700000003e-01
1.2868410200000000e+00
3.7142595200000001e+00
4.7305470500000002e-01
-4.5622012700000001e+00
-4.2104514799999997e+00
-1.1724618899999999e+00
3.7074363899999998e+00
-1.7756950100000000e+00
2.7199836799999999e+00
1.3104378000000001e+00
2.9400600400000001e+00
4.6074830200000001e+00
-4.7804011199999996e+00
-3.8805474200000001e+00
-3.1642379799999998e+00
4.2561646099999999e+00
1.6822226700000000e+00
-1.3810535500000001e-01
3.3676160099999999e+00
-5.5093220499999995e-01
-2.2046281599999999e-02
-2.6559982600000000e-02
-1.6947537399999999e+00
3.7219505900000001e+00
2.2232954399999998e+00
3.9054296399999999e+00
-2.0551876299999998e+00
-4.8407041600000000e-01
8.7681728400000003e-01
-3.5140986100000000e+00
2.8997177199999999e+00
3.9576706599999998e+00
-4.8921105799999998e+00
-1.0786412800000000e+00
4.8440541900000000e-01
-1.6724840500000000e+00
-3.1753726800000002e+00
-2.3094313999999998e+00
1.1863162100000000e+00
-3.6435163300000002e+00
6.0251876900000001e-02
-4.5683009300000004e+00
2.3438100500000001e+00
-1.8286553999999999e+00
-1.0075804399999999e+00
-1.6003691799999999e+00
2.1657869299999999e+00
9.1980784299999996e-01
3.4861266999999998e+00
-4.7860706899999998e+00
1.2762578400000000e+00
3.5160511900000002e+00
1.6204298600000000e+00
4.6973402000000002e+00
4.2583708900000001e+00
1.9517725800000001e+00
-2.4214398199999998e+00
-7.5010856100000004e-03
-3.9052052800000001e+00
-3.3199366400000002e-01
3.8719054599999998e+00
1.6604398899999999e+00
3.8132612400000001e+00
4.8943931899999997e+00
3.5216632899999998e+00
-4.5727792900000003e-01
-3.1629217500000002e+00
-4.2268982799999999e-01
-1.5882789900000001e+00
3.5981865800000001e+00
1.6441883900000001e+00
4.5180342800000002e+00
4.6147494699999996e+00
2.2098850799999998e+00
-2.5710031700000000e+00
2.3149634899999998e+00
-2.4920794499999999e+00
2.1764897099999998e+00
-1.6449242100000001e+00
-4.6771493399999997e+00
-3.2995698000000000e+00
-2.2284798200000000e+00
-4.0890643700000000e+00
2.5429774500000000e+00
2.5894213000000001e+00
3.8261084200000002e+00
1.7119875499999999e+00
4.7429469299999999e-02
-1.6377320799999999e+00
-4.2812926500000001e+00
9.6227004900000002e-01
3.2184085800000002e+00
4.6358255399999999e+00
-3.3964251600000002e+00
1.8959897500000000e+00
3.9358005299999999e-01
-2.5847082100000001e+00
2.4967060999999999e+00
-2.9519604199999998e+00
-2.0434833299999999e+00
1.1461911100000000e+00
-8.2386354600000000e-01
-1.4413303000000000e+00
3.1942081000000000e+00
3.6653349600000000e+00
4.3536656899999998e-01
2.7667922300000001e+00
7.9880766599999997e-01
-3.2298279900000000e+00
-2.8099237600000002e+00
-5.6208411899999999e-01
4.0317627700000003e+00
1.9413765000000001e+00
-1.7305379700000001e+00
3.8444929299999999e+00
1.0206880899999999e+00
3.6230187100000002e+00
-1.6346802700000000e+00
2.5445961000000001e+00
-2.0188200599999999e+00
-3.9757710700000000e+00
2.9365648100000001e+00
-1.0277800300000001e-01
-3.2221535600000002e+00
5.5881447600000000e-01
-3.3312981700000002e+00
2.8012090900000000e+00
1.0532239299999999e+00
-2.2757138000000001e+00
-3.9736083600000001e+00
5.1143755300000004e-01
4.9931815200000003e+00
1.3634378700000001e+00
9.1355587100000002e-01
4.8614963800000002e+00
1.6384884600000000e+00
-3.0100382600000000e+00
-4.2726585899999998e+00
-4.2750769200000001e+00
-2.9262834799999999e+00
-8.0800426000000003e-01
2.3936558699999999e-01
2.1775963100000002e+00
3.4243479699999999e+00
1.7285467800000001e+00
-4.4956651900000004e+00
-2.1102204300000000e+00
-4.0300205499999997e+00
-1.9978457599999999e+00
1.5484847799999999e+00
-1.2761914700000001e+00
1.2550628800000001e+00
3.5854121299999999e+00
4.4562549799999998e+00
1.1273110700000000e+00
1.4132292900000001e+00
5.4175586399999998e-01
-2.7732334800000000e+00
-1.0295748000000000e+00
1.5856683899999999e+00
2.1095491599999998e+00
2.9804141600000000e+00
-4.6718475100000001e+00
1.3630176599999999e-01
-1.2384697200000001e+00
3.1873679600000000e+00
-8.4624885000000005e-01
-3.6260830500000001e+00
1.3319692800000000e+00
3.1712546800000001e+00
-3.8034211800000001e-01
4.7856139899999997e-02
-4.2170794799999998e+00
1.5842768599999999e+00
4.8073757500000003e+00
4.0590434200000001e+00
-3.2514714499999999e+00
-3.2445291300000001e+00
-8.4973078599999996e-01
-1.8021973200000001e+00
4.3440012399999999e+00
1.0508592299999999e+00
-1.0550618300000001e+00
2.5085441500000001e+00
4.8992394199999998e+00
-4.7414757700000001e+00
-3.0104997500000001e+00
4.7412599200000001e+00
-4.7139939000000002e+00
-1.4524812899999999e+00
-1.0753775900000000e+00
3.9877059600000000e+00
5.8257004999999995e-01
2.9256954799999999e+00
3.8112759399999998e+00
-9.5567785400000005e-01
2.7457521400000001e-01
-2.6127994600000002e+00
2.1291974100000000e-01
2.4502942999999999e+00
-3.0445017600000002e+00
-1.7706099600000000e+00
-2.5560853099999998e+00
3.2489483699999999e-01
-1.8526004199999999e+00
4.6619979100000002e+00
2.6461828700000001e+00
-1.8354802400000001e+00
-4.6503110300000001e+00
1.5311727399999999e+00
-1.1616495899999999e+00
-8.0603718000000002e-01
-2.0344473100000000e+00
2.2898854399999999e+00
-2.2022718299999999e+00
-6.8740505500000004e-01
-4.5166934000000003e+00
-1.3086621199999999e+00
2.7024700300000002e+00
-4.4571339999999999e+00
-1.1123879000000001e+00
-4.2500390499999998e+00
-3.8571361500000001e+00
2.9088408800000001e+00
4.3434859200000000e+00
2.7533106200000002e+00
-3.1442852100000002e-01
-2.7549330799999998e+00
2.0559207399999999e+00
-4.5128216199999999e-01
-4.6593265900000000e+00
-1.7937811500000000e+00
-1.4770541200000001e-01
3.3949883500000002e+00
-2.0608630799999998e+00
1.4100164700000000e+00
-8.3411764600000005e-01
-1.5641216000000000e+00
4.5584748299999998e+00
-2.4460224500000001e+00
-4.6154255600000003e+00
3.8491803999999998e+00
2.1228624400000001e-01
-5.5037006700000002e-01
-7.3048545700000000e-01
-2.3085079200000001e-02
3.3394352199999999e+00
2.7469432700000000e+00
-1.5856291800000000e+00
-2.8063657900000001e+00
4.7649206599999996e+00
-1.9653630499999999e+00
-4.5481416699999999e-01
-4.1192237499999997e+00
1.0806034000000000e+00
4.2700080399999996e+00
-2.1528687099999999e+00
3.2077107800000002e+00
8.2600491899999995e-01
3.3358403299999999e+00
-5.2445883299999996e-01
-3.9787376700000001e+00
7.4598757400000004e-01
-1.3659597999999999e+00
-3.2528775000000003e-02
-4.5140792100000002e+00
1.7541857100000000e+00
4.7932047400000002e+00
2.5880656300000000e+00
-8.9366407100000000e-01
-2.6886006299999998e+00
1.7069980600000001e+00
-2.8396764399999999e+00
-1.1890532400000000e+00
-1.7694205100000000e+00
-7.6590786399999999e-01
3.9532160500000000e+00
1.3919948499999999e+00
3.7660401600000002e+00
1.8152666900000001e+00
-8.5162551500000006e-01
1.0516584200000001e+00
-2.4450047399999999e+00
-4.3079276699999998e+00
3.9183739800000000e-01
2.1250326600000000e+00
-1.4906972800000000e+00
-4.6333270400000002e+00
2.1295178500000000e+00
-4.0581888199999998e+00
-4.6264937499999998e+00
3.2864905100000001e+00
-1.9545478900000000e+00
3.6788803400000001e+00
2.9081385800000001e+00
-2.8993276099999998e+00
-4.5985982400000003e+00
4.8763422399999996e+00
-2.1402869500000001e+00
4.4907510000000004e+00
-4.7783607200000002e+00
-4.7992268500000002e+00
-1.6225018899999999e+00
4.7423039800000000e+00
3.6575837600000001e+00
3.3562056100000000e+00
4.9929141899999996e+00
2.3177569800000000e+00
-3.7988081299999998e+00
3.7846772899999999e+00
-4.7312829199999999e+00
6.9239128599999999e-01
-2.0722468799999998e+00
9.1933526700000001e-01
3.9922430900000001e+00
4.6890335199999997e+00
-3.3397811300000000e+00
2.7749036799999999e-01
-1.5484219500000000e+00
-5.0151024799999999e-01
-2.9294125799999998e-01
-9.6264287599999998e-01
4.7112401100000003e+00
-3.6314120900000000e+00
-1.2012665300000000e-01
-3.1006806400000002e+00
3.4636067700000002e+00
1.2571240900000000e+00
3.0015793300000002e+00
3.9046950900000001e+00
-2.4641621100000000e-02
-4.5611417599999999e+00
2.8248182800000001e+00
-2.6330537399999998e+00
-8.4973375900000003e-01
-1.5591436100000000e+00
-2.4063157899999998e+00
-4.4562314499999998e+00
1.2443262500000001e+00
-2.1662515199999999e+00
4.9748209799999996e+00
3.9652384899999999e+00
-1.5855483399999999e+00
7.8111106600000002e-01
2.6436951099999999e+00
-3.5283068100000001e+00
1.2591886500000000e+00
-2.0591314199999999e+00
3.1024827500000001e+00
4.4725275299999998e+00
-4.6551199500000001e-01
-4.9521085300000003e+00
-3.8846268099999999e+00
2.7068763899999998e-01
-3.2830338299999999e+00
-6.6973359200000004e-01
6.9766146699999998e-01
-2.9725335300000002e+00
-4.0082702200000000e+00
5.7261875299999998e-01
1.1059936299999999e+00
-3.9791547600000001e+00
9.5575386500000004e-01
1.6457126799999999e+00
-2.3323318999999998e+00
6.5787557799999996e-01
4.1486979100000001e+00
1.9831175200000000e+00
-3.3968741800000002e+00
-4.0653172800000004e+00
3.6403763300000000e+00
4.1667167100000002e+00
6.2239987399999996e-01
7.9680458300000001e-01
4.8546560699999999e+00
-3.2481851800000001e+00
-3.0305625900000002e+00
-3.2938229799999998e+00
4.1994692200000001e+00
-1.4422707600000000e+00
-3.2228133900000000e-01
-1.3828087899999999e+00
1.1800366600000001e+00
2.0898249299999998e+00
8.0132026599999995e-01
8.0633466300000001e-01
3.0739892300000000e-03
-1.1178331600000000e+00
-4.6407976099999999e+00
2.7487943300000000e+00
1.6337410600000000e+00
-5.3651474499999996e-01
3.0496164700000001e+00
-3.0827531100000001e+00
5.1667172200000000e-01
1.5848721700000001e-01
-3.4832789700000002e+00
1.3164028999999999e+00
1.5254335100000000e+00
-1.1406269899999999e+00
5.6399191800000004e-01
2.4400392400000001e-01
3.7736512300000000e+00
-3.2791983700000000e+00
2.4482090599999999e+00
3.9044789799999999e+00
-1.3811776099999999e+00
-3.9878182799999999e+00
2.9128570100000002e+00
1.5989582300000000e+00
-1.6845935700000001e+00
-3.6177859699999999e+00
-1.0408241300000000e-01
-4.3133506400000003e+00
-5.4399684199999998e-01
3.2098427499999999e-02
3.0552410399999999e+00
-2.5757791600000002e+00
-4.6736968699999997e+00
4.4042843800000000e+00
4.0696520300000000e-01
-1.6460177899999999e+00
2.0107870700000001e+00
2.8364502400000000e+00
3.4229697500000000e+00
3.1741424500000002e+00
-2.1313761200000001e+00
-1.2047906500000001e+00
4.3848627799999997e+00
-4.0018776899999997e+00
-2.4680194700000002e+00
4.5403085599999997e+00
2.5774481200000001e+00
3.9677269399999999e+00
-2.3185871800000002e+00
-3.1367967299999999e+00
1.9077915200000000e+00
4.4684818499999999e+00
-2.5437135200000000e-01
-1.8171993300000000e+00
1.6664973999999999e+00
-4.2863005200000002e+00
-4.4152970300000002e-03
-1.7475567500000000e+00
7.4576961399999997e-01
-2.2400465800000000e+00
-2.2606097200000002e+00
-3.3371854600000002e+00
-1.2056267400000000e+00
1.7231879500000000e+00
-2.0204886599999998e+00
-4.3277891700000000e+00
3.4578666400000002e+00
1.0320289899999999e+00
3.8490453900000001e+00
-3.6287011200000001e+00
-7.0379964900000003e-01
1.0550947700000000e+00
4.1687431600000000e+00
4.0943424300000002e+00
-1.2092638899999999e+00
-2.1301467600000001e+00
2.7120860800000002e+00
4.1020384200000004e+00
-3.5893641800000000e+00
3.9696924199999999e+00
-2.1087361599999999e+00
2.7663082999999999e+00
3.9162030900000002e+00
7.8402253099999997e-01
3.8215315900000002e+00
2.1981260800000002e+00
-1.1445624200000001e-02
-1.9653087600000001e+00
3.9851577400000000e+00
-4.6000503999999998e+00
8.8818235599999995e-01
-4.5059502599999997e+00
1.5780023300000001e-01
-1.9695140099999999e+00
-3.9807324799999999e+00
-1.1958510300000000e-01
-4.1360526899999996e+00
4.3229626300000001e+00
-3.1873949000000001e+00
3.8268521199999999e+00
-3.9896757699999998e+00
3.9451852100000000e+00
8.8533870299999995e-01
5.0884629900000000e-01
-1.3867692199999999e+00
-4.4672724199999996e+00
-2.7982342299999998e+00
-1.1354715600000000e+00
-1.8491163300000000e+00
-2.9568219600000001e+00
-1.8382329600000000e+00
-2.5301375300000002e+00
-2.3734554700000001e+00
3.1340412700000000e+00
-3.9801055100000000e+00
3.0061214000000001e+00
5.6033189000000005e-01
-1.4620616799999999e+00
3.8619396199999998e+00
3.7573805400000002e+00
3.4913331300000001e+00
4.6224363200000003e+00
-2.5826257400000001e+00
4.5068330699999999e+00
2.9628669300000001e+00
4.0483602799999998e+00
1.0870539800000001e+00
-1.1051810900000001e+00
1.4726355499999999e+00
-6.1710220800000000e-02
-1.4654940500000000e+00
-2.6612410999999998e+00
2.2086847000000001e+00
-3.3042502100000002e+00
-1.8140251700000001e+00
-3.8944946100000002e+00
-3.9442895600000000e-01
1.0037776200000000e-01
7.0641227399999995e-01
2.6525896400000000e+00
-1.4176015200000001e+00
1.7532735399999999e+00
-3.1896650700000002e+00
4.5308365000000004e+00
3.9335571900000001e+00
9.7282324499999995e-01
3.3935161599999999e+00
-1.7600392899999999e+00
-2.1062042200000000e+00
-6.6825350100000003e-01
2.7783178099999999e+00
-1.7908921400000000e+00
2.6176632099999999e+00
-1.1674478200000000e+00
3.9319952100000002e+00
-4.0033153900000000e+00
-2.4932911400000002e+00
-2.3312311299999999e+00
2.4716520499999999e+00
2.7246942500000002e+00
2.8223550999999998e+00
-1.5635103200000000e+00
3.7834448300000001e+00
-1.1364785500000001e+00
-3.6997408199999998e-01
-3.4472954100000002e+00
-3.8375932599999998e+00
-3.1700775200000000e+00
-2.7356854300000002e+00
1.1142696500000000e+00
8.3391951200000003e-01
5.2594680599999999e-01
1.3855073000000000e+00
-3.6698034600000001e-01
-4.0148052600000002e+00
4.3437176300000004e+00
3.4187362900000000e+00
-1.2804177500000000e-01
-1.8818300100000001e+00
2.0154493599999999e+00
3.4017899400000000e+00
2.4513451599999998e+00
-3.5377993700000001e+00
2.6606046299999999e+00
-2.3450311600000000e+00
2.8883283700000000e+00
-3.8489424699999999e+00
6.5560532999999999e-01
-7.7131662400000001e-01
2.0044441000000002e+00
3.3379538900000000e-01
-1.9935304400000000e+00
1.7333817199999999e+00
-4.9366772299999999e+00
4.9040551900000002e+00
1.2073719599999999e+00
-1.4597805200000000e+00
-3.5016063800000001e+00
-2.8331207200000001e+00
2.9103447500000001e+00
-1.1328687000000000e+00
-2.3194378499999999e+00
4.3836765499999997e+00
4.4267939700000003e+00
-3.5753175199999998e-01
1.7455740000000000e+00
-4.2634319500000002e+00
-4.4256730600000003e+00
2.4472953899999998e+00
-3.5275037700000000e-01
3.2516647500000002e+00
-4.3702119799999997e+00
2.9057162499999998e+00
4.8191543100000001e+00
3.4444419000000002e+00
-4.6534934800000000e-01
-2.4297086000000001e+00
-2.6860968600000001e+00
-1.8964513600000000e-02
4.9178195300000001e+00
2.0429314199999999e+00
-2.1899677799999999e+00
-1.3637025400000000e+00
1.7220168899999999e+00
9.8924869999999998e-01
3.7743555000000000e+00
-7.7065864299999995e-02
-1.7516175100000000e+00
3.5120655699999999e+00
1.1038461100000001e+00
-4.7385994399999998e+00
2.2497715299999999e+00
3.0762525699999999e+00
3.2647503499999999e+00
-4.6720997600000000e+00
1.8755535999999999e+00
1.7442906599999999e-01
-2.3710038899999999e+00
2.0115054600000000e+00
-4.2623913399999998e+00
4.3200254800000000e+00
7.9333315599999998e-01
-1.6875880599999999e+00
3.2446451500000002e+00
4.5590893100000001e+00
-4.4383825999999997e+00
3.6609935800000000e+00
1.4543268100000000e+00
7.8463661399999995e-02
4.3349073100000002e+00
4.4809329599999996e+00
6.7512806199999997e-01
4.6933143299999998e+00
-2.2481399999999998e+00
3.9860269100000001e+00
-3.4677020299999999e+00
1.7074381199999999e+00
1.6415230199999999e+00
1.0821216700000000e+00
-8.2181801399999999e-01
3.9185325099999999e+00
-2.4556247500000001e+00
4.2756474799999999e+00
-3.3531053700000002e+00
2.8147511199999999e+00
2.0624332600000002e+00
-5.3300296999999996e-01
-8.1989438000000003e-01
-4.5489537899999997e+00
-2.3226487499999999e+00
3.0341973200000000e-01
3.5208157099999999e+00
2.7084886500000001e+00
-2.2350513799999998e+00
2.5860641100000001e+00
-3.9122328899999999e+00
6.1056178699999997e-01
2.1333776200000001e+00
2.9225098100000002e+00
-2.9076163700000000e+00
2.3012993700000002e+00
-3.0503696300000001e+00
-1.8815734000000000e+00
2.1361595599999998e+00
-2.9683439500000000e+00
5.0393493600000006e-01
-3.8058896299999998e+00
4.4414019099999997e+00
-6.3601331800000005e-01
3.3425919999999998e+00
6.3348654900000001e-01
1.2477579200000000e+00
1.7902940700000001e+00
-3.3228711899999999e+00
-1.0433879500000001e+00
-4.1253619900000000e+00
-3.6406132300000000e+00
2.5774809099999998e+00
-2.3283172500000000e+00
-2.6538697199999999e+00
-1.8617674200000001e+00
4.9203381999999998e+00
2.6843931500000000e+00
3.2998616699999999e+00
3.1697058500000002e+00
2.6462321400000000e+00
-6.7833355100000003e-01
-7.8216929400000001e-01
-3.6759195600000001e+00
-4.1019386200000003e+00
-2.5653921600000000e+00
-3.8723271800000001e+00
2.9761066399999998e+00
-3.8788602800000000e+00
2.7675078300000000e+00
1.2039647300000000e+00
-3.4084508599999999e+00
-2.0822773799999998e+00
-2.8913060399999999e+00
1.1306537600000000e+00
2.9194749500000001e+00
-1.8822823399999999e+00
2.4094454100000000e+00
-2.5448822500000001e+00
-4.4995582000000001e+00
8.9837478699999995e-01
1.7592072700000001e+00
2.4508548200000000e+00
4.6510694099999998e+00
1.8222298100000001e+00
2.2409488799999999e+00
3.8372373899999999e+00
9.8147528799999995e-01
-3.4876107300000001e+00
-2.8968288000000002e+00
-2.4279566500000000e+00
-2.9712150899999998e+00
-2.5026321100000000e+00
-3.9189427399999999e+00
-8.5361419800000005e-01
1.9232070000000001e+00
1.4209164200000000e+00
3.5867599299999999e+00
1.7322075400000001e+00
-7.6391127400000003e-01
4.9896193699999998e+00
-1.1649217999999999e+00
-2.4099517100000001e+00
-1.9345353400000000e+00
4.0859088300000002e+00
-1.5031460400000001e+00
1.4493137500000000e+00
7.7747751499999995e-01
-3.2329756900000000e+00
1.1199231900000000e+00
-5.4360506500000005e-01
8.1427046000000003e-01
4.9258542800000003e+00
3.9216564500000000e+00
-2.8889853699999999e+00
1.8107943300000000e+00
3.0466772799999999e+00
4.8858189400000001e+00
1.3406865400000001e-01
2.2765073500000002e+00
4.2790471700000001e+00
-1.7130140399999999e-01
-2.5883926399999999e+00
-4.4488681100000003e+00
-4.7133684699999998e+00
-2.2119230900000000e+00
1.9390464700000001e+00
1.5717119700000000e+00
-5.8359856099999996e-01
4.6972934700000000e+00
2.9731777400000001e+00
-2.6125254899999999e+00
-4.7153824700000002e-01
-3.2571642700000001e+00
4.7814609299999997e+00
3.9888803600000000e+00
7.2538438999999999e-01
3.8894548300000000e+00
-6.4526320900000000e-01
-9.6916488000000001e-01
4.0428650399999997e+00
1.9520104199999999e-01
-4.3828009699999999e+00
3.9566949600000001e+00
4.6656344299999999e+00
4.5360488900000000e+00
3.1856961699999999e+00
-3.8051382999999999e+00
-3.3753217699999999e-01
2.3301990799999999e+00
4.3424468699999998e+00
4.3050892999999997e+00
1.0917488500000001e+00
3.0175106000000000e+00
-4.3432068399999997e+00
3.2853874099999998e+00
4.3048897000000003e-01
3.4505945699999998e+00
-6.3931080100000004e-01
1.1529896100000001e+00
1.7098373700000000e+00
1.5605463900000001e+00
4.7587417700000003e+00
-1.3314998499999999e+00
5.0258353300000003e-01
-9.0365358500000004e-01
3.9964448899999998e+00
3.6196845999999998e+00
2.3350431100000000e+00
4.3943232800000001e+00
1.1062944100000001e+00
-3.0524158099999998e+00
-3.1234344100000002e+00
4.9636400199999997e+00
-7.5504662499999997e-01
-1.6912381200000000e+00
-4.2720159600000001e+00
-4.6479276100000000e+00
4.8088496100000002e+00
-1.9189767900000001e+00
-4.5050640299999998e+00
3.8473004500000001e+00
1.5498132400000000e+00
-1.9976453900000000e+00
-1.3367363000000001e+00
-3.1058262900000000e+00
-3.1794261000000001e+00
-2.5260808799999999e+00
2.6361970900000000e+00
4.9723813799999999e+00
2.2680321900000000e+00
-1.8856968900000000e+00
4.7779351300000004e+00
2.1859812000000001e+00
4.3648436600000000e+00
3.0774054699999998e-01
2.0880678300000000e+00
-9.8534653900000002e-01
1.9200590799999999e+00
1.8395583200000001e+00
2.2375782000000000e-01
-2.3871010899999998e+00
-1.5083828900000000e+00
-4.1809197500000002e+00
-4.9068043399999999e+00
-1.7832279400000000e+00
5.8890635000000002e-01
9.0511789799999998e-01
3.3393181399999999e-02
-1.5767448600000000e+00
3.4357584700000001e+00
2.6316512599999999e+00
1.8699754499999999e-01
1.3011054300000000e+00
3.3544054499999998e+00
-3.0279294399999999e+00
-4.6242307800000004e+00
-2.5743366700000001e+00
-4.7740130799999996e+00
-4.6231178000000002e+00
-2.2259104900000000e+00
-4.4269295900000003e+00
-1.2519599400000001e+00
9.5096768400000004e-02
-1.4159669400000000e-01
1.6233108100000000e+00
-3.2758521899999998e-01
-1.6744739399999999e+00
3.4676509400000000e+00
3.6632637199999998e+00
2.4269037899999999e+00
-3.7445821000000001e-01
-3.4824576800000000e+00
4.1999625499999999e-01
-4.3660378099999999e+00
2.4119940099999999e+00
4.7186117200000002e+00
2.3326555400000002e+00
9.0513012599999998e-01
4.6930922100000000e-01
4.9011769999999997e+00
-1.0956379599999999e+00
-4.9835530400000003e+00
