# CEC 2008 F06 shift vector (D=1000)
2.7007757099999999e+01
-1.6131689200000000e+01
6.4105550100000004e+00
-8.4105187699999995e-01
2.3477938000000002e+01
1.5725809999999999e+01
-2.6119400900000000e+00
-2.8889781400000000e+01
1.9284429899999999e+01
-3.3177981399999998e+00
6.9259408899999997e+00
1.7516222200000001e+01
2.5308778199999999e+01
1.4292434699999999e+01
-1.9424031299999999e+01
-5.6576272200000002e+00
2.6128181900000001e+01
2.5014266400000000e+01
-5.3837875799999999e+00
2.3618971899999998e+01
-2.6526521700000000e+01
-8.8279120700000000e+00
1.8789989800000001e+01
-2.9408321999999998e+01
-2.1666547099999999e+01
-1.7834086899999999e+01
-1.8076695399999998e+01
6.2275487500000004e+00
-1.3668724500000000e+01
-1.8071143899999999e+01
-2.9083564400000000e+01
1.4807140600000000e+01
-3.2942140599999998e+00
2.5908874699999998e+01
-2.0403395000000000e+00
-4.8810319399999997e+00
2.0773285099999999e+01
1.5091497800000000e+00
-1.7841158499999999e+01
1.0328248100000000e+01
2.0287106699999999e+01
-2.8821629200000000e+01
1.0876629700000001e+01
-7.2311389200000002e+00
1.9907761099999998e+01
1.6877304000000001e-01
1.2568283600000001e+01
-4.2664580799999996e+00
-1.1722958000000000e+01
-1.8620775099999999e+01
-1.8394130600000000e+01
1.0933393400000000e+01
-1.1834136000000001e+01
2.5004312299999998e+00
-2.0947621399999999e+01
1.1873908900000000e+01
-7.2976199700000004e+00
2.1600696299999999e+01
2.1219307799999999e+01
5.6137747500000001e+00
-2.0685301800000000e-01
2.3986150500000001e+01
1.9297749600000000e+01
8.6946230500000006e+00
1.9078460499999998e+01
9.6136533899999996e+00
-9.4817628999999997e+00
-1.2616446200000000e+01
-9.5283858400000003e+00
2.0447410600000002e+00
1.3626792999999999e+01
-1.1442590400000000e+01
2.0309762700000000e+01
4.0843476599999997e+00
-7.7751865999999996e+00
1.2164394800000000e+01
2.7942691100000001e+00
-3.3071877199999999e+00
1.1674034400000000e+01
7.2786078500000002e+00
1.7689264800000000e+01
2.7410606900000001e+01
1.3554209399999999e+00
2.2808532400000001e+01
-1.9622631500000001e+01
2.8784813799999998e+01
-1.3713164500000000e+01
-1.4860239200000001e+01
2.2544513999999999e+01
1.4238359300000001e+01
-2.1808875499999999e+01
-2.9294598799999999e+01
2.3633877999999999e+01
-1.8051715999999999e+01
-1.2076619300000001e+01
9.6865545799999992e+00
-1.2935484600000001e+01
-1.8465428900000000e+00
-2.6113132600000000e+01
2.9300096300000000e+01
4.9675008900000002e+00
-4.5902245900000000e+00
9.3070512800000005e-01
-9.9629112000000006e+00
-4.0256042299999999e+00
-1.6443007900000001e+01
4.7884123900000004e+00
1.5621900600000000e+01
1.7893870000000001e+00
8.4315899400000003e+00
-1.7455835700000002e+01
-7.2108977799999998e+00
1.6999718999999999e+01
1.0850745099999999e+01
-2.3342923999999998e+00
4.0697227500000004e+00
1.7652639099999998e+01
-2.6449044399999998e+01
6.1721451399999996e+00
-2.6983871799999999e+01
-5.0775083700000003e+00
-1.1700079400000000e+01
2.2462030299999999e+01
-2.9099430099999999e+01
1.6077023400000002e+01
2.8250696399999999e+01
2.9404955600000001e+01
1.7331701500000001e+01
-3.6804879700000002e+00
-1.0132179299999999e-01
-1.7162200100000000e+01
8.6095372700000006e+00
-1.0797865399999999e+01
2.7605916000000001e+01
1.3597906000000000e+01
-5.2828075099999996e+00
1.4673947000000000e+01
-1.3923164999999999e+01
-3.6045414299999998e+00
2.6002806499999998e+01
1.0999939500000000e+01
-1.7246408100000000e+01
2.0354294400000001e+01
7.7270760000000003e+00
-2.1973635099999999e+01
-1.7572036199999999e+01
6.4319366699999998e+00
7.7932709300000003e+00
-7.7713904400000002e+00
4.5088667400000002e+00
-2.9145103899999998e+00
-2.7366280499999998e+01
-2.8368892599999999e+01
-1.1238897100000001e+01
-2.9228245500000000e+01
-6.9619626900000000e+00
1.0986958100000001e+01
-2.4429452300000001e+01
-2.7879700600000000e+01
6.7437288799999999e+00
6.5124216700000002e+00
-2.9054410900000001e+01
-2.9018704000000000e+01
-1.8595524699999999e+01
5.2151083099999997e+00
-2.6545134600000001e+01
-7.9459176700000000e+00
7.8870698800000003e+00
1.3058065300000001e+01
1.1560163700000000e+01
-2.4955256400000000e+01
-2.7386910100000001e+00
-3.4903021900000000e+00
-8.8049727000000004e+00
-2.0783618199999999e+01
1.0538679000000000e+01
1.1952799700000000e+01
1.3650547800000000e+01
-1.2969371400000000e+00
3.2905191800000000e+00
-2.2737173200000001e+01
-2.9547635400000001e+00
1.2952976899999999e+01
2.3570496500000001e+01
-1.3613851800000001e+01
-1.4713842300000000e+01
2.1936208700000002e+01
-1.6058977800000001e+01
1.8292304600000001e+01
2.4503852599999998e+01
-1.6086340900000000e+01
-1.5641246100000000e+01
-2.7014731000000001e+01
-2.5296955499999999e+01
8.4489245900000007e+00
-1.8546805800000001e+01
2.0632169900000001e+01
-1.9565985099999999e+01
-1.9752431200000000e+01
2.9657729400000001e+01
-3.6125485799999999e+00
-9.5971230700000003e+00
-1.1146961400000000e+01
-8.0952967800000000e+00
-6.4056269300000004e+00
5.4915122199999997e+00
-2.2815203000000000e+01
-2.7712272200000001e+01
-2.4841227199999998e+00
2.2192041000000000e+01
2.6054191100000001e+01
-1.4133050000000001e+01
-2.0381979600000001e+01
2.2371315400000000e+01
-1.5727181500000000e+01
8.7498749999999994e+00
2.8013245300000001e+01
9.8958727199999998e+00
2.2222861600000002e+01
-2.9404361699999999e+01
-2.1779406500000000e+01
1.9125349600000000e+01
-4.1900370599999999e+00
2.3419303400000000e+01
1.4094492700000000e+01
1.1239415500000000e+01
-9.2332819399999995e+00
-2.0037915699999999e+01
-2.0663245400000001e+01
-1.8533021300000001e+01
-4.6529084500000000e+00
2.1358542400000001e+01
-5.8500077900000003e-01
1.8956086100000000e+01
-2.3538101199999999e+00
-2.5587371900000000e+00
-2.9586671000000000e+00
-5.2668563400000004e+00
2.4096589500000000e+01
-2.9664963600000000e+01
-1.2155659300000000e+01
-2.7050250699999999e+01
1.1590827200000000e+01
9.0063845899999997e+00
2.8979266899999999e+01
3.1603946100000000e+00
-5.9955890500000004e+00
-1.8072688800000002e+01
7.5120613699999996e+00
1.4001768100000000e+01
-7.4468711000000001e+00
-2.9407412200000000e+01
-4.8085316200000001e+00
1.5220177500000000e+01
1.7632306499999999e+01
2.5197432400000000e+01
2.0683290100000001e+01
-7.9348270500000000e+00
7.2480799100000004e+00
1.3876635900000000e+01
-1.8366409200000000e+01
2.4288740000000001e+01
4.1523449799999996e+00
7.9073957500000001e+00
-1.5935222700000001e+01
2.9269275299999999e+00
2.5895001199999999e+01
-9.8881541899999998e+00
9.3318633000000002e+00
-6.4857475899999999e+00
7.6388872900000004e+00
1.1944808300000000e+01
-6.1689627700000003e+00
-5.1822662800000003e+00
9.3127767800000001e+00
2.0255105900000000e+01
-7.7035180700000003e+00
-4.4848104900000001e+00
5.6798022899999996e+00
3.9443143300000001e+00
1.2992543800000000e+01
6.7868689000000004e-01
1.6584072700000000e+01
-6.3927144599999997e-01
-1.8845732900000002e+01
1.2038124300000000e+01
2.8962528100000000e+01
1.8398264999999999e+01
1.2214059300000001e+01
-9.0217684099999995e-01
-2.3123230700000001e+01
9.8913340299999994e+00
-8.0775664999999996e+00
-2.1597332600000001e+01
4.0063680200000000e+00
1.9380498899999999e+01
1.0436917899999999e+01
2.9966838299999999e+01
2.7698184399999999e+01
-2.6468270100000002e+01
-8.3813297400000000e+00
2.9107688199999999e+00
-1.4293825800000000e+01
5.8406908800000004e+00
-2.7043320200000000e+01
4.2634496600000000e+00
1.2051434000000000e+01
2.7737295499999998e+01
1.5031093900000000e+01
1.4399582700000000e+01
-4.0875968599999997e+00
8.0559573800000006e+00
1.8181580400000001e+01
-2.4967139599999999e+01
2.6727767300000000e+01
2.4956547600000000e+01
6.1192454200000004e+00
-1.4786365300000000e+01
2.2407048300000000e+01
8.0404260000000005e-01
1.3959038899999999e+01
-4.6664048300000003e+00
2.7682199900000001e+01
-2.5676445699999999e+01
3.2044780799999999e+00
-1.2480964699999999e+01
2.1477810800000000e+01
-9.8546916800000002e+00
1.0812231000000001e+01
-2.6793334699999999e+01
-8.6006677600000003e+00
-1.0172423799999999e-01
-3.9335677100000002e+00
3.7475050300000001e+00
6.9972678100000003e+00
-2.3199601099999999e+01
2.3895104400000001e+01
1.5273082499999999e+01
1.7467391700000000e+01
1.8897124099999999e+01
1.0200231900000000e+01
-1.7947415299999999e+01
-1.3614710300000000e+01
7.5740783199999999e+00
2.2111016900000000e+00
-2.6429756900000001e+01
-2.4662294400000000e+01
-1.3721509500000000e+01
-5.4556610499999998e+00
-1.5575129800000000e+00
2.4539360899999998e+01
5.7748282900000003e+00
-1.0262681900000000e+01
-1.3083344600000000e+00
5.8302467599999996e+00
-2.0313074700000001e+01
1.9768455100000001e+01
2.7367344400000000e+01
5.7328797099999997e+00
-2.8275107200000001e+01
1.8727069100000001e+01
6.6068145700000001e+00
1.2089556099999999e+01
-2.4468227800000001e+01
-4.5066515200000001e+00
-7.4654004900000004e+00
-2.0030755100000000e+01
1.9989087600000001e+01
2.0318382300000000e+01
-2.9031582500000002e+00
2.7396082900000000e+01
-2.1170805800000000e+01
2.2195975799999999e+01
1.6166184000000001e+01
-3.3503030599999999e+00
7.2372072599999999e+00
2.7101356800000001e+01
8.4005793299999993e+00
-1.5160342300000000e+01
-8.8378803099999992e+00
-1.8728371200000002e+01
-5.6133851300000004e-01
-5.4435402499999999e+00
-2.1884649700000001e+00
6.6566129900000002e+00
-2.5729892000000000e+01
-1.1143182700000001e+01
6.5030193100000000e+00
-1.9498789100000000e+01
7.2616460099999998e+00
-1.5242404000000001e+01
5.2414929099999998e+00
3.6320722999999999e-01
-2.1132645700000001e+00
2.4851358200000000e+00
2.6539594200000000e+01
-9.4944545999999992e+00
-5.8917394500000002e+00
-1.1538723900000001e+01
-5.3059224399999998e+00
-1.2843646100000001e+01
-6.3523433300000001e+00
1.8086913099999999e-01
1.3318790800000000e+01
-1.1627487300000000e+01
-2.3270177300000000e+01
-3.4026024000000001e+00
-1.9942468700000000e+00
-2.9119867500000002e+01
9.8431119599999999e+00
1.3443702500000001e+01
-1.3101983799999999e+01
-1.4290879300000000e+01
1.2508284300000000e+01
1.7031541399999998e+01
2.9169468400000000e+01
-1.5994376800000001e+00
2.4169130100000000e+01
-2.9364743299999998e+00
1.8271008500000001e+01
1.9731868599999999e+01
-2.0023793000000001e+01
-6.3656396800000001e+00
1.2454490600000001e+00
1.3087438300000001e+01
4.1513711300000002e+00
-2.3516295999999999e+00
-3.2815767999999998e+00
-2.4735323600000001e+01
-3.3910070900000000e+00
-8.0220092399999992e+00
-1.1847970900000000e+01
2.1110681799999998e+01
1.5568763300000001e+01
2.6985557100000001e+01
3.4763105400000001e+00
-2.9146018999999999e+01
5.7706250700000004e+00
1.8972342500000000e+01
2.8625541299999998e+01
-1.6685515200000001e+01
1.2221019999999999e+01
1.3236549200000001e+00
2.5973823400000001e+01
1.2801266600000000e+01
-1.6317665800000000e+01
-3.0214737199999999e+00
-1.9668018300000000e+01
2.8129208599999998e+01
-8.6570337300000002e+00
-2.7057190299999998e+01
1.5320314300000000e+01
2.3688765799999999e+01
-1.2831021000000000e+01
-1.4927967199999999e+01
2.5964171499999999e+01
-2.2141051900000001e+01
2.6449172500000000e+01
1.2111190400000000e+01
2.0860588100000001e+01
-1.7443701600000001e+01
-2.6944985500000000e+00
-2.5135576499999999e+01
2.1067344100000000e+01
3.7229205900000002e+00
-1.0842222200000000e+01
-7.5060443100000001e+00
2.2067741900000001e+01
-7.6694255900000003e+00
-2.5578596699999999e+01
-1.8009720300000001e+01
-2.7030403199999999e+01
4.0025867499999999e+00
-2.2684515000000001e+01
1.3267058100000000e+00
-2.2976390899999998e+01
1.6195108699999999e+01
-7.4966521999999998e+00
1.9403232200000001e+01
-2.7201831299999998e+01
5.8747957000000000e+00
2.6949023700000001e+01
-1.2672140799999999e+01
2.3329956599999999e+01
-2.3904871300000000e+01
-2.6081129600000001e+01
-1.5942016000000001e+01
2.5985905100000000e+01
-2.6212326200000000e+01
-1.4146940200000000e+01
2.9971900500000000e+01
-1.7280722200000000e+01
-9.5412086199999996e-02
-1.2570702300000001e+01
1.0365264700000001e+01
2.7479467199999998e+01
1.5993092100000000e+01
9.9674242599999996e+00
-2.2143310700000001e+01
-2.4275219000000000e+01
-2.9108139800000000e+01
-1.2708399300000000e+01
1.9003872800000000e+01
2.9129010600000001e+01
-2.8958238399999999e+01
1.9163575900000001e+01
7.2683223500000000e+00
3.6133224600000000e+00
-1.5358108000000000e+01
1.9320455299999999e+01
-1.4207284300000000e+01
1.5218072100000001e+01
9.5786879299999992e+00
-1.7156228599999999e+01
6.1270144999999996e+00
6.2962265999999998e+00
9.5700928899999997e+00
-1.8998182000000000e+01
8.1928143200000001e+00
-1.9781453400000000e+01
2.3760663499999999e+00
7.4036509500000003e+00
1.1153398400000000e+01
1.0640757199999999e+01
2.2609801500000000e+01
-2.9226569999999999e+01
-1.1375866400000000e+01
1.6744754799999999e+01
-1.1562234900000000e+01
2.5600698600000001e+01
1.0723192600000001e+01
-2.5540710399999998e+01
-2.5759848500000000e+01
-2.9284172000000002e+01
-1.6370777100000002e+01
9.7511981500000000e-01
-2.5077470800000001e+00
1.2192200300000000e+01
4.9490325000000004e+00
5.5236010899999999e-01
-2.5542623500000001e+01
-1.8405821199999998e+01
-7.2237520000000002e+00
-1.3413916800000001e+01
1.6252910199999999e+01
-1.1164200599999999e+01
8.2915931500000006e+00
2.9194011799999998e+01
1.7254821500000000e-01
2.6862202600000000e+01
1.9681550500000000e+01
2.5053432200000000e+01
-2.3215210299999999e+01
1.8727554399999999e+01
2.4495753799999999e+01
-2.0617432800000000e+01
-2.2672874000000000e+01
1.5759988200000000e+01
1.3308017100000001e+01
9.0983889999999992e+00
1.5241360000000000e+01
9.7897204700000007e+00
2.3009610100000000e+01
-1.3670553800000000e+01
-4.8340370699999999e+00
-1.7220380500000001e+01
-2.7864001999999999e+01
-2.5130177799999998e+01
2.1034006999999999e+01
-9.5877931600000004e+00
-2.0307013100000000e+00
2.4825794399999999e+01
-1.6285397600000000e+01
2.1722694000000001e+01
9.3971121400000008e+00
2.3470968100000000e+01
-7.1138890600000004e-01
2.9558738800000000e+01
-7.6004435700000004e+00
1.8826990699999999e+00
-1.9121020300000001e+01
1.1666011100000000e-01
-4.6683103600000004e+00
9.6256439700000005e+00
1.0419180700000000e+01
2.7439810999999999e+01
-1.8488055299999999e+01
-2.3327013699999998e+01
3.9032322499999998e+00
2.8149976299999999e+01
-2.8575367700000001e+01
2.2212949299999998e+01
-2.8387404400000001e+01
1.1717213000000000e+00
-1.8462514800000001e+01
1.2941342799999999e+01
-1.4959633100000000e+01
2.6031888899999998e+01
-2.1768641200000001e+01
1.2973403500000000e+00
2.3712101400000002e+01
2.6543235299999999e+01
-9.8949972800000001e+00
-3.7581705799999998e+00
-1.7306454499999999e+00
-2.1041379899999999e+01
-2.1848136300000000e+01
1.9498938100000001e+00
1.3547358600000001e+01
-6.0778169200000001e+00
-8.4948890400000003e+00
-1.2883235300000001e+01
2.2118114599999998e+01
7.5847604799999999e+00
-1.5529661500000000e+01
2.8684899200000000e+01
8.4300467999999995e+00
-1.6209081200000000e+01
1.0880109300000001e+01
9.9494045100000008e+00
-2.1916921599999998e+01
-2.8650402400000001e+01
-1.4268033000000001e+01
-2.3009090400000002e+01
-2.5840905700000000e+01
2.1175829900000000e+01
-1.9180159600000000e+01
-2.8054886100000001e+01
1.4035575400000001e+01
2.1910093599999998e+00
-1.3438220200000000e+01
-7.8925108100000001e+00
-2.9226821699999999e+01
2.3352365100000000e+01
2.1961236100000001e+01
-1.4745183900000001e+01
4.1688358000000001e+00
-2.0444110899999998e+01
5.6618649699999999e+00
-1.0133995100000000e+01
9.5167592400000007e+00
2.1818053100000000e+01
4.0573988300000003e+00
2.8828876500000000e+01
1.7509896099999999e+01
-2.0844382700000001e+01
1.9981634000000000e+01
-1.8488204100000001e+01
8.3391940699999996e+00
1.0140004800000000e+01
1.6325268000000001e+01
-7.2109350200000000e+00
-3.5048708799999999e+00
-1.0164003800000001e+00
6.4863393900000004e+00
-1.9440261499999998e+01
-2.9878466299999999e+01
1.7413440099999999e+01
8.1651010000000002e-01
-1.7206237399999999e+01
-2.3793012200000000e+01
-2.0559799999999999e+01
-5.5491011900000000e+00
-5.5345786800000001e+00
-2.6838438700000001e+01
2.6508908999999999e+01
-2.1001698999999999e+01
-6.9375572300000004e+00
-1.1336486499999999e+01
-1.9887933400000001e+01
2.3798888800000000e+01
-1.0636534100000000e+01
1.4039778999999999e+01
-5.3457490500000002e+00
-6.0123692599999998e+00
3.3133243800000001e-01
-1.9841648500000002e+01
1.4847294099999999e+00
8.4721598000000000e+00
-2.9028151000000001e+01
2.0211093300000002e+01
1.8207731299999999e+01
1.1867089800000000e+01
-2.2867331000000002e+00
-2.5043242899999999e+01
1.9243020500000000e+01
-1.8418798899999999e+01
-3.2787163100000001e+00
-2.9222530200000001e+01
-1.1475492200000000e+01
2.2521059000000001e+01
2.0115563900000001e+01
-1.0014296000000000e+01
2.2842319900000000e+01
-1.2187916599999999e+00
3.6490036699999999e+00
6.9545193300000001e+00
9.7139409000000008e+00
6.9979940999999997e+00
1.1108400000000000e+01
6.0918162300000001e-01
1.2837650699999999e+01
9.1247396800000002e-01
6.3519476499999996e+00
2.8002157799999999e+01
1.9327044099999998e+01
-1.0934959200000000e+01
5.2618063199999998e+00
-2.2187899699999999e+01
-1.4738744600000000e+01
1.8181853900000000e+01
1.0070753600000000e+01
-2.9182418800000001e+01
3.6947621800000001e+00
-2.7263437200000000e+00
2.4296953200000001e+01
-1.3070468900000000e+01
-2.6097938800000001e+01
-1.4044868800000001e+00
2.9022715099999999e+01
2.5340974899999999e+01
3.6717752899999998e+00
9.1394816199999998e+00
1.6360775799999999e+01
-2.3629452400000002e+01
-2.9935598100000000e+01
2.5058273700000000e+00
-2.9588532499999999e+01
-2.9197396699999998e+00
-1.8260276900000001e+01
1.7228587699999999e+01
7.1137574499999996e+00
-2.9068742600000000e+01
2.3451237899999999e+01
1.5702191500000000e+01
2.4422102500000001e+01
1.5514115900000000e+01
-7.1562037399999996e+00
-1.0133352800000001e+01
2.4470662000000001e-01
3.8741156399999999e+00
1.6031841400000001e+01
1.6792066800000001e+01
-9.5412690899999997e-01
1.8132793499999998e+01
-1.7392707800000000e+00
-1.7834466299999999e+01
4.7768935700000004e+00
9.9900155700000006e+00
1.0605917300000000e+01
2.6550674600000001e+01
1.6208912000000002e+01
1.4244258900000000e+01
2.1975736399999999e+01
2.9456899199999999e+01
2.3565591699999999e-01
7.7451330599999997e+00
1.7556619200000000e+01
-3.0810476900000001e+00
1.4614264500000000e+00
-1.9711606700000001e+01
-2.2160054899999999e+01
-1.6873132600000002e+01
-2.3671169800000001e+01
-2.1514448900000001e+01
-2.5819019299999999e+00
1.7287982700000001e+01
-1.3136161400000001e+01
-1.6512796200000000e+01
2.4532484000000000e+01
-2.9560269300000002e+01
5.3243600700000000e+00
2.5270722200000000e+00
9.2114388599999995e+00
-1.1193901400000000e+01
-1.6130470500000001e+01
-5.0361701300000004e+00
-1.2072072700000000e+01
1.0346183399999999e+01
2.6295448799999999e+01
-9.4111383800000006e+00
3.7777543200000001e+00
-2.2866686500000000e+01
-1.9858724400000000e+01
-1.3266275000000000e+01
3.4088794600000001e+00
-8.6465034600000001e-01
2.7133393600000002e+01
-1.6084749400000000e+01
-1.2804964000000001e+00
1.5913440400000001e+00
1.7563247600000000e+01
-1.8419540900000001e+01
2.4576026700000000e+01
2.5331783600000001e+01
-2.9204018099999999e+01
1.6052978000000000e+01
2.6840558300000001e+01
1.8798331500000000e+01
2.5429787600000001e+01
-1.8060164499999999e+01
1.0456298500000001e+01
2.5626185199999998e+01
-9.3710044400000001e+00
5.6695762700000003e+00
6.9292201999999996e+00
-2.9797555500000001e+01
2.8920754100000000e+01
2.3970785500000002e+01
1.1565440900000000e+01
-3.6207794099999999e+00
1.2061374799999999e+01
6.5828993300000000e+00
-1.2006860300000000e+01
2.1362231600000001e+01
-2.3275669799999999e+01
-1.2506375400000000e+01
-2.4153196300000001e+01
-6.1531218200000000e+00
-1.0001240900000001e+01
2.6654082800000001e+01
2.0313327200000000e+01
-1.4494355799999999e+01
-2.7426112499999999e+01
-2.9646912600000000e+01
4.4650780399999999e+00
1.4634117099999999e+01
1.8409846999999999e+01
8.2542386600000004e+00
-1.4923721199999999e+01
-2.1340772900000001e+01
9.0930679500000000e+00
2.6765215900000001e+01
1.8953207800000001e+01
2.5814823900000000e+01
-1.1403518399999999e+01
-1.3870973299999999e+01
2.1870620999999999e+00
-2.0203302200000000e+01
-1.7340718700000000e+01
-1.6991274600000001e+01
9.1073897699999993e+00
-2.6833428800000000e+01
-1.6242583199999999e+01
1.0045927700000000e+01
-1.1343979400000000e+01
-1.1602028300000001e+01
1.3240793000000000e+01
2.7264390599999999e+01
-2.2131696399999999e+01
-2.5903391500000001e+01
-2.2486363900000001e+01
-2.0030795099999999e+01
2.4685047900000001e+01
-2.1824383900000001e+01
7.0197252499999996e+00
-1.3861101200000000e+01
-1.6760158000000001e+01
1.2774061300000000e+01
2.9397865400000001e+00
2.6480905400000001e+01
-1.0208113300000001e+01
1.2269178100000000e+01
2.6605527599999999e+01
4.8956602499999997e+00
2.2809251100000001e+01
1.4976698700000000e+01
-7.2229594600000002e+00
1.3533676800000000e+01
-2.0232107800000001e+01
2.7372276800000002e+01
-1.8226270199999998e+01
1.6571550400000000e+01
6.7977429400000000e+00
-2.0263186099999999e+01
-2.8136756800000001e+01
-1.2682271099999999e+01
2.8263856700000002e+01
2.7029960500000001e+01
-1.6317131499999999e+01
2.7511565099999999e+01
1.0791495599999999e+01
-2.6701847500000000e+01
5.9904790500000002e+00
-6.4112403999999996e+00
-1.7078028900000000e+01
-1.9056022500000001e+01
-2.5394758499999998e+01
-2.9554578200000002e+01
1.7326979800000000e+01
-2.8932742200000000e+01
2.2676487900000001e+01
-8.8474938999999999e+00
1.3328386099999999e+01
2.8107050399999999e+01
-2.0659921000000001e+01
-2.0222667500000000e+01
-1.1196157899999999e+01
-2.8237107099999999e+01
-8.5424929800000005e+00
-2.8368576099999999e+01
1.7620021099999999e+01
2.9953845300000001e+01
-2.3385688500000001e+01
7.3560695200000001e+00
-2.2045689299999999e+01
-1.1398212700000000e+01
-2.1912738699999998e+01
-1.6600421200000000e+01
-6.2071927000000002e+00
-2.1891390300000001e+01
-1.5536478600000001e+01
2.5650969000000000e+01
-6.5339475599999997e+00
6.7576640799999999e-01
-2.4426233000000000e+01
-2.8698065100000001e+01
-2.0427910399999998e+01
2.0670956600000000e+01
2.2749208899999999e+01
-1.8780628400000001e+01
2.9478295100000000e+01
1.2721790499999999e+01
2.2281877000000001e+01
-1.2221289099999999e+00
-2.3970440700000001e-01
-1.2748088100000000e+01
-2.6343512900000000e+01
-1.4251937699999999e+01
-1.8824338999999998e+01
2.5025387200000001e+01
-2.2603278299999999e+01
-2.9193276999999998e+01
-7.8185568900000000e+00
1.1918466499999999e+01
2.3360832800000001e+01
5.6262311499999997e+00
-2.0598546200000001e+01
-1.0998634900000001e+01
-1.5996270900000001e+01
-2.9494676200000001e+01
-6.1857724899999997e+00
8.9920878399999999e+00
-2.4899963600000000e+01
1.6128570199999999e+01
2.8182102300000000e+01
1.2887833900000000e+01
1.6917710499999998e+01
-1.5746095100000000e+01
-1.8256154200000001e+01
-1.4207165099999999e+01
1.2827103899999999e+01
2.8655984400000001e+01
8.2273164500000000e+00
2.7554493099999999e+00
2.0883433499999999e+01
1.8125859500000001e+01
1.0098384599999999e+01
1.0258958000000000e+01
1.9238620900000001e+01
2.8228342500000000e+01
-7.8450026699999997e-01
1.9048112100000001e+01
8.4942700700000007e+00
-1.1619038400000001e+01
9.6559279300000007e+00
-8.5189731999999996e+00
2.6291965800000000e+01
-7.3998151400000001e-01
-2.4540578499999999e+01
1.0430047000000000e+01
8.9281913899999998e-01
-1.6705239200000001e+01
1.3500562300000000e+01
-2.5905203300000000e+01
2.7847456099999999e+01
-1.7540604699999999e+01
-2.0332906500000000e+01
8.2932829600000009e+00
-2.9986309599999998e+01
-9.8620234000000000e+00
-1.3494010700000000e+01
-2.7328348800000001e+01
-2.4366210100000000e+01
-5.4001560099999999e+00
1.9013539200000000e+01
2.2231024300000001e+01
-2.8646692800000000e+01
1.3630618999999999e+01
2.0880566900000002e+01
1.3716011500000000e+01
2.7305917999999998e+01
9.3810666400000002e+00
1.4538308000000001e+01
-9.3020391700000005e+00
2.3041316999999999e+01
-9.1653548100000002e+00
-2.6431399200000001e+01
1.3104875500000000e+01
2.7492857600000001e+01
