# CEC 2010 F11 rotation matrix (50x50)
-3.3715172199999997e-02 -1.8564576499999999e-02 -2.4083145900000000e-01 -9.8657493499999999e-02 1.5600947900000001e-01 2.3893516100000001e-01 9.5967093899999995e-03 3.1683845799999999e-01 2.7959269400000000e-02 -1.0514407000000001e-01 4.1838867100000003e-02 2.9381769699999999e-01 1.1602821000000001e-01 -4.7758677399999998e-02 -2.1034344099999999e-01 -1.5665426999999999e-02 -7.1158173500000005e-02 4.5713700500000003e-02 1.3556502600000001e-01 2.5635741299999998e-01 -1.1882737400000000e-01 -8.6704111299999997e-02 -1.9586755500000000e-01 1.6398720300000000e-01 -1.3201015799999999e-01 -1.5396146799999999e-01 9.8910544300000000e-02 -4.4598916500000002e-02 -1.1688486200000001e-01 1.6375008600000001e-02 2.1672583200000001e-01 1.7302302700000000e-01 1.3007369899999999e-01 -1.3455564800000000e-01 3.8423699899999997e-02 3.0881761500000000e-02 -7.7054552199999999e-03 -1.8886132500000000e-01 -1.0673794200000000e-01 1.2570880400000001e-01 -3.6423615100000001e-02 1.2890655800000000e-01 -4.4760575100000000e-03 -2.5691364200000000e-01 1.9585504400000001e-01 1.0911920800000000e-01 6.6414097899999996e-02 -1.5149696300000001e-01 -3.8966312800000000e-02 -5.7889015000000002e-02
-1.9225383099999999e-01 -1.0506354900000001e-01 -1.6632886699999999e-01 -3.1474421100000000e-01 -9.3731031000000006e-02 4.6529762199999998e-02 9.3333230200000006e-02 6.7389428299999998e-02 -1.3687583499999999e-02 -4.0112394300000000e-02 -1.2688961900000001e-01 -1.1752722400000000e-01 6.5374225600000002e-02 6.7929291700000005e-02 6.4132845300000005e-02 1.1071560000000000e-01 -1.1380284100000000e-01 2.2016760600000001e-02 2.6995977500000001e-01 -9.3229654699999998e-02 -1.1345141200000000e-01 1.6245932099999999e-01 8.8195509100000000e-02 5.5615661900000002e-02 8.9659694999999998e-02 1.6602779300000001e-01 -2.6974792800000003e-01 -8.8495231399999992e-03 2.3440074699999999e-01 2.3677671000000001e-02 -1.0067066099999999e-01 -9.7257738799999993e-02 2.6593416399999997e-01 1.3036944500000000e-01 -1.8860009699999999e-01 1.1210559000000000e-01 2.2364653900000001e-01 1.4893692100000000e-01 1.1713844399999999e-01 9.6106557800000006e-02 -8.9447091500000006e-02 2.1254649400000000e-01 -8.3380623599999995e-02 -1.1878074299999999e-02 2.1037234099999999e-01 2.4148507000000000e-02 -1.8521496400000001e-01 -1.5575509200000001e-01 1.4045435500000000e-01 3.1600242000000001e-02
-1.2229368500000000e-01 2.1315353400000001e-01 -6.8652336999999994e-02 -2.2495598000000000e-01 -5.9016240900000003e-02 -2.9502827100000001e-01 -1.4938521499999999e-01 4.6559660300000000e-03 -1.0450440300000000e-01 -8.0642129199999996e-02 -1.7643895800000000e-02 -2.6567866300000000e-02 -6.0503897400000003e-03 9.4779947700000006e-02 8.1447378400000006e-02 3.4774003599999999e-02 4.2379536099999998e-01 -1.1336394499999999e-01 1.7348138799999999e-01 6.1223952399999997e-02 -1.2767716100000001e-01 -5.2531288900000001e-02 6.3706602900000006e-02 -4.0376389499999998e-02 -1.2076202500000000e-01 -5.2760714300000002e-03 7.4946219600000002e-02 -1.1425076500000000e-01 -2.5065160999999999e-02 -2.2061039399999999e-01 -1.4535503000000000e-01 1.5875524199999999e-01 6.4786144500000004e-02 1.3870790500000001e-02 1.3646344099999999e-01 1.6799317699999999e-01 -1.9906872900000000e-01 -1.2931487799999999e-01 -3.9647605299999999e-03 -2.4827451700000000e-01 2.9415202400000000e-02 -1.0457606799999999e-01 2.7862326999999998e-01 -3.8676160000000001e-02 1.5919886100000000e-01 -5.0938814200000002e-02 1.8644944199999999e-02 -1.1996996500000000e-01 2.1020056800000000e-01 9.5577234999999997e-02
1.1463750700000000e-01 1.0253200699999999e-01 -2.0158589500000001e-02 -1.3689941999999999e-01 -1.0383870400000000e-01 -2.3227411800000000e-02 7.7704743100000001e-02 9.8607268099999996e-03 -1.0245314000000000e-02 1.2514213900000001e-01 1.0555755200000000e-04 -5.4116873099999997e-02 5.7767973800000004e-03 4.6265803600000002e-03 -1.1962110800000000e-01 -1.3653886100000001e-01 4.2370641600000002e-02 1.1501093799999999e-01 -1.0883387700000000e-02 -2.0649520699999998e-03 -2.8684442099999999e-02 -6.5909707499999998e-02 1.3225228999999999e-01 1.3002365799999999e-01 4.7015553999999998e-01 1.8018717800000000e-01 2.6518470700000002e-01 2.7161093500000000e-01 4.0821491299999998e-02 -1.2497748200000000e-01 1.2991146200000001e-01 -1.2477423999999999e-01 6.9519785299999998e-02 -1.2942391200000000e-01 2.2047729999999999e-01 7.3440721700000003e-02 -1.4804762200000000e-02 -9.7397643699999994e-02 7.3252960300000003e-02 -1.8763477800000000e-01 4.3700417900000003e-02 2.2412050200000000e-01 -8.6084774700000005e-02 1.1807516699999999e-02 3.0383968000000000e-01 -6.5200801000000000e-04 6.8491197599999998e-02 2.4905199100000000e-01 -1.8807872300000000e-01 7.7613299900000002e-02
-2.4008159400000000e-02 -2.2079847100000000e-01 -9.6896841600000005e-02 1.3010322099999999e-01 -3.3372203300000000e-02 -1.7697897900000001e-01 -8.7757513299999996e-03 2.1481375699999999e-01 -2.1002499499999999e-01 -1.5979483100000000e-01 -2.6782556100000000e-02 -7.7608973700000000e-02 -1.0618047000000000e-01 -1.0758368800000000e-01 -6.5219742100000005e-02 1.6663528100000000e-01 1.2397247900000000e-01 4.9270547599999999e-02 3.9656019199999998e-01 -6.7771183700000001e-02 1.0455344900000000e-02 -5.5357776999999997e-02 -8.5253662100000002e-02 -2.0257095300000000e-01 -5.5326597999999998e-02 -1.0728191400000001e-01 -2.1450184899999999e-02 1.9161680900000000e-01 1.8321423700000000e-01 1.0653952899999999e-01 2.6301870500000001e-02 -2.1272781299999999e-01 -3.2293552599999997e-01 -1.1184010300000000e-01 -1.3873994200000000e-02 -3.3463977900000003e-01 -9.5629358100000006e-02 -5.2138038900000003e-02 1.3715755199999999e-01 -1.0738546900000000e-01 1.1637135600000000e-01 5.6074607600000000e-02 -1.2490950700000000e-01 -1.2241945000000000e-01 5.0845928899999997e-02 6.1501499799999998e-02 7.4740152000000004e-02 1.6459470600000001e-02 -2.1668455100000001e-02 9.7763280399999999e-02
-2.0521478300000001e-01 3.0263284500000001e-02 3.4278388999999999e-02 9.2846344499999997e-02 7.1233353700000002e-02 2.3849611600000001e-02 1.1134221499999999e-01 2.1137557700000001e-01 -1.4584525500000001e-01 1.5434854700000000e-01 9.0830008800000001e-02 -1.9315560400000001e-02 -4.9950284099999999e-02 -3.7676397200000003e-02 -1.4031830400000000e-01 -6.7169780999999998e-02 -9.2611063600000001e-04 -1.7149134400000000e-03 1.1179389800000000e-01 7.1352243100000004e-02 1.0860185300000000e-01 1.3698308400000000e-01 -2.5058762000000001e-01 -4.1222960400000001e-02 1.0582062100000000e-01 2.5686263900000000e-01 -2.2980207100000000e-02 7.5727931400000004e-02 -2.6675536900000001e-02 3.6959634099999999e-02 -6.9104995000000002e-02 -1.0525162400000000e-02 2.8111016500000002e-01 9.1586905400000002e-02 6.6470694400000002e-02 5.4321465600000000e-02 1.2140325700000000e-01 2.6811721399999999e-01 4.5495088800000000e-02 -2.6362533999999999e-01 8.5907201799999999e-02 -3.7301196700000000e-01 3.5722213400000001e-02 -2.5021733200000001e-01 -1.4398199000000000e-01 -1.3352115300000000e-01 2.7446432100000001e-01 -3.7954153599999998e-02 -8.8392570399999995e-02 -1.1425759000000001e-01
4.4509473899999999e-02 -1.8425317099999999e-01 3.1002088199999999e-03 4.9848229500000001e-02 1.5956710399999999e-01 6.1067316199999999e-02 -2.4621193100000001e-02 2.0619905400000001e-03 6.1837100600000000e-02 8.0976127699999997e-02 -1.9397483800000000e-02 6.8108289599999997e-02 -1.7012970499999999e-01 2.5950893500000000e-01 -5.5066440000000001e-02 1.5415369400000001e-01 8.1337551499999994e-02 4.3666978799999999e-02 4.6285121399999999e-03 -9.1934847200000003e-02 -3.4171697800000000e-01 2.6522554799999998e-01 1.1179146900000001e-02 5.7050625299999998e-02 5.2119678799999999e-02 1.6545821799999999e-01 5.2439349500000003e-02 -1.8242843700000001e-02 6.1191398100000002e-02 -3.0417668199999998e-01 5.7731365500000000e-02 3.2706774000000000e-01 -1.4356984800000000e-01 -1.2998261699999999e-01 -3.3029918699999999e-03 -1.5645748200000001e-01 5.7916326800000001e-02 2.2945769999999999e-01 -3.6607190200000001e-03 1.2414978200000000e-01 9.8485179699999998e-03 -8.4671210699999999e-02 -1.3202783399999999e-02 4.9766610900000001e-02 2.3289047100000002e-02 2.4616805899999999e-01 2.1716677600000001e-01 2.2252109700000000e-01 2.1183498400000000e-01 3.7371543100000000e-03
-4.8707963700000002e-02 1.3000918100000000e-01 -1.7339000500000001e-01 -1.4931463900000000e-01 2.4019139800000000e-01 1.9319663300000001e-01 -6.4114753799999993e-02 4.3285728500000002e-03 -1.1245850300000000e-01 1.1650192900000000e-01 2.4003874100000000e-01 -3.6245540300000001e-01 1.2900646199999999e-01 8.5014333999999993e-03 8.2942336500000005e-02 2.5342625399999999e-02 7.3176278200000000e-02 6.0249687899999998e-03 -1.3106088400000000e-02 2.2318306800000001e-03 2.1071540699999999e-02 -1.5283088199999999e-02 -3.7837637899999998e-02 -7.6821263900000006e-02 -9.5176510500000006e-02 -2.8040135399999999e-01 -1.1465821100000000e-01 2.2972920399999999e-01 4.2683572200000004e-03 -2.2223156099999999e-01 2.6791868200000002e-01 -1.0873282600000000e-01 -2.0018294900000000e-01 5.5943717099999998e-02 -1.1529994200000000e-01 1.7660318500000000e-01 1.6949160699999999e-01 6.8081461100000004e-02 3.7776352700000002e-02 5.2960064600000002e-02 1.4814767300000001e-01 -1.6500131500000001e-01 1.0275889500000000e-01 1.7549176300000000e-01 1.5000312700000001e-01 -3.5640648700000000e-03 2.2138167699999999e-02 6.9788014900000001e-02 -8.2861036700000001e-02 -1.9755699600000001e-01
-4.5619765999999999e-02 9.6212943600000003e-02 -1.1996373400000000e-01 -1.5335151999999999e-01 2.8298787100000000e-01 -2.0705276300000000e-01 -2.2696521300000000e-01 -1.9678654600000001e-01 -8.3656542200000003e-02 1.4565395800000000e-01 -2.0079381499999999e-01 1.3191688500000001e-01 7.8875130399999993e-02 3.3317605200000003e-02 -5.9792447300000003e-02 -8.1309384999999998e-02 -1.3915538200000000e-03 2.8551704700000002e-01 -1.0398002100000001e-01 -3.4759713300000002e-02 -1.3363999300000000e-02 2.0992343600000001e-02 -1.2806967000000000e-01 -1.0110048800000000e-01 1.7636642799999999e-01 1.0143906599999999e-01 -1.3348951200000000e-01 -1.2302512700000000e-01 -7.6591205999999995e-02 2.0975028700000001e-01 6.2351747800000003e-02 -1.0443043200000000e-02 -2.6295823900000001e-02 -7.0864620700000006e-02 6.1824959399999997e-02 -3.5206486500000000e-01 2.6378760899999998e-01 -1.1968026100000000e-01 -1.7721009300000000e-02 -1.0992535600000000e-01 2.0815317600000000e-01 -5.7202415699999999e-04 1.8167845099999999e-01 3.0241543100000001e-02 2.6740671800000001e-02 9.8528463900000002e-02 -1.8209612400000000e-01 -9.4211263200000006e-02 3.1101856300000001e-02 -1.5701682000000000e-01
5.4426396500000002e-02 -1.0442912800000001e-02 8.9332893699999999e-02 -1.7666336299999998e-02 -4.0707292400000003e-03 -9.9035840799999997e-02 -1.2256057700000000e-01 -5.2221087100000002e-03 -6.8740756299999997e-02 -2.5005783300000001e-02 -1.9349943000000000e-01 1.5824080099999999e-01 1.1598939000000000e-01 -3.2273270199999998e-01 6.9505531499999995e-02 1.7745424300000001e-01 1.0578549800000001e-01 -1.1329643200000000e-01 -2.6365801500000001e-02 -1.7505357599999999e-01 1.4229760000000000e-01 -1.5656575500000000e-01 -4.1239984499999999e-01 -1.0569449700000000e-01 4.1709629800000002e-02 1.8724015999999999e-01 -1.2368007100000000e-01 7.4733335200000001e-02 -9.0783438999999994e-02 -2.3162479899999999e-01 2.7763535600000000e-01 -2.0179760099999999e-02 -5.6262601500000004e-03 5.6518323900000000e-02 3.0195998200000001e-02 1.5945377599999999e-01 6.7624503599999997e-02 2.0987220200000001e-01 -2.5228635199999999e-01 8.0303640800000006e-02 -7.4355617999999998e-02 2.3526136900000000e-01 2.1045139700000000e-02 1.7705214200000000e-02 -2.8124371600000000e-02 -5.0187780299999998e-02 3.0978388200000002e-02 9.7385853600000002e-02 1.2211648899999999e-01 1.5807630400000000e-01
1.6031235899999999e-01 -1.0037214300000000e-01 2.0519717900000001e-01 -1.9134908100000000e-01 -1.8150262000000000e-01 1.3249929299999999e-01 -1.1583055800000000e-01 7.0918971499999997e-02 -2.4098396200000000e-01 3.2529056400000000e-03 3.6796793200000000e-01 1.4616800500000001e-02 -4.9316170899999998e-02 -6.1695556300000003e-02 2.7487958100000001e-02 -5.0891213200000000e-02 -1.7247533500000001e-01 8.3563313700000003e-02 1.2016250900000000e-01 -1.6487267000000000e-01 3.9709869199999999e-03 -1.2676549400000001e-01 1.5341962500000000e-01 5.0010810900000001e-02 -9.6051633999999997e-02 2.4195077400000001e-02 2.2319448500000000e-01 -2.0568006699999999e-02 -1.2859533300000001e-01 1.0069534400000001e-01 1.6223964900000001e-01 -7.6159437199999999e-02 1.2903366599999999e-01 9.5434626400000000e-02 -3.9072328800000000e-02 -1.9325268300000001e-01 1.1374521700000000e-01 5.1753123599999999e-02 -2.6571604600000000e-02 -4.0875294499999999e-02 -1.9059749700000000e-02 -2.3071973799999999e-02 2.9074514899999998e-01 -1.1427735200000000e-01 -3.3215631099999997e-02 9.1561923199999992e-03 -9.9294603499999995e-02 1.7963604100000000e-01 3.8666755800000002e-01 -3.7144506000000000e-03
-1.6043930800000000e-01 -2.9250979000000000e-02 -1.0251780100000001e-01 -1.0144960400000000e-01 5.9647676800000000e-02 1.5215855500000000e-02 -3.4878426499999997e-02 2.9082726699999999e-02 -3.2447846699999999e-01 -1.3935268700000000e-01 1.0922325100000000e-02 5.5906991199999999e-02 1.3087238300000001e-01 -2.2309799100000000e-01 -5.7563947800000001e-03 -3.3796376800000000e-01 5.2182945699999997e-02 -3.0386592099999998e-01 -2.2621790300000000e-01 -7.1668878100000000e-02 -1.0269660600000000e-01 1.5457080700000000e-01 5.5778902900000003e-02 4.4455728999999999e-03 -1.2361851600000000e-01 6.9875634199999995e-02 5.2987180799999999e-02 -1.9709995699999999e-01 2.2157904600000000e-01 -2.1348402299999999e-01 6.7445551300000003e-02 -1.6277617999999999e-01 2.0919079500000001e-01 2.1105453900000001e-02 2.7422945800000001e-02 -3.1355609200000001e-01 -1.0160219600000001e-01 -4.7324403299999998e-02 7.9526988800000004e-02 1.1252059500000000e-01 -4.0370460300000001e-02 -5.0339034100000003e-03 -5.8201398699999997e-02 1.5209014000000001e-01 -6.6716123099999997e-02 7.2297838500000003e-02 8.6925194900000002e-02 9.7401372099999994e-02 -1.7497259000000001e-01 2.8922257400000002e-02
1.9398298700000000e-01 5.4222709500000001e-02 5.6461837399999999e-02 -2.3630660099999999e-02 2.8788980499999998e-02 -3.3260610300000000e-02 -3.6483898199999998e-01 1.3303733600000001e-01 -2.0466163999999999e-03 -6.0152583500000002e-02 1.4209118700000000e-02 -1.3232766700000001e-01 1.5922590700000000e-01 2.5896509200000001e-01 1.8863628599999999e-01 3.4443352900000002e-02 5.1631164299999997e-02 -4.8101609800000000e-02 -9.1964233899999998e-02 1.2767226300000001e-01 -2.2089905600000001e-01 -1.8192813999999999e-01 3.1875426999999998e-02 2.4640972799999999e-01 -3.9745123200000003e-02 1.6755133200000000e-01 -1.6483676700000000e-01 9.8416547399999998e-02 1.3865778600000001e-01 4.1422428300000001e-02 -1.2754931100000000e-01 -2.0533869399999999e-01 1.9471517500000000e-02 -1.0026640300000000e-01 -9.5260462000000004e-02 -4.7569198399999998e-02 1.8832305599999999e-01 -1.1466015900000000e-01 -2.2024132499999999e-01 1.0166508500000000e-01 6.5701680900000003e-02 -2.6232483399999999e-02 -5.4019847400000001e-02 -2.6241753899999998e-01 -1.7896386100000000e-01 -1.3569557500000001e-01 1.9623621799999999e-01 6.1441289000000003e-02 -1.1411014899999999e-01 1.4633986600000001e-01
2.3875061400000000e-01 5.1864341699999997e-02 1.0280785200000001e-01 -1.6199719700000001e-01 1.3905334000000000e-01 -2.9903511900000001e-03 -7.9158320200000007e-02 -1.7832284500000000e-02 -5.7063472800000001e-02 1.0515652700000000e-01 -1.3572009300000001e-01 -6.0446867100000003e-02 -2.7881521100000001e-01 1.1292963200000000e-01 6.1014980800000000e-02 -2.9940839600000002e-01 5.7010650000000003e-02 2.3552355199999999e-03 -6.5137395400000006e-02 6.3175786100000006e-02 3.4602300300000000e-01 2.1150186600000001e-01 -9.7158523400000002e-02 9.6373398400000004e-02 -1.3092002200000000e-01 5.4509785599999999e-02 7.0810693899999999e-02 1.0079111500000000e-01 -2.2230617099999999e-02 -8.9398289000000006e-02 4.7811384600000000e-02 -9.9171004199999996e-02 3.0644453199999999e-03 -1.5064979000000001e-01 -3.1610507399999999e-01 -6.7096059099999994e-02 -2.6459520199999997e-01 1.3282098600000000e-01 -3.1811846800000002e-02 3.8162233400000002e-02 5.1372904800000001e-02 3.2584807700000003e-02 -1.8154656000000000e-01 -1.7978234200000001e-01 1.9067117800000000e-01 -2.8332110899999999e-02 -4.9134646300000001e-02 -2.3394611300000001e-01 1.6175902200000000e-01 6.7454696900000003e-03
-2.5388964400000003e-01 1.5959287700000001e-02 1.0509598600000000e-02 -6.2983192600000001e-02 -8.9024335100000004e-02 4.3311335600000000e-02 -3.2355703600000001e-02 3.5847500800000001e-02 1.2758610500000001e-01 1.1168359999999999e-01 -7.0859087099999996e-02 -2.4216260100000001e-01 -1.4177687999999999e-01 -2.6505389000000001e-01 -3.4728676500000001e-03 -5.9489395999999996e-03 6.6931262299999997e-03 -6.3459606700000004e-02 -2.6607960200000003e-01 1.6779200799999999e-01 -1.0889859600000000e-01 5.4850207800000002e-02 -1.0181534100000000e-01 3.8950822300000000e-02 -3.8583188300000001e-02 2.5989882799999999e-02 1.0003652600000000e-01 8.4094136400000005e-02 2.6523435099999999e-02 4.2382080400000001e-02 -1.4745727200000000e-01 1.4055091500000000e-02 -2.6038222799999999e-01 -3.0365643099999999e-02 -1.9488279600000000e-01 -1.0980241600000000e-01 9.8771428199999997e-02 2.6145493499999999e-02 -2.8167727100000001e-02 -1.8231974900000000e-01 -4.2109225099999997e-01 1.7469809900000000e-01 3.1579380499999998e-01 -2.4092636500000000e-01 4.5977019199999997e-02 1.4749600099999999e-01 -1.2854082700000000e-02 5.9632758500000001e-02 -6.6558388999999996e-02 -4.4029901000000003e-02
-3.2923343200000001e-03 2.3598186800000000e-02 1.4530914000000000e-01 2.1318505300000001e-01 1.7058366000000000e-01 1.7469280000000001e-01 -1.8235351399999999e-01 6.4173899300000004e-02 5.5248963499999998e-02 -3.5505866400000002e-01 -4.1815220899999998e-02 1.0663278900000001e-03 -2.7383068699999999e-02 6.5857990500000005e-02 -1.1577991999999999e-01 -2.3678517300000000e-02 3.0879426399999998e-01 2.6584910800000000e-02 -3.6652597500000002e-03 1.3431751000000000e-01 3.6197339900000000e-02 2.1611381100000000e-02 1.5088043200000001e-01 -2.5682837300000000e-01 1.0768369100000000e-01 -1.1133551899999999e-01 1.3773631200000000e-01 2.4874001200000001e-01 -9.3021431400000000e-03 -1.1881702000000000e-01 -1.2907563400000001e-02 6.1438931099999997e-02 2.8380153400000002e-01 -7.3621490499999998e-02 -7.0650765399999996e-02 -1.1993871500000000e-01 2.7524377200000000e-01 7.3358900300000002e-02 2.3260992000000001e-02 -8.9666289100000005e-02 -1.9923704300000000e-01 1.1212651799999999e-01 -5.3205730700000002e-02 1.0577415000000000e-01 -1.0579462100000001e-01 -1.4989663200000000e-01 -2.2491697799999999e-01 -7.0717047199999994e-02 5.7035101599999999e-02 -6.7163298299999993e-02
-1.3415512099999999e-01 -1.4778675699999999e-01 -1.3357579400000000e-01 -1.3075090200000000e-02 -4.5023235000000002e-02 2.4554990199999999e-01 -3.4132711300000000e-02 -1.3015050200000000e-01 -4.9224098600000002e-02 1.6938407500000000e-01 3.2154837200000001e-02 3.2183100600000000e-02 4.2845089699999998e-03 1.5683511200000000e-01 9.3579018000000000e-02 2.2485044000000001e-01 1.6353345000000000e-01 5.4043522900000000e-03 -9.9483818200000004e-02 8.7549433400000001e-02 8.1756138600000000e-02 2.0735882200000000e-01 9.1910345599999999e-02 -1.3588319800000001e-01 -6.6674368499999997e-02 -5.7835011200000001e-02 8.0554969800000001e-03 1.8572436000000001e-02 -1.0022771599999999e-01 2.7851831800000001e-02 -2.1107906100000001e-02 -4.0420239899999999e-01 1.1340433000000000e-01 4.0860201600000003e-03 3.2908479000000002e-01 4.1978956200000000e-02 -1.2279694900000000e-01 -1.2195626300000000e-02 -3.5047119500000001e-01 -1.3735383300000001e-01 -2.6698826100000000e-02 8.5817985700000002e-02 -1.4202302700000000e-01 -1.1345528800000000e-01 -1.0243900800000000e-01 3.0983673600000000e-01 -3.9136604399999997e-02 3.1573098400000002e-03 9.8460408499999999e-02 -4.6091516899999997e-02
-1.4872666000000001e-01 2.5439145699999999e-02 -6.0727446300000001e-02 -1.7130772599999999e-01 -1.5950414600000001e-01 6.4302769800000006e-02 6.8609935299999994e-02 -4.9001807500000001e-02 -2.8797133999999999e-02 -4.9564481799999997e-02 -1.2982211699999999e-01 8.7613387599999995e-02 2.4798120600000001e-01 2.8874994500000001e-02 8.6531935000000004e-02 -2.3410954200000000e-01 4.1438551099999998e-02 1.4069903200000000e-01 -1.0116639800000000e-02 2.4949976800000001e-01 -8.7326935300000005e-02 -2.2875007300000000e-01 -1.2403763900000001e-01 -2.3245143500000001e-01 -5.9944238699999999e-02 9.6933301099999994e-02 9.6673763100000004e-02 9.2736679200000009e-03 -1.2524260600000001e-01 8.8200479799999995e-02 -1.1302717900000001e-01 -1.8705000400000001e-02 -1.2933662200000001e-01 -1.2730063300000000e-01 -1.7250866100000001e-01 7.4945062699999995e-02 2.6428132900000002e-02 5.8705677200000000e-02 8.4144316199999999e-02 -6.4567866400000000e-03 -8.0570092699999998e-02 -2.6036723699999997e-01 -3.8039697300000003e-01 5.5505255699999999e-02 5.5864181800000003e-03 6.4200179299999993e-02 -3.1140432900000001e-02 3.2815480899999999e-01 2.6148723400000001e-01 9.5285431799999997e-04
-1.8315757499999999e-01 -8.7193682100000003e-02 -2.1991305899999999e-01 2.8909936200000003e-01 2.6495150100000000e-02 4.2410893800000002e-02 -1.3682916000000001e-01 -4.4378006400000003e-02 -8.1873556700000003e-02 1.1091011000000001e-01 -1.7220635200000001e-01 -2.9801237100000000e-01 2.1270511000000000e-01 -7.8171460900000003e-02 -2.8768342200000002e-02 1.7138988100000000e-03 -1.8070514500000001e-01 5.9768349599999999e-02 -1.4730881100000001e-01 -2.9244117900000000e-01 7.4079118799999996e-02 -2.1324735900000000e-01 1.4073465399999999e-01 8.5015548400000002e-02 -1.4984477199999999e-01 -1.1490593299999999e-02 4.3598123099999997e-02 1.1662963300000000e-01 -1.8385700699999999e-01 -1.0215887400000000e-01 -1.6512724900000000e-01 1.4671494700000001e-01 1.7944342199999999e-01 -2.7073200800000002e-01 9.0201873299999999e-02 -2.5449347000000001e-02 -7.4820887899999994e-02 4.9393060900000001e-02 1.4778700100000000e-01 -4.1409369799999998e-05 9.9316340200000006e-02 1.2045816900000000e-01 -3.9022669400000001e-02 -1.1679177800000000e-01 5.1160600000000001e-02 -5.3306522199999998e-02 1.1876176200000001e-01 -8.2378526899999999e-02 2.2658407500000000e-01 -1.0570412899999999e-02
-1.5749973700000000e-01 9.7499500499999992e-03 1.9420712500000001e-01 3.5453032500000002e-02 1.8994046000000001e-01 1.3068861700000000e-02 1.4886068099999999e-01 -6.8403375200000005e-02 -5.7990418199999998e-02 2.8924373700000000e-01 2.3012400999999999e-01 2.9002998000000001e-03 -1.8614976300000000e-01 -1.5765299799999999e-01 -5.3175432500000000e-03 -9.7693128700000006e-02 5.8728932099999999e-02 1.3429451100000001e-01 -3.9401029499999997e-02 -7.8860953999999997e-02 -1.9546771600000001e-01 -8.7281675800000000e-02 -1.2204252800000000e-01 1.9550703799999999e-02 4.3254265600000001e-02 -1.2488131299999999e-01 1.9862756900000000e-02 -9.0627185200000002e-02 1.3962594300000000e-01 -2.2208307099999999e-01 -4.4374525599999999e-02 -5.5453608000000001e-02 -4.7650131100000000e-02 -1.5647060300000001e-02 4.4342818200000002e-02 1.0125421699999999e-01 2.2604413600000001e-01 -3.1298061300000002e-01 6.2603856799999996e-02 2.3793181000000001e-03 -3.7513768900000002e-03 5.0519608799999997e-02 -2.8422383899999998e-01 -1.1713943400000000e-01 -1.6071804500000000e-01 -6.8244370299999996e-02 -9.5589824300000001e-02 -2.0645846900000001e-01 2.1303621100000000e-01 2.8506150600000002e-01
1.3359983700000000e-01 2.6546271100000001e-02 6.2326565399999999e-02 -1.4668858999999999e-02 2.6807539500000001e-02 -8.2715506999999994e-02 -1.0705522700000000e-01 -9.8114013400000005e-02 -2.2608678600000001e-01 2.0747057199999999e-01 -2.3471037100000000e-01 -1.1051054100000000e-01 7.3160444199999999e-03 1.1822564000000001e-01 -3.9186760300000001e-01 1.8942060999999999e-01 1.2240403399999999e-01 9.3648642300000005e-03 -2.3657842100000000e-02 1.9975680600000001e-01 1.3484192100000000e-02 -6.0456843099999998e-02 4.3686739000000002e-02 -4.0696087600000000e-02 -1.6668038900000001e-01 -3.6348654500000001e-02 2.5226127900000000e-01 -2.0698844100000000e-01 2.3722070300000002e-03 9.5862275100000005e-02 5.6730126700000001e-02 -1.0097266800000000e-01 1.2118281400000000e-02 3.1497565799999999e-01 -3.5165755100000001e-02 1.4192266900000000e-01 1.1392349200000000e-01 4.7523323399999998e-02 3.0712482299999999e-01 1.8231442400000000e-01 -4.6936673800000002e-02 2.0536446400000000e-01 -5.8937701299999999e-02 -4.2201260900000002e-02 -7.7257024999999993e-02 -4.5789059800000002e-04 1.9693478300000000e-01 4.5328805399999998e-02 -4.7770091200000000e-03 -5.1396093699999999e-02
-2.2488079799999999e-01 -7.9601225600000006e-02 1.6956706099999999e-01 -9.9635669699999999e-02 -9.1443389200000003e-02 2.7521324000000000e-02 -9.1343800000000003e-02 -1.6867617600000001e-01 6.5619936200000006e-02 -1.6678217800000000e-01 3.5106982600000003e-02 1.5750744500000000e-02 5.7719954499999997e-02 9.4801415499999996e-03 2.7052815800000002e-01 -1.3755616999999999e-02 2.4940067100000001e-02 -1.6780123100000000e-01 -1.3773746900000000e-01 7.3384799200000003e-02 -1.0818075300000000e-01 1.7856066500000001e-01 -6.4257858200000004e-02 -7.3299722200000000e-02 4.6725769200000003e-02 3.7960230800000000e-03 1.9764486100000001e-01 1.3567297400000000e-01 7.1843397399999995e-02 2.0924309599999999e-01 2.1872294800000000e-01 1.1964089900000000e-01 -1.2784031100000001e-01 -2.7049601499999999e-02 2.8091473900000002e-01 7.1696140899999997e-02 1.8037890700000000e-02 1.3139044899999999e-01 2.7742246100000001e-01 2.1175410500000000e-01 2.9589641400000000e-01 8.0342760999999999e-02 -1.3259544500000000e-02 -3.0841365500000001e-01 -1.7950006800000000e-03 -1.4516264500000001e-01 -6.4081157499999999e-02 -1.1752063500000000e-01 1.3729780600000000e-02 -4.5837730399999999e-02
1.0898591799999999e-02 8.2243227099999996e-02 1.3678724300000000e-03 1.2199624100000001e-02 1.7489978400000000e-01 1.4660089800000001e-01 1.9115208200000000e-01 -5.9055871699999998e-02 -1.9814709400000000e-01 -9.7025167300000006e-02 5.8258013900000002e-02 2.2730420600000001e-01 3.2357065300000001e-02 5.4953330500000001e-02 -1.6303464800000000e-01 -1.7233539400000000e-01 5.3981550900000001e-02 1.4783031299999999e-01 -2.9475784400000003e-04 -8.9587479200000000e-02 -2.8361413299999999e-02 1.7703516200000000e-01 5.0323331399999997e-02 -1.2943417600000001e-01 -1.2564844900000000e-01 1.0804217000000000e-02 -1.6888861999999999e-01 6.4893109800000001e-02 -9.5789001600000007e-02 -5.9736339499999996e-03 -4.0032187600000002e-01 -1.1476720700000000e-01 -1.9163966599999999e-01 -6.8190644600000003e-02 6.2713737500000005e-02 1.4670924199999999e-01 -1.8737782700000000e-02 9.5120342400000002e-02 -2.8788038900000000e-02 1.8186531600000000e-01 7.9817496500000001e-02 2.4517232100000000e-01 2.7456099299999998e-01 -1.6009551000000000e-01 6.4564776199999993e-02 -2.5071888599999997e-01 -2.0707345799999999e-02 2.4964335300000001e-01 -4.3057795000000003e-02 1.0957617900000000e-01
8.6212034899999998e-02 1.1669490000000000e-01 -2.9659957000000001e-02 2.0696121600000000e-01 -1.1646679700000000e-01 9.2617472500000006e-02 1.9477315200000000e-01 -8.0002409900000002e-02 7.6100609000000000e-02 -9.4469361299999999e-02 -1.3633079700000000e-01 -8.0433589000000000e-02 -3.4699377500000000e-01 1.5295002699999999e-01 1.1917107499999999e-02 -6.0564180199999998e-02 -9.9118736599999993e-02 -2.3359247299999999e-01 -6.0508401900000001e-02 3.9020680400000000e-02 -2.3299494300000001e-01 -2.9167058800000001e-01 -2.0639057699999999e-01 -1.0165528300000000e-01 -5.4086840700000000e-02 -4.0973813599999999e-02 -7.1959652700000001e-02 -2.0168088300000001e-01 2.7788247100000000e-02 -1.0037555099999999e-01 1.9640968900000000e-02 -2.6256756999999997e-01 8.4835500699999997e-02 -3.6463507799999999e-03 1.6628705799999999e-01 -1.3870738399999999e-01 1.3420321399999999e-01 7.4121284199999998e-02 -4.7821215399999999e-02 -1.2677805900000000e-02 9.9468925400000005e-02 -1.0780741999999999e-03 4.3299015500000003e-02 -4.4362153400000000e-02 3.2518395300000003e-01 -1.3800404999999999e-01 -2.2783083700000002e-02 3.4049366099999999e-02 1.2305730700000000e-01 -2.3125601900000001e-01
-2.4063512299999999e-02 -1.5259634999999999e-01 8.6638912299999996e-02 -6.7490486599999996e-02 -1.6032307300000001e-01 1.4771856700000000e-01 -9.1146592400000004e-02 -1.5675659600000000e-01 4.5982072100000000e-02 -1.4920764800000000e-01 -5.3075037400000004e-03 1.0556863700000001e-01 -6.6402928900000005e-02 -2.2360347899999999e-01 -1.8800677599999999e-01 1.1365426100000001e-01 -6.9762650400000001e-02 -6.9552420200000006e-02 -2.2118081500000001e-02 3.4443989300000000e-01 2.0127801800000000e-01 2.4038115299999999e-02 1.6260242100000000e-01 1.8796583600000000e-01 -1.1381308699999999e-01 1.5086358999999999e-01 -1.3881246200000000e-01 -1.2284729499999999e-02 -1.5590397200000000e-01 -2.2488587600000001e-01 -9.6557398700000005e-02 -1.0309613700000000e-01 -1.4732279900000000e-01 -1.0784938400000001e-01 5.4431339400000001e-02 -3.1976506900000000e-02 2.9198714999999997e-01 -2.3338225900000000e-03 1.2261413600000000e-01 -1.0311633500000000e-01 2.7399304899999999e-01 -1.2362361199999999e-01 3.7839729000000003e-02 1.6022419700000001e-01 1.2568942899999999e-01 6.5238321099999996e-02 8.2348775999999999e-02 -1.4842257000000000e-01 8.7903052200000008e-03 2.2167228200000000e-01
8.4204824100000006e-02 1.4985625399999999e-01 2.7196467200000002e-01 -1.4242289000000000e-01 1.1890747700000000e-01 -5.4251989700000003e-02 3.0285404100000000e-02 1.1354542400000001e-01 1.2597126400000000e-01 1.2288473100000000e-01 7.4958617500000000e-03 1.6993718899999999e-01 2.4037903499999999e-01 -3.6554327599999999e-02 -1.2174659600000000e-02 3.6048399199999998e-01 -1.0841676700000000e-01 -1.4732927500000001e-01 -4.1231075200000002e-02 -1.9898693500000000e-01 -1.5553035800000000e-02 1.4622610200000000e-01 -7.7709408300000005e-02 -2.8430452400000000e-02 -2.4137209300000001e-01 1.0317689900000000e-01 1.6243539300000001e-01 1.9341013600000001e-01 -2.8614303500000000e-02 -6.5879823899999995e-02 -2.2889650500000000e-01 -1.2976916199999999e-01 -8.2834922600000006e-03 -3.2206576100000002e-02 1.0466760700000000e-01 -1.6034440200000000e-01 4.4119218199999997e-02 -1.8980655799999999e-01 1.1719714100000000e-01 9.9365543699999996e-03 -1.5072308500000001e-01 -1.5440250599999999e-01 -1.4438402200000000e-01 4.1908683600000003e-02 2.4479472099999999e-01 -1.1302299700000000e-01 -6.0570177900000001e-02 -2.1461274100000000e-02 -5.8653364800000003e-03 -2.2421499400000000e-01
-8.7035085799999995e-02 2.7945979900000001e-01 5.0791900199999997e-02 1.8081755699999999e-01 1.1319242400000000e-01 -2.8743720499999997e-01 1.1616228600000000e-01 -2.0795241100000000e-01 -8.2837427800000002e-02 -1.5805260400000001e-01 8.0269582800000003e-02 -2.5883915899999999e-01 3.8907353600000000e-02 -9.3001957800000007e-02 7.2608397500000005e-02 1.2639840699999999e-01 -1.6915993700000001e-01 -1.3648754500000001e-02 2.5909826800000002e-01 1.9212578499999999e-01 7.8952535000000004e-02 3.2757405699999997e-01 2.4804131500000000e-02 8.9935873499999999e-02 -4.5550884600000001e-02 7.1722020900000004e-03 7.4688570600000004e-02 -2.0321371399999999e-01 -1.2189039600000000e-01 3.3417252199999997e-02 1.5991174799999999e-01 -3.0859637400000001e-02 1.0390557200000000e-01 -3.0634250099999999e-01 -1.7570897900000000e-02 1.8085034000000000e-02 1.3624584800000000e-01 -6.8936081499999996e-02 -1.4514880299999999e-01 8.6343176199999996e-02 -8.9269449000000001e-02 3.4018457199999998e-02 -7.4747034399999995e-02 -7.2506034600000005e-02 2.8059112600000002e-02 -1.1588412600000000e-02 -9.6794596000000007e-03 2.4961545199999999e-01 3.9845645999999998e-02 4.0032688400000002e-02
-2.0812788600000001e-01 8.3695687000000005e-02 -5.0884418000000001e-02 1.1909783700000000e-01 -1.2197193100000001e-01 3.4315311600000002e-02 -1.0726021700000000e-01 6.9927473000000002e-03 -1.4198198299999999e-02 1.3142270500000000e-01 4.2073787699999997e-02 1.2758327999999999e-01 -2.2745823500000001e-01 1.6825010600000001e-01 -3.7795091600000002e-04 -5.0273683899999998e-02 1.0762791900000000e-01 5.2699072200000002e-02 -3.9077347300000002e-02 -5.9406470400000001e-02 2.4238468599999999e-01 -1.9416303699999998e-02 -1.4399061299999999e-01 1.3179924200000001e-01 -3.9435511299999998e-01 9.1941338299999995e-02 -1.0967324100000000e-02 1.7524639700000000e-01 3.6923805900000001e-01 2.8119922600000002e-01 9.1585966899999996e-02 1.3967856200000001e-01 1.1398365500000000e-01 -1.1918345200000000e-01 1.1658198500000000e-01 8.0394334100000006e-02 1.6910769100000000e-01 -1.0628890800000000e-01 1.3426939599999999e-03 1.9617664199999999e-02 -4.1902851400000003e-02 2.6647315299999998e-02 4.8564608199999998e-02 2.6431746099999998e-01 1.1912272500000000e-01 3.3423999200000000e-03 -1.7598413399999999e-02 1.9949274800000000e-01 -1.5088419799999999e-03 1.2614494300000001e-01
-1.6158099900000000e-02 -2.1908304100000001e-01 8.3685634999999994e-02 3.5116662999999999e-02 -1.0519587200000000e-01 -1.6807266800000001e-01 2.3472887500000001e-02 -3.0634841499999999e-02 -4.2350124199999999e-02 2.0133664800000001e-01 -7.3390262899999999e-03 1.4737335300000001e-01 1.2269723200000000e-01 9.5316904899999999e-02 1.2013298600000000e-01 -5.5600510699999996e-03 -2.1464418900000001e-01 -9.5479648599999994e-02 -3.2405631599999998e-02 1.9639476100000000e-01 8.0708465500000007e-02 5.9866581199999998e-02 4.1405696200000001e-02 -2.1958561700000001e-01 -9.5620063000000005e-02 -2.2218794600000000e-01 -3.8242277799999998e-03 3.5913393199999998e-02 1.4472719900000000e-01 -2.3524595800000001e-01 -5.8591561899999998e-02 2.5795493000000003e-01 1.2610877100000001e-01 1.4219888999999999e-01 -2.3247685700000001e-01 -5.4594754299999999e-02 1.0136554800000000e-01 -1.0863964900000000e-01 -1.5766332199999999e-01 -2.6545087699999997e-01 2.8557437899999999e-01 2.2851525600000000e-01 -4.1239336900000000e-02 -1.3300268000000001e-01 8.5655083600000001e-02 -8.1434137599999998e-02 1.3229758200000001e-03 2.1871467900000000e-01 -8.8331110000000004e-02 -7.5895022100000001e-02
6.7905737599999998e-03 2.2583058200000000e-01 2.6638660500000001e-02 1.0962400000000000e-01 3.3798834299999997e-02 8.2592883199999995e-02 -1.6911072699999999e-01 3.9639472799999997e-01 -4.5351881599999998e-02 2.2186285200000000e-01 2.7928462200000000e-02 8.3104151700000004e-02 -2.2135432000000000e-02 5.9939437800000002e-02 8.1966390700000002e-02 -2.3618255300000002e-02 -9.5685257900000001e-02 -3.0195040299999998e-01 4.4083389700000003e-02 1.0702356900000000e-01 2.7033021299999999e-01 -6.1068214699999998e-02 2.0739606999999999e-01 -2.0304314500000001e-01 2.0519300200000001e-01 1.0630509900000000e-01 -2.2150083000000001e-01 -2.0313935200000000e-01 5.5288451699999998e-02 -7.3678128999999995e-02 3.8537874000000001e-03 5.3811137500000002e-02 -1.6779711300000000e-01 -1.5239384900000000e-01 1.2732136599999999e-01 6.8503992299999997e-02 1.7180998499999999e-02 -4.6248110500000002e-02 2.3563714299999999e-01 1.0013593599999999e-01 -5.4222405100000003e-02 5.9907546700000001e-02 1.8608604800000001e-02 -1.1083060700000000e-01 -5.1375257000000001e-02 1.7210848300000001e-01 -1.6290635700000000e-01 9.5668282300000004e-02 1.0917025200000000e-01 -5.4860319900000003e-02
-1.0756926800000000e-01 1.6571184100000000e-01 2.9417334800000000e-01 5.5599817599999997e-02 -1.1016475900000000e-01 1.1417740100000000e-01 -2.2805534700000001e-02 3.1115269099999998e-01 -3.8835193800000001e-01 -1.2043050700000001e-01 -1.7058217000000001e-01 -1.8948422700000001e-01 -5.7658072600000002e-03 7.0211367699999999e-02 2.7530515900000000e-02 -5.5085436300000004e-03 -2.2461465400000000e-01 1.2231558900000000e-01 -4.5351477699999997e-02 8.4636157000000004e-02 -1.3380430600000001e-01 1.0360247800000000e-01 -1.5289845499999999e-01 4.1630228800000002e-02 5.4424938899999997e-02 4.1021430700000000e-02 1.4162845600000001e-01 3.7988348800000002e-02 -1.7297101799999999e-02 1.6137291700000000e-02 -1.5034311800000000e-01 9.5892767300000001e-02 -1.4052816500000001e-01 7.3323069800000001e-02 7.8072941500000007e-02 7.4346694399999996e-02 -5.5794472099999999e-02 -4.0586451900000001e-02 -2.4612733100000000e-01 -1.0638186100000000e-03 2.0011877300000000e-01 1.3223160300000000e-01 -2.1864884800000001e-02 3.3016728200000001e-01 -2.2834893900000000e-02 1.2842128000000000e-01 -4.9948864400000001e-02 -1.7999373499999999e-01 3.3597024599999997e-02 -6.1047894999999998e-02
1.5733693100000001e-01 1.2207799499999999e-01 -7.0795350899999998e-02 -2.6085958700000000e-01 3.5468991100000001e-03 -3.3254706800000000e-03 -2.5014365300000002e-01 -1.3138759000000000e-01 9.2545393500000003e-02 -1.0521826700000000e-01 3.7471539700000001e-01 -1.3157932899999999e-01 -2.0192494799999999e-01 -1.4355114999999999e-01 -1.1222463200000000e-01 8.7858965999999997e-02 -1.1781467599999999e-01 -3.4681663500000001e-02 -2.3634786500000001e-02 8.0248983300000007e-02 -2.4638365299999999e-02 -1.6748462900000000e-02 -2.9002490300000000e-01 -1.6967358799999999e-01 5.5220724899999997e-02 -5.5575896899999998e-02 -1.4924516900000001e-01 3.8503243800000003e-02 1.6419539899999998e-02 7.2880299900000001e-02 -3.1066869400000002e-01 1.3887958800000000e-01 2.0736026399999999e-01 -8.0985041399999999e-02 7.9234577000000000e-02 -2.2395434299999999e-02 -1.5188245200000000e-01 3.6005076499999997e-02 1.2394505000000000e-01 7.5611464300000004e-03 7.7250700699999994e-02 2.3386868299999999e-01 -1.6091429700000001e-01 1.1044930200000000e-01 -1.0331669900000000e-01 1.1937030300000000e-01 1.5358046600000000e-01 9.4539999200000002e-02 3.3748667400000001e-02 -8.8067232699999998e-02
4.9721837599999999e-02 3.2958450500000000e-02 1.0489107600000000e-01 1.6008197399999999e-01 1.0965601600000000e-01 2.7951088899999998e-01 -3.0412563500000001e-01 -1.8808376199999999e-01 6.4460174199999998e-02 -9.7067704899999996e-02 -2.1185135099999999e-01 5.6839114800000000e-02 1.0258757000000000e-01 -2.2683081100000001e-03 -4.3676026999999999e-02 -8.9320272800000003e-02 -2.3201491299999999e-01 2.3644113000000001e-02 1.8265382799999999e-01 -2.0656042100000001e-02 -1.4823519099999999e-01 1.8459360599999999e-01 -1.5756981400000000e-01 1.4539437599999999e-01 -1.1895835299999999e-02 -5.6651747500000002e-02 -1.3831280100000001e-01 1.0659084200000000e-03 1.5857930200000001e-01 -5.0995603000000000e-02 1.2945892100000000e-01 -1.2384922000000000e-01 -3.0362638099999999e-02 1.1941531300000000e-01 3.8577312500000000e-03 1.6112601200000001e-01 -2.3969404599999999e-01 -1.5536442000000000e-01 2.4049245499999999e-01 -3.7871189100000002e-01 -7.9939939500000001e-02 -3.8739096000000001e-02 6.2206219399999998e-02 -3.8377980200000002e-02 -5.9454816000000001e-02 -2.5413016100000001e-02 -4.1688566400000002e-02 1.6602183400000001e-01 1.2728897200000000e-01 1.5474024300000000e-02
2.5483432800000000e-01 -1.2341820600000000e-01 -2.7210426900000001e-01 7.7740940300000005e-02 -2.7799222899999998e-01 8.8407486499999993e-02 -6.7386119899999999e-02 -7.1397953799999997e-02 -2.8517542399999998e-02 2.0582987000000001e-02 -3.7070709600000001e-02 -1.8819299000000000e-01 -7.6370359499999999e-02 -5.7377349799999998e-02 -7.4578219299999998e-02 -7.6112796400000002e-02 -3.8326778700000001e-02 4.8962459799999997e-02 6.1546931800000003e-02 -2.8940891800000000e-02 -3.7598178900000001e-02 2.0581906599999999e-01 -9.9087621500000000e-02 -3.2894637599999998e-01 -7.6530797600000006e-02 3.5589586200000001e-01 8.0534331299999998e-02 8.5887080099999999e-02 -3.2139683799999999e-02 -1.5607783700000000e-01 3.0519590400000001e-02 1.0798043300000000e-01 -2.0949630300000000e-04 2.5701623900000001e-02 8.1393774100000007e-03 1.0736036700000000e-01 6.5071179399999998e-02 -4.2208200499999998e-01 -4.5538510300000001e-02 2.0614983900000000e-01 -1.6753179900000002e-02 -1.5231718799999999e-01 7.9998343400000005e-02 -9.8933661600000000e-02 -8.4392244699999994e-02 -6.2464958899999999e-02 -1.6310675499999999e-01 -6.9874664000000003e-02 -8.6858242000000002e-02 -5.3938074599999997e-02
7.4732189500000004e-02 -2.1871453100000000e-02 -3.9433723900000002e-02 -8.2260570099999999e-02 -7.8078696899999994e-02 1.7804244100000002e-02 2.8175342500000000e-01 -3.8670418999999998e-02 -1.9284848499999999e-01 -2.2590796299999999e-01 1.4004391799999999e-01 3.9231767100000002e-02 6.5445353100000006e-02 1.3597497100000000e-01 -9.6183887900000001e-02 1.5586439599999999e-01 1.1717572900000001e-01 -1.8049117100000001e-02 -2.3592159600000001e-01 -1.0544046500000000e-01 6.3347797700000000e-02 -3.5110110899999998e-02 5.9556027099999997e-03 1.2036335400000001e-01 -5.5247462099999999e-02 2.1493071100000000e-01 -1.2015023200000000e-01 -1.0545521700000000e-01 1.0816539999999999e-01 -7.8008076200000000e-03 1.7195135100000000e-01 5.8403214900000000e-02 -1.5315357199999999e-01 -2.6028042299999998e-01 -1.4479811700000000e-01 1.3109722900000001e-01 2.1392381100000000e-02 -1.1403613899999999e-01 8.5788399799999998e-02 -3.2933444499999998e-01 -7.6247751499999997e-03 1.8853173000000001e-01 -6.8274444300000001e-02 -3.6733157099999997e-02 -2.2200704099999999e-01 -7.7404082499999999e-02 2.6125466000000000e-02 -8.5573507399999998e-02 8.8276930099999998e-02 -3.7570720400000002e-01
1.3430101699999999e-01 -4.5522387400000003e-02 2.8325488399999998e-01 7.5686516000000002e-03 -9.0591487100000007e-02 2.7247201599999998e-01 1.6731297499999999e-02 -2.4853933600000000e-01 -3.3985420700000002e-01 1.9950681300000001e-01 -7.0716587799999994e-02 -3.4955296699999999e-02 4.9983381899999998e-02 -1.9857096099999999e-01 1.0947139800000000e-01 6.1826999299999998e-02 1.8799516899999999e-01 5.7113481299999998e-02 1.0925981899999999e-01 1.0866975800000001e-01 -8.5483858999999995e-02 -6.5195607000000003e-02 1.2133769100000000e-01 -5.6385904500000000e-02 6.8702892599999996e-02 -4.6408114399999999e-02 -3.0976979199999999e-01 -2.8195786800000001e-02 8.4132453199999999e-02 1.5247862200000001e-01 2.7683902600000001e-02 2.7105152700000001e-01 7.1166368399999999e-02 -1.4468284900000000e-01 7.2472855200000005e-02 -1.0845670000000000e-01 -8.9799571900000000e-02 -2.0292991199999999e-02 -6.8150978299999998e-02 5.7652456300000002e-02 -2.1205077000000000e-01 -8.9937037100000006e-02 -4.8866136400000003e-02 -3.7497919599999999e-02 2.4192395899999999e-01 -9.2132548300000006e-02 1.4577176800000000e-01 -8.6280222300000001e-02 -1.1436800100000000e-01 -1.0365186600000000e-01
-1.2599733299999999e-01 -1.8196352999999998e-02 -6.4367330099999995e-02 9.2757222000000000e-02 -2.9240298100000001e-01 -1.0485434400000000e-02 -2.9106828499999998e-01 9.2097053899999996e-03 -2.9285295400000001e-02 1.1939012500000000e-02 5.1850528999999999e-02 1.0520427500000000e-01 -7.4479936100000005e-02 -4.5068030199999998e-02 -1.5662812599999999e-02 -1.5988752300000000e-01 2.4495053800000000e-01 -7.2556251099999997e-02 1.5039870000000000e-01 -2.3321521700000000e-01 6.8338314100000006e-02 1.7827620199999999e-01 -7.3519107400000006e-02 3.3028578400000003e-01 1.5053548600000000e-01 -1.8435198400000000e-01 -2.3319390299999999e-02 -1.0983878399999999e-01 -2.4793446799999999e-01 -2.9584105199999999e-02 -1.5135288799999999e-01 1.6607765600000001e-02 -1.5568471800000000e-01 1.3363059399999999e-01 -4.1473352300000002e-02 4.2845356799999998e-03 1.9574166800000001e-01 -7.1613483899999997e-02 -5.4664612100000003e-02 6.6109020099999999e-02 -1.0555603900000000e-02 5.1381493200000003e-02 -2.4729154100000000e-01 -3.5150363699999999e-02 6.4748281300000002e-02 -9.9999573100000003e-02 2.8631081799999999e-02 1.0348139000000001e-01 -1.7571538300000002e-02 -3.4449524700000000e-01
-2.0881768600000000e-01 -1.8735325400000000e-01 1.5135868699999999e-02 -1.4636823400000001e-01 1.6422880000000001e-01 1.3089867700000000e-02 -2.2202976400000001e-02 1.1668063800000000e-02 1.2169422600000000e-01 1.4198341400000000e-01 2.7033771799999998e-02 -7.8148835099999994e-02 -5.9676443900000001e-02 1.6046335900000000e-01 -3.2838882500000000e-02 -1.7422896199999999e-01 -1.1323259099999999e-01 -2.4710162599999999e-01 1.9121124700000000e-01 8.1404420599999999e-02 -4.9663787100000002e-02 6.1510391000000001e-03 9.0842093700000001e-02 -1.3103084000000001e-01 -2.7696137400000001e-02 1.8579500500000001e-01 -6.8332266399999994e-02 5.8067959099999997e-02 -2.7168258800000000e-01 1.2491470700000000e-01 1.5324755900000001e-01 -6.6830796000000000e-03 -1.4010295000000000e-01 2.0326677200000001e-02 5.9506031199999997e-02 -1.0084063800000000e-01 -5.5390257100000000e-02 -1.5686340700000001e-01 -1.0653511800000000e-01 -5.6487026500000002e-02 -1.4657212999999999e-01 2.2208800500000000e-01 -2.4227675399999999e-02 2.8392916600000001e-01 -7.1242461500000007e-02 -3.7848002900000000e-01 2.7496769100000001e-01 -7.2505711900000006e-02 1.0434705599999999e-01 5.5323864099999999e-04
-1.1691334800000000e-01 -6.4969114199999997e-02 1.9821941900000001e-02 -2.3808601200000001e-02 -3.3377835000000002e-02 -1.0500414000000000e-01 -1.5061729500000001e-01 -1.6132044200000001e-01 1.6113038499999999e-02 -7.8120341400000001e-02 6.3588459200000003e-02 5.6419555800000000e-02 1.2537537300000001e-01 2.0606003099999999e-02 -3.8648517900000001e-01 -4.9863144700000001e-02 -1.8589468100000001e-01 -9.0945968099999996e-02 -2.6208626799999999e-02 -3.2590958699999999e-02 1.3953183999999999e-01 -3.5312485200000000e-02 6.0650481399999998e-02 -1.0973058099999999e-01 2.5177889700000000e-01 -1.1789645900000000e-01 1.2214596200000000e-01 6.9622520600000001e-03 4.4347460100000002e-01 2.9888284199999999e-03 -6.1498819199999999e-02 -7.8483908800000002e-02 -1.3264437900000001e-01 -1.1661713600000000e-01 -1.1818355799999999e-02 1.3528938200000001e-01 -1.9861311800000000e-02 1.4938216200000000e-02 -3.2707090100000002e-01 1.5842319899999999e-01 -9.6699175400000004e-02 -1.9047204600000001e-01 7.4471902600000001e-02 -3.8501121600000000e-02 9.9360807699999998e-02 -5.5693780800000002e-02 1.5641112700000001e-01 -1.3642941100000000e-01 2.3364887300000001e-01 -1.1483679600000000e-01
3.0683244700000001e-02 3.3572486800000002e-02 -2.8855988999999999e-02 2.5751971499999998e-01 3.7765633999999999e-02 1.0601278700000000e-01 -4.4797900799999998e-02 -1.9317821800000001e-01 5.9534099899999998e-02 2.5778531900000001e-01 2.4952846500000000e-01 4.6687947700000003e-02 2.4199775900000001e-01 -5.5186087000000002e-02 -4.9424172500000002e-02 -5.8239553100000001e-02 1.4635150399999999e-01 -2.2022187400000001e-01 2.9752478700000001e-01 7.1196977400000000e-02 -1.6430624899999999e-01 -1.1522926600000000e-01 -8.1947980200000006e-02 6.9828743299999996e-02 -5.2965253099999998e-02 2.7623885999999997e-01 2.3184744299999999e-01 -5.2852512900000002e-02 8.8145075700000006e-02 6.1723848099999999e-02 -1.0720592499999999e-01 -4.9339379199999998e-02 -5.9217183000000000e-02 -1.0201469800000000e-01 -1.9928411500000001e-01 -8.3385673699999992e-03 -8.0555131099999996e-02 2.2203798100000000e-01 -6.9256086800000005e-02 -4.2110420099999997e-02 1.7815958700000001e-01 1.6509239600000000e-01 4.6244657199999997e-02 1.2255082700000000e-01 1.1269179599999999e-03 9.1071131200000002e-02 -2.5174506000000002e-01 -1.5294354800000001e-01 -9.5417685500000002e-02 -6.3175715199999996e-02
-4.0685853100000001e-03 -3.0244079000000001e-01 -4.6662291500000001e-02 1.0691798299999999e-01 9.7186269500000005e-02 -6.3104103900000000e-02 -7.2826415000000005e-02 2.2708338800000000e-01 5.6524548899999999e-02 2.5972212400000000e-02 1.7643282099999999e-01 -1.9501286600000001e-01 9.2731129499999995e-02 -1.0057608100000000e-01 -8.4008002100000007e-02 1.3280155900000001e-01 1.3241961499999999e-01 1.9432160500000001e-01 -2.3874159700000000e-01 2.5936409599999999e-01 4.4892645600000003e-02 6.7371146399999998e-02 -8.6546907600000000e-02 1.4476085899999999e-01 6.4622337200000005e-02 1.1881142000000000e-01 -7.8587674699999999e-02 -2.2482642600000000e-01 9.0212482999999996e-02 2.2073932500000001e-02 -3.9877801200000002e-03 6.6877324300000001e-03 -1.2955769400000001e-02 1.2360055000000000e-01 1.1156691900000000e-01 -5.9533415100000001e-02 -2.3457479900000000e-01 2.6709815200000001e-02 -2.3850123800000001e-02 3.4467054400000002e-02 2.6440491699999999e-02 -3.8993157299999998e-02 -4.9693486100000003e-02 7.1562358399999998e-02 2.0673541800000000e-01 -3.5452955800000002e-01 -2.9474646500000001e-01 1.7853903300000001e-01 1.5436904700000001e-01 -1.2286290400000000e-02
6.7594849400000004e-02 3.5655064899999998e-02 -4.8118832200000003e-02 1.5244343099999999e-01 5.0077976300000000e-02 2.3309157899999999e-02 -1.1082089800000000e-01 1.9419619799999999e-01 1.2544656800000001e-01 2.0548717599999999e-02 -1.5386778800000001e-02 1.5865884099999999e-01 -1.2267753900000000e-01 -3.4501934299999998e-01 2.0178615999999999e-01 5.3932233500000003e-02 8.1850933500000000e-02 1.1006124100000000e-01 -1.4247204499999999e-01 -6.4849271999999999e-02 -1.8488362000000000e-01 1.6758263600000001e-01 2.1229472999999999e-01 -2.1518403300000000e-01 1.4422933600000000e-02 5.3174547000000003e-02 9.7431169299999995e-02 -1.3647604299999999e-01 2.8745140900000000e-02 2.3555289900000001e-01 3.7109354700000000e-02 -1.7423731600000000e-01 8.8135079699999994e-02 -8.4910973299999998e-02 -2.7165727099999998e-01 2.5712250399999997e-01 3.3436984699999998e-02 -7.7835828900000001e-02 -3.3069690600000001e-03 -5.4869043100000001e-02 1.9850534300000000e-01 3.6328439700000000e-02 2.7289959799999999e-02 1.2207501799999999e-01 1.6920974499999999e-01 -3.6224494699999998e-02 3.2602219900000001e-01 -2.7034536000000001e-02 1.2813556000000001e-01 -7.2662627300000004e-02
-2.3042841500000000e-01 1.5933328000000000e-02 -7.9233450200000000e-03 -3.5328871599999999e-02 -1.4044354100000001e-01 -1.3915478100000001e-01 -3.0792146700000000e-01 -1.2708706300000001e-02 -1.5209335399999999e-01 7.6596035000000007e-02 9.2344403699999994e-02 2.1626507300000000e-01 -2.4787506400000001e-01 8.4614072299999996e-02 -4.4057964400000003e-02 1.5400177200000001e-01 -2.4270723000000000e-01 2.2475413699999999e-01 -3.3629771099999997e-02 2.5738461800000000e-03 -2.0985673199999999e-01 -8.1768240300000003e-02 1.0095718900000000e-01 -9.6737711599999998e-02 -8.6373179300000005e-02 1.6976173600000002e-02 -5.8079851900000000e-03 -4.7540482199999998e-02 -1.0233114700000000e-01 -1.9009283599999999e-01 1.3969789599999999e-01 -1.1849379200000000e-01 2.6001593600000002e-03 -2.1760368099999999e-01 -8.1766460200000002e-02 1.0650945200000000e-01 -1.5511179500000000e-01 2.2300717700000000e-01 3.9021309800000001e-02 3.4586952299999998e-04 -1.4617824500000001e-01 -5.3288664399999998e-02 -7.8843768699999997e-02 9.5700623199999994e-03 -1.5815391000000002e-02 -1.9720133200000001e-01 -1.7873986500000000e-01 -7.2319774899999995e-02 -3.3499195300000001e-01 -4.3820626100000003e-02
-3.6292630599999998e-01 -3.3634435599999998e-02 1.4232956199999999e-01 2.2877867699999999e-03 2.2657737000000000e-01 2.0149259000000000e-01 -2.2008841000000001e-02 -1.5302104000000000e-01 -5.3894626500000001e-02 -1.7620514500000001e-01 1.8730068499999999e-02 -1.8163382299999999e-02 -1.8606195500000000e-01 9.4412574099999994e-02 9.0037400399999995e-03 2.3746616200000001e-01 4.7998357700000001e-02 -6.3903097100000000e-02 -2.4519718900000002e-03 -1.1450284300000001e-01 1.6275801200000001e-01 -2.4161797300000001e-01 -6.9015930799999998e-03 -1.2205424499999999e-02 1.7706751200000001e-01 2.2674331400000000e-01 6.6901943699999994e-02 -4.0493977200000003e-02 -9.2981027499999994e-02 5.1297104000000001e-03 -4.4260504600000000e-02 2.2697563200000000e-02 7.9630369500000006e-02 1.5915993300000000e-01 -3.1685208500000001e-01 -7.9731120499999999e-03 -1.8607004699999999e-01 -3.0496708500000003e-01 -1.5982283100000001e-02 1.4228722899999999e-01 1.4875092200000001e-01 -6.3538581199999999e-02 1.9814297200000001e-02 -1.1228379400000001e-01 1.3102459499999999e-01 1.0462024600000000e-01 -7.8971073400000008e-03 1.7202083300000001e-01 -1.2088304699999999e-01 -3.9683456999999997e-03
-1.6247621800000001e-01 4.9916005200000002e-02 3.3244816799999999e-01 -1.3977125700000001e-01 -1.3767734700000001e-01 6.0553801700000000e-02 2.7431017400000000e-02 9.9676378100000004e-02 4.1043886200000002e-01 3.0423511000000000e-02 -1.0275697100000000e-01 -1.5442331600000000e-01 8.0859128599999996e-02 -7.7973164299999995e-02 -8.7750926300000004e-02 -1.3166376299999999e-01 1.4058301600000001e-01 3.4662038899999997e-01 1.9963477800000001e-01 -5.3238577699999998e-02 8.5196864600000005e-02 -6.1297419399999997e-02 5.7795306300000002e-02 -6.2803612600000003e-02 -1.9003030700000001e-01 5.1041912900000000e-02 -7.0778520400000003e-02 -1.7106534200000001e-01 1.3797896900000001e-01 -2.1251493799999999e-01 7.8790838200000005e-02 -8.4072983700000006e-02 5.9696466500000003e-02 -1.0930476900000000e-01 7.6664350100000000e-02 -8.4580652699999995e-02 -9.5134081699999998e-02 -8.1885367200000003e-03 -4.7145133700000001e-02 1.3038013200000001e-01 1.6583679400000001e-01 1.0931176300000001e-01 7.9318385699999994e-02 -4.1578921599999999e-02 -1.6570274300000001e-01 4.3333603999999998e-02 9.0875135800000006e-02 6.4699325399999993e-02 -8.3961529300000004e-02 -2.4849718000000001e-01
-9.3481100799999994e-02 1.0405738700000000e-01 1.8281614099999999e-01 2.6416349500000003e-01 -2.7767809999999998e-01 -1.4015159499999999e-01 2.0665767800000000e-03 5.2509703400000001e-03 5.1091335199999997e-02 -1.4168075200000000e-02 2.9041836100000001e-01 2.4321803599999998e-03 2.5593992999999998e-01 2.5248609799999999e-01 -1.6490396299999999e-01 -8.8656059800000006e-02 7.1815914999999994e-02 7.2181204600000007e-02 -1.8337144100000000e-01 -8.2763020899999998e-03 -6.8783180400000005e-02 1.2766505200000000e-01 -1.3343745400000001e-01 -1.4242290699999999e-01 3.8034980099999997e-02 1.8184684699999999e-02 -2.7191310299999999e-01 7.2754382600000000e-02 -1.8773422500000000e-01 -3.5507598099999999e-03 1.6790927100000000e-01 -9.8809245399999995e-02 7.0725504699999997e-02 8.6470942199999998e-02 -1.5938600800000000e-01 -9.7755359299999997e-02 -7.7660748200000004e-02 -7.7516625800000002e-02 1.4456569000000000e-01 6.2728305400000003e-02 -7.1933595000000003e-02 7.0277225900000004e-02 5.5748110599999998e-02 -1.4401582099999999e-02 2.3726341600000000e-01 2.0006424900000000e-01 1.3736578799999999e-01 -1.5843159400000001e-01 6.7333778600000005e-02 1.7033943800000001e-01
7.9366176699999999e-02 -1.2250283800000000e-01 7.6884437400000005e-02 -1.2396688100000000e-01 2.3128989999999999e-02 2.0508867400000000e-01 -1.2203341299999999e-01 6.6064203500000002e-02 6.7987805299999995e-02 -8.8180180699999999e-02 4.3480941000000002e-02 -1.9646179999999999e-01 1.1914413500000000e-01 1.7530822300000001e-01 -3.0843439500000000e-02 -2.8211346500000001e-02 -6.0851395299999997e-04 -2.5372839500000001e-02 -2.0581785299999999e-02 -3.0310014499999999e-01 1.1361117000000000e-01 5.3996518200000003e-02 -1.3637998100000001e-01 -2.1450173100000000e-01 -3.3028145299999999e-02 -5.3406657599999997e-02 1.5839811600000001e-01 -4.6659040000000002e-01 -2.8866470000000002e-02 9.2554051900000003e-02 -2.5644858699999998e-02 8.8929829700000004e-02 -8.5015538700000004e-02 -1.4135135600000001e-01 3.6533828700000000e-02 6.3667209799999999e-02 1.7480662399999999e-01 9.5160095299999997e-02 -4.4681672200000001e-02 -2.4915821799999999e-01 -4.6867825100000003e-02 -1.4104559399999999e-02 -9.5048694700000005e-02 -3.8423777999999999e-02 2.0080602100000000e-01 -2.3383958100000001e-02 2.0832512700000000e-02 -3.1633410200000003e-02 -2.6694371700000002e-01 3.0849542899999999e-01
-4.2998743999999997e-03 -2.1936835399999999e-01 8.7685530300000009e-03 -5.0967130100000001e-02 -1.4203196800000001e-01 7.7643885900000001e-02 7.3191419999999993e-02 2.8165818400000001e-02 -5.5359825299999998e-02 1.5324409700000000e-01 -9.3258411799999996e-02 4.9367197600000003e-02 5.7344812500000002e-02 1.4977078999999999e-01 1.7082407899999999e-01 1.3558487699999999e-01 5.8729625600000002e-02 -2.8479376700000000e-02 3.7580121000000001e-02 8.6181491999999998e-02 8.5587919299999995e-02 6.7197336400000002e-02 -3.2799718800000000e-01 6.5266542600000005e-02 2.5156227199999998e-01 -2.4135259900000000e-01 1.3040769899999999e-01 -7.4236480100000002e-02 -3.3501032700000002e-02 -7.0273954999999999e-02 -1.0821370000000000e-01 -1.8726216400000001e-01 1.5991182500000001e-01 -3.7513017100000001e-01 -1.3950973799999999e-01 -1.8834075400000001e-02 -2.4979469399999999e-02 -1.1860141000000000e-01 2.1429261999999999e-01 1.5199859700000001e-01 -1.6694913700000001e-02 -1.3808770800000000e-02 3.3651037299999997e-01 2.0451048699999999e-01 -1.5362184600000001e-01 -1.3213390999999999e-01 6.5086477899999995e-02 9.0524376699999999e-03 1.9020988100000000e-02 3.3077679999999998e-02
4.5271683200000003e-02 -4.0032967500000000e-01 2.8656759100000001e-01 -4.8158519499999997e-02 1.3330737600000001e-01 -2.5951327099999999e-01 -6.9742802200000002e-03 8.9695970999999999e-02 -2.8410492700000001e-02 1.1625379999999999e-02 -8.0460736500000005e-02 -1.1121759700000000e-01 -7.2848444299999995e-02 -4.2112889600000002e-02 -2.1925077200000001e-01 -1.7464514800000000e-01 6.2624538600000001e-02 -2.4172169800000001e-01 -2.1272191900000001e-02 -6.9626196200000004e-02 -1.8490060100000000e-01 -3.1956465300000000e-02 7.3647730299999997e-03 3.0430445500000000e-02 -7.7285175499999997e-02 -6.4424369999999995e-02 -1.6434253600000001e-01 1.0895493000000001e-01 -1.5595757099999999e-01 1.5832566100000001e-01 6.2163831800000002e-04 -5.1724622200000001e-02 1.4219736699999999e-01 -2.1550440100000001e-01 2.4448121600000001e-02 3.3606684799999997e-01 3.0486175200000000e-02 -5.6552033900000000e-02 -8.8908519700000004e-03 4.9847553599999999e-03 6.1917076199999997e-02 -9.9126427800000000e-02 3.4520796499999999e-02 1.0648352800000000e-02 3.2820385700000003e-02 2.6035467699999998e-01 -2.1911136400000000e-01 1.2390195499999999e-01 -7.1722653499999997e-02 -1.1367542200000000e-01
-5.9251628899999999e-02 2.9173501600000001e-01 -4.7771386499999999e-02 -1.4163648700000001e-01 -2.0960852099999999e-01 1.7092530600000000e-01 5.2614206199999999e-02 7.6637066399999995e-02 6.8861267700000006e-02 1.6082499500000000e-01 -1.6111532700000000e-01 -5.8731437800000001e-02 -2.3456913300000000e-02 -6.7766664500000004e-02 -3.7993751799999997e-01 1.7706466200000001e-01 8.9857906400000007e-02 -2.3417780599999999e-01 -8.7793308000000000e-02 -1.0612220500000000e-01 -1.5430021999999999e-01 1.3250874800000001e-01 6.7772414300000000e-02 -4.7749039600000001e-03 4.5927340200000000e-02 -1.5842057600000001e-01 -9.3435296099999995e-02 5.5195267200000002e-02 -4.9472350999999998e-02 1.4826970900000000e-01 1.4238807100000000e-01 7.6488035499999996e-02 4.8493258700000000e-02 -1.0996166800000000e-01 -1.7625726600000000e-01 -1.4948164999999999e-01 -9.9778309300000007e-02 3.9460920100000000e-03 -1.3265257999999999e-01 -2.9259973000000002e-02 2.6836323899999998e-01 -9.5009620800000000e-02 -6.6407874500000005e-02 -3.9062397399999997e-02 -1.5076123999999999e-01 -1.9684252299999999e-01 -1.7856912899999999e-01 1.2404819200000000e-01 7.5240673600000002e-02 2.2650700400000001e-01
