# CEC 2010 F11 shift vector (D=1000)
2.1021812300000001e+01
-1.4226658299999999e+00
7.7431811000000001e+00
-2.8696926500000000e+01
1.1673813400000000e+01
-1.6443341499999999e+01
1.3063974399999999e+01
3.1565053500000001e+01
1.2451665700000000e+01
-1.5618942600000000e+01
2.7774690000000000e+01
-5.0061980999999998e+00
-9.4332422000000005e-01
1.1531853999999999e+01
-1.9440003399999998e+01
-9.1342893099999998e+00
-1.2147544600000000e+01
-1.2624552100000001e+01
2.1715208000000001e+01
-2.7002118800000002e+01
3.0762306100000001e+00
3.1902667399999999e+01
2.4020299399999999e+01
7.0978578199999998e+00
-1.4409166700000000e+01
-1.1840973800000000e+01
2.0894457899999999e+01
-1.7089646500000000e+00
3.1917936300000001e+01
9.6295642400000006e+00
-7.1214515699999996e+00
2.2732404700000000e+01
-9.3331194899999996e+00
-9.4560024600000006e+00
-2.6681497000000000e+01
-4.2292708799999996e+00
2.4180264999999999e+01
3.2649243600000002e+00
2.1006725299999999e+01
-5.3251191999999996e+00
2.9761527499999998e+00
5.9204083499999998e+00
-2.8160683400000000e+01
-1.1835211700000000e+01
1.0837749499999999e+01
-3.1264254200000000e+01
-2.4593835100000000e+01
-8.5581786999999991e+00
-1.2259376600000000e+01
-1.8756790500000000e+00
-1.2948682400000000e+00
-1.9988886999999998e+01
2.9064777500000002e+01
-2.6513828099999998e-01
-1.7371841900000000e+01
-6.8384737199999996e+00
-1.2695632500000000e+00
-3.2846198100000001e+00
9.0910546399999994e+00
2.2550729799999999e+01
-5.6817478399999999e+00
6.8649490999999996e+00
-1.8228869499999998e+01
-5.7778451100000003e+00
1.2392412000000000e+01
2.4759424999999999e+00
-2.2699493700000000e+00
-1.3682420400000000e+01
-1.3302697900000000e+01
-7.3432970700000002e+00
-2.8016788300000002e+01
1.0015452800000000e+01
2.2405000200000000e+01
1.4084105200000000e+01
1.9491654100000002e+01
3.4598205799999998e-01
-2.8696527500000002e+00
-3.3136100599999998e+00
-3.0170931299999999e+01
1.3869484599999999e+00
-2.0855584799999999e+01
3.3073649500000002e+00
-1.2540631400000001e+01
-2.6897247100000001e+01
-8.5740205199999995e+00
2.2241795899999999e+00
-1.2108896400000001e+01
-2.3218670299999999e-01
2.9663935200000001e+01
-1.1216398800000000e+01
8.6685365599999997e+00
2.3870478200000001e+01
-8.9746157800000006e+00
2.9159130399999999e+01
9.0441821000000004e+00
-4.5797129999999999e+00
-1.8240212799999998e+01
-1.3061182700000000e+01
-5.4857565599999996e+00
5.8482741799999998e+00
-9.2814898199999991e+00
1.2344555200000000e+01
-3.0332377699999999e+00
1.4978474500000001e+01
-4.2664694000000001e+00
-2.0065610100000001e+01
-1.7194822700000000e+01
2.5639130999999999e+01
-1.3045991700000000e+01
-2.3845030699999999e+01
-7.0527383400000003e+00
-2.1925729400000002e+01
1.2174032500000000e+00
-1.0921649100000000e+01
-1.3707316499999999e+01
1.5524636299999999e+01
2.4027292599999999e+01
-1.9155417400000001e+01
2.1069262699999999e+01
-1.4480848200000001e+01
1.7172789500000000e+01
5.7436469299999997e+00
-3.0669671800000000e+01
3.0959550700000001e+01
-1.7527536300000000e+00
-6.4585834900000000e-02
-7.2077311699999997e+00
-9.1287747800000005e+00
2.0988105600000001e+01
1.1453318899999999e+01
3.2536292499999999e+00
-2.0771969400000000e+01
-6.0918597900000000e+00
2.1377746399999999e+01
6.5511632400000002e+00
-2.3271531100000001e+01
-9.8453592800000003e+00
-4.9188725000000000e+00
2.2026850400000001e+01
-1.0036613500000000e+01
-1.4443585600000000e+01
-5.3656453700000002e+00
1.0938836800000001e+01
1.5621945800000001e+01
9.1518706099999996e+00
2.1234305500000001e+00
-2.3348262699999999e+01
2.9219819500000000e+01
-7.3182686400000003e+00
2.5936850000000000e+01
-1.6471182700000000e+01
-3.1430299999999999e+01
-4.6824997699999997e+00
-1.8811767000000000e+01
-2.7295820200000001e+01
2.4920849199999999e+01
1.8053910900000002e+01
1.6166616999999999e+01
1.7661024800000000e+00
2.2906310999999999e+01
-1.8977842200000001e+01
2.1729733400000001e+01
3.3537687699999998e+00
2.7496318599999999e+01
-1.1963866599999999e+00
1.9044056600000001e+01
-2.4721867000000000e+01
-1.3294100300000000e+01
-5.3904519600000000e-01
2.2325233900000001e+01
-2.7450567199999998e+01
-2.4366204100000001e+01
2.2178889699999999e+01
1.2557390099999999e+01
8.6116551599999998e+00
-2.0818973400000001e+01
1.3274875900000000e+01
-8.7232140800000000e+00
-2.4403280999999999e-02
-9.5266193700000006e+00
1.6926725999999999e+01
1.1153890600000000e+01
-8.9679986800000000e-01
1.9203485199999999e+01
4.5404296200000003e+00
1.3183088800000000e+01
-3.1279732599999999e+01
-6.8170204400000003e+00
-1.3019098600000000e+01
-2.8683355500000001e+01
1.3127461500000001e+01
-1.9415412100000001e+01
-3.1111341899999999e+01
2.4804506799999999e+01
-7.5709957000000001e+00
3.7619115900000000e+00
2.6182677900000002e+01
-2.8207555599999999e+01
-1.8080002300000000e+01
-2.2388230799999999e+01
-1.7488479900000002e+01
-1.5452169800000000e+01
-3.1456287300000000e+01
2.1741789799999999e+01
2.8938021899999999e+01
1.3652997700000000e+01
-1.1189338599999999e+01
1.2332726500000000e+01
-4.0415800500000003e+00
-3.1782671499999999e+01
2.1872512199999999e+01
-1.6818967600000001e+01
1.9538088200000001e+01
2.5232226000000001e+01
1.2588026700000000e+01
-8.9973683199999996e+00
1.7983005200000000e+00
-1.7665396700000000e+00
2.3926804900000000e+01
-3.2386027500000001e+00
1.8243950000000002e+01
-1.3387612799999999e+01
2.9134594799999999e+01
3.1502719699999999e+00
-1.6653965500000002e+01
-1.9036866499999999e+01
1.6578271000000001e+01
-1.6823319300000001e+01
-1.1072231199999999e+01
-1.6224620600000002e+01
1.8576224900000000e+01
1.7648090100000001e+01
5.4538756800000003e+00
-2.4152698799999999e+00
-7.4849888299999998e+00
-9.3306937300000001e+00
2.5641002600000000e+01
2.0130205000000000e+01
-3.5029761700000002e+00
1.2627696100000001e+00
1.3411221800000000e+01
2.1746063000000002e+00
-1.6039874699999999e+01
-2.0858998600000001e+00
-1.0487142400000000e+01
-1.8088957700000002e+01
-3.0445599099999999e+01
2.2234728300000000e+01
2.4077673300000001e+01
2.6463118900000001e+01
-1.0910086600000000e+01
-2.8097207900000001e+01
5.1367291399999999e+00
-1.2197586500000000e+01
-2.9795239400000000e+01
1.8950242500000002e+01
1.4904236900000001e+01
-1.5024613300000000e+01
1.0924000700000001e+01
-2.0864869900000000e+00
-8.2253896400000004e-01
1.7887713999999999e+01
-1.7094904000000000e+00
8.6927189600000005e+00
-1.5836936700000001e+01
7.1044311999999996e+00
-2.0794034600000000e+01
5.9212134900000004e+00
1.2025424299999999e+01
2.1931424300000000e+01
2.5894622200000001e+01
5.6993760699999996e+00
-1.8665301800000002e+01
1.2756115299999999e+01
1.7975341700000000e+00
2.8147149299999999e+01
7.8999870899999998e+00
-2.2790378199999999e+01
-1.9614663600000000e+01
-1.7200786000000001e+01
1.3806843799999999e+01
-1.4556535500000001e+00
2.3764780600000002e+01
-1.4677943700000000e+01
-1.6816955900000000e+01
-9.0366123799999993e+00
-1.1377760900000000e+01
4.0314541799999999e+00
-2.7650352200000000e+01
4.9543921400000004e+00
-2.8466076600000001e+01
-1.0161707600000001e+00
3.0775414399999999e+01
7.3195867699999999e+00
-1.1372011300000000e+01
6.5047696799999999e-01
2.3439270300000000e+01
1.9306060700000000e+01
-1.1413854700000000e+01
1.8920799500000001e+01
-1.4375551300000000e+01
-2.6062268000000000e+01
-3.1065684699999998e+01
-2.3249148000000002e+00
-2.3851161099999999e+01
7.4654660100000001e+00
-5.5671391600000000e+00
-1.7060883400000002e+01
1.1165112799999999e+01
1.4535235900000000e+01
2.9680637000000001e+01
2.9742976299999999e+01
-1.2233992000000001e+01
-5.0099329700000004e+00
3.3142986600000000e+00
3.5641636100000000e+00
-1.4208960599999999e+01
-2.8956481100000001e+01
2.6534248099999999e+01
-1.9844366600000001e+01
-1.3334723000000000e+01
3.2221080199999999e+00
-8.6584282500000000e+00
1.3341276900000001e+00
-1.1072432600000001e+01
1.0131650600000000e+00
-3.1764823900000000e+01
-1.4672250200000001e+01
7.3847285500000002e+00
-1.4822294800000000e+01
9.0072020300000002e+00
-1.3772133900000000e+01
-2.7264887099999999e+01
-2.8119435200000002e+01
1.3839129000000000e+01
2.0762246500000000e+01
-2.3215955399999999e+01
5.3665386599999998e+00
-1.5069691400000000e+01
-1.1063456700000000e+01
4.0460409300000002e+00
2.4532381300000001e+01
-1.7533534500000001e+00
-2.2387999499999999e+01
1.7758660200000001e-01
3.0429407800000000e+01
9.8596411400000008e+00
3.4023401000000000e+00
1.1542388900000001e+01
1.0101004000000000e+01
5.6758583600000003e+00
-1.7180891899999999e+01
-2.3736985600000001e+01
-3.0053416599999998e+01
-2.1860036000000001e+01
2.0827940399999999e+01
2.2445448400000000e+01
2.2732518700000000e+01
7.7511983700000000e+00
-1.5004015600000001e+01
1.6332514199999999e+01
8.6992113100000008e+00
-2.0486908199999998e+01
-1.6324604900000001e+01
3.2991251699999999e+00
-1.0289027900000001e+01
-1.4510805899999999e+00
5.6242476999999997e+00
4.1151300500000003e+00
-5.3839443200000003e-01
-2.5347325099999999e+01
-8.5330527200000006e+00
9.9410435499999998e+00
3.8232814099999999e+00
-2.0258128400000000e+01
-1.6512847399999998e+01
-1.0746446799999999e+01
5.6224776299999997e+00
1.8845690700000001e-01
-2.5419889699999999e+01
6.9191858899999996e+00
6.5944409300000002e+00
-1.7938800499999999e+01
9.4199101499999998e+00
-1.5928828700000000e+01
-6.0373808400000000e+00
-1.4962055500000000e+01
-1.2583599200000000e+01
-2.2967207299999998e+01
-1.4813260800000000e+01
2.5199295199999998e+00
2.8258618700000000e+01
1.1732107599999999e+00
-8.7222873599999993e+00
9.7318736999999995e+00
2.2923535200000000e+01
7.2326078100000002e+00
-1.8725988099999999e+01
1.9191640900000000e+00
-9.1465794000000002e+00
1.6292760000000001e+01
-9.4076935099999996e+00
-1.7518295700000000e-01
2.6220551700000001e+01
-1.5398911200000001e+01
2.8224651999999999e+01
-5.2248719100000001e+00
-1.0768698400000000e+01
-1.2862249200000001e+01
-3.7758618500000001e+00
-1.0408977200000001e+01
5.1476429099999998e-01
-1.7956238700000000e+01
5.5094589500000000e+00
-6.8439744400000002e-01
-2.9198864100000002e+01
-2.6445976200000000e+01
-2.3681572299999999e+01
1.7955636200000000e+00
-9.3620971500000003e+00
9.2782680299999996e+00
-7.0153081600000000e+00
-1.8311065700000000e+00
1.6992601400000002e+01
1.7014435599999999e+01
2.9773797500000001e+01
1.3052173500000000e+01
9.4974615300000007e+00
-1.1059390600000000e+01
1.2192875900000001e+01
2.6903874200000000e+00
-2.1502230800000000e+01
-2.7118587200000000e+01
2.0660529600000000e+01
-1.3765847099999999e+00
3.9543618100000000e+00
1.9488598900000000e+01
2.7753225000000000e+01
-8.3686739699999997e+00
-1.5172557299999999e+01
2.5343558099999999e+01
-1.2890465600000001e+01
-2.7576029499999999e+00
3.0307336899999999e+01
-2.9475735600000000e+01
-3.0569478000000000e+01
6.5390705599999999e+00
-2.9188011400000001e+01
1.1133247400000000e+01
2.6588056300000002e+01
2.8754212800000001e-01
-3.8206732500000000e+00
-2.3789875800000001e+01
-1.6079209500000001e+01
-2.3704391999999999e+01
-9.5819675899999996e+00
1.7012246500000000e+01
-5.0910253399999998e+00
-2.8199956300000000e+01
-8.7396920999999992e+00
2.9099926900000002e+00
-1.9604464499999999e+01
-2.5592749499999998e+00
-5.4349024500000001e+00
-1.7289061900000000e+01
-7.6399271899999999e+00
-1.8475009300000000e+01
2.9936596099999999e+01
-4.7371064900000004e+00
-1.9598992500000001e+01
-5.7230490300000003e+00
-1.4813155300000000e+01
1.0631770100000001e+01
2.6032679699999999e+01
-8.3109795500000008e+00
-3.3849279700000001e+00
2.1050442499999999e+01
-2.9329434299999999e+01
-1.3021630500000001e+01
-1.5434330100000000e+01
-8.0310506600000000e+00
2.3551207800000000e+01
-2.8720282500000000e+01
-2.5905271800000001e+01
-2.3706814200000000e+01
1.9297147599999999e+01
-3.0206884500000001e+01
2.3368696300000000e+01
1.2892323100000000e+01
2.1714646900000002e+01
-1.6931161299999999e+01
7.9028895700000001e+00
3.0085198499999999e+00
-2.4735215499999999e+01
1.1630402399999999e+00
1.8331217700000000e+01
-3.0274271599999999e+01
1.5385597799999999e+01
1.7406254400000001e+00
-9.6050640800000000e+00
1.3888420399999999e+01
-1.7894684200000000e+01
-2.5492169499999999e+01
-9.2527345299999997e+00
3.8949724099999998e+00
2.9652290600000001e+01
-1.2453642900000000e+01
-1.1297802100000000e+01
5.7820817399999997e+00
-1.6481552799999999e+01
-1.6321978399999999e+00
9.9380757899999992e+00
2.4533009600000000e+01
2.2944363100000000e+01
4.2446751500000000e+00
-2.8927902000000000e+01
-2.1883835300000001e+01
-3.0559178500000002e+01
2.7627762300000001e+01
3.1671449299999999e+01
2.3339892200000001e+01
1.2411989800000001e+01
-8.7045888100000006e+00
-2.3503961199999999e+01
-3.2565656000000001e+00
-1.6617927699999999e+01
-1.6867099799999998e+01
4.0980745499999998e+00
2.5738566500000001e+01
1.9884169199999999e+01
1.8202682100000001e+01
2.1109416899999999e+01
5.4960799500000004e+00
2.6610073600000000e+01
-1.8733141799999999e+01
-1.3137923799999999e+01
-5.6310622500000003e+00
1.2049808600000000e+01
2.2854147500000002e+00
-2.9552930900000000e+01
3.0825661600000000e+01
3.0558293700000000e+01
3.0887015800000000e+01
4.8989449900000004e+00
1.8683818899999999e+01
-5.8879984800000003e+00
-3.1022705999999999e+01
2.5342168800000000e+01
9.3473447200000006e+00
2.7324999599999999e-01
1.9953826600000000e+00
-2.1962748000000001e+01
-1.4885384600000000e+01
1.1530037200000001e+01
-1.2075061699999999e+01
-1.0593881500000000e+01
1.0420755100000001e+00
7.9869665300000003e-01
-1.7612204299999998e+01
8.2197036800000003e+00
7.8130056699999999e+00
-3.1057411399999999e+01
-2.5290973399999999e+01
-2.5197594899999999e+01
3.0792786799999998e+01
8.3162927700000004e+00
-1.9472757600000001e+01
-2.0296977800000001e+01
1.2712400600000000e+01
-5.0368924000000002e+00
5.1105772799999998e-02
2.2838265300000000e+01
-2.3633237300000001e+01
6.4863662199999998e+00
-2.7930610900000001e+01
8.4717253299999999e+00
1.9020527000000000e+00
3.9005526800000001e+00
1.4333231200000000e+01
-2.6113856899999998e+01
-1.6872729000000000e+01
-2.2290364899999999e+00
-7.4844910100000002e+00
3.7039511799999998e+00
-1.3522873500000001e+00
-2.9556837999999999e+01
-1.4410646900000000e+01
-1.1014301000000000e+01
7.0118431699999997e+00
3.0525351199999999e+01
-4.1743834499999997e+00
7.0669722400000001e+00
9.0134531700000000e+00
-2.2010642099999998e+01
3.0276349700000001e+01
3.1791507899999999e+01
-1.6104999600000001e+00
-2.7462040600000002e+00
-1.0202115500000000e+01
-1.0053193500000001e+01
2.7853648100000001e+01
1.2737043699999999e+01
1.5566325100000000e+01
1.0172580699999999e+01
2.5303158799999999e+01
4.5441835900000003e+00
-3.0571953300000001e+01
2.4639322300000000e+01
-1.4533136700000000e+01
-3.1845123000000001e+01
-5.6315007599999998e+00
-1.4892847300000000e+01
7.4999858200000000e+00
2.6036039299999999e+01
4.6153607699999997e+00
1.8580202700000001e+01
1.8053283000000000e+01
-1.3797739099999999e+01
-6.1601226999999996e+00
-2.5062198900000001e+00
3.9659091700000002e+00
2.3192438100000000e+01
-3.0217575000000000e+01
-2.3387001399999999e+01
-1.8198822400000001e+00
2.2858094699999999e+01
-3.2720606700000001e+00
8.3824117499999993e+00
-5.3969199400000001e+00
5.8742143200000001e+00
-2.9314173199999999e+01
1.3170475600000000e+00
-9.5957940399999995e+00
1.1200552200000001e+01
-1.9210950000000000e+00
-8.2884202100000000e+00
-6.9948393500000003e+00
-2.4264114800000002e+01
7.4873365300000003e+00
-2.2166483499999998e+01
1.4592063899999999e+01
2.8157325600000000e+01
-1.3588413800000000e+01
1.1597346600000000e+01
-3.1663288900000001e+01
-1.7704798199999999e+01
-8.2310847500000008e+00
-1.4435356100000000e+01
1.1722011000000000e+01
-9.4977759800000001e+00
9.4883820900000000e+00
8.4708774600000005e+00
1.5845071799999999e+01
-2.0693026600000000e+01
-2.2409161100000001e+00
-2.3924404299999999e+01
-3.0631936400000001e+01
2.0963088700000000e+01
-1.3049378300000001e+00
2.0462765600000001e+01
-1.6669882399999999e+01
7.2204279600000003e+00
1.7125779800000000e+01
3.0889389999999999e+01
8.0442280900000007e+00
1.9955653399999999e+01
7.9350615600000003e+00
2.3975118100000000e+01
1.6836715600000002e+01
-1.2047107499999999e+01
2.5684781900000001e+01
-1.1033407600000000e+01
2.4134139900000001e+01
-9.1535996500000003e+00
-1.1702764900000000e+01
-1.3077133599999999e+00
2.7767552700000000e+01
1.3275351099999999e+00
7.5106337600000002e+00
2.2664141699999998e+01
-9.4454160300000005e+00
9.8902844499999993e+00
1.1230569900000001e+01
2.5011885700000001e+01
9.8422166299999994e+00
6.4202485700000000e+00
-2.5231904400000001e+01
-1.1465448500000001e+01
-7.8913305899999997e-01
-7.5098120300000000e+00
2.4065412800000001e+01
-2.3161516000000000e+00
-1.7933093499999998e+01
-1.2688810999999999e+01
2.1581917900000001e+01
-7.6987539399999996e+00
-2.2094536000000002e+01
-2.1337309900000001e+01
-4.1103748900000001e+00
-2.0971013400000000e+01
1.2215143800000000e+01
-1.7900629700000000e+01
-2.0266569900000000e+01
2.3292699700000000e+01
-2.9434314499999999e+01
-3.7178082799999999e+00
2.2689091000000001e+01
-2.8305860200000001e+01
2.7902298200000001e+01
1.6755449200000001e+01
2.9766587999999999e+01
6.6769447900000003e+00
5.9788809399999998e-01
-2.6382172900000000e+01
4.0732882000000004e+00
1.1376949700000001e+01
2.6732369299999998e+01
1.5256628600000001e+01
-2.9881608100000001e+01
-1.4666008000000000e+01
1.2583339900000000e+01
1.1087170600000000e+01
-2.9475076300000001e+01
-2.2347509800000001e+01
-1.1510838600000000e+01
1.7386751199999999e+00
2.6035393899999999e+01
6.4893869899999999e+00
1.1131396900000000e+01
2.4637519300000001e+01
-6.8915923200000000e+00
1.6850994799999999e+01
4.5804065200000004e+00
-2.0211382100000002e+01
-1.5176220600000001e+01
-1.4867240300000001e+01
3.2445330999999999e+00
-2.8983905300000000e+01
-1.6197817199999999e+01
1.7239094800000000e+01
2.8608191199999999e+00
-2.4057115700000001e+01
1.5840273200000000e+01
1.5717153600000000e+01
-1.0215501300000000e+01
8.7619667999999995e-01
-2.9926600300000000e+01
-1.3345560600000001e+01
-7.6555693299999996e+00
1.2213021800000000e+01
1.6826186700000001e+01
-2.1104057000000001e+01
2.4690011799999998e+00
-1.1304400899999999e+01
-7.9229966799999998e+00
-2.3138005800000001e+00
3.7270041800000002e+00
1.1519594300000000e+01
-1.1750782500000000e+01
-7.5619240999999997e+00
5.7364567500000003e+00
1.1629768199999999e+01
1.5943034900000001e+01
1.5869750800000000e+01
3.1308656299999999e+01
2.6958891399999999e+01
2.7268618199999999e+01
1.0479854399999999e+00
-7.8711725000000001e+00
-1.8047299899999999e+01
-1.4553270599999999e+01
-1.5459346800000000e+01
-1.9983243699999999e+01
-6.6978154800000000e+00
-1.7701675000000002e+01
9.4350725999999998e+00
1.0985191200000000e+00
-3.0932268900000000e+01
2.0617806399999999e+01
7.9148535700000000e+00
-6.7652938400000000e+00
-9.4403593099999998e+00
2.5912085399999999e+01
2.2472602100000000e+01
-3.0513286399999998e+01
-1.2739205200000001e+01
-4.6159373700000002e+00
-3.0262476100000001e+01
1.0066854500000000e+01
-4.8178894500000000e+00
2.2915463899999999e+01
-1.2589386800000000e+01
2.4033724400000001e+01
-9.2466140100000001e+00
-1.8177616400000002e+01
8.7282537100000006e+00
3.0301840400000000e+01
-1.5711294300000000e+01
7.6813095200000003e-01
-1.3438424200000000e+01
-1.4180747999999999e+01
1.7716688800000000e+01
-1.2696114100000001e+01
1.3260651899999999e+01
-4.9814327499999997e+00
-1.3635036899999999e+00
1.7150229700000001e+01
1.8846352599999999e+01
-3.9855552799999999e-01
-3.5073970399999999e+00
-5.5272900299999996e+00
8.4877258199999996e+00
-1.2026985800000000e+01
-1.4050368900000000e+01
2.0311611100000000e+01
-1.9267883500000000e+01
5.9404094599999997e+00
2.0440020799999999e+01
5.8811877199999998e+00
1.1489140000000001e+01
2.8792631400000001e+01
1.9870249000000001e+01
2.4853015100000000e+01
2.3158366300000001e+01
-1.2560996100000001e+01
-2.5114537700000000e+01
1.2542355199999999e+01
2.7500648500000000e+01
2.7371854899999999e+01
2.8418338400000001e+00
1.5758781800000000e+01
-2.7954540300000001e+01
-1.2894883300000000e+01
2.4487769700000001e+01
-5.5988016099999998e+00
-3.0707384499999999e+00
8.2361577599999993e+00
-2.1601656999999999e+01
2.9082858100000002e+00
-2.2636389699999999e+01
1.4523003900000001e+01
-3.1308994299999998e+01
-2.1663829499999999e+01
5.4259328299999998e+00
-2.9932040099999998e+01
-2.1326930500000000e+01
-2.8268225100000000e+00
1.1580057300000000e+01
2.2461521200000000e+01
2.9581924099999998e+01
-8.6133433999999998e+00
-2.4564318600000000e+01
1.7801429800000001e+01
-1.9959611599999999e+01
2.5140430500000001e+01
-1.6645769500000000e+01
-1.4573042400000000e+01
-3.9092154500000000e+00
1.8624292300000000e+01
-1.1908270500000000e+01
2.1676691200000000e+01
-1.3343376199999999e+00
-8.7548721700000005e+00
-4.5125856600000001e+00
3.1148826900000000e+01
1.8950323999999998e+01
-3.0493853999999999e+01
4.0177231600000001e+00
3.5705144400000002e+00
2.5807777399999999e+01
3.0291835100000000e+01
-2.1364521100000001e+01
-1.7991497100000000e+01
1.7437494800000000e+01
-3.1590458000000002e+01
-1.1575839600000000e+01
2.7620160899999998e+01
1.3064051700000000e+01
1.3821359100000000e+01
-2.0130856399999999e+01
2.7497493100000000e+01
-1.7393841500000001e+01
-2.1084767800000002e+01
-1.3071860800000000e+01
2.4260538400000002e+01
1.8331282300000002e+01
3.7690884800000002e+00
-1.1454412200000000e+01
-3.1685849900000001e+01
2.6065688399999999e+01
3.0334146400000001e-01
5.4461313000000002e+00
-2.9475255199999999e+01
-5.2753853199999998e+00
2.4215261200000000e+01
-1.1803101600000001e+00
-1.8174249499999998e+01
-6.2311223499999997e+00
8.7726323399999995e+00
2.4973487400000000e+01
8.0479335800000005e+00
2.5511841100000002e+01
1.9443226899999999e+01
2.6681297300000001e+01
2.3869614200000001e+01
-1.5049355000000000e+00
3.3033475000000001e+00
-2.8371938100000001e+01
-2.8452432999999999e+01
-5.7497094500000001e+00
1.8272564299999999e+01
-2.5290478700000001e+01
-7.7153863899999999e+00
-6.1961637100000004e+00
-1.4813739600000000e+01
-3.0338027799999998e+00
-1.0971336900000001e+01
-6.1672330700000000e+00
1.2504408400000000e+00
-2.7833394700000000e+00
-1.7242530800000001e+01
-4.4001432100000004e+00
1.4054629000000001e+00
9.4834379400000000e+00
-1.5486735200000000e+01
-2.2817811500000001e+01
2.8041130800000001e+01
1.3627852499999999e+01
-1.9275735200000000e+01
-1.3148343700000000e+01
1.8521767300000000e+01
1.8881691199999999e+00
-2.8816079100000000e+01
1.0166787400000000e+01
2.5380310099999999e+01
-4.8388524300000002e+00
-1.0860393900000000e+00
-5.0810543900000003e+00
1.1090923200000000e+00
-1.4498585700000000e+01
2.6966938699999998e+00
7.7896607600000003e+00
2.0960894900000000e+01
-2.0831103599999999e+01
-2.0383670400000000e+01
-1.8282409600000001e+01
-1.4150017699999999e+01
2.6111458500000001e+01
2.1964762000000000e+01
-6.2383747800000000e+00
6.0467140900000005e-01
-1.9535820800000000e+01
-1.4136211299999999e+01
-2.7641146299999999e+01
2.5273605799999999e+01
1.5267428600000001e+01
-2.8680258200000001e+01
-5.6502442999999998e+00
7.5829263899999999e+00
1.0673137300000000e+01
2.3864123199999998e+00
-2.2016201899999999e+01
2.1883504999999999e+00
1.9542396600000000e+01
1.3909601100000000e+01
1.5283803900000001e+01
1.0647255799999999e+00
2.4650655100000002e+01
-6.7097026599999996e+00
8.1370744599999991e+00
1.4791536400000000e+01
1.7128910399999999e+01
1.1923585599999999e+01
2.0235135100000001e+01
-2.6839892800000001e+01
2.8071982200000001e+01
2.2618946900000001e+01
-5.9669648200000003e+00
-2.0151793600000001e+01
9.1305943799999998e+00
1.9825976499999999e+01
2.8529030099999999e+00
-3.5584839100000001e+00
-3.1278959600000000e+00
1.3562720799999999e+01
7.5410844099999998e+00
9.3805962699999998e+00
3.1173635600000001e+01
1.5830814300000000e+01
-6.0612295299999996e-01
-2.2327606200000002e+01
2.5748326800000001e+01
-4.9324598100000001e+00
4.0746306600000004e+00
9.4671787399999996e+00
-1.9591686299999999e+01
2.9686051400000002e+00
-5.5307972899999998e+00
-8.9752854500000001e-01
-2.8694275200000000e+01
