# CEC 2010 F11 permutation vector 0-based (D=1000)
620
69
380
24
573
861
322
596
652
56
990
125
870
245
282
162
88
466
991
258
809
918
687
898
740
529
398
733
340
845
922
3
32
170
369
685
157
781
525
895
171
294
631
658
665
567
38
412
5
248
591
882
59
348
393
279
806
25
719
361
706
530
333
694
504
982
221
604
99
409
944
475
908
823
68
222
920
656
709
312
197
81
838
558
387
736
214
193
962
598
814
13
900
824
349
10
367
238
431
260
185
509
966
693
872
172
896
274
329
126
404
181
737
332
605
430
342
375
339
293
454
308
883
276
565
378
704
441
72
250
492
66
677
96
136
813
158
177
206
241
205
692
865
137
2
726
12
127
402
134
853
935
0
358
478
634
801
786
251
394
153
447
374
758
192
863
712
973
299
516
155
583
297
633
889
766
584
265
708
318
33
927
950
579
978
321
979
629
283
592
433
762
877
184
147
672
673
307
451
602
485
970
483
846
464
834
868
233
257
16
346
370
862
724
493
285
462
338
188
261
62
691
523
496
798
928
146
379
416
327
403
301
562
701
956
401
476
74
828
11
513
4
888
871
435
742
512
769
668
663
632
675
783
984
955
909
647
874
788
967
848
446
983
1
681
80
345
187
511
655
807
360
209
129
204
151
353
926
612
408
585
995
539
196
442
176
220
106
355
39
58
432
52
787
666
601
952
653
174
498
639
391
560
320
836
473
680
835
302
508
702
923
517
459
273
833
866
628
336
57
670
664
300
556
331
396
243
323
460
703
829
133
160
359
139
70
662
434
465
892
237
266
381
22
661
619
553
572
767
915
594
400
778
996
977
994
851
494
864
89
907
54
420
867
765
484
674
15
232
588
912
621
905
118
894
64
772
799
247
288
743
627
847
267
352
738
500
544
311
789
998
794
542
351
71
590
660
669
382
218
55
83
143
715
768
776
422
202
44
727
195
880
699
119
697
317
135
411
756
603
913
399
515
958
625
924
8
812
469
941
194
555
467
695
445
587
303
130
417
569
93
103
255
424
284
275
252
954
439
921
315
199
936
148
140
384
141
790
700
547
249
649
200
969
116
98
290
486
893
683
330
860
46
808
648
366
405
455
635
600
800
410
771
304
75
613
735
86
841
960
761
305
223
190
37
939
76
390
854
474
624
326
957
826
240
749
876
161
503
564
376
980
897
597
520
574
368
104
752
609
149
443
630
887
287
328
30
450
262
754
546
718
20
505
452
959
690
423
514
914
519
108
989
949
128
386
306
246
100
795
9
610
637
589
471
268
536
286
215
710
714
229
41
791
595
541
263
858
264
618
166
522
313
254
90
777
764
606
45
107
309
965
686
495
842
362
948
782
203
344
17
414
785
779
191
545
617
925
611
115
224
31
717
230
856
84
820
292
773
945
490
109
479
397
759
528
208
526
40
951
316
538
421
688
295
899
210
395
142
890
198
827
570
363
638
236
356
415
354
943
63
457
837
859
623
981
534
533
667
831
497
131
383
651
917
324
453
488
298
615
746
577
521
91
347
427
337
270
879
28
884
49
121
976
616
963
428
689
986
607
228
272
94
463
679
734
947
92
65
711
392
931
549
972
280
97
739
389
506
811
449
626
816
916
911
524
578
774
507
183
987
373
117
14
364
849
7
642
932
291
310
563
745
654
234
993
886
372
47
891
757
716
906
705
413
440
818
537
904
744
902
576
325
961
839
805
575
676
802
87
804
120
217
559
111
910
152
817
730
418
168
659
51
182
844
269
227
644
231
999
682
60
641
938
964
857
165
314
903
19
751
825
407
784
640
48
114
73
426
156
643
150
173
448
334
780
167
822
159
850
437
341
671
477
256
608
113
869
277
436
940
42
684
79
189
145
971
581
175
985
760
532
35
123
763
235
213
122
78
527
946
253
937
728
933
554
377
953
852
95
219
729
186
929
832
50
480
319
110
212
481
582
753
468
942
132
154
164
163
102
61
614
557
179
622
873
720
741
207
36
975
144
124
501
169
803
499
343
568
289
775
650
281
821
698
992
875
53
747
365
85
77
645
543
216
599
510
23
713
561
797
934
419
21
271
707
586
244
748
6
770
357
552
840
550
180
26
723
535
29
646
444
491
138
43
438
385
259
968
721
792
406
885
750
548
112
593
793
830
425
901
461
696
350
843
489
335
518
551
815
531
27
571
997
225
472
34
810
502
755
678
540
201
296
919
855
67
974
178
796
226
731
722
988
105
456
458
101
566
487
657
878
482
211
429
239
580
930
242
636
18
470
82
819
732
278
388
725
881
371
