# CEC 2013 LSGO F10 rotation matrix (50x50)
7.1147508868111076e-03 -3.1693397820852669e-02 -1.1099604614096931e-01 -2.1474877898502470e-01 -1.2017156944261380e-01 -8.6165827789574670e-02 -6.5152685477896349e-02 9.9758244557431361e-02 -1.5047127904635711e-02 9.9118015436148565e-02 -1.2253291953483410e-01 -1.0177687633892880e-01 -1.0961288953882990e-01 -3.8774650151661982e-02 -1.5802196248350289e-01 1.1819082461375340e-01 1.2873721835848689e-01 -1.0350508372914180e-01 -7.9525673687460122e-02 1.2313508712563059e-01 1.6152119571395940e-01 3.6171727928825767e-02 -3.3887201743395351e-01 4.4616018975399768e-02 9.5397724163772485e-02 3.1493419376238407e-01 -1.1632093912456860e-01 -8.0093590337407844e-02 -1.5736673238825991e-01 1.2904600197934771e-01 4.2568744319613487e-02 1.3214751094921481e-01 -1.2963314845131080e-01 -3.1438270470540430e-01 4.4612872673100663e-02 1.5939895536145551e-01 1.3892207581050101e-02 -7.4397753549093988e-03 1.6669398678875600e-02 1.1644778348360980e-01 1.7249629208928680e-01 1.2517157413557239e-01 -6.5051295131564393e-02 -2.8569167051907629e-01 5.9230370669422598e-02 -6.1018970655971887e-02 2.0634771650034850e-01 -1.7973249910500119e-01 1.8003716187786020e-01 -1.7809415383790919e-01
5.4419160913091971e-02 1.7702909090501190e-01 -9.2417516597200437e-03 3.8238150197827048e-01 -5.6670708753335262e-02 -3.1106076403141841e-01 -8.6039769460182172e-02 -1.0817020894505629e-02 -6.3363533672652697e-02 -3.2476498539410092e-02 -1.0619426411503610e-01 -4.2294078529499853e-02 8.7547372657257086e-04 -7.1974844825782022e-02 -1.4287188270647019e-01 1.7493180947665051e-02 1.0409732644568299e-01 2.1342530216763719e-01 -2.3189185789297281e-01 -2.0657092622199591e-01 -1.7755996172234521e-02 -1.3769017518557281e-03 -1.6895667667394260e-01 -1.2845540990873999e-01 2.0642459985470402e-02 -6.9139954610184509e-03 -2.7941981955997802e-01 -1.0505113894434050e-01 1.3792561980935061e-01 1.0343507458977209e-01 -2.5368088484111823e-01 2.5916669900049127e-01 6.5017104390124578e-02 2.4973696832777159e-01 1.3082449702532969e-01 -1.6243662147905750e-03 1.3247248350563839e-01 1.2583582235677669e-02 6.9448335883106060e-03 1.8559097768273369e-01 -2.4361967205561250e-02 3.5732134093192629e-03 2.1106714874783841e-02 -7.9695089346786305e-02 -2.0188782512026979e-01 6.8458372535080678e-02 -7.9837766786223702e-02 -7.0097529481340501e-02 -1.3667973484310431e-01 -1.0832023191397059e-02
3.5976866488700882e-02 1.1090286000070371e-01 -1.9982539054452281e-01 -1.1780480711229660e-01 -7.7296738943045104e-02 1.0793883689645460e-01 -1.9226903812668919e-01 5.9085920681480768e-02 -9.8058739734152897e-02 1.7117556659720919e-02 1.5127451239981829e-01 -3.3364540441612182e-02 4.7902977211365660e-02 1.1037738878069111e-03 -2.9235375465848611e-02 8.0951596844048096e-02 -1.5454564377145890e-02 -1.6413605847463281e-02 1.0775376900349209e-01 2.5125436393517447e-01 1.0823706054640431e-01 -1.3346656051826619e-01 -5.4559456968308662e-02 -1.3102806491103591e-01 3.7257408201426707e-02 -5.7538997283255899e-02 1.1456502396367090e-01 -1.7520790820085380e-01 3.1565050878253798e-01 -1.0499417074785870e-01 -1.3695280711329860e-01 -1.4916612057796491e-01 7.7256324614861718e-02 9.9798800229808707e-02 6.8360194675556388e-02 3.3848714141377377e-02 1.1851922266848020e-01 1.6421652042322740e-01 -7.0676510870910203e-02 2.1359992158616120e-01 6.2279341261106368e-02 2.2364552260699730e-01 2.2120671757476451e-01 2.1646417438736490e-01 1.4651655799648070e-01 9.1684158476204286e-02 2.5513792530627272e-01 -2.8540333962127062e-01 -1.6851681233530350e-01 1.9469904230938961e-01
1.8829126090764611e-01 -7.3024918493856351e-03 -2.3124290724426511e-01 -2.1761941030495949e-02 -6.3808156068308836e-02 2.8349501677597842e-02 4.1473809395972933e-01 -8.6830529852051697e-02 1.4406880024687219e-01 -3.4643454886293590e-01 4.1805411607018013e-02 5.8899667029642153e-02 3.8130370731508358e-02 -1.7484361309141891e-01 -1.2336695636235100e-01 1.2647691296204491e-01 -8.9407332601153702e-02 -1.3971122017348031e-01 -5.0757105531509507e-02 2.6264371755522740e-02 -1.7511452558484969e-01 6.8758391391042464e-02 -2.4739346327450151e-01 1.4635822641074150e-01 1.5123930645682790e-01 6.8481217508492342e-02 1.0081886943891601e-01 6.1418194706703302e-02 2.7156695202433068e-01 -3.0869484149347669e-02 1.1789704525397330e-02 -6.4591459960833222e-02 -1.3839859271582549e-02 -1.7029245034616661e-01 -1.4827087395920380e-01 -1.2143908797293400e-01 1.3373229820429011e-01 5.6156902362294182e-02 8.9685726443655925e-02 3.3619227153242913e-02 -1.4613198778560391e-01 -1.2530817913469389e-01 1.8234747655763339e-01 -1.6662329968801359e-01 -1.5265934048200810e-01 7.6635990601580703e-02 -2.1022876487652751e-02 6.5718283843268804e-02 -1.3288147327480071e-01 4.2243522480117889e-02
-1.0289345875062671e-01 1.7944445387778121e-01 7.3702108749199274e-02 2.3226602826017431e-01 6.1874671463947248e-02 1.9772498008739431e-01 -2.9594719160725091e-02 -2.3911843548522621e-01 -1.6795285721471981e-01 1.2079672931688760e-01 -4.0587344400219827e-02 1.6114590262393841e-01 8.0092639969181631e-02 1.0648357840854830e-01 -1.6531118467893041e-01 9.9639180252008283e-02 6.8428465480442416e-03 1.9806240970550160e-01 -1.3388381484850461e-03 -3.6292281852698512e-02 8.7705125312973337e-02 -7.9348421384198689e-02 -9.6367182690522517e-03 -1.1934742426765781e-01 -1.6192034472241651e-01 -1.2690648263996909e-01 -7.6088810341762583e-02 -2.1509501663819511e-01 2.7920838207391638e-02 -2.0067444151539240e-01 1.8422852389752059e-01 -4.5292942667476598e-02 -1.1201002980111130e-01 -4.5621784782162239e-01 -2.3952014812590991e-01 1.6951974260409591e-02 1.1583273166527780e-01 -4.8930156876255793e-02 -9.7873201206150853e-02 1.0684504617980990e-01 1.3530164413696591e-01 -2.0834672933778259e-01 1.7561487716160781e-01 -9.5182386685739431e-02 5.2415896715946243e-02 2.1374403593367300e-02 -9.6793800960618293e-02 7.1314224084348824e-03 -3.1720806054714147e-02 -2.6483358608416750e-02
-1.8147913093011001e-01 -1.0231130197003920e-01 6.9710063697208613e-02 2.1691724910768481e-01 -4.3707472535711870e-03 7.5405302829501919e-02 1.4261575381678340e-02 1.2419876758846130e-01 3.9894971118557498e-02 7.2817395436266169e-02 1.0701808060622060e-01 -1.5838321700799510e-01 -7.9529894625110370e-02 -1.7245774175971029e-01 -1.1621861756124700e-01 -2.4667140953558270e-01 -1.1026780182455929e-01 -2.3654658114248811e-01 7.5403241332782311e-02 6.7445421916725826e-02 1.0425564447375441e-01 1.6604496439689409e-01 -1.6557748271907641e-01 -2.0168083557987179e-01 6.0890372982402803e-02 -2.9542588249301310e-02 -2.0252391549647400e-01 1.4042309917023749e-01 -1.8986732669932910e-01 -4.5448885801490660e-02 -5.1839259014238082e-02 -2.1865194452751269e-01 1.9453527348699731e-01 -1.2825635794768189e-01 -1.2415368463173150e-01 6.9487200985458047e-02 -1.3386005879440549e-02 5.3744005221062367e-02 2.4072994829788499e-01 1.5408002523712991e-01 1.8079642483908160e-02 -6.1252149638540469e-02 -1.9886229552757040e-01 -7.9381632889184151e-03 9.1009865579132543e-02 2.5990604288679919e-01 -1.5800191027061461e-01 -6.3653628711010005e-02 -1.8825948507433329e-01 2.1775784884453231e-01
2.9767940522436441e-02 1.9915726628470749e-02 -4.7292262910474378e-02 -1.7472998752295449e-01 -2.2136141518995300e-01 2.5970545481818211e-02 -6.0859449803394939e-03 1.9138655172020760e-01 8.6002972821840190e-02 1.2697181252421749e-01 2.0941634921485411e-01 -2.5849167058563760e-01 3.0467163356123522e-01 2.0947283876496769e-01 -9.5886889997617242e-02 -1.0499284462000040e-01 1.7269792032791861e-01 4.0841043892445472e-02 -4.2733143147401828e-02 -1.2035965038003051e-01 -2.2726566779979929e-01 1.3704193095769640e-01 1.0250115550761110e-01 -9.4891117461650007e-02 -6.0296745016058341e-02 1.2245962221622060e-01 -2.8311378751846819e-02 -2.1687177250793099e-01 9.5737572832162166e-02 2.4741572775670631e-01 3.2522545241041440e-01 -2.4622694670984852e-02 -1.2463764454290351e-02 1.4830130347090681e-01 -2.3962163712486589e-01 -2.5663190533726551e-02 -1.1298113346678409e-01 7.6061662925960866e-02 -1.2895708530997690e-01 1.2083767192932120e-01 -2.7610020475638469e-02 -1.1487888712112169e-01 -3.3008977111186839e-02 -1.3918566292724641e-01 5.2821762076865807e-02 1.0999354266653549e-01 -7.3429700784888821e-02 3.5732923898054568e-02 -1.4607183139571961e-01 -1.4179578299876729e-02
6.2046760434454867e-02 2.7088020464398233e-01 5.1646630435948172e-02 -3.3903789000572268e-02 -2.5179255671542632e-02 -1.8115870927594660e-01 -1.2112885677495169e-01 -2.3194228276385679e-02 5.8394098457212072e-02 -1.4884758206878579e-01 -1.2804580008167329e-01 -1.8063591229787509e-02 -9.8554936670401064e-02 -2.3358202011733381e-01 8.2428217870719273e-02 9.5558986651199371e-02 2.5911758830192630e-02 -1.0827866440384210e-01 4.1472458435135043e-02 7.3160616587757632e-02 -1.1002458906962960e-01 -4.6596816547639593e-02 1.4858193089018010e-01 -8.7773690933096293e-03 1.5329404639832249e-02 -5.9151528627640483e-02 -2.5860774632637851e-01 -1.0087270433134250e-02 1.4799134146857029e-01 -9.4338218541624691e-02 2.4972908024164661e-01 -2.5438095583994419e-01 9.1757795652512263e-03 5.7769904409816998e-04 5.5244892061447797e-03 4.2537027645235470e-01 -1.7844823842476540e-01 -1.2987824743419210e-01 -1.0548098460162331e-01 -1.6376032237222099e-01 9.9713143417522451e-02 2.1893786757630029e-01 -6.5106174355655331e-03 -2.0655502726316621e-01 -3.4872025771279111e-02 -8.9447237270333491e-02 -4.2791692339701072e-02 1.4409942076503271e-01 -2.2753467527024260e-01 1.0696180686298259e-01
-2.7962641711083552e-01 1.3100192482208781e-01 -1.7179746047555511e-01 1.3263388649391750e-01 -5.8427202487062319e-02 1.1972535128639420e-02 -6.4686923425022289e-02 -3.7252498884642507e-02 -1.2751554671457030e-01 -3.1479915903168793e-01 9.0062133363078389e-02 1.6990849568760880e-01 -6.6969361932226079e-02 1.9252707229839228e-02 -1.4963076363489600e-01 -1.2732915774390829e-01 1.9752007639109850e-01 -3.0273605968430321e-02 -8.6148779480673093e-02 1.3283183726041309e-01 -1.2003106897082320e-01 -6.8789042446550458e-02 7.0118519537629848e-02 -2.2788529447543931e-02 1.2104947936698771e-01 2.0583916036067221e-01 -1.4417035997692441e-02 2.2314446721617490e-01 -1.0118805585196371e-01 3.7450449571970051e-03 -4.9444855476291197e-02 -8.4508078470372283e-02 -4.5514337705739233e-02 4.9252512324959800e-02 -4.7376927748862971e-02 6.7335923633582971e-04 -5.6176743589653820e-02 -1.2616407385228490e-01 -4.1918537284650909e-01 -1.2729098948510739e-01 -4.8993591372072418e-02 -1.2468870696090700e-01 -8.2615119008896898e-02 1.1394501180853379e-01 8.2822329328313293e-02 3.2727149218501711e-01 1.2860845731347931e-01 -7.4223358449336183e-02 3.0420536644573361e-02 -2.0916076065170880e-01
-1.0671959138683530e-01 5.6439882082103411e-02 2.3459946550144101e-01 -2.0151133009294689e-01 -1.9928262413255829e-01 2.3428011050022021e-01 9.8861141398374222e-02 -3.1933634079570339e-01 -2.0930895884851111e-01 -2.2424495568199260e-01 -3.0764312932206141e-02 -3.9518943081610448e-02 1.3729544370276461e-01 -3.7608380305787552e-02 -7.3431370089039813e-02 -1.1471745641711049e-01 1.1801619693102051e-02 -1.6511022944925621e-01 -9.7778609917386017e-02 -8.9742773527437092e-02 -1.6908516598936869e-03 1.3597246166110791e-01 1.6345520522094709e-01 -3.0980584507204079e-02 1.0052410438331980e-01 1.9502443076495671e-01 -9.5354340962580941e-02 -9.0903205292123257e-02 -4.2339884928403043e-02 -1.4019670159253159e-01 -6.2859425761381579e-02 1.9371899578679719e-01 -1.1098319360561321e-01 -2.5953330819196960e-02 2.1692886493466129e-01 -1.6430014092132339e-01 -1.8945763422300321e-01 -2.9106147099508761e-02 7.5846707150837604e-03 6.2129843667095543e-02 1.0698299621649709e-01 4.0678710549520228e-02 -7.2150872008308845e-02 4.5990639817195027e-02 -1.0544258661027930e-01 -1.9532488284197810e-01 -4.8256178820437742e-02 -1.9596013181301791e-01 -1.6487415278032691e-01 2.5119595338283202e-01
-1.6948258787289009e-02 1.5383644584046810e-01 2.0915112299500931e-02 -1.9773212512892220e-02 1.4788102860913341e-01 8.9402386565122349e-03 5.0974396527923453e-02 -7.9174385820216422e-02 -4.6151292018240989e-02 1.0107451425906040e-01 1.6366819634742619e-01 2.8410373199593791e-01 -1.4802513112899371e-01 6.4490323922260936e-02 -7.5824412896940571e-02 8.9149460425010402e-02 -2.0030630118074699e-01 9.1035692327359766e-02 -7.2753218092207680e-02 -1.6467393726474090e-02 -1.6088985395330929e-01 2.3406526669298368e-03 -2.7005973464366961e-01 -2.0749983067260461e-01 -1.8327188754744619e-01 1.7661492957281799e-01 5.8954523918668338e-02 -5.9864141620473058e-02 -3.4276162418057032e-02 1.7426675708018671e-01 -8.1326392973641085e-04 -6.2466529562584472e-02 -5.1747101350595272e-02 2.0611121342260949e-01 4.6575330913042987e-02 5.2956556343611821e-02 -2.8731606686117261e-01 -4.6033150459537132e-02 2.3156261990747021e-01 -2.2355126615298521e-01 1.4351386090740159e-02 -2.5535605573685960e-01 -2.2399353651505541e-02 -1.0143882855822731e-01 1.1795181905955140e-01 -6.5891756064131210e-02 2.9825795043954412e-01 -5.0221528269998622e-02 -8.2385924392604559e-02 2.2476885920511031e-01
1.0843010978836580e-01 -2.3311416422451620e-01 -7.2121827308136363e-02 4.8578018337074300e-02 -9.2386725148624504e-02 1.1551221468857641e-01 -3.0434989408416331e-02 3.2772555665753189e-01 -2.1658938863784161e-02 -1.4914267661361011e-01 1.7812619871576819e-02 1.9536902192898090e-01 1.8888192930516751e-01 2.9031312676123272e-01 -3.4327398016296411e-02 1.0458888003369531e-01 -1.1180776190511339e-02 4.5696633092231632e-02 4.8708685187050772e-02 2.6371505680125468e-01 -6.1108591218661537e-02 1.5587063850953131e-01 -3.2192126529518007e-02 8.7776935433262551e-03 -1.8192346725394831e-01 3.7275110709173290e-02 -3.7665960883121979e-01 -6.5082073937578047e-02 5.6957129017820823e-02 -5.8789420106564592e-02 -2.5951166180834018e-01 -5.0943242839317802e-02 -1.7701265648562101e-01 -6.7434075399402021e-02 9.9635331664693957e-03 1.1985216605965721e-01 -7.3756044119286102e-02 2.8055368502144240e-02 1.8714458011157089e-02 -1.8110056195784441e-01 1.2612984254550330e-01 -6.6191752798713229e-03 -2.1843078868353610e-02 1.3180772624751069e-01 -2.6136545736986733e-01 3.2547459851980719e-03 -1.2005054549000180e-01 8.0265437821759086e-02 1.1842176645488690e-01 1.2499172927719060e-01
1.3965075272641109e-01 -7.5577976341802841e-02 -1.9079256597695131e-03 1.6123773303610789e-01 4.2602161941099038e-02 1.9888010058231809e-01 4.9066096004432097e-02 7.7881855923227369e-02 -1.1167423497668680e-02 -9.6183077329078742e-02 -5.6760703521454889e-02 -1.4646688937104960e-01 -7.7277054094114409e-02 -1.0433509265184319e-01 9.7756986622734035e-02 2.5293042114182168e-01 2.2137783162960691e-02 -8.6817491150739057e-02 -9.5976425250860378e-02 8.2069957667532278e-02 5.5221995974269203e-02 -5.3976668797892882e-02 1.1465809827805760e-01 1.6550260062124990e-02 -9.9874923122328527e-02 -1.4167862441179671e-01 -1.2698965453926100e-01 -1.9681183035872010e-01 -5.8063863360250323e-02 2.8421175135474142e-01 1.0237369143175550e-01 2.3031071644573251e-01 2.4449643712191710e-01 -1.3803489763105581e-01 -1.0938650379583180e-01 -2.5834864009278308e-01 -1.8449697560314868e-02 -3.2918766584991149e-01 -1.0722147351541141e-01 -1.0870106603295460e-01 -2.9032697272986949e-02 8.1630556259550305e-02 -1.4113066641565711e-01 6.8459501536594566e-02 -1.0671622965153719e-02 1.6496243246286790e-01 3.1795618397130471e-01 1.9343040072843869e-02 -4.1499181980860680e-02 2.1535640957887409e-01
7.9969420013309127e-03 1.2586685829056199e-01 -2.1233488644722970e-01 3.0796330382612890e-02 -4.8285316006244243e-02 -2.7386749985930259e-02 8.4893193052060334e-02 9.1012575615049288e-02 -1.3102824436846711e-01 -1.2053252004783591e-01 -1.8411160707303431e-01 1.4740148315338730e-01 1.6893914458504439e-01 3.4302583159521128e-03 -8.4012778280872363e-02 -9.4227739316392500e-02 -9.7321380067900004e-02 -1.4590988856877571e-01 -1.4346059569236741e-01 -1.1003941115655671e-02 1.7429307661000570e-01 1.8468844113694871e-01 2.5217955474329579e-01 -1.7994991249381209e-01 2.5505554953800129e-02 -8.4513785953841764e-02 2.7935575263353202e-01 -3.0141977155690691e-01 -2.0444924218164809e-01 2.6191975659235400e-01 -1.0191508654002110e-01 -1.8354290481563060e-01 2.2131611404716861e-01 -4.0064855938464483e-02 2.9816256135618550e-02 1.8965661334131781e-01 1.8845041039776420e-01 4.1091822178651663e-02 7.9118457960633964e-02 -2.0981502605439481e-01 -1.6066482617008330e-02 -4.0708779040720573e-02 -1.4050563832338421e-02 -5.5292352729074040e-02 -7.4928454243692627e-02 -1.5771861740480189e-01 -5.9912111986226133e-02 -1.1540476171868130e-01 -2.5225938724063288e-02 -1.2827613841846169e-01
-1.1216572382168419e-02 -9.7545898695689831e-02 -1.1655814455296379e-02 -2.0063927881536339e-01 -9.6954393714503317e-02 9.6375560371559796e-02 -1.6473461697173131e-01 2.6376714520688290e-02 -3.5920008465234019e-03 -7.8869386272372000e-02 9.0227395217346660e-03 -4.7919138098208802e-02 8.3637736323773318e-02 -2.7860886261775758e-01 -7.0776346657699628e-03 -1.5489803253868009e-01 1.4337985013227880e-02 2.6157762397571161e-02 -3.1576312376082889e-02 -2.8620677726059218e-01 -1.4202432092660619e-01 -3.5497664350756758e-01 1.8757423290407940e-01 -1.3758375061167880e-02 -1.9320766467464870e-01 5.0280677409155986e-03 -9.7665162688695004e-02 5.7756418125731533e-02 -7.2142678290645860e-03 1.0874677449410400e-01 -3.0965487590360841e-01 -4.5585601179087533e-02 -2.3299138827095589e-01 -9.7406758074189650e-02 -1.0804207823419459e-01 5.2022514843783670e-03 2.9735764002146731e-01 5.4740268598094492e-02 2.2027586594252160e-01 -1.3981327212769601e-01 1.7562499244947460e-01 -5.2276511691658568e-02 -1.4153984978710430e-02 -1.0388416960825630e-01 9.4041454358671936e-02 1.0378482427838860e-01 1.9132690796324051e-01 1.2856224211956790e-01 -9.1525077567160079e-02 -9.5987983654424805e-03
8.3420013617483788e-02 -2.0743154533835151e-01 -5.9529684025542443e-02 -1.4872662724011990e-01 -1.3708704411983899e-01 -1.1103132892299609e-01 -7.6019939922508549e-03 -2.7488971919211602e-01 8.8260392652964634e-02 8.1598443146008851e-02 1.0525020401079779e-01 2.9569854327524497e-01 -4.6914425674473931e-02 8.1601720905449635e-02 1.9481392487792770e-01 1.9855812011227361e-01 -2.0357112398216229e-01 -2.4679242976271240e-01 -1.2983989520382189e-01 -1.2294944286646400e-01 1.1049320968938540e-01 -1.7962050073697930e-01 -1.1338177630496070e-01 -2.3425821160315691e-01 3.9356779787570663e-02 1.2938903300407331e-01 -2.0763290452460981e-01 -1.3772930511232401e-01 -1.9543561756439379e-01 -1.3323824726459680e-02 2.2521059513899551e-02 -5.5663921054949952e-02 3.8864351660675693e-02 1.2792801162702211e-01 -1.4683748713207970e-01 -6.3258243109591425e-02 1.7342106993095480e-01 1.1353669474316340e-01 -2.6745363027536839e-01 4.6377697277095231e-02 -2.8742486484166791e-02 1.0921235682861910e-01 -1.0804237912612240e-01 9.0105621869701641e-02 2.1616264298155819e-02 2.4457382169405351e-02 -1.5250832114463811e-01 1.4543955361917141e-01 -1.0135821018788101e-01 -3.3858315342288177e-02
8.6782569431718595e-02 1.9046708148705179e-02 5.2009414956648799e-02 -1.4379024000049300e-02 -1.2999044042920049e-01 -1.2369130952668780e-01 -1.2949334691078240e-01 -1.8947942476436269e-01 -1.6984543526697440e-01 -1.2229833197361180e-01 -3.5737269845530911e-01 -2.0919392994941170e-02 -3.8438363866628432e-02 1.3433101161714009e-01 -2.7814047630091498e-01 6.5773709336400241e-02 -1.3280290326715519e-01 -1.0803537388721990e-01 1.8678954020111729e-01 2.6565146483360619e-01 6.1304059874850061e-02 -9.7562167174106373e-02 1.4028452537363470e-01 5.2340968038448260e-02 1.6977886309901311e-02 -3.8650461200356347e-02 -9.3670731532974269e-02 1.1456314097834951e-01 3.7213380957407130e-02 2.2287355407249829e-01 1.4977047875225569e-01 -1.1027019501128980e-01 -9.5324673546908670e-02 2.2020126502469561e-01 -1.5602853694265850e-01 -1.0037209809774510e-01 3.9852060151654760e-02 6.4347583850014892e-02 2.1374661323839819e-01 2.8912452935868521e-01 -1.7771915146778970e-02 -2.1625900883747631e-01 -1.2792471117364779e-01 1.0474818483098930e-01 -1.3320914308263260e-02 -5.1868137329736878e-02 1.1296867136049921e-01 1.5763672097746800e-01 9.7257119646457793e-02 -1.0424782280170110e-03
-1.9643537748497039e-01 4.7998626124798389e-02 -6.2855406839910533e-02 7.1924928834806653e-02 -2.1572734481635561e-01 1.9938137598360781e-01 1.1248746693352320e-02 -8.3783625314749668e-03 -3.0606941690903462e-02 7.7457351248845854e-02 6.4973241596801734e-02 -1.4544154943921020e-01 -4.5891830140108239e-02 5.5774180749982347e-02 1.2885268322366689e-01 -3.4673986502827013e-02 -7.5465034485269838e-02 -1.6968867614125100e-02 -1.6252777000813690e-01 1.4330079805729790e-01 3.0402224014653240e-01 -2.7367204957699659e-01 7.1212924134833516e-02 7.4291320758460358e-02 8.4976939130174164e-02 6.9648804764349301e-02 -8.9395396327137069e-02 1.9072101530661200e-02 -8.8358086489787283e-02 7.5250596553050914e-02 -1.0787014082282210e-02 1.8075368811929071e-01 -9.5243699978321814e-02 6.4883268298310509e-02 -1.0829617859401590e-01 2.2926814244883079e-01 -1.7737022652563039e-01 6.9011701710992718e-02 1.6216066821052741e-01 -9.9103178737355566e-02 -4.0915025848783543e-01 -3.3227116979051570e-02 3.8804101125803508e-01 -6.4359610952992544e-02 -1.4444566938749559e-01 2.9193567030215639e-02 -1.9380841968882359e-02 1.1341277939257691e-01 -4.7030234109319738e-02 1.7965507596807210e-02
1.2386823431355549e-01 1.3997818705418549e-01 -1.2364912256414209e-01 -3.5528135796973573e-02 7.3100328768159986e-02 1.6972022636891571e-01 2.2655584771591120e-01 4.1101684713181992e-02 -1.6247764440637699e-01 1.4922795929545399e-01 -1.5335865417683470e-01 4.3460602016884307e-02 -2.3247403647531459e-01 -5.6647263589861357e-02 1.6116468359315991e-01 -2.2374798770493079e-01 -2.3839443668721391e-01 7.9969242874867036e-02 1.5966328610406411e-01 4.0989157396064492e-02 -6.1819040096936064e-03 1.3674422807640230e-01 4.6221775582157842e-02 -1.9646532427150051e-01 2.8986971835455160e-02 -9.9282296450622309e-02 2.4290083206633981e-02 -2.3240621664430229e-02 1.0386859534101640e-01 1.8632258792596890e-01 -1.7782471553083809e-03 1.1305533203408430e-01 -4.8453803626927172e-01 -4.4589997754086253e-03 3.8422965750153602e-02 -1.4637233448188589e-03 -6.5829645257044636e-03 6.2432322708466083e-02 -1.6018340391013211e-01 6.5690907124467929e-02 -5.8788516549489009e-02 1.9715880750317150e-01 -1.7770665172505790e-01 -7.7528455482233097e-02 -9.0358762951991412e-02 2.5680967717370368e-01 -6.5391444415466127e-02 3.4778336172979329e-03 -5.2954095375407823e-02 -5.1716264907905457e-02
-5.3863448889386732e-02 -2.3833640168980280e-01 -1.1165892049482209e-01 -2.1388377261082090e-02 1.0390652634338830e-02 1.0676937845484340e-03 -1.2518487984945270e-01 -1.1702935223230020e-01 -1.3090817274963629e-02 -6.6274740961446088e-02 -5.3794325528488722e-02 -6.6412411481515650e-04 4.3043747305145187e-02 -2.5424504208249901e-02 -3.2790840375709068e-01 4.6624534573426031e-02 5.4102281754913863e-02 -1.5058540387051650e-01 3.1946444852307833e-02 -1.2183258472377960e-01 -9.1114447755335892e-02 4.2762487091350332e-02 -4.5721896287160772e-02 -1.5197602102567209e-01 -4.2468864863052742e-02 -3.2106842889650011e-01 -9.4227947059772166e-02 -1.9058513048162791e-03 8.5183761139560082e-02 -6.4676670310231813e-03 1.9572153775113380e-01 1.9544659456581151e-01 -7.0906904785538530e-02 -4.3987660023243010e-02 2.8929497895183048e-01 1.0277605725775291e-01 2.9888174578474109e-02 2.4438945295918990e-01 -6.4225922416284928e-02 -2.4387717431304609e-01 -3.5134591859500031e-01 2.9435943813377181e-02 2.9343639891262780e-03 -6.8480880449937012e-02 2.6880421544041377e-01 6.6813061659980535e-02 -4.0247893224485999e-02 -2.7653763132138919e-02 2.0763707346810209e-01 1.6496769049250229e-01
5.0612101409804107e-02 4.8512076502124218e-02 8.4635853135270944e-02 -2.7468295789356773e-01 2.7402916660437520e-02 2.8837334943213808e-02 5.3617259768376398e-02 -1.1483585923115430e-01 -1.5960897707471211e-01 1.1090083269014760e-01 1.3350540066527869e-01 -8.5368818042021472e-03 -2.3562838736450251e-01 1.9046440432832579e-01 -7.8702262608184928e-02 -2.2993966064706839e-01 -9.2586540458976546e-02 -1.3706399989249879e-01 -2.1657357249884651e-01 1.6393994839082299e-01 -1.4726672236013569e-01 -1.8164419204660130e-02 1.3747675131330300e-02 8.1794398428527940e-02 -1.4302369027287590e-01 -1.4638273483934380e-01 -7.3685245776348718e-02 2.7888872144222299e-02 1.8254709922840309e-01 9.1852128002608540e-03 -2.2754450041578490e-02 1.9431173087940931e-01 4.1363367198769940e-01 -1.2578942788963071e-01 1.7960502540871301e-01 1.5264862621137049e-01 4.6484270327662801e-02 1.0930543242998440e-01 -9.3515878992934710e-03 1.2533672508549591e-02 1.7330133885575541e-01 -1.0371883168099660e-01 1.0874350337715119e-02 1.1840842814610781e-02 -1.5701517497281869e-01 1.7372576162997580e-01 3.2942939424232917e-02 2.0297108542815351e-01 -3.6115201505638309e-02 -2.0538633274647081e-01
-1.8471322845255281e-02 1.6102804152949640e-01 2.0745536147877011e-01 7.9426525046749200e-02 -1.8955760724428181e-01 2.8360187050550362e-01 -1.5643328620948280e-01 -1.2518535928419941e-01 -8.3210554396476191e-02 -2.6270897960653981e-02 1.4209588820633021e-01 3.2863703982620937e-02 -2.3463578941820022e-03 -3.6978228686639259e-03 4.0109256442617439e-02 1.7834634118693801e-01 2.6705962985364210e-02 -2.2642119071242028e-02 -9.0937406828227249e-02 -2.1358333059799539e-01 5.3426762273536248e-03 2.1580560873839930e-01 -2.6779835318751549e-01 4.1828923376881139e-01 -6.1360470390486206e-03 -1.5631477410289099e-01 6.4888230701597924e-02 -5.7032339552674227e-02 4.0411066527401118e-02 1.3373964209146219e-01 1.7804775662173759e-02 -1.5245925373753760e-01 -9.4277955486399195e-02 6.8673848057609024e-02 -8.2071686224608573e-02 2.2716949905479011e-01 1.0290992574959490e-01 9.7632765508201755e-02 8.6920499114229485e-02 -5.0127100500320369e-02 -1.0402567055784820e-01 1.3129512652273950e-01 -2.8448533845240093e-01 2.0215407857100900e-01 -4.5403852238021437e-02 7.6488184560265390e-02 4.5206887137508443e-02 -3.5954565096308219e-02 6.0751402315979896e-03 -1.3735322814611881e-01
5.5398391256882909e-03 -1.0867486339533190e-01 6.6116736529934342e-02 -2.3335278478689200e-01 3.7008141422965779e-01 2.1848986898436501e-01 -6.3376691169773468e-03 -3.2096336328747060e-02 2.2748113703280659e-01 1.0566743322752210e-01 -3.8101859280254002e-01 -1.3982581142331481e-02 7.7521250434350930e-02 5.8524778436291232e-02 -3.0669640338639970e-01 1.3545883497553399e-01 1.9095986779790151e-02 1.7797880029000271e-01 -1.6724768657709749e-01 -4.1759103214742958e-02 6.4376163004709802e-02 -1.7289642886790281e-02 1.4386482546728330e-02 -1.7938051096364309e-02 2.3475950525766179e-01 2.7661555725579150e-02 1.3035857589026759e-02 1.0209970723786931e-01 -1.5641130653544069e-02 -5.6422427461016722e-02 -3.4022745834101122e-02 5.1841887484200842e-02 5.9177500153064583e-02 1.4138453124545741e-01 -2.2456962457764551e-01 1.2756877016868540e-01 -6.4585567716959599e-02 9.7405213549184938e-02 -2.1568737488144678e-02 -1.5873375599929479e-01 8.1989298653107709e-02 6.9958181815874501e-02 -1.7744335671529408e-02 1.0373053961008610e-01 -1.2069162342983450e-01 1.9020643503106011e-01 -9.2334341616422937e-03 -1.1478804278006161e-01 -2.3748877858778100e-01 -1.8590563951979330e-02
9.6617314064972981e-02 9.0050105303387015e-02 -4.7706389771674781e-02 -2.1514039735819512e-02 1.7750308279011751e-01 5.1484328568019849e-02 7.6090521078485393e-02 -1.6423609014313670e-01 -7.9049659792753663e-02 1.7556172198689601e-01 7.9257023566868604e-02 -1.7645398053164571e-01 -8.8280711075480134e-02 1.4894476455937519e-01 -4.7953847758743798e-02 4.4955985776989893e-02 3.6887564519571578e-02 -1.6152339540981589e-01 2.1637968140458161e-01 2.5371927368293020e-02 -1.5320607634003211e-01 7.4619027949037076e-02 1.5393279645376601e-01 9.6744438947524630e-02 1.2372350938314840e-01 1.4248042066880559e-01 -1.3351655367333620e-01 -1.6242844866506459e-01 8.2903790915987347e-02 -1.5362446771464541e-01 -3.8936469464030798e-01 7.9356668767537469e-02 5.2306623078317870e-02 1.1695905855014339e-01 -2.4624310320589179e-01 1.9894057319423930e-01 2.0402495639437829e-01 -2.4039305527527730e-01 -3.3127909896017410e-02 -5.4908665783228193e-02 -2.3496289205318499e-01 -8.7301850849930016e-02 -1.2690360460239439e-01 -1.5613770595710130e-01 1.8775053163843000e-01 -1.0235794414813940e-01 -4.6315948907041903e-02 -7.3146452381715618e-02 1.3792544013964031e-01 5.6489371441387097e-02
-6.7392375755114364e-02 1.2628621966659101e-01 2.3079265014833489e-01 4.1062534619279209e-02 1.2750608584401441e-01 -5.8104508659812593e-02 2.1289507698016791e-01 1.5069710801901121e-01 -6.6256873839172477e-03 -2.2593814847971219e-01 -4.1125233640653451e-02 -3.1141579656985829e-01 1.4471879028439031e-02 8.4787842561750648e-02 1.2572963263602230e-01 1.8446183108532460e-01 -5.7685295631168858e-02 -1.4466234756394850e-01 2.6427333240168221e-01 -5.7908392533414191e-02 -1.3714034837377859e-01 -1.5273166073447900e-01 -1.6167261995852761e-01 -1.1980500533484890e-01 3.6841441091509927e-02 -8.0718213455965596e-02 -2.6876875984399650e-02 -5.1861692416187898e-02 -1.7714707595437779e-01 1.2006671272520229e-01 -8.7423476119676574e-02 1.4055911658746401e-01 -6.7849687099982167e-02 -8.3572855764013368e-02 2.1771650835140412e-02 1.7540667638051100e-01 7.6335016813778764e-04 2.9957332566068018e-01 -1.9829709997974670e-01 -2.7153263127688940e-02 8.7913517006463548e-02 -2.3690280774279801e-01 8.2162436803518757e-02 2.3561948290033571e-01 6.5235850007527338e-02 -1.3596753261025901e-01 5.3499283691738939e-02 -2.8740113332682161e-02 -1.5357674983484801e-01 -1.2872574112140911e-01
1.1328937092513930e-01 -2.3957076027454571e-01 1.9470948042790570e-01 8.2497248545207971e-02 -6.3718479932335318e-03 5.2414569450527720e-02 8.6187848324935923e-02 -1.3611070280302990e-02 1.4014701992360989e-02 -1.5474680649874351e-01 -1.2355847754245870e-02 -4.2685561886201179e-02 -3.9493677605247007e-01 -7.2254925934807063e-02 -1.6728782909771239e-01 -2.5930688543825429e-02 1.3797426769125590e-01 1.5698286356652291e-01 -1.2814065464552701e-01 9.7969063490514888e-02 9.2331140129616410e-03 -1.1475775304097470e-01 8.6166925475232387e-02 1.0238865527175800e-01 -9.7408648207811144e-02 3.6279522313058928e-02 7.0685837673226712e-02 -3.4641295861672239e-01 2.5947398031425119e-02 8.3997558044971971e-02 -2.3215011149855880e-01 -2.5764282124932841e-01 4.5623791387265512e-03 -1.3073157213388460e-02 -2.3887256157328569e-02 -1.0072294857806430e-01 -3.0123687912603048e-01 2.3750310913377909e-01 -8.7559460159794988e-02 6.5660512936321566e-02 -6.7029824440309208e-02 8.5529216770440800e-02 -1.2759342138499361e-03 -9.9671994157067942e-02 2.2823291495033479e-01 -5.3846443360967833e-02 -1.8802031011217979e-01 3.1313884966598288e-02 -2.2074667489219012e-02 -1.0209851394487671e-01
-2.4828185359917439e-02 -1.0894330417066760e-01 -1.9390022862675430e-01 1.8926426676163000e-01 3.4116939539645383e-02 -3.9729486507118772e-02 -8.2726261085647498e-02 -3.6475340963460728e-01 -2.2270107791214789e-02 1.4706876783226051e-02 4.6224112490278392e-02 -7.5474356679220839e-02 1.9610425696829939e-01 -1.2058918080003241e-01 1.3675423617586591e-01 7.8436229748476180e-02 -2.5300461560351178e-02 1.8470522267030229e-01 2.6243830024797121e-01 1.3361023214164261e-01 1.1616622153934360e-01 1.6430391883242590e-01 8.9707333483181981e-02 1.7369681909900900e-01 -1.3874010460087949e-01 2.1664851930943821e-01 1.1273331203767850e-01 7.0987782226375418e-02 -3.6342225822303759e-02 9.7774320965837241e-02 -7.6086548955042882e-02 1.5553565617358059e-01 1.6215198828565899e-01 -1.8140185115084639e-02 9.6173435806208330e-05 9.3372450858290101e-02 -7.5670788036476908e-02 3.9505429894396982e-01 -1.2774905696454880e-01 -8.5651871749304304e-02 1.7266725021100451e-01 -1.5158025317452979e-02 -1.2607866078871441e-01 -2.1282380658024799e-01 -2.9611309694105570e-02 9.5422998229836922e-02 5.2809257822248823e-02 1.1946843423956480e-01 -9.0365314479587802e-02 1.1335328428229111e-01
6.3917313183599667e-02 2.7306362362382670e-02 1.8614045524409850e-01 1.8556044259398921e-01 1.0504568619696400e-01 2.0157074874408251e-01 -4.9557051223677512e-02 2.1000029068390191e-01 -7.6157290052175183e-02 -1.1212847904145720e-01 -2.1047928382410042e-02 -5.3192070809398057e-02 2.6696559198263539e-02 2.3969056003799449e-01 -1.0469678720546639e-01 5.6780066661748542e-02 -1.7484879350968840e-01 -2.0484138525653109e-01 1.2058869604350060e-01 -2.3447514935808220e-01 2.2991722968419120e-01 -1.9803679068172250e-01 2.0939638833568319e-02 -7.5794428048384016e-02 -1.9958282846197969e-01 3.4469167856376648e-01 7.2487801268483573e-02 1.6629539633360629e-01 2.6565235285902461e-01 -7.7502411775434807e-02 9.3239864105439357e-02 -8.9008653631866844e-02 1.1881280087371950e-01 3.7671414403252799e-02 1.4041867585456999e-01 -9.4699739768708671e-02 7.0055314660614654e-02 4.4980221826616207e-02 -5.8318061773605261e-02 -6.9097055329538054e-02 -9.0782653009981798e-02 1.4024956084176129e-01 -1.1288387206658430e-01 -2.8309351911105352e-01 -8.9196225171862320e-02 1.2734713066997690e-02 1.3966473876388989e-02 -3.1049282150588081e-02 -1.6223052011170910e-02 -1.3835963749420499e-01
7.2658998728023699e-02 2.5352368707441810e-02 6.9243967826015463e-03 1.1370942399117261e-01 -2.6966550362720892e-01 -6.7645871688115658e-02 -5.5247934815717673e-02 1.6217808548285631e-01 -9.0474820624985894e-02 7.9759540067499871e-02 -1.3405690282462809e-01 -5.3913235088777871e-02 -9.7962612462532111e-03 9.3860102900336750e-02 1.2742313580551230e-02 1.0052962101419780e-01 -3.1426418070382339e-01 2.2206544306159201e-01 -1.7726783659871609e-01 7.7647011074064420e-03 -1.0845024142177249e-01 3.0153701512417690e-02 7.8306877875629816e-02 2.8487878341892911e-02 3.0479747775358701e-01 2.5352771583382538e-01 9.6740922833987442e-02 5.2516417794067377e-02 1.4230058719048891e-01 -5.8120647253051057e-02 1.3009871328646359e-02 1.1185174344458970e-01 4.1505699429847637e-02 -2.3294228432358410e-01 1.0566704008940460e-01 2.2689548836992961e-02 5.9546222975559893e-02 -1.8408078688730161e-02 6.4475539267184856e-02 -1.4661843475165659e-01 1.4945265677706449e-02 -2.0428598389819499e-02 -1.1645980534831370e-01 2.0336243377336050e-01 4.3087722183182542e-01 1.3439053470965460e-02 -1.0558079556723519e-01 2.0682449956300911e-01 -1.3380021946236539e-01 6.8190819462839461e-02
-4.1830121412409611e-02 -2.1691427791921730e-01 8.4164660340426342e-02 -4.2697425798081383e-02 7.2733596194390335e-02 -1.2959740078845999e-01 -1.5079657816763789e-01 1.1324126843375699e-01 -3.5498278901737262e-01 1.5830821701162209e-01 1.2475441201723191e-01 -8.9722863856944002e-02 1.1971555076802270e-04 -2.0760145529428470e-01 1.3367902190890960e-02 2.3991711307146751e-01 -2.3671046399127990e-01 2.8103071602812391e-02 -1.2119631697040080e-01 -1.4824110798139101e-01 -1.5350559683871409e-01 2.6199045437431321e-02 1.7100016499137419e-01 -4.2903173665281159e-02 2.6560817733725611e-01 -2.5051715004829372e-02 3.6411153156068153e-02 1.4604038468330640e-02 4.4970178148478743e-02 -3.4408792917239119e-02 -4.6716758042934008e-02 -2.1127333618369420e-01 3.7395611517625840e-03 -1.3120524461086991e-01 -4.2859955658683113e-02 1.3335556191150880e-02 -1.5058491857908701e-01 1.0697366854564939e-01 -1.6434484952790859e-01 9.8033245512842121e-02 -1.0874000921397339e-01 -1.7428252111653300e-01 5.0697639424967915e-04 -7.7565832934753332e-02 -3.6129481843271882e-01 2.8431068546686821e-02 1.4489567768046430e-01 -9.0206184404685266e-02 1.8984780730699180e-01 5.3345795608748511e-02
-2.8756280756238550e-02 -7.7417385146414067e-02 1.2678141169468721e-01 -8.6780669897672941e-04 -5.7359411016239613e-02 -7.4618608940742723e-02 3.4398103363246951e-01 -3.7563738503777783e-02 -1.0932464485117060e-01 1.2459205920097979e-01 -1.2779806502034999e-01 -2.1509074132556821e-01 2.0549969714435529e-01 -1.2436890709671410e-01 -1.6254133517436150e-02 1.4212283390729781e-03 -2.2425628511930439e-02 -9.9550709807659690e-02 -1.8991293219559260e-01 -3.1050460413051470e-02 3.3162412393495438e-01 1.4984696061278949e-01 -1.1220774849143821e-01 2.8715651483510719e-02 -1.0900095179364010e-01 -3.5642764583018703e-02 -1.1047732552592161e-02 -3.8182320666020682e-02 1.3350592552755369e-01 -1.2011419397895159e-01 -7.7852383348701690e-02 -1.9924550042088920e-01 -1.1885457108811320e-01 2.6065124829297731e-01 9.2953099903551523e-02 6.3456734497856854e-02 1.2579454492660550e-03 -1.3222906191564829e-01 -1.9848863426411251e-01 -9.2688919200332245e-02 1.9617084469080659e-01 -1.3350566676876949e-01 1.3724876907261629e-01 1.3907173324201621e-02 1.8997556866922269e-01 1.8302635162594330e-01 1.4931235276985530e-01 2.3441719452054480e-01 1.7677217070400861e-01 2.8615515145681801e-02
-8.3345546289958084e-04 -8.3933780738179170e-02 2.3478646275491721e-01 4.2648393773222971e-02 8.1429983033664916e-02 -1.0548965275496690e-01 4.6040029857017092e-02 -1.0533505185639910e-01 -2.2425061249835529e-01 1.5635059677537880e-01 -1.4617278179910401e-01 1.1759195359993130e-01 4.1252504520651129e-02 6.2828027247002885e-02 9.6955692601773127e-02 -4.8648060788208172e-02 7.7565041815223071e-02 -7.1806184145464691e-02 1.3615176158669709e-01 -2.4244476882184521e-02 -2.0429145622656419e-01 1.5228489708538129e-01 9.0579905384622836e-03 1.3153968142778100e-01 1.7265813300654249e-02 2.0151651641533219e-01 -2.0208189779608970e-01 7.0960383912549163e-02 -3.2257531024203319e-02 3.2901497823095388e-01 4.6892585971547010e-02 -1.7303213783552959e-01 7.5737885980792799e-02 -7.1622295917721068e-02 2.1230097940877830e-02 -1.2267281917263061e-01 1.2783155901787949e-01 2.2018899781418050e-02 6.2084899052318447e-02 -1.4435464479815441e-01 -4.7080057385940698e-02 2.3717751249687710e-01 4.9366685140811628e-01 5.6290630789339872e-02 8.8149812749002479e-02 1.6572732432816489e-01 -3.2709055863319160e-02 -1.5747080786753009e-01 -5.0322698990591039e-02 -3.1801741622489790e-03
-3.4129837209121883e-02 9.9223493131021925e-02 9.6984568410296984e-02 1.4604280117415130e-02 -6.3921993924718104e-02 -3.5285791486977892e-02 -3.1882513958302362e-02 -2.1646129715026330e-01 2.4016407885123731e-01 5.2609186467016268e-02 -1.6647436015199770e-02 -2.6328967721827201e-01 2.9929994403372672e-03 8.2223367507671518e-03 8.3480689727739657e-02 -2.4432155289106330e-01 -5.1768663704295413e-02 1.7224656473101829e-01 -1.2653504902693599e-01 1.9471909248053890e-01 3.4500912281980108e-02 4.6743075561524822e-02 -1.0942644616975850e-01 -2.2748018367373349e-01 1.7907738235422570e-02 2.3935476214446229e-02 -1.8015373525374020e-01 5.3455022404172992e-02 2.2533075875929920e-01 5.8860329335214082e-02 -4.3103139162061913e-03 -2.0679460447078310e-01 1.8438189117960479e-02 -1.4775324128034970e-01 -1.1095332434772651e-01 -2.1364838344116799e-01 1.2800575496381869e-01 1.4472756787948829e-01 -9.3116718595851938e-02 -3.3547488435797879e-01 -1.3412716845776321e-01 5.7444877101022751e-03 -1.3102669920590859e-01 9.5637666636021912e-02 -1.3637965808829380e-01 -2.7655888068657958e-01 1.5961716124701000e-01 -1.1836855061864170e-01 1.4698996914546411e-01 -5.9954476189744831e-02
2.5964710669297553e-01 5.9253965945622350e-02 5.2603795086086549e-02 7.5987114506751746e-02 1.5837425250292719e-01 -2.0903018755415409e-01 1.3200522187639299e-01 6.5818776633287029e-02 -1.4560878467417820e-01 -1.6733014123745490e-01 2.1033348812875280e-01 -1.2935585868764929e-02 6.6583393723413889e-02 7.8448236266824789e-02 -1.4663381618220589e-01 -2.9285106488351159e-01 -2.1572386011504349e-01 6.9279965855286729e-02 -2.2335796036823130e-01 -1.3418346302020370e-02 5.9066833251215707e-02 -1.5347648723349860e-01 1.9874310892291379e-02 2.3571816760514189e-01 -4.0450031461103438e-02 -1.7523134923662961e-02 -1.4501152925859340e-02 8.7953162701890922e-02 -1.8630344054060541e-01 -3.1177459936750682e-02 1.6473706606867231e-01 1.0633674245505090e-01 -6.8697592344768868e-02 2.7423858204953251e-02 -2.8209736308432959e-01 1.2730606631886399e-01 7.6659635513949151e-02 1.3995073870146749e-01 -1.0333854703419870e-01 -8.0560068055848030e-03 9.4210839052267986e-02 2.2333632546216320e-01 -4.9042876046719768e-03 2.9745054232135078e-02 7.2196582883306021e-02 -6.6416944203038231e-02 3.3333444198347308e-02 -1.7615886202886891e-01 1.6132176732347339e-01 2.9188341718023803e-01
-1.8715753188862479e-02 3.5346369226472447e-02 -3.2191738014683002e-01 -3.8304373323141801e-02 2.2819691809122800e-01 2.8363614020581579e-01 4.6491382691516972e-03 -7.4257775895286773e-02 -1.7655531261401511e-01 -6.6961730423037241e-02 -1.3762359055627510e-02 -1.2381528925146509e-01 2.7938651102881562e-01 2.7956565386138540e-02 -7.1630450174864791e-03 -8.5759611790044044e-02 -1.7232076555192849e-01 1.6159457005743050e-01 -2.5667126938480920e-02 -8.4123152640759563e-02 -1.0224928992351261e-01 -1.2642420465146781e-01 -2.1646522700105719e-01 6.0783736818103187e-02 1.2401586535162260e-01 -9.9673364163487113e-02 -2.5355196611255132e-01 6.6163950087142168e-02 -1.1439198835506430e-01 1.5024413769856279e-01 -7.1523269996022862e-02 -2.0781200012997650e-01 1.5709850966958169e-01 7.3431568168303343e-03 1.5828812404764439e-01 -5.9635936657867657e-02 -1.7330721576347741e-01 -1.1061615069728351e-01 -5.7477239915373263e-02 1.8183683032744941e-01 -2.9107139512151079e-02 1.6541465674763631e-01 -1.5312300117770359e-03 -4.9563630103382682e-02 1.4169380315431240e-01 -2.2859514238847059e-01 -3.0702297383042351e-02 2.1654148107646981e-01 2.8521139249523059e-02 -1.2536886311814141e-01
1.5820432140856680e-01 -7.3938798086998367e-02 -5.0817047303492513e-02 -1.5813732902105811e-02 1.5737549707468240e-01 -2.4538653835826241e-01 5.1615221958535427e-02 -4.8841022581609293e-02 -1.2098275327748410e-01 4.0485124686265812e-02 2.7198467945570431e-02 3.4477452331150127e-02 2.6254002613979271e-01 1.0313106062154910e-01 2.2724814926343559e-01 4.9671860047132949e-02 7.4624806838455987e-02 -1.0145826298733880e-01 -1.8509264368281431e-01 1.2478857713173630e-01 1.3535750218531500e-01 -7.3639900908399211e-02 8.4652814551645417e-02 1.2430775852590099e-01 -7.4579314511652325e-02 -1.5510797823264130e-01 -1.4062083108136131e-01 7.6239208892494303e-02 9.3140407294083516e-02 -8.6497994955272106e-02 -2.3358899232561719e-02 -3.6656626942951319e-02 -1.4713663212445349e-01 -1.2671981560828791e-01 5.7933749673306292e-02 -6.6425171834623931e-02 -1.8204850029340100e-01 1.8142058679719079e-02 1.6973160851639030e-01 -1.3874045460698739e-02 -1.7968040132013169e-01 -1.4825287148511360e-01 -2.2414565440044390e-01 -6.1113933654945801e-02 1.8287317835143749e-01 8.3723899327815127e-02 4.2936720537409760e-02 -3.1134630433469712e-01 -3.3860123821468818e-01 -2.6340531511221910e-01
-3.6178476394508019e-01 -4.7279785772287218e-02 4.5999051722112813e-02 4.2878961047581362e-04 4.1268365477248109e-01 -6.2147878787312837e-02 3.7766121808544439e-02 -2.0423453311955591e-02 1.7122578640364131e-01 -1.7658121753832859e-01 1.8446296148009239e-01 4.6330197316436832e-02 -3.7829840973045807e-02 1.7548342548382831e-01 1.2657698655249330e-01 3.7009622559276943e-02 8.7711109327349893e-02 6.6874535984506427e-03 -1.7102967026879179e-01 2.0522804740015822e-02 1.3692226372781879e-01 3.4813039507727253e-02 1.7433584618409881e-01 4.2211929333146408e-02 2.1853830844053959e-01 1.0293639316680030e-01 -6.3782200373694226e-02 -1.5088895302372349e-01 2.0782572864718349e-01 2.4541298138690379e-01 8.6608910502201666e-02 -6.8817118328121873e-02 -1.6907429298704621e-01 -7.5314943489551658e-02 1.8434114231229681e-01 8.5562779809799192e-02 2.2797378651552669e-01 3.4629225213192567e-02 1.1355480429313899e-01 1.8495434013940820e-01 5.5095170630732319e-02 -1.2062971278943299e-02 -8.4470558295330178e-02 -8.6476852894272725e-03 2.2650050816295300e-02 2.5062526501430541e-02 2.2606654936865249e-02 1.6502148938256411e-01 5.4070020686485872e-02 1.8447808934197280e-01
3.0230987035732799e-02 -1.8381711212481880e-01 1.2444105720845440e-01 -6.9169773932344372e-02 -6.2668094811930808e-02 2.0482467088564091e-02 -9.1548406185141904e-03 1.1147224638252180e-01 -1.3010359179834169e-01 -1.3409755677986640e-01 -5.4178564890911607e-02 2.8059855143172019e-01 2.4213118645849380e-02 -6.3067633404176426e-02 1.5255159387108561e-01 -3.3360840034283262e-01 5.5649553712179597e-02 1.5514186086122941e-01 3.1634676025775599e-01 -1.1499962870573180e-01 2.0834826995776609e-01 -1.0184039729135989e-01 -1.7902728947606311e-01 8.0895459307990469e-02 3.7825981318645668e-01 -5.6063912372429893e-02 -1.3879658486562171e-01 -2.5822637929600201e-01 1.9095907842284729e-01 -2.9154358699984999e-02 1.2676076855990101e-01 1.0346951524333479e-01 1.8936413490991899e-01 7.8767179817192418e-02 -9.6535660813239221e-02 3.9255527922128018e-02 -3.6996903405536588e-02 -7.3791683348708031e-03 -3.5508156419164810e-03 -1.2637831923589901e-01 2.8021767413379639e-02 -2.0480348027726800e-01 -6.1119052422605062e-02 -9.2287318606908975e-02 3.1357703663871757e-02 7.1018477296984541e-03 1.2346259849233920e-01 -2.6162524050564389e-02 9.5671013709633691e-03 -3.1542600814329962e-02
-4.8314619761254680e-02 5.5251489463302647e-02 -2.7542788048884431e-01 6.8176870992368507e-02 8.9376352900039549e-02 -7.0425932340104948e-03 8.5890254728165819e-02 1.2106126029023870e-02 -2.1369549003532781e-01 4.0426174535952410e-02 -3.5072123700330571e-01 -9.2796124797371454e-02 -7.3862530938722276e-02 8.6882465366686631e-02 2.5116271084295838e-01 -9.9466965008285099e-02 3.0514847974226827e-01 -1.1635455561650110e-01 -1.1992401256313480e-01 -1.4825249004239199e-01 -1.8728633985263729e-01 -1.4667141533368150e-01 -1.0856651369480221e-01 -1.3475852407757430e-03 -1.0017179423558420e-01 1.9591500866588091e-01 5.4196911918697667e-02 -1.8422155957642961e-01 -3.9825733468578321e-03 -2.6555955017332789e-01 1.2834073028090809e-01 -9.9089592119380426e-02 6.2009310606191248e-02 -2.3661451692984541e-02 -6.6555642305909019e-02 -3.7954326111417102e-03 -6.0438936661350598e-02 2.3543479182573321e-01 1.8047949629055690e-01 -6.1148300225733841e-03 -4.8294590379074909e-02 2.8879308952039891e-02 -1.4266260134134090e-01 1.8750551337184410e-01 -1.0611799258564780e-01 8.7855444045728384e-02 5.7220932022796003e-02 8.9984189311051732e-02 1.4085675851646201e-01 1.7528146410047279e-01
-1.4420898968049189e-01 -3.5029813606754528e-01 -6.9523515533208430e-02 -9.1203305763842266e-02 -1.9179509161940569e-01 -8.7399284906778715e-02 2.2355974375638540e-01 -1.4994228427545681e-01 -9.2470658576824349e-02 -2.4347112331680110e-01 -3.1024694532781401e-02 -1.8424563111499040e-01 -1.8691790037790901e-01 2.6595061264354752e-01 7.7840183313361136e-02 6.4750728606466149e-02 -6.8059871955712642e-02 3.8578268049651371e-01 7.6681396819095068e-02 -1.4295999138263321e-01 -1.6953798742489801e-02 7.5808509502309815e-02 2.2403600777346860e-02 -1.3656669696848511e-01 -1.6903225205709191e-01 -4.9324466220808341e-02 1.7382035547840360e-02 9.4894638049707769e-02 -5.0793043184020267e-02 -7.9024129928738363e-02 8.2916385736814660e-02 -9.9951254707728934e-02 7.9082948421400456e-02 1.0136507924004111e-02 -5.3113673588515318e-03 2.6097601418635580e-01 1.1948085813855699e-01 -2.1998637123911541e-01 8.2592408755321783e-02 8.9959278189282746e-02 -6.6961457527233523e-02 1.0994944296884381e-01 -1.5187679049596330e-02 -2.5045769059038069e-02 -3.9746643666775570e-02 3.3256325388500881e-02 1.4344320444608941e-01 -1.7586363436636299e-01 -1.1086848945997731e-01 -2.9043566366644371e-02
-5.1760138765829418e-02 -2.9277361243248318e-01 -1.1355912137571910e-03 1.8269487651631941e-01 1.6098916926527679e-02 2.6225098546551068e-01 -1.2691782768157070e-01 -2.1943947401875650e-03 2.2149246283335221e-02 2.6332722470749088e-02 -1.8424959454077899e-01 -3.4964934708317713e-02 -2.4253550146086382e-03 -1.3338181942792349e-01 2.2030883977935209e-01 -8.2488356195718759e-02 -1.2862502903313819e-01 -9.4822123052494253e-02 -2.2204148613200181e-01 2.4356256813168861e-01 -2.6135644712431327e-01 -1.1721712029014070e-01 -1.0385224557921140e-01 9.2324941004010161e-02 -8.6212336733167805e-02 4.1436731247824252e-02 8.7868806765920918e-02 2.8377599432812652e-03 8.8388645412513803e-02 6.8405213917065930e-02 1.6734163574108180e-01 3.8901582039858211e-02 -5.0478988161506158e-02 2.1924948625733820e-01 6.3911298004145620e-02 1.5185730290174221e-01 2.0562594946499699e-01 -9.3716840707901275e-02 -1.3022203452329340e-01 6.6759350355135000e-02 1.4416043771811751e-01 -2.2888137554479479e-01 1.7670939788976360e-02 -1.1593677757867230e-01 3.6901599025487487e-02 -1.4927105250552189e-01 -1.9600791494179859e-01 -2.9936770125816720e-01 -1.1756053819349721e-02 1.3969110901334269e-02
2.7855384369888792e-01 -7.0515368977923085e-02 1.4585500961598799e-01 6.5690408787559662e-02 1.5513564900378821e-01 -3.6365060011785057e-02 -3.4432423229796161e-01 -2.2436697281270171e-01 4.2237532368921631e-02 -2.9114000962700709e-01 6.6304634829266226e-02 -2.0201154314652481e-01 1.5094012822628930e-01 5.1041657423736377e-02 1.0651357469669900e-01 -1.1315880143392100e-01 -1.1796024311495540e-01 -5.6005855336198042e-02 -2.3664663821025271e-02 8.7481900280841768e-02 -8.1575857819769129e-02 7.3851892897281488e-02 -1.2295371995560681e-01 -2.5076849502915188e-01 1.0057805119526300e-01 8.0708121990746715e-02 2.0047323154836680e-01 -2.2611533728562619e-01 -8.4930123212753783e-02 -9.7783665393311514e-02 1.1295507908808621e-03 5.1331087946014722e-02 -1.0566717285021190e-01 -1.6566623025026719e-02 -1.1867116893131970e-02 6.8658727183916496e-02 -1.0718415068161841e-01 -1.6851120186993659e-01 1.9322749459802699e-01 -1.7602964045047149e-02 1.1060945097225111e-02 7.7780405444937278e-02 1.3425686273765630e-01 1.1165999189930550e-02 -3.0802130149035340e-02 2.9832780189184949e-01 -6.3505112407596506e-03 1.1004324095333740e-01 1.3894493185426751e-01 -1.8434225404405680e-01
2.4769202136911050e-01 -1.0409458972512101e-01 3.8475380911538529e-02 1.9115549594544390e-01 1.5527475422470171e-02 1.5433319654341579e-01 7.6186896175923682e-02 -1.8465895298845059e-02 2.4432206284750080e-01 5.5599878588928453e-02 -5.2776494495753792e-02 2.1693529847200690e-01 5.9670550987769293e-02 -1.4570225798960290e-01 1.1345868853152089e-02 -1.5484001852481499e-01 3.0475931842690339e-02 -5.6304890754402918e-02 -5.2816789099747317e-02 -1.4652476384245380e-01 -2.9989420254006680e-02 1.7051437531098071e-01 2.0967778087363331e-01 -1.0877634998681170e-01 -8.1289761290092216e-02 1.7818270777379350e-01 -1.1444308992279251e-01 8.9729985169929999e-02 6.6832053640164493e-02 -8.2276848997491353e-03 1.0060303868716080e-02 5.6562603026373171e-02 4.3292911092635590e-02 -1.0368804793841870e-01 1.0003276000962170e-02 3.1333127562654889e-01 -1.0605267531733879e-01 6.3253972257408517e-02 -5.1742615993957339e-02 3.3958322975423733e-01 -1.5910586117793440e-01 -3.6399569109966487e-02 7.8024252496601554e-02 2.3869575078873681e-01 8.4039285436576044e-02 -1.4779891741146309e-01 3.6387121010601442e-01 3.3307176093501908e-02 5.1234147990661477e-02 -1.3304432954723641e-01
1.2362043267457661e-01 9.1590017103581455e-03 -1.4420437172327019e-01 2.9989862149035668e-01 -1.4436036804928279e-01 1.4441391380290811e-01 1.5371519198834560e-01 -8.6737828653333335e-02 1.7928292096728859e-01 1.1054116920156390e-01 1.2630873496972159e-01 -6.9839895203064647e-02 -1.2142928135092060e-01 1.7674223539189071e-01 -3.6839097371849400e-02 7.2379021997385717e-02 -3.7246725484852153e-02 -5.3553254254221437e-02 2.3276484514020399e-02 -7.1979638047420608e-02 -1.1109329255047840e-01 -6.3768670481477344e-02 2.3080615101783900e-01 4.7793628636741498e-02 3.2256138591592498e-01 -1.3007555957642791e-01 -1.7961870603543881e-01 -6.9803212628001418e-02 -1.5116218417798841e-01 -1.4178208276960139e-01 1.2257706384817479e-01 -1.0884513365778120e-01 -6.2780666728432022e-02 1.5310735589033669e-01 1.8719677740279950e-01 -9.4773339691847938e-02 -2.1194859701654150e-03 1.5951132118147421e-01 1.7171814045947911e-01 -1.2648326865664419e-01 3.4508441093164960e-01 8.8084407480503238e-03 5.6531095872801362e-02 -1.3059389751575229e-01 -1.5702629596173662e-02 8.3111532359563284e-02 1.8318402578171100e-01 -1.3749958214616889e-01 8.7823384234494511e-02 -1.5598460639127409e-01
-1.0925373800935570e-01 8.3108466701010533e-02 -1.3383577165843280e-01 -2.0670208641594790e-02 -1.1227874325740810e-01 -1.1883759655849049e-01 -1.6210861215008890e-01 -8.0536883623910732e-02 3.2280879708920751e-01 -4.6331689547639339e-02 -2.3931778308642099e-01 1.4746480972181519e-04 -5.4251707152372819e-02 2.7268812881308918e-01 1.1287480028976210e-01 -1.1467769441654770e-01 -2.6173703160383271e-01 -1.6483047785561150e-01 9.1288854055685473e-03 -3.0369896664240958e-01 3.3355775663083863e-02 -8.0387236545857218e-03 -1.3411144575327690e-02 2.0035172304689361e-01 -5.0392613085723487e-02 -1.2259963784636790e-01 2.7810600160052740e-02 -1.2839634644794460e-02 1.4674248210145741e-01 1.3977051868639009e-01 -2.2049125122236429e-01 -4.3129176681560327e-02 3.0134830753884120e-02 -1.6980457864444631e-01 -6.6852650966611110e-02 -7.3341012358929024e-03 -2.9976998048384312e-01 -7.0405318287028784e-02 -1.3957784681987501e-01 7.9722967060654945e-02 1.0298985500527000e-01 -9.4459227687358094e-02 9.1743941545759863e-02 -3.4880153849925488e-02 4.1329561293644179e-02 1.4374918962068131e-01 -3.4946879772834963e-02 -2.0452132822388591e-01 1.3591535535985660e-01 1.7023730221722791e-01
-3.5541056621294392e-01 -1.5235572719835819e-01 2.8504258647880750e-02 1.4980539886481559e-01 3.2114646763209478e-02 -1.2929898199715309e-01 -9.1615658135697525e-02 1.0233792577462281e-01 2.0796320987828371e-02 4.6930880272047747e-02 -1.0302179140876699e-01 5.0440275976123251e-02 2.5262588343463250e-02 1.0408133305518590e-01 -1.0364670730546170e-01 -1.5083127723412409e-01 -1.9926029191616601e-01 -1.6034000401714960e-01 -2.4766551782059269e-02 8.0277954692326944e-02 -1.7806261348776559e-01 1.7394375828829950e-01 -5.7671937182578917e-02 1.5532770965635259e-01 -2.4966469806815501e-02 -1.0420772719395090e-01 6.8842974804705220e-02 -2.0258820583039239e-01 -4.9795622778896119e-02 -2.2173265216532281e-01 -4.4974100459576942e-02 1.0007365444230031e-01 -1.1828656978710350e-01 5.0773677087086508e-02 -1.4297261461418559e-01 -1.4514145538779000e-01 2.8185198074250371e-02 2.4731798324174440e-02 -6.6759350756619928e-02 3.6049625026116161e-03 -6.7669860855288241e-02 2.3315129309283700e-01 3.5085259704464897e-02 -1.3720542032674429e-01 -2.1258246467776389e-02 -1.6623971418120809e-01 3.5866397321830740e-01 2.0970657635482609e-01 -2.9989054073491173e-01 -1.1586477659835739e-01
6.0693214631569258e-02 1.4183210927957471e-01 -7.0339084208402625e-02 -1.7874805501133770e-01 9.9352820141370091e-02 -1.5106833727225650e-02 -1.0983596047585020e-01 8.3955634520882991e-02 1.5816726455340929e-01 -4.7152741700145773e-02 -4.6927753817401788e-02 -9.0096259013500699e-02 -8.2052035360691458e-02 -1.3833083024538809e-01 -6.3265737909573391e-02 -5.8108324802072751e-02 -2.5775640310256570e-01 1.7322860518717129e-01 8.3807607751667179e-02 -7.5276595263175034e-03 6.4501588088832662e-02 9.3814677842751645e-02 5.2460073405995233e-02 2.9246656151917039e-01 -1.8443996896855619e-01 1.9374469048972009e-01 -2.1277886015001521e-01 -2.7648285289610458e-01 -2.5927676298204838e-01 -1.8584526410251351e-01 1.4834375954117171e-01 -1.1381471018478750e-01 -3.8242297930029499e-03 2.9830799800654721e-02 2.9343377780358432e-01 -9.1436912769648646e-02 1.8082130261778220e-01 1.1885435881181730e-02 -7.7773629003041647e-02 1.1608367308590290e-02 -2.3343195157658761e-01 -2.4653481923692100e-01 4.6938747849326078e-02 9.9560391099918405e-02 -6.2113518749700732e-02 1.6578382487215590e-01 1.4854563796340300e-02 -7.2065824745643506e-02 -7.7116287425602809e-02 -5.6430771609345268e-03
-1.8131054912297170e-01 -8.0134699023066292e-03 -2.4613395434064159e-01 -4.7680682898378457e-02 1.3972072435359009e-01 4.3373573980267661e-03 -7.0707463876695034e-02 5.5667900621905783e-02 -1.3006306973705861e-01 -1.6026342199072521e-01 1.0064716318228430e-01 -7.3508467019770457e-02 -1.8924164481474501e-01 -2.1222546983398369e-01 2.3465329401051199e-02 1.1343887374332030e-01 -1.7302884271218821e-01 -6.0209770259969410e-02 -2.7749419650548571e-02 -1.3643568664509090e-01 1.1373772959744061e-01 2.5693417449140571e-01 1.0074502478346251e-01 -4.1430976040416477e-02 -1.3641157512984389e-01 7.6951183515942836e-02 -2.0177332642571710e-01 -1.9331948753050519e-02 2.2960800490477831e-01 -3.5290307198065252e-02 1.2502423933655829e-01 1.8555655473423510e-01 1.7515515889004261e-02 1.2780037985978851e-01 -2.8422401424656302e-01 -1.0627498538352451e-01 -1.1049435190154100e-01 6.5615833604095758e-02 1.7320820121444799e-01 -9.0946694413939988e-02 1.9234363585341110e-01 2.1322238341992449e-02 1.2822331145085469e-01 1.9105587836908719e-01 1.3891010583805460e-01 -1.0628799575192090e-01 -1.4503761251761249e-01 -1.0199865550053490e-01 1.0028753846556450e-01 -2.9114243543808932e-01
-1.8015926723792960e-01 -1.2428423663232370e-01 -4.6939696051941489e-02 1.1667519712924890e-01 -1.8971130092301960e-02 -1.6897448905074899e-01 2.2154975633203780e-01 -1.2420046299447730e-01 8.4047848538511091e-02 2.0116870236578821e-01 1.0210476551592169e-01 -1.3771071547062650e-02 1.8372551038502299e-01 -1.7171570939001909e-01 -2.7773566479028827e-01 -4.8794257669742387e-02 -1.4184489794943850e-01 -4.4728789869070897e-02 2.0392241807238121e-01 2.6355037765664530e-02 -7.9367563497213953e-02 -3.5095220744190281e-01 1.2762519309542481e-03 8.8273670789676392e-02 -6.1165317803884643e-02 1.3040208627163799e-01 6.1683434052342938e-02 -2.4100415122727911e-01 1.5566623653673251e-01 1.0895429536538299e-01 6.5737345590965612e-02 2.3746699753466979e-02 -2.7622669934218490e-02 -7.5356494493781262e-02 8.9512265406219968e-02 1.2650962367908061e-01 -1.2933446771084489e-01 -2.0481513781133731e-01 8.2398883597878808e-02 -7.1403753199232672e-02 2.9207045162867970e-02 1.5173853002589011e-01 -1.5580425726710079e-01 3.1024158463652912e-01 -1.7409108282926750e-01 5.0280226831394118e-02 -1.0656623394062260e-01 -8.9678533766729587e-02 3.6276667314968612e-02 -1.3300967448557560e-01
2.5313208545942439e-01 -2.0794324155471630e-01 -2.4562805939887719e-01 1.0457824164544240e-01 9.3092928855952189e-02 -2.8659539839195641e-02 -1.9754854970730690e-01 -7.9320960630145085e-02 -1.1997509949450200e-01 9.9546716271813135e-02 1.1706086116920790e-01 -1.6979960478065589e-01 -2.4763152620372850e-01 1.1303548027747100e-01 -1.4887286901900579e-01 -1.5941176810613991e-01 1.7650582621101379e-01 -1.3211840151173451e-01 4.8308978655082463e-02 -1.8133790686266890e-01 1.9370899999621091e-01 6.4972755063315416e-02 -8.0070856828797152e-02 7.4079862316161899e-02 6.9057748065331215e-02 3.2666563800335342e-02 8.9899801481060929e-02 6.4258955327839595e-02 2.5340262571574412e-02 1.0543568233180960e-01 5.1222005924721467e-02 -8.3619424788004049e-02 -1.9225367852954289e-01 -7.8873189180689168e-02 7.0352554109808688e-02 1.5081160177137551e-02 1.5341089880612250e-02 -1.5516893313627861e-01 -1.2121500755022301e-01 -1.4959733567285891e-01 9.1956804218552721e-02 -1.6401594290058971e-01 1.0023964765384570e-01 2.0578412185132830e-01 -1.4335148692181660e-01 -2.1812109990577619e-01 -1.3981301698446569e-02 1.1137079008975760e-01 -3.3916167533501779e-01 8.9169524070655273e-02
