# CEC 2013 LSGO F10 rotation matrix (25x25)
-1.6291789007997340e-02 -1.1446529647700940e-01 1.1697061961649249e-01 -1.3111235357157500e-01 -3.4961315196906978e-01 2.6426442110382681e-01 -4.1865036085771343e-02 -6.7389641130062988e-02 1.9227580140557721e-01 1.0019051742035610e-01 -4.0461105774666589e-01 -5.1928951860972447e-02 -9.3708159855046547e-02 -1.3465117531673959e-01 -2.6287742408028131e-01 7.4153231372462672e-02 -3.8420080054619013e-02 2.6002065386373452e-01 3.6979346324087331e-01 1.1586468046799750e-01 2.7423160095503221e-04 2.2965761536503950e-02 -2.5002224031982823e-01 4.0021125635523369e-01 2.0052441058296439e-03
-3.6600822473619910e-03 1.2497950733890280e-01 6.2359359991719751e-02 -1.4867695093993311e-01 -2.8399735848243901e-02 -8.3116375912619098e-02 3.1402030923912377e-01 -1.7844255457251920e-01 6.5596628587183486e-02 7.8021102620271399e-02 3.7437468485720632e-01 -1.9716211557045860e-01 -4.5809005501255767e-01 -3.2422272558629173e-02 -3.5036630890761750e-01 -4.2021919851876248e-02 -1.3799390333070680e-01 7.6021245495194581e-02 -1.9392547314171879e-01 -3.6105354483610547e-02 6.8622385324175278e-02 1.4539970890430501e-01 -1.2258343992307870e-01 7.0960121070689748e-03 -4.3670221206189291e-01
-2.3127439120285770e-01 2.6134887567371118e-01 -2.2966288260260950e-01 -3.8321762357200841e-02 -4.1721594140643192e-01 6.4336723518468406e-02 -3.6225758739792030e-02 -2.9221968313884572e-01 1.0571988203409820e-01 -3.0883802860256088e-01 -2.9663365641126438e-01 -1.3878549171120161e-01 -1.2205193423860160e-01 -1.5516823686431719e-01 3.7254479343411379e-01 -7.2471795015682475e-02 2.7913795701586940e-02 1.2442958598778650e-01 -2.2542143559737721e-01 -3.9196600224670468e-02 6.3889701129468540e-02 4.0782704301173027e-02 7.5704864756263993e-02 -2.6716759880237623e-01 -1.0386599288229370e-01
1.2590370473565099e-01 1.2480778850571440e-01 -4.1707181924446014e-03 -1.3679621793101041e-01 7.2547012239849639e-03 -3.8777378568356380e-01 4.3647957767369461e-02 2.6195225266447170e-01 -2.8238111679234640e-01 -7.5106866378031559e-02 -2.1184780246772811e-01 3.4846093665138522e-01 -9.3090906346337640e-02 -1.2803062754109301e-01 -1.0223628173396880e-01 2.6536413449383990e-02 4.7488799153243477e-01 3.0775409497660050e-01 -7.8355101302985362e-03 2.0344323075822390e-01 6.6490825552018323e-02 1.2356498462549539e-01 -1.3106949058041850e-01 -1.3741760565650360e-01 -1.5350140513998670e-01
1.7156987843040519e-01 -8.0246599825340423e-02 3.9733453762484237e-02 2.7771840712378221e-01 -1.9498573129935740e-01 1.5323636616975800e-01 2.3400194880221221e-02 -2.1832128731770591e-02 -2.8561457847507682e-01 -7.8934822420829401e-02 1.0728998280447230e-02 7.4089906602996816e-02 1.4899492019198810e-01 -1.2360707463521760e-01 -1.7395152255891569e-01 1.0762740848253879e-01 -4.1320234004070278e-01 -8.4179828187588818e-02 6.1120458106538669e-03 4.0651132865715939e-01 3.1736185388888949e-01 -8.6732628283611196e-02 -1.9442072304159641e-01 -3.9754315798702450e-01 -5.4487183820276001e-02
-2.0685612408900361e-01 -5.2525871579588233e-02 1.3846297810284031e-01 -1.5885769377473249e-01 9.0140358570367979e-02 -2.9783182742657888e-01 8.1308009301358258e-02 -3.0863990566311861e-01 1.9784233167815471e-01 -1.0254318641679570e-01 -1.6828006799916509e-01 2.7689287052016642e-01 2.5649403981037061e-01 7.7202772179071275e-02 2.6923882742669030e-02 1.2484467037885050e-01 -9.8701465138348835e-02 -3.5027925075876171e-01 2.3872155039147691e-01 1.3997558039196051e-01 -1.3325770507729190e-01 -8.8773332712211647e-02 4.6038568116808787e-02 -1.3650118131171229e-02 -4.8132857141201429e-01
-3.6152955373124002e-01 1.2337169620856070e-01 1.3565771230565349e-01 1.8187139629104590e-01 -2.9628263140303129e-02 -5.5213345822342247e-02 -2.1616413022322439e-01 -8.9285369355216221e-02 -2.8348604363441199e-01 -1.9922980215399289e-02 1.0282323374937320e-01 -3.8980818941950968e-01 2.9834809535766782e-01 2.8441570893617613e-01 -6.0505577470437069e-02 -2.7329483276572508e-01 2.1544653526675911e-01 4.9852515307753011e-02 3.1588672415824581e-02 1.3950975938992949e-01 -1.1348131047975410e-01 8.4938576144129793e-02 -3.8108017945708561e-01 6.0876666288922389e-02 -1.1852136292188320e-01
-5.3884874936309347e-03 1.1385244983670270e-01 2.5960977103927230e-01 3.1140629625830901e-02 3.0211182988579880e-03 2.2291010883503551e-01 1.8334410257913991e-01 -1.8595414454212020e-01 -7.6640599656852423e-02 -1.5781494078738020e-01 3.1112141778121438e-01 8.2212746020109820e-02 -1.5938394563576061e-01 -4.0998968775264648e-02 2.4258005676012079e-01 2.0179688987905189e-01 2.8070819733219249e-01 1.2815757892825611e-01 4.5724635581314108e-02 2.5001812402352980e-01 -1.2223271391409091e-01 -5.8762181427008420e-01 -4.1134932266015257e-02 1.1920579031366850e-01 6.1643579761797199e-02
-7.2422709083899348e-02 -1.4251603740633770e-01 2.4435807809381341e-01 -2.0362504483473021e-01 -2.4135517952534691e-01 6.5852093158053446e-02 1.4550782150754440e-01 3.2715702889303011e-01 1.1268352054219430e-02 -2.2016541040027629e-01 4.0248126707306348e-02 1.6781809403160519e-01 4.4832514494486449e-02 4.5055092393180718e-01 1.0593846645509900e-01 1.5010984114681830e-01 -2.4947744283540771e-01 2.3336091654067301e-01 -8.0018035093546033e-02 -2.9879837829375377e-01 -2.2919694163341001e-01 8.2071466661992679e-03 -2.3505535563299709e-01 -2.1205100979995081e-01 -1.1725912543546400e-02
-2.2779046897612271e-01 5.3007163160472007e-02 8.4409370199551997e-02 1.6363504944673440e-01 -2.1545761758040879e-01 -2.3056959778091321e-01 1.9102752666436090e-01 9.0124475429918138e-02 3.6891832256832569e-02 2.3198908330586229e-01 1.3519512629628040e-02 3.0027805634120001e-02 -2.6674154020175391e-02 -4.0306274375058898e-01 -1.8614714942589430e-01 -2.5743032546332101e-01 -6.8061401901660058e-03 -1.0496607530493580e-01 1.9605196529657901e-01 -2.5672006606496978e-01 -3.2534511547976769e-01 -2.7455084692611842e-01 -8.5832870907745523e-02 -3.1859839832779291e-01 2.0332216682854781e-01
2.0209836786141849e-01 7.1601248784895294e-02 7.4413890645376207e-02 -3.9772975099058838e-01 2.5685274075283569e-02 2.5027412184104952e-01 4.7090290959400027e-01 1.4418473825163130e-02 -1.7942721867963671e-01 -2.3993567182820030e-01 2.5230618572748279e-02 -2.3491075922318291e-01 4.0675264732367428e-01 -2.5846553223411728e-01 3.7067945727868308e-03 -1.0924087070371320e-01 1.3858877176505341e-01 -1.6814447615270089e-01 1.2433125399780030e-01 -9.6466521628973650e-02 5.0064378004943903e-03 2.0065582971306070e-01 1.3348314601834240e-02 -1.0055820880010479e-02 4.9556760189065102e-02
-1.8008409145101570e-01 -2.8371477565498271e-01 -1.5906108252668999e-01 -3.7562581083400642e-01 1.6075646388293249e-01 -5.0379629303093920e-02 -6.3455104496320344e-02 -2.5793763562077970e-01 -2.8409001584260463e-01 4.8295874307077741e-02 -2.9021101974393910e-02 -8.4844942066198293e-03 9.6758230718297561e-02 -1.1839597020642990e-01 -1.6216612435382721e-01 -4.2412528683507297e-02 -2.4880478189349700e-01 3.4144343297902102e-01 -2.5347968932808362e-01 2.2634849956896691e-01 -3.5064680469654053e-01 -8.6458725460664049e-02 1.8315496929107269e-01 -2.1554238803762941e-02 1.6703118575083711e-01
-5.7941937429953599e-02 1.2626127054789901e-01 -1.6945165096486350e-01 -1.4049732634622330e-03 1.3647106543138310e-01 2.0233462305848701e-01 -6.4252618190519084e-02 3.9251996734761860e-02 4.5432988790978651e-01 -3.8966638007692062e-01 1.0909551130383770e-01 3.3143730520379372e-01 1.5195245543297861e-01 5.7332339042608267e-03 -3.8880348661711622e-01 -3.4857301139874919e-01 6.8829628020556255e-02 1.2761001106677560e-02 -2.1077391077164739e-01 1.0182485742672021e-01 1.6115957878703221e-02 -9.1884531175198805e-02 -1.6972046307307681e-01 9.8435796174758377e-03 1.1684059376735199e-01
2.2465026459760171e-01 -3.4771469299719432e-01 -4.7504511471653982e-01 1.7787108751726469e-01 -9.2160183584924546e-02 2.1137092696846060e-01 1.2098131510650650e-01 -2.9785326342234231e-01 -1.4097961815457050e-01 4.4841224835796369e-02 8.1164974325459979e-02 1.6454369546936881e-01 -2.7979348866886519e-02 2.3893558327695241e-01 -3.2592733102666548e-02 -1.7093589728300199e-01 2.4625953748278309e-01 9.3440257915002711e-02 2.7554878569908309e-01 -2.0247079793842940e-01 -1.3547185328806349e-01 -1.6432262044261899e-02 -1.2432673107988471e-02 -1.4548051538421219e-01 -2.1179132830884781e-01
1.0637728707001820e-01 4.1063611425102758e-01 2.5539575191672481e-01 6.3427193403980286e-02 5.0244762750684353e-02 6.4626842604267501e-02 -3.6580911300416068e-05 -3.4369316064524191e-01 -1.3328020959266840e-01 2.6481609894396979e-01 -9.9028007478261640e-02 2.6952691815832602e-01 2.9807573376461871e-01 8.2527902704981337e-02 -1.0510044931954260e-01 -7.0407519183435657e-02 -1.0163873897883691e-01 3.1720294188124731e-01 -8.8963487418742090e-02 -3.8037339673705911e-01 2.2961737098023241e-01 -9.1931030317645310e-02 1.2852077962996150e-01 4.7412882509605618e-02 -2.2187989496913339e-02
2.0348421085703711e-01 -6.7311390020629528e-03 -4.6322356628787073e-02 -2.7584740141079472e-01 -4.9398651731441251e-01 -1.3127830196332721e-01 -9.5370825904640924e-02 -1.6344988840262009e-01 1.7757066644480091e-01 3.5075256038605168e-01 1.8802798535312371e-01 1.6055951601697420e-02 2.1482954489438211e-01 1.6961209216781209e-01 -9.9723821052784378e-02 1.8758687962561449e-01 2.7193996615448002e-01 -2.3031074780248370e-01 -2.7538964079179729e-01 1.3562873091127689e-01 2.7359758523040800e-03 -4.8979373593278086e-03 -6.1057800778411102e-02 -7.4617644771349134e-02 2.0606353324586560e-01
-3.5484092178297932e-01 -8.3245979678996593e-02 6.0757358237192173e-02 -6.8537987993386756e-02 2.8046059335143200e-02 4.6746267588769108e-01 -2.0526447188105129e-01 1.8302701714297590e-01 4.7002506937198839e-02 3.2533963643400848e-01 2.4457589878030439e-01 2.3466330312281330e-01 1.1907717310995081e-01 -3.1591342118729182e-01 1.2737612819407279e-01 1.1546387484121970e-01 1.4772989947327339e-01 4.6551630007677237e-02 -4.6147919791015658e-02 2.1353980126731591e-03 -4.8749332018098558e-03 2.2921756800719270e-01 3.9291913733047308e-02 -1.5686009153181310e-01 -3.0416018856419108e-01
6.1700188829941598e-02 -5.3325073507961540e-01 2.3129398405832330e-01 -4.2919331469072897e-02 -1.6048762550331719e-01 -1.9104603248530569e-01 -4.0918198547648069e-02 7.3769277507912276e-02 7.2321967487922537e-02 -4.1130431298824287e-02 7.1507755914776053e-02 -5.1147596677756278e-02 1.2104245358157149e-01 -1.5553925486153050e-01 1.8134678068572310e-01 -4.1946358605284689e-01 4.7288843056279610e-02 1.1224711515379970e-01 -1.8549917519164411e-01 -8.9678357978138848e-02 3.7365005011846031e-01 -2.4806770371398071e-01 5.9827172823061880e-02 1.5778855411593101e-01 -1.9462457082906251e-01
2.5479392298452270e-02 3.7496408643331640e-02 -1.9614099206539690e-01 -2.1695826895453291e-01 3.0182720847757510e-01 1.2368771098628770e-01 1.5555177221069680e-01 3.2433297040319838e-02 -1.5537271123904271e-02 3.6428380892933271e-01 -3.0403367624919703e-01 1.5541018419474180e-02 -8.5722601442729446e-02 4.4413530332526860e-02 2.6841249593039668e-01 -1.4038925651838549e-01 -6.9073191441782408e-02 -1.6885967236120800e-01 -2.0945894407411281e-01 2.9783412256763528e-03 8.1892097317272983e-02 -2.4860706859907139e-01 -5.5341326644993893e-01 -2.5737958537999910e-02 -3.8098905764609010e-02
4.1610753724409599e-01 2.0211395485821210e-01 1.4966314792335439e-01 -6.7733160746873383e-02 -1.1096708839280270e-01 2.0615354424557450e-01 -3.0118236790635178e-01 2.1599327188742579e-01 -8.7162210096438500e-02 3.3343742612621532e-02 -1.5924361839944409e-01 -7.8494982763179899e-02 -8.4245093857370321e-02 3.7738075237563583e-02 -5.5981717140661677e-02 -2.8800540511157152e-01 -5.5364943916077727e-02 -1.5798635072818859e-01 -1.0709728733859480e-01 9.5492997568679502e-02 -4.1735961626933538e-01 -1.8055738371063151e-01 2.3216461655034670e-01 -2.1393867233603370e-02 -3.4963894817474289e-01
1.2538722064693281e-01 1.2257822643680510e-01 -2.0823507028642041e-01 3.1889305500952397e-01 -7.7128748340322767e-02 -1.2518279544912539e-01 3.8272652235209542e-01 1.8232339457406979e-01 2.6328519387032501e-01 1.9482033030649579e-01 6.9926431057493507e-02 -4.1066675427593971e-02 3.3057374791358912e-01 -3.8952681203565792e-02 2.3448340530066569e-01 -1.5293632121018729e-02 -1.5587574926304101e-01 3.2061175249406781e-01 -9.3406775764635533e-02 2.8265367129537911e-01 -2.3538365985637549e-01 9.1566568179053162e-02 3.8561687167238151e-02 2.0369206306145729e-01 -1.4324688343963921e-01
2.0591144374454079e-01 2.0950611015877721e-01 -1.4937156798165260e-01 -3.3906513564179608e-01 3.8645184949642433e-02 -1.7909988541992791e-01 -3.5439402397450542e-01 -2.0587408590576891e-02 1.2512690170731311e-01 -5.8761193864874826e-03 3.7097459538580468e-01 -3.0395791003332770e-02 3.3473889064691183e-02 -9.1341240220734921e-02 2.4380208212190921e-01 -1.3070531770736779e-01 -2.3080728249521651e-01 2.1601740737917699e-01 4.7339820726306581e-01 2.4692200661755061e-02 7.3039858362453733e-02 -2.8923792900263201e-02 -1.7135025480459529e-01 -1.2632699243098711e-01 2.1797986890026769e-02
9.9540516612372287e-02 -1.2469505492636930e-01 4.0427129219225089e-01 1.8010343948558102e-02 2.2671099395457989e-01 8.0530704828830596e-02 1.1516998071154640e-01 -1.7651868421886591e-01 3.2991084979202578e-01 1.5555643427345300e-01 -1.4353065672032861e-01 -1.1504271306929040e-01 -1.2354125567126220e-01 1.8816686331599169e-01 8.3255933731026022e-02 -2.2445142004078000e-01 1.3298869233820040e-01 1.6775990892707809e-01 1.0226955336446160e-01 2.7738479856560311e-01 -4.2872018866276004e-03 2.2285686443384861e-01 1.1360870943042641e-01 -4.5718672195440713e-01 1.6965294863059599e-01
2.0571709512545960e-01 -8.2827739554634489e-02 2.3313472890773401e-01 1.6078077814713429e-01 -5.2486605306580378e-02 -5.1685388456838739e-02 -8.6687727410595286e-02 -2.9983031210074262e-01 -1.1300959136120831e-01 -1.0301270884679040e-01 9.1051773431030283e-02 3.3051613615290082e-01 -1.3205996563168490e-01 -2.3005157031728271e-01 2.5138370520899628e-01 -1.3868747856895400e-01 -1.0132627944153180e-01 -1.4862489913479701e-01 -1.5241034814417581e-01 -2.9313598923987862e-02 -2.8065588733060459e-01 4.2046564583330831e-01 -3.0536872323107461e-01 2.1615374714902449e-01 1.4864974510100110e-01
-2.7677740720621052e-01 1.4453452989209631e-01 -4.6563047684072781e-02 -1.5428404205408761e-01 -2.4375739364725529e-01 6.6347798280158757e-02 2.1459582731635130e-01 1.1383751743282509e-01 -2.2139169262292749e-01 1.3211508355762691e-01 7.9992535440812335e-02 3.0586952021933811e-01 -1.8061990281468229e-01 2.6828193851323090e-01 1.0565275279037550e-01 -4.1463828727032481e-01 -1.3043504553944180e-01 -1.6404064067368851e-01 1.6612719125423681e-01 2.6435532198337880e-01 1.6652381061789159e-01 9.4599037222750607e-02 2.5470847313587841e-01 1.8288932992911061e-01 1.5226232622926519e-01
