# CEC 2013 LSGO F10 permutation vector 0-based (D=1000)
744
95
901
528
691
842
775
800
639
6
306
391
154
657
717
769
704
260
813
595
576
367
974
688
344
562
844
3
959
127
121
513
355
0
445
916
405
574
404
531
397
88
748
91
180
826
489
21
112
267
648
96
24
879
671
20
514
97
326
505
667
273
495
451
361
816
868
675
527
185
944
989
221
802
835
315
314
79
257
584
446
406
951
477
557
356
961
930
369
113
152
741
579
503
569
412
453
327
17
650
906
682
392
946
984
903
993
848
334
743
864
968
623
236
642
63
462
11
491
291
887
237
863
490
261
171
145
211
673
896
266
99
600
229
165
757
172
645
722
2
524
768
139
883
701
9
580
182
46
354
242
25
885
60
872
793
147
380
28
379
44
486
677
449
731
209
302
19
790
378
357
996
823
134
638
110
438
104
467
752
821
622
141
398
602
384
956
223
850
818
904
186
637
796
838
833
670
125
466
649
484
359
339
192
271
525
487
203
957
759
461
590
725
839
285
795
646
698
507
990
627
931
48
183
329
82
915
197
297
772
967
287
240
13
75
432
976
479
855
73
61
202
263
293
853
303
264
589
512
534
437
720
427
685
105
631
184
191
163
962
662
219
26
103
170
788
542
774
347
927
162
228
803
443
773
416
781
599
434
499
806
555
880
660
616
986
765
8
753
464
50
917
782
478
978
538
129
247
845
195
135
410
694
851
958
483
473
23
341
909
35
568
469
340
16
822
749
362
106
532
686
34
494
189
608
588
828
620
130
985
510
983
874
7
719
834
157
739
611
690
692
724
950
585
966
59
786
953
1
418
442
969
249
282
560
678
336
703
785
846
841
255
415
980
168
496
836
783
933
345
188
498
158
290
508
597
281
393
807
791
955
65
636
804
543
37
787
751
364
992
666
414
547
425
715
629
47
699
736
888
204
535
83
57
695
892
148
947
455
762
51
750
918
565
840
997
805
80
727
684
999
458
124
144
143
190
511
713
886
573
771
41
222
884
174
187
342
371
533
482
661
594
776
861
605
504
450
108
245
159
304
243
598
220
241
938
902
419
215
544
891
431
641
472
269
317
895
710
965
43
847
665
131
936
515
706
492
849
272
460
654
212
360
363
987
897
923
70
540
248
78
566
708
207
137
860
843
672
230
322
789
100
756
763
624
577
754
5
234
332
561
669
553
370
468
603
36
523
253
941
280
502
117
633
250
122
755
447
742
820
213
621
150
809
331
663
995
181
408
516
572
480
38
351
324
301
655
552
196
292
882
289
994
619
39
217
109
928
89
471
440
601
856
747
728
606
935
12
877
279
33
609
475
402
792
943
118
429
31
873
133
626
343
799
635
313
119
700
614
779
426
908
778
199
998
858
140
530
27
18
423
801
387
258
388
549
680
441
718
960
529
368
87
225
832
422
120
238
730
286
760
537
338
42
231
208
92
794
349
591
45
972
386
988
920
581
734
932
376
373
74
558
328
837
308
875
274
551
239
939
262
889
420
812
721
456
52
107
630
85
309
366
399
346
116
452
288
284
644
352
905
859
224
136
921
940
153
798
881
854
506
307
693
911
166
14
975
173
22
178
15
325
738
697
409
481
714
244
780
954
72
175
138
193
278
268
973
151
737
395
546
676
777
898
687
474
652
298
536
149
949
764
900
919
541
177
797
656
205
696
457
852
256
681
194
161
448
592
866
559
98
93
64
890
758
702
424
583
444
578
318
232
115
707
653
733
411
55
617
596
817
176
428
991
815
746
383
548
550
385
353
907
68
963
126
335
520
784
401
862
952
924
732
942
865
319
971
294
970
365
299
556
123
723
198
651
300
389
726
948
716
575
615
235
664
53
825
275
348
277
459
934
937
640
729
526
400
76
871
712
612
501
912
390
81
745
811
470
4
913
922
200
500
227
265
407
32
894
668
252
382
519
29
84
632
567
101
394
321
320
593
305
870
521
206
226
77
766
330
381
977
829
296
210
981
49
323
311
509
899
128
643
814
876
735
216
421
831
164
40
436
761
570
545
146
493
808
517
132
433
604
893
333
58
310
582
233
463
62
254
56
142
10
276
54
179
683
30
430
770
485
522
647
316
375
679
251
634
372
114
982
67
979
497
102
554
403
465
929
283
439
914
111
607
857
867
413
167
610
827
869
71
246
374
586
740
218
925
539
518
819
625
878
659
810
563
830
169
613
767
709
358
564
417
377
201
66
90
587
337
824
312
618
435
711
214
259
945
476
926
488
94
155
69
571
674
910
270
160
86
628
350
156
295
964
689
705
454
396
658
