# CEC 2013 LSGO F10 shift vector (D=1000)
-8.5461655876627898e+00
1.8522932112452491e+01
6.8164157981251492e+00
2.9282528689904129e+01
-2.3357206941331750e+01
4.6192686896639614e+00
3.1471587267161301e+01
-2.2993079542459881e+01
1.5293374025288790e+01
1.2458886652131890e+01
1.3943250695691351e+01
-4.2561653817802716e+00
1.9556220343950830e+01
1.7673675831078882e+01
-1.7254780418387949e+01
3.0154609306484321e+01
-2.9210781041634881e+01
-2.4142138963887788e+01
-1.0959730249721909e+01
1.0054797920611950e+01
-1.7062408847621750e+01
-1.5716908745060380e+01
-2.0441528591061839e+01
6.3352829980652214e-01
-1.2242112599479640e+00
-5.1689588864532592e+00
1.5132461704564269e+01
1.2554282086235270e+01
1.8855588537524380e+01
2.2193585349671249e+01
8.3517554875508928e+00
5.9763057809103781e+00
-1.4098243158220590e+01
2.1864942785794939e+00
-2.2762276658943669e+01
-8.4662383154282459e+00
1.9791879660301660e+01
1.9739742686459580e+00
-1.0371652573837769e+01
-1.8774358151429091e+01
-3.1193956029756622e+00
-1.8704730587626930e+00
-3.1782035889297902e+01
1.1005661185073260e+01
-1.9470290835891621e+01
7.6229840967826756e-01
6.8555678546099967e+00
2.5155458257694900e+01
5.2584531751617583e+00
-1.2343243045767769e+01
8.1285092254656384e+00
-1.7920675676039920e+01
2.1399010880123701e+01
-3.1138397387336308e+01
-2.0230245095890620e+01
-1.7576297103163409e+01
-1.1542714081824240e+01
2.7804030322843840e+01
1.0348307383391290e+01
2.0654402701683850e+01
1.8871533420265312e+01
-1.4816641055720831e-01
2.4824809118406240e+01
2.4870165475309300e+01
8.8395335790741338e+00
8.3153299462004426e+00
-1.5627116367833761e+01
-2.6371944614860968e+01
2.1768706778201501e+01
-3.1504624608791719e+01
-1.9123246165821548e+01
2.9898571198019241e+01
1.6573267395468118e+01
1.8174758790647541e+01
3.1111038222468860e+01
2.9951110001631921e+01
2.1920285441387609e+01
2.9701605661149049e+01
-1.0965795097489000e+01
-2.2721875914704189e+01
-7.5186042019364274e+00
-1.3416462832991300e+01
1.8554792894520538e+01
2.9109925733734141e+01
3.0756868880467241e+01
-2.7356028540613110e+01
-2.4689471256893501e+01
1.7530319460560442e+01
-1.4864505631222990e+01
-1.4486388658773130e+01
2.8956933154466931e+01
2.9023443468446061e+01
-7.5513949912900120e+00
-5.3115032109012237e+00
1.1189420435212680e+01
1.4181276214174400e+01
-1.1549563330194481e+01
-4.0459722247776444e+00
-2.2390355157489470e+01
-1.8797138303116899e+01
3.2636298877540302e+00
-7.1575824066075873e+00
-5.4031388511010920e+00
9.1358775632857281e+00
-2.0479957415513720e+01
-7.7146822027223472e+00
3.5060834686828593e-02
2.8943935047943121e+01
-1.8539959219010079e+01
-1.9147479878244340e+01
-1.7465558565342040e+01
6.5566201404800450e-01
-1.8858097618711401e+01
-1.1574746686393240e+00
-1.3814688119465890e+01
-2.4487952373640930e+01
-1.5616761707091140e+01
1.9227118818332151e+01
7.8715407167800999e-01
-1.3374232662924269e+01
-2.5060743679262231e+01
1.2109017357107270e+01
5.0256482420458868e+00
2.9588803675706679e+01
2.3795316257972029e+01
-1.4137573927866679e+01
-1.1697901335877139e+01
-1.2960354187623221e+01
-1.4359371514502440e+01
2.8781412245972469e+01
7.6368770674913096e+00
-1.7216920997458161e+00
2.5499975817756461e+01
1.6163889811153769e+01
2.8208171541884859e+01
6.5287600517702806e+00
-3.3301442588415600e+00
-2.2958197232670599e+01
-2.6056692954364571e+01
1.1403118866931040e+01
-2.9125047898346899e+01
6.3214569007702739e+00
1.5973594415623470e+01
2.6118583538498392e+01
2.3395521596811410e+01
1.7044957765118291e+01
-1.5431953174718091e+01
-9.4738808828751564e-01
1.3415364040937090e+00
-1.8442697624235759e+01
-2.4400777048084709e+01
6.1596986401814826e+00
2.4957822344656321e+01
-2.1103541885641640e+01
-2.3206241329909439e+01
1.1879862004798010e+00
1.2291444078527549e+01
-9.5440046694690253e+00
-2.9849694949864290e+01
-1.6739549449710491e+01
-2.2490573140374419e+01
-3.2263446912841269e+00
-1.1425384053353360e+01
4.8231668746597709e+00
6.7383928030992211e+00
1.4151520123537880e+01
9.6796772683398871e+00
-2.8962234896956009e+01
-2.9214385944710340e+01
-9.0392445649054221e+00
-1.5859568856525300e+01
4.2360144350054236e+00
-1.5316952919723350e+01
2.6839053031718571e+01
-3.0229372531023959e+01
-2.7876483413358329e+01
1.5214957942236399e+01
-2.7603321104600191e+01
3.0632397034357530e+00
-2.7932540635518830e+01
1.6573889262210091e+01
-3.9217144241910828e+00
5.6754045829790583e+00
1.9733879041451470e+01
3.0426239540326510e+01
-8.5774299201467645e+00
1.6781018645849759e+01
-2.3928776734054111e+01
-1.2825158327556981e+01
1.5626002376965911e+00
4.1411938393865704e+00
-2.2265766934466441e+01
2.3400680821697410e+01
-2.4029848719210179e+01
2.7226625293736522e+01
-9.6313668418046934e+00
5.5886357839371179e+00
2.5825391882051861e+01
-1.3662599400777509e+01
3.0049100680162748e+01
-1.4070507299532939e+00
-2.9225768577571710e+01
1.9266220004377001e+01
-1.6969868079930830e+01
-2.6975537335887999e+01
-2.2477250641124339e+01
-2.2274241684579021e+01
-1.0294482259882781e+01
-1.8989263969563719e+01
-1.9830650774382889e+01
4.7737456305917787e+00
4.7849024954683879e+00
-4.3152877928874860e+00
8.2114825604408193e+00
2.9728546201228049e+01
1.5578511477414750e+01
-1.6483941686659360e+01
2.3406070106755470e+00
1.7150068120122761e+01
2.4578635768789979e+01
-3.0370776569630490e+01
-2.2945714178798209e+00
-2.1716780388612239e+01
-1.8034660409330812e+01
7.5900273234150953e-02
3.1668229842974370e+01
-8.7340273677912670e+00
1.4304971455122010e+01
7.8955680820861369e+00
-1.3105618920724259e+01
-6.1534602294191094e+00
1.2986044738986550e+01
-1.4588215106366940e+01
-8.5295925551522167e+00
-8.5090303993740957e+00
-2.9079955643218909e+01
2.2995952789524861e+01
2.8786660951500139e+01
6.1276777000206604e+00
-3.1203591678202218e+00
2.0990762730503679e+01
-1.8391586077019308e+01
-2.6667430299890199e+01
-1.0786155572232810e+01
1.4577419574421491e+01
-2.2395256467984279e+01
2.1273740525068170e+01
-2.4930964905862780e+01
-2.2189863773742260e+01
1.6584856730043992e+01
2.4306840683841461e+01
-3.7039484830636138e-01
8.7791800690724831e+00
-3.0749432285091118e+00
2.9773754090760470e+01
1.2883535032150400e+01
-1.9672489943056291e+01
6.4787805536676757e+00
3.0674903124566359e+01
-6.3024894005301935e-01
-8.2963259338383499e-01
6.1199893535884078e+00
-1.8484792668973061e+01
1.4813171674002140e+01
-1.3439689567814650e+01
7.4104599025530256e+00
-1.5927692237988531e+01
4.5246705328340191e+00
4.5905282540400680e+00
-4.6455443153996594e+00
1.3281093032954940e+01
-1.6595020654883491e+01
-4.0068542711517701e+00
-3.3674466678490522e+00
3.0734462455331439e+01
-1.7716108922778812e+01
2.5373139756918651e+01
1.8921803430895771e+01
1.9837212666432489e+01
1.3006446201829601e+01
9.5813583501704329e+00
-1.0715211534343741e+01
1.6323507221446061e+00
-2.9489365031684072e+00
-8.1082756447140376e+00
-1.7012910939786689e+01
1.3239265592829749e+01
1.6999565202727531e+01
3.0872251836270652e+00
-5.2903230309273637e+00
-2.0955291495730410e+01
-1.6702744009461089e+01
1.6404765432090549e+01
1.1003830746832479e+01
1.5706457089122081e+01
-2.0274560276609339e+01
1.8644265206869449e+01
-6.0627508254092586e+00
2.3965051824601058e+01
3.0574761184586570e+00
1.4486171313431740e+01
-2.4381860814469101e+00
-1.0682728576358119e+01
2.4076849684165680e+01
2.6228922293475879e+01
2.7679888152637289e+00
-2.0170641998031289e+01
-1.7851498610064709e+01
1.9611612235150389e+01
-1.1887039040314630e+01
-1.4447730915359530e+01
-3.0292466851472319e+01
6.7899792891050641e+00
2.2394754735471079e+01
2.4794398163421480e+01
-1.1161717166335331e+01
1.7462669471465379e+01
-8.2372617788904146e-01
1.5308654738378170e+01
-1.1115348974463799e+01
-1.2610538961437991e+01
-1.9878407810045651e+01
-1.8426925480036669e+01
-2.3138703528434391e+01
-2.2672708852508290e+01
1.4490241003940521e+00
1.7649557498789591e+01
6.5849330912275281e+00
-4.6967585379218448e-02
-2.6528900379865480e+01
-2.4199146778441261e+00
-1.0217772851671681e+01
2.5467698893771860e+01
-3.3742260888082170e+00
-2.9925990396353821e+01
-2.3140258576127842e+01
-5.9188244206383471e+00
6.5743766936964132e+00
-1.8314870894014209e+01
-7.2651946842740456e+00
-3.1352508404508910e+01
2.8977099635926340e+01
3.0423539242349329e+00
-3.2299350896337758e-01
1.2246874746069439e+01
-1.8581763448206381e+00
6.7641916955239427e+00
-4.2676197399724014e+00
1.0988428805779900e+01
-1.4518490004760560e+01
8.4406109162995104e+00
-1.0153259410557240e+01
3.1415359045554032e+00
-1.4104223008470220e+00
2.0621027045126169e+01
5.5360555718598281e+00
2.1928259017080819e+01
4.0904949531719614e+00
3.0743630634296341e+01
-1.8123338165140591e+01
-2.0000224006064450e+01
2.3392201348692780e+01
-1.9299180964794200e+01
-1.7851095622200329e+01
-1.6334816891833619e+01
5.4739573058888844e+00
1.0247224715689109e+00
-1.8649670692189211e+00
-2.6435024847735431e+01
-6.8725870329356109e+00
-1.6661179832278620e+01
-2.2044863738687589e+01
-1.4400823858467939e+01
-9.3284676087546696e+00
2.2052353463933429e+01
1.3888786393965731e+01
7.9950916484272383e-01
1.9704138496289438e+01
-1.4783675360939039e+01
1.4108362295447970e+01
-1.0279726919361870e+01
-1.6417478230653039e+01
8.0690865296400922e+00
2.5502620593921531e+01
-9.0164992327408466e+00
-7.0041234999479965e-02
3.0719116699161940e+01
1.3863980557503650e+01
1.3886495341999829e+01
6.1352363528913179e+00
1.7847096639866220e+00
2.7196352791622800e+01
-2.5180373716933310e+01
-1.8531189365389292e+01
-3.0303541081154570e+01
1.7331335657398810e+01
1.1102531648695219e+01
5.7111550418505450e+00
1.6645620010643920e+01
2.7544568536144592e+01
2.3245251474113282e+01
7.4080750390053982e+00
-1.6783101740690689e+01
-5.1428068285817314e+00
-3.0773734333598508e+00
2.8175035449581429e+01
-1.8452095293805939e+01
-2.6905612082993962e+01
3.1134660586982410e+01
-2.1489413780208409e+01
-1.3605926778795000e+01
-2.3042620977764010e+01
1.4346738677391549e+01
3.2827581829989732e+00
2.8763697876678510e+01
-3.5208824608175830e+00
1.0138271854154619e+00
2.8047830278313270e+01
-4.2673807159290789e+00
1.4609710099815290e+01
5.1275272947645636e+00
6.0726521367838124e+00
-2.9803284861593180e+01
-1.3909339743901670e+01
-2.8785700463160580e+01
-2.7187610078060050e+01
2.9958223477240651e+01
-1.5453369820960839e+01
1.4973843196698740e+01
-9.2907016852742998e+00
-1.1507377784262870e+01
2.9651784325752480e+01
1.7680893998003260e+01
3.0801624363613382e+01
2.3868609739734939e+01
-1.2095344565020261e+01
7.4516146998997099e+00
1.3569610586030070e+01
8.2325917188636257e+00
-1.5358144022670119e+01
-2.7610197152574280e+01
9.4448072153830998e-01
-4.8084069819723290e+00
-2.9436666748770861e+01
2.8159912738139191e+01
1.7614853166867960e+01
2.1214283163969419e+01
7.1839088758060576e+00
-2.7048799238527490e+01
-3.5787797273712713e-01
1.9343541803212759e+01
-1.9245251685419799e+01
2.8948362604645240e+01
2.4952469612227819e+01
1.9138585985512631e+01
1.2316717588414781e+01
-8.4651161994823756e+00
1.4613059332636540e+01
-2.0711798860038169e+01
-3.3755981957419370e+00
-1.9806424653791950e+01
1.1830352813825060e+01
2.5891763624177081e+01
-2.6500578235649009e+01
-2.3682434542270538e+01
2.6501294149370619e+01
-2.7295201037397430e+00
-2.5933548522124461e+01
1.3518844290220130e+01
1.0446139750904971e+01
1.8925627478818669e+01
-1.0070011140504979e+01
-5.7323610320225340e+00
1.5375004389656331e+01
2.6580141186067490e+01
1.5953385420626420e+01
-2.5630269346006081e+01
1.6973460061838690e+01
2.6742157833741391e+01
-2.6759438379084930e+01
2.3727793912510560e+00
-3.1886311339241761e+01
-9.6983673865144890e+00
-2.3785718274771031e-01
-1.2899601849051111e+01
-2.6065494083815448e+00
-1.8129522882687070e+01
-1.1521749181244390e+01
2.3864135163492040e+00
3.2694443217977178e+00
2.2507397399461901e+01
-1.1159433725845339e+01
-1.9384189156985649e+01
2.0458987838137091e+01
-3.1297329786101940e+01
-1.4356953508678760e+01
2.0621701053046252e+01
3.4192152983742452e+00
-9.1204972019370150e+00
1.0731758172754789e+01
2.9942787872198100e+01
-3.1646226386068989e+01
2.6388751629766279e+01
-1.3677643924453999e+01
-3.1190481949896149e+01
7.6449453236590914e+00
-5.9138711758819822e+00
-1.1051174052567839e+01
2.0455151998029049e+00
2.3866348203345411e+00
-2.3363733931626069e+01
1.8251986907298100e+01
-2.2607901198777320e+01
2.0915814370877481e+01
-8.3971885374727453e+00
2.4595500923955740e+01
1.1037154067401641e+01
2.0191324714714241e+01
-2.5864853678844860e+01
3.1549036873729790e+01
-4.8059805596840519e+00
1.3016232937401790e+01
-5.4192747364721754e+00
-8.8706864142668280e+00
4.2963673336505233e+00
-1.2316495745590011e+01
2.8177468869662899e+01
7.0435210316826904e+00
-1.5427927891417699e+01
1.0886917631420010e+01
-3.7959209413293271e+00
-2.1055109993466800e+01
2.8815070428961761e+01
4.9151198331929766e+00
-6.6116139240242049e+00
2.6112352092801611e+01
2.9814685886513960e+01
-3.0627284034100789e+01
-2.1052275545122860e+01
3.0137044214358429e+01
-1.7669960867163010e+01
-3.9306537558136720e+00
-2.1444853604524010e+01
2.3587234008746101e+01
-3.1452740518465720e+01
-1.1133211234757830e+01
2.5104163503633959e+01
-2.7392288573840240e+01
-3.6917131488962351e-01
3.4747472474575529e+00
2.1135218145922700e+01
-1.9480523261177421e-01
2.3498225210463058e+01
-1.0368498168185161e+01
-1.5908931223421829e+01
7.0396897680128987e+00
-1.8868042389559161e+01
1.2546175474677359e+00
1.4630061534809810e+01
-9.0808880986088703e+00
2.7269912914317540e+01
2.1280987834464831e+01
2.2917338920286682e+01
-1.0475293456299930e+01
1.7892632961364241e+00
-1.3225396420393070e+01
6.7141405242746934e+00
-1.7841204735036140e+01
-2.5360935073715641e+01
1.7630770940320311e+01
2.2462349707454859e+01
1.5919998438768291e+01
-1.4788877146879290e+01
-2.9812257534884150e+01
1.4128068742740060e+01
-8.5850576668288721e+00
6.3374760028887456e-01
1.6682778673205188e+01
2.9403644299372949e+01
2.8784340160282142e+01
-6.1822456998957751e+00
9.9662573735839448e+00
6.7408176540071563e-01
1.5435111540998591e+01
-1.3354169187112150e+01
-2.0058967184344361e+01
-2.0835994522142570e+01
-1.0816333807375220e+00
1.7979386080726250e+01
-1.4920591086604951e+01
-2.8159427261485622e+01
2.1502652915419109e+01
-8.4368030198010191e-01
-2.8735206513372191e+01
-1.9908951077065911e+01
7.2394632599947109e+00
1.3334167338749261e+01
-1.8874050175625630e+00
1.3299882338751770e+01
-8.1163751212143147e+00
1.0171384594349799e+01
3.6275806245491400e+00
-2.4596643610309581e+00
6.4732717777356923e+00
-6.3812697986941211e+00
-9.1985664086601151e+00
-6.4844027976498024e+00
-1.4762280137183881e+01
2.4877722512281959e+01
4.3507577640414361e+00
2.8527622368184002e+01
1.6238747045500150e+00
-4.2999405742857899e+00
-1.2283146130434821e+01
-1.4917980924442359e+01
1.9783541166385870e+01
-5.9490087679600467e+00
1.1750451041969390e+01
1.1087717868536251e+01
-8.4836415515084642e+00
1.8425212331107659e+01
-6.4485258670012708e+00
6.7959068581670623e+00
1.9909295686768790e+01
9.6201412017901244e+00
-2.7031452141000599e+01
1.8934963795813861e+01
9.7124967588769706e-02
-2.9752028519613621e+01
1.3584304016121850e+01
-2.4700187475947759e+00
-1.0764366193875750e+01
6.5936071895970931e+00
1.9569435405492861e+01
2.9291214626011821e+00
9.3029244309124230e+00
-2.9254831732849151e+01
2.1026341677049999e+01
3.0476482673013251e+01
5.0572326167724679e-01
2.7103843273203580e+01
2.3604563630986689e+01
8.0715256586274204e+00
-1.7756632031904509e+01
6.3529980910283879e+00
-2.1734437876706249e+01
1.3214716238487529e+01
1.2632368141550600e+01
1.8506455593972099e+01
-1.7130505119898551e+01
-1.4788191545428401e+01
-1.5131728514303051e+01
1.7195866112085699e+01
-2.5610892701806179e+01
-4.9359095219090721e+00
-2.5912368487589351e+01
-3.5156582287363141e+00
7.9981105100732738e-02
-1.3128742540383881e+01
2.7831365422451981e+01
-9.0456082043082731e+00
-1.0438563395369171e+01
1.0567773144233980e+01
-1.8552015664820939e+01
-9.4042208612598834e+00
2.3127235521128689e+01
2.2195327259030249e+00
-8.4582114341471435e+00
2.1169466353646278e+01
-2.9787091755749170e+01
6.1583749962254526e+00
-2.6844761545633531e+01
-2.7240873435847708e+00
9.2375446162847830e+00
1.0521074333702509e+00
1.9690445483896209e+01
-2.0655701542748901e+01
7.0014411581923020e-01
1.1785545174263380e+01
-2.6764384332142221e+01
2.7262335024713089e+01
-3.1131660773514330e+01
1.1372797801896381e+01
-1.2299907341139869e+01
2.8849749226155581e+01
1.4603484475165610e+01
5.9720613128584919e-02
1.6259282766534561e+01
1.6825550821393531e+01
-8.2595476439882649e+00
-8.0601835935006161e+00
2.4771122338073170e+01
1.1078297733639831e+01
2.2000185678340841e+01
-2.6690281347475149e+00
-6.3314251833167488e+00
-9.1568679385593867e+00
2.7565908117874018e+00
-7.1550701791661186e+00
-5.8005546678208324e+00
-1.2065654021126971e+01
-8.5316469843315845e-01
1.7345863433913511e+01
3.1497717953742399e+01
6.1239762473864801e+00
-9.9490127790400074e+00
1.0864122212715859e+01
1.6534049053771660e+01
2.8123503292185590e+00
2.6668470720977928e+00
-2.4058112503471481e+01
-1.6288527771081750e+01
1.2724440767540910e+00
-1.3861420769631120e+01
-1.2507527505112680e+01
2.2212470785680068e+01
-7.5283037820918350e+00
-1.0879220569836370e+01
-4.3723394160148636e+00
-6.8469431577319089e+00
4.9444027158495668e-01
-2.7950992928406071e-01
-4.0463036712189497e+00
-2.1644739071044730e+00
-2.1862394279741721e+00
4.1098010166575367e+00
-1.3904429282379850e+01
1.6532556060989808e+01
-1.3672855921504970e+01
2.2882111718200888e+00
-2.5016781186992780e+01
1.8773806005477489e+00
1.5144425816099449e+01
1.2265380957556710e+01
-2.9723641968773840e+01
-8.2288942590438960e+00
1.3382505815125221e+01
-6.0601197613976270e+00
-5.8400986342493830e+00
1.5617124886179120e+01
5.7309956377990172e+00
4.4672982680926960e+00
-1.6791853755898131e+01
3.1987973289945540e+01
2.1853581463207970e+01
4.2103993248628866e+00
1.4144985502787160e+01
-1.5023588769246571e+01
-1.2659468163640449e+01
-3.0292194282608509e+01
-2.1329372818769851e+01
-1.9117487880266879e+01
-1.9955591077161749e+01
-6.6059389251074627e+00
-6.0425910185958829e+00
7.0258268774378791e+00
-5.2338546935879418e+00
-2.0164258461586329e+01
2.5955928242334110e+01
9.8426636413234210e+00
6.6815772345324742e+00
-7.5279159680652210e+00
2.5617289644088650e+01
3.1870855600925420e+01
1.6196113524769238e+01
-1.0389566377665849e+01
-1.5401892056137869e+00
1.0240500698714980e+01
-9.0855803003692230e+00
6.7696971119370559e+00
-2.1205065177677970e+01
1.6476181951223321e+01
2.4345773525281050e+01
-2.6066969380680501e+01
-1.8989352448368550e+01
-1.9042644238774390e+01
-1.6870309669348771e+01
-8.5577657028927128e+00
8.9015936617641511e+00
-2.5308602915166201e+01
4.2178231903962732e-01
9.1766501305107990e+00
-5.2089495432107036e+00
1.4053809940774570e+01
1.2030782122561931e+01
1.9906135681805019e+01
-1.1131976454691660e+01
2.9204825988697870e+01
2.9695132631787079e+01
-5.3086344704685109e+00
-7.5463973153942536e+00
-8.9966194185982573e+00
-2.7664906206602002e+01
-4.8467897912766524e+00
2.7011911603948722e+01
3.2751946392361769e-01
-1.2099548633969730e+01
1.8298032282935111e+01
6.5676262166036006e+00
1.6269290122388580e+00
-2.0235946224795310e+01
4.7758631332540347e+00
-1.2457106224786081e+00
-2.9699593452591131e+01
-1.6181139884215462e+01
-3.1862892348836471e+01
1.0406415125675100e+01
1.8349637171678442e+01
-3.6458000686790770e+00
1.6195014160638902e+01
-9.7953865120972061e+00
2.9750825537689710e+01
1.4333129741848269e+01
1.5147646652065511e+01
-2.2319533838229400e+01
1.4826818591216480e+00
-4.7298405536382049e+00
2.8915237950404300e+01
-1.7712185099710879e+01
2.0757796755771839e+01
2.4726951358851370e+01
-3.1382969741908258e+01
-6.3901488926095018e+00
-3.0075235867482590e+01
1.3388045264448539e+01
-2.3288388804450580e+01
-7.0678599600591629e-01
2.1372953706308181e+01
-2.3319001766384620e+01
-1.0263552782020691e+01
2.4593861434818670e+01
-3.0583870893656091e+01
-2.1371344211694730e+01
-2.7619147991453129e+01
-5.6048673077462663e+00
1.4581494462985750e+01
1.5534343008465050e+00
2.4364129960458449e+01
-2.2925850625098619e+01
-2.9349785176473290e+01
-2.5093088923127230e+01
-1.1154895125757420e+01
-2.1817014896023149e+01
8.8922105003708030e+00
-1.8126338417578939e+01
-2.1569676315402340e+01
-1.6770497076444158e+01
2.0673213336798000e+01
-1.5851683366728689e-01
-1.5809949984962749e+01
1.4970099703580280e+01
-4.2067277613326919e+00
1.2896306418741761e+00
4.1478740285646047e+00
2.8551335389144299e+00
2.1065475609627601e+01
-2.4300489065840310e+01
-2.9871684483126359e+01
3.1233343911821368e+01
-6.0872910829694078e+00
1.7171878394993389e+01
-1.0449658493079561e+01
7.8327957355164912e-01
-2.0845733533892378e+01
-1.5285475371392931e+01
2.2207149522967399e+01
7.3560672447034099e+00
1.0543827687688131e+01
-6.6475759505548924e+00
-2.4173316989418929e+01
-6.7580635021148110e+00
6.8262977944021763e+00
9.2107294148247725e+00
2.9554902684527889e+01
-2.9806493288179141e+01
1.8519258400392449e+01
-2.1500048628688639e+01
-2.2777442656613541e+01
1.3945838774777750e+00
-2.8762900168065970e+00
-7.1978374406633028e-01
1.9144389765521598e+01
-1.9720070672483391e+01
-1.2275796135680739e+01
3.3137402604319490e+00
4.2573676455974740e-01
-1.7367542739970279e+01
9.0335654926956241e+00
3.1495630458024451e+01
-1.6484655176813138e+01
1.7672382645229849e+01
-6.0412281212786691e+00
1.7290793074517861e+00
5.0048176110093374e+00
8.4849694899250867e+00
-7.0408449457699023e+00
-1.9424971719710399e+01
1.9736731378226221e+01
-5.7546213818796099e+00
-3.1564081632713412e+00
2.1311318366678609e+01
2.8186404952401631e+01
2.2394627388112461e+01
2.4024456068663980e+01
-1.5479500446386041e+01
-1.7619379912032841e+01
5.1845268714702242e-01
2.4331549201344689e+01
-9.1376829550460155e+00
2.9387810114428710e+01
6.7668790653944830e+00
1.5790247003282969e+01
4.5647323992689370e-01
-3.1873987520097781e+01
2.9486943664166692e+01
-1.9553780601271399e+01
-2.0690273514185410e+01
-7.0389307361704889e-01
-2.9847715133540891e+01
1.5321035307079949e+01
2.8844987377051812e+01
-1.4033970158455000e+01
-2.8300182362923278e+00
-2.3492073501543771e+01
2.4570836502154481e+01
7.1077870961331835e-01
-1.9176567683184199e+01
2.9305863634413711e+01
2.4489706272302939e+01
-2.5589625359785881e+01
-3.1039656649597038e+00
3.0334671785088869e+01
2.2910249021433671e+01
-2.9316157231593291e+01
-9.3295053667437977e-01
-2.2703991344620249e+01
1.1994185482993901e+01
-2.4503974623844119e+01
1.7678970111884230e+01
2.7444044551141459e+01
5.2284239032926916e+00
2.5066134790216442e+01
-1.3181820974894380e+01
-7.2147257690600313e+00
1.2986532873692729e+01
1.5125283256971170e-01
-1.7440743275767009e+01
-8.1311009025755510e-01
-9.2449197688571747e+00
2.2176801945299069e+01
8.0122447538799157e+00
-3.0802125251848519e+01
2.1548243690290541e+00
1.8317890870486320e+01
3.0128268013463401e+01
3.5652388798702410e+00
-2.5331479913939649e+01
3.2595057155895968e-01
5.7887749528766106e+00
6.3636584557847007e+00
1.5773241448703690e+01
-8.5456240451163235e-01
2.1993957695403161e+01
2.4914247189651750e+01
2.7032530561340241e+01
-6.7732122955368617e+00
1.1277889460883619e+01
3.1383346587910030e+01
-8.1563796484754114e+00
2.2785776599438151e+01
2.6264471185297420e+01
1.9399831098797371e+01
-3.0385965095694040e+01
5.6660690321736391e+00
5.0468703050738419e+00
7.8134133993155528e+00
-2.1121364883731061e+01
-2.7053163376362729e+01
1.9604931550854729e+01
-1.4973228909036150e+01
7.1855748555009704e+00
2.2555727836949170e+01
-3.8071558276864712e+00
2.7553395062414960e+01
2.6456776356277260e+01
-1.9459182891377971e+01
1.1764807639848680e+01
-4.7384335219903804e+00
-1.0054248691107350e+01
1.7627473472766670e+01
1.6476029354293519e+01
-8.2289635973249577e+00
7.3598034933773242e+00
-4.1596047239046052e-01
1.7978113849474791e+01
2.1977851856245401e+01
-3.0332099801943588e+01
-1.4735422050143120e+01
-3.1135488126562059e+01
2.7110287024473250e+00
