# CEC 2010 F01 shift vector (D=1000)
-3.6884289400000000e+01
-4.9414415699999999e+01
5.2362556099999999e+01
-6.2456304400000000e+01
2.1934753499999999e+01
3.4564421500000002e+01
-2.7409202499999999e+01
-3.2140597499999998e+01
1.8101843599999999e+01
-3.1146409299999998e+01
8.4142264699999998e+01
1.5764142100000001e+01
3.9311723399999998e+01
9.3559500999999997e+01
6.8156305700000004e+01
-4.8738513599999997e+01
-7.5185941099999994e+01
5.3238970299999998e+01
-1.6288757100000002e+01
5.3236553999999998e+01
-6.6931169900000000e+01
-9.7071582800000002e+01
-8.0006931100000003e+01
-9.2214768500000005e+01
-8.3374425099999996e+01
-7.0250289499999994e+01
2.6759984899999999e+01
-3.7058983300000001e+01
-4.1067858800000003e+01
-6.8589549000000005e+01
-8.8831891999999996e+01
-7.3987419500000001e+01
-4.5972298500000001e+01
-5.2016742399999998e+01
1.6859045600000002e+01
1.2601836400000000e+01
-3.1476706199999999e+01
9.5403189299999994e+01
8.1559477500000000e+01
-1.8517563800000001e+01
-6.2822415499999998e+01
-3.0278236600000000e+01
4.8644384400000000e+01
-9.1511588000000003e+01
-8.7447341800000004e+01
7.5829192800000001e+01
-4.4838187900000001e+01
-5.1264308300000003e+01
-1.6503899100000002e+01
2.8647507900000001e+01
-2.3712475800000000e+01
7.9606885199999994e+01
5.5623833900000001e+01
-7.7947541299999997e+01
-4.5507906000000000e+00
6.0451169800000002e+01
-8.1902490499999999e+01
5.6231545799999999e+01
-6.5971456099999997e+01
1.0080177500000000e+01
3.2086523200000002e+01
1.3399427500000000e+01
-6.5120152800000000e+01
-3.8019131299999998e+01
-2.1928180099999999e+01
9.0321566200000003e+00
4.4568542500000000e+01
-7.7315264600000006e+01
6.0167714800000001e+00
1.8156856399999999e+01
-3.5282682899999998e+01
2.2913511400000001e+01
-8.2134418400000001e+01
-3.4038691300000004e+01
2.1098018199999999e+01
-5.3979182299999998e+01
3.3074318699999999e+01
-3.7197613900000000e+01
9.5754600999999994e+01
4.2750041099999997e+01
1.5719073900000000e+01
7.6580582100000001e+01
-7.1752932099999995e+01
8.5606008900000006e+01
3.5226957499999997e+01
2.6580267100000000e+01
-2.8029752200000001e+01
-3.1721954700000001e+01
8.2358733999999998e+01
6.2501229799999997e+01
4.9176879700000002e+00
-7.7888859499999995e+01
3.2008582300000000e+01
7.1563021500000005e+01
9.9983496000000002e+01
-7.6819632200000001e+00
6.8210999400000005e-01
-7.7597668799999994e+01
-7.9672111000000001e+01
-3.6634275600000002e+01
-3.4668910300000000e+01
7.2446465300000000e+01
-9.0982420700000006e+01
-2.7508953999999999e+01
2.7003863200000001e+01
1.1752293500000000e+01
-7.6349020899999999e+01
1.8266989100000000e+01
-7.6618570700000006e+01
-2.2659598899999999e+01
2.5687988199999999e+01
9.5995336899999998e+01
3.6026409999999998e+01
-1.1802949199999999e+00
-2.7549177000000000e+01
8.8807712499999994e+01
-2.0172421400000001e+01
5.6232246400000001e+01
-8.8930447900000004e+01
9.4295816700000003e+01
2.8560082300000001e+01
-4.7926216099999998e+01
2.4664827899999999e+01
1.0756172899999999e+01
6.1511344999999999e+01
-6.6277291700000006e+01
7.5964200099999999e+01
6.5502775199999999e+00
4.7253900199999997e+01
-1.8018245100000001e+01
-8.5677935700000006e+01
2.1501974400000002e+01
-6.6200662399999999e+00
-2.8701960700000001e+01
-3.2507274400000000e+01
-2.1423737300000001e+00
9.2001776399999997e+01
2.0544214900000000e+01
-7.6774288100000003e+00
5.5246478400000001e+01
1.9754551100000000e+01
2.7999322400000000e+01
4.5150006500000003e+01
5.0321056900000002e+01
9.2444130099999995e+01
5.8472167300000002e+01
-3.6564817499999997e+01
7.4394271099999996e+00
4.2997494699999997e+01
-7.2133874899999995e+01
-4.0121078300000001e+01
1.5372291600000000e+01
4.2217079300000002e+01
-4.3979906700000001e+01
9.7777208900000005e+01
-9.9371187699999993e+01
-5.0706407899999997e+00
4.0451479100000000e+01
4.7978509699999996e+01
2.3476800399999998e+01
9.6535493399999993e+01
7.0571100999999999e+01
6.0766859599999997e+01
-1.4053243999999999e+01
6.8806986100000003e+01
-8.6387131100000005e+01
4.0843069100000001e+01
-6.4240397999999999e+01
3.3350654599999999e+01
-1.1028049100000000e+01
-9.6734594599999994e+01
-8.3269038300000005e+01
5.4869310300000002e+01
-4.9248464900000002e+01
9.0406823399999993e+01
-5.2286273399999999e+01
7.9428351399999997e+01
1.7480395699999999e+01
-4.6361241300000003e+01
-2.7859613599999999e+01
-1.2516861600000000e+01
-1.4978713800000000e+01
-9.3305267499999999e+01
7.0974701500000004e+00
3.5930921699999999e+01
3.2039237000000000e+01
5.7602223199999997e+01
9.3561577400000004e+01
5.4235787500000001e+01
-5.7968490700000004e+00
6.7128805099999994e+01
-5.1793460899999999e+01
3.5694209700000002e+01
-6.0289683199999999e+01
-3.4039304299999998e+01
9.2360914699999999e+00
7.8422774300000000e+01
4.2225788799999997e+01
1.1402040899999999e+01
5.3344561400000003e+01
2.4743478300000000e+01
7.3287107199999994e+01
-3.1909082099999999e+01
9.4492810600000006e+00
7.9532657499999999e+01
-1.7240101200000002e+01
-3.7903506899999996e+01
-5.6014682200000003e+01
1.6467243000000000e+01
7.7377959099999998e+01
8.9234195900000003e+01
-7.2598534000000001e+01
-2.7232401599999999e+01
-5.6023850099999997e+01
-5.5503566299999996e+00
5.0672632100000001e+01
3.2612324899999997e+01
5.6275195799999999e+01
9.5982498399999997e+01
6.5098799999999997e+01
-6.7086666899999997e+01
3.7350027699999998e+01
5.4612131599999998e+01
8.4591166599999994e+01
-5.3115459399999999e+01
5.7668719400000001e+01
3.3139555800000000e+00
-5.6720948600000000e+01
6.0313167300000003e+00
4.0905117599999997e+01
-9.7471332600000000e+00
-8.1925018699999995e+01
-8.9051907499999999e+01
9.1918775999999994e+01
-6.7536454599999999e+01
-1.1093133999999999e+01
6.4183301700000001e+01
4.5316537300000000e+01
-8.9063595500000005e+01
-2.4705818200000000e+01
3.9010548900000003e+01
4.1746411999999999e+01
-1.6945548100000000e+01
4.1214651699999997e+01
-4.7953437500000000e+01
-4.9698900799999997e+01
-8.4536001200000001e+01
-3.5778577900000002e+01
6.7730698200000006e+01
-1.3554864600000000e+01
-8.9251377099999999e+01
2.6153098799999999e+01
-8.7483496000000002e+01
-5.3029663100000000e+01
-7.8143554399999999e+01
3.3531701300000002e+01
7.8103047799999999e+01
8.6435358800000003e+01
-8.9004792499999994e+01
1.9241073300000000e+01
-6.3085544800000001e+01
6.0185019199999999e+01
-9.9981336999999996e+01
-6.7033931999999993e+01
3.5819643599999999e+01
1.7190898499999999e+01
4.0031359399999999e+01
-1.7330288599999999e+01
-2.9392520200000000e+01
-1.8672726699999998e+01
6.8162346499999998e+01
-3.9482568599999999e+00
3.6062180099999999e+01
-5.6967123399999998e+01
3.3277607000000003e+01
8.1241667000000000e+00
-6.8845811900000001e+01
-5.5032474300000001e+00
-3.5077075399999998e+01
-1.5563265600000000e+00
1.2882077499999999e+01
-3.2690134200000003e+01
1.2072519399999999e+01
2.2961472300000001e+01
-2.8468221600000000e+01
-2.5968346100000002e+01
5.9715311900000003e+01
9.8982288999999994e+01
-2.2301219000000000e+01
-9.8500197000000000e+01
-3.1461385700000001e+01
-5.4570383600000003e+00
2.1348728699999999e+01
7.4440310499999995e+01
1.4761447300000000e+01
-3.2401828299999998e+01
-9.9768180200000003e+01
-3.6133685999999997e+01
-6.3454429899999998e-01
2.1942931500000000e+01
-6.9799336699999998e+01
6.1180928500000000e+01
-3.9756022199999997e+01
-4.3848599000000000e+01
8.1004030700000001e+01
-4.8874659300000003e+00
7.8759484700000002e+01
-7.1772253899999995e+01
-6.4538319599999994e+01
4.5239232400000002e+00
6.9356286499999996e+01
6.5678608000000005e-01
-1.1544054700000000e+01
-8.9526674600000007e+01
3.1541948099999999e+01
9.4847316399999997e+00
-3.0947426000000000e+01
-5.6849786199999997e+01
8.2277325700000006e+00
-2.9043379399999999e+01
3.9264935800000003e+01
2.6026604599999999e+01
-7.3224136000000000e+00
6.9341264899999999e+01
2.5027344299999999e+01
3.2821590100000002e+01
-8.6173124100000003e+00
-5.5974110100000001e+00
-5.6742270800000000e+01
-4.3273051799999998e+01
-5.0193421000000001e+01
-7.2048005399999994e+01
1.6524251000000000e+01
7.8755144000000001e+01
5.5122144300000002e+01
7.9378158299999996e+01
-6.5044811300000006e+01
4.5574061999999998e+01
-4.9089660700000003e+01
-7.3935252599999998e+01
-4.1546612799999998e+01
-5.7369020700000000e+01
-7.5438075999999995e+01
1.7008770800000001e+01
5.7161188000000003e+01
5.7544833900000000e+01
6.0072159499999998e+01
2.4584241700000000e+01
3.9895787900000002e+01
-7.9896135500000000e+01
-3.4388446600000002e+01
1.1593778900000000e+01
-1.8754624200000001e+00
9.0639236499999996e+01
2.5910411600000000e+01
-3.7577917100000001e+01
6.6076026600000006e+01
-4.1413533999999999e+01
-2.4603267299999999e+01
6.9791258300000001e+00
4.1616906800000002e+01
9.1233133400000000e+01
-7.8171123300000005e+01
-6.5602368600000005e+01
3.5355182599999999e+01
-8.2642726999999994e+01
-6.1742402100000000e+01
-7.4025981200000004e+01
3.3168415899999999e+01
5.1013111000000002e+01
-2.1198938500000001e+01
-1.1761812200000000e+01
-2.1762871000000001e+01
-6.5477974700000004e+01
-1.0874940000000000e+01
-4.8646771999999999e+01
8.7718788200000006e+01
3.1606577500000000e+01
1.8706668700000002e+01
6.7997334100000003e+01
2.2344570999999998e+01
6.9961753999999999e+01
-9.3777464699999996e+01
-7.3299037999999996e+01
-3.9870314299999997e+01
5.4125375800000000e+01
2.3114479800000002e+01
3.3961153500000002e+01
-5.9168730800000002e+00
-2.5360083400000001e+01
-5.9321042300000002e+01
3.9087586000000002e+01
-8.5562090900000001e+01
-6.2526532899999999e+01
-9.9490360699999997e+01
-2.5983443499999997e-01
2.2519798000000002e+01
-4.6912400400000003e+01
-6.5456465499999993e+01
-7.7906173600000002e+01
8.4991334300000005e+01
-4.5985250800000003e+01
-2.2128681300000000e+01
-5.3619740200000003e+01
2.3579177999999999e+01
-1.9192716599999999e+00
-3.8642656100000004e+01
9.2243601699999999e+01
3.2773721100000003e+01
-7.9243824000000004e+01
-5.0514568900000000e+01
-1.5288223300000000e+01
-4.4672807599999999e+01
-1.1044196800000000e+01
-8.0705957100000006e+01
-1.1292875400000000e+01
6.1719133999999997e+01
-8.6767278599999997e+01
-7.9429136900000003e+01
-1.9586590200000000e+00
-4.9885269500000000e+01
1.4069357400000000e+00
1.4250008299999999e+01
-5.9990397799999997e+01
9.0857080600000003e+01
-1.0535188300000000e+01
-4.5794159600000000e+01
3.5437205100000000e+01
-8.3005037099999996e+01
8.2562900400000004e+01
4.8947395800000002e+01
7.9392725500000001e+00
9.1452572500000002e+01
7.8613133700000006e+01
2.8854124500000001e+01
6.2119267000000001e+01
9.3930495800000003e+01
-4.7146032300000002e+01
7.8209556699999993e+01
-5.4380684100000003e+01
-2.3220621900000001e+01
-1.0114244100000001e+00
7.5919953800000002e+00
7.0480265399999993e+01
2.7866790300000002e+01
2.2536568700000000e+01
1.6487061700000002e+01
-8.1190552800000004e-01
-1.2468383400000000e+01
-7.4171256999999997e+01
1.9299068999999999e+01
2.1237766400000002e+01
-5.3925275900000003e+01
9.5272053499999998e+01
-2.6250787400000000e+01
-9.9492183300000008e+00
-4.1627424000000000e+00
-3.0488976200000000e+01
7.5075466399999996e+01
-6.6990817100000001e+01
-4.9525557399999997e+01
9.9175823699999995e+01
-3.1687559600000000e+01
-6.7218125099999995e+01
-8.2639336599999993e+01
3.0516087400000000e+01
-8.2032012100000003e+01
-7.9548519200000001e+01
-5.6885639099999999e+01
9.8001371500000005e+01
1.5872600500000001e+01
-2.6033913399999999e+01
7.3745525700000002e+01
-6.6511362800000001e+01
1.5709234199999999e+01
-4.0546337299999998e+01
-2.4803220100000001e+01
-2.4294288100000001e+00
2.8837924999999998e+01
9.9539085000000000e+01
4.4049546399999997e+01
-2.6581860400000000e+01
-8.0518445499999999e+01
-4.2621282600000001e+01
-1.4519441000000000e+01
4.9759114199999999e+01
1.5278690599999999e+01
4.6686356300000000e+01
-5.2672602400000002e+01
7.2732519800000006e+01
8.4395010100000007e+00
1.5855483800000000e+01
2.7627995299999998e+01
-3.9573689500000000e+01
-8.8663212999999999e+01
-8.0840927300000004e+01
1.6796542700000000e+01
7.1807373400000003e+01
4.2737009999999998e+01
-1.5097087999999999e+01
-6.7145359099999993e+01
8.3104908100000003e+01
-1.6795832900000001e+00
5.1928508000000001e+01
-3.5934717599999999e+01
-8.3467617700000005e+00
-4.6149334300000000e+01
-1.7842065000000002e+01
-4.4694331699999999e+01
-3.4274218500000003e+01
-5.8817457500000003e+01
-8.9728985899999998e+01
-3.9138864099999999e+01
8.1879637699999996e+00
-4.2464333799999999e+01
8.0568982500000004e+01
8.9452485699999997e+01
-3.9717635199999997e+01
6.0492646700000002e+01
5.0203355199999997e+01
-3.5848708500000001e+01
-8.1127657499999998e+01
-2.8361506700000000e+01
-6.0282522999999998e+01
7.0639978499999998e+01
-3.6125903999999998e+01
8.9328642900000006e+01
2.5420498200000001e+01
2.9695857600000000e+01
6.0154091000000001e+01
4.8371222500000002e+01
9.0151732800000005e+01
-2.0688721300000001e+01
-8.0115451199999995e+01
1.2091885800000000e+01
-2.9483033500000001e+01
1.5693483700000000e+01
7.8124738699999995e+01
4.4273630500000003e+01
-8.6392464700000005e+01
-4.3169501300000000e+01
5.8274056999999999e+01
3.6240971299999998e+01
9.4762102799999994e+01
8.1509343200000004e+01
4.6517214500000001e+01
1.0376682100000000e+01
-9.8121588000000003e+01
1.9221458100000000e+01
-1.1777654200000001e+01
2.6512890800000002e+00
8.9680828599999998e+01
-6.3442132800000003e+01
-6.7679863600000004e+01
1.2984684600000000e+01
-4.7116379400000000e+01
-9.6946578500000001e+01
-8.9011734599999997e+01
1.7926671800000001e+01
-5.0394101100000000e+01
2.6953948000000000e+01
4.7447442199999998e+01
-6.6659591599999999e+01
7.9169083299999997e+01
3.6016237799999999e+01
1.3512165400000001e+01
3.0497151200000001e+01
-4.1768983900000002e+01
5.8801283599999998e+01
-5.5974783199999997e+01
-9.6447006500000001e+01
-1.6375648800000000e+01
-1.6075747600000001e+00
5.0927713300000001e+01
5.8975482599999999e+01
4.1352391799999999e+01
-6.0722042600000002e+01
-2.0012153099999999e+01
-3.0197445299999998e+01
-2.1377889100000001e+01
-9.8232480100000004e+01
3.7977874900000003e+01
7.8301878200000004e+01
-4.3334780500000001e+01
-3.8802442700000000e+01
2.8461339599999999e+01
-4.5387150699999999e+01
-1.0315440499999999e+01
4.6340797500000001e+01
-7.5058653300000003e+01
-7.9080732900000001e+01
6.6391161999999994e+01
-7.1251185300000003e+01
-3.5493198700000002e+00
5.0356259799999997e+01
6.1068341599999997e+01
-6.8262719899999993e+01
-8.2440228599999998e+01
-2.1482618100000000e+01
-3.8219561200000001e+01
6.6643551500000001e+01
-4.6810986600000000e+01
8.0213049499999997e+01
-7.1495814300000006e+01
3.7273799500000003e+01
-3.7459422699999998e+01
3.7273624900000000e+00
5.4447449900000002e+01
-3.4660419200000000e+01
6.4769306900000004e+01
7.2130396700000006e+01
7.3848171800000003e+01
3.7408823099999999e+01
-5.5049957200000001e+00
7.8873961600000001e+01
6.8248187799999997e+01
-8.8111672600000006e+01
5.8862847000000000e+00
9.7352885799999996e+01
9.1247811900000002e+01
-6.8735634800000000e+01
1.4089021700000000e+01
-9.6553136899999998e+01
4.9086915099999999e+01
-4.8591231100000002e+01
5.0037476099999996e+00
-5.6841319199999996e+00
-9.7789158400000005e+01
2.7004579199999998e+00
9.3653861500000009e+00
-3.7332576199999998e+01
2.3011649400000000e+01
7.8053560099999999e+01
-8.2676029400000004e+01
-9.6862494100000003e+00
6.8897082400000002e+01
2.7118874999999999e+01
-3.2669116699999996e+01
6.5925649199999995e+01
8.8130362500000004e+01
7.6730726599999997e+01
-9.6154095500000007e+00
1.6162369800000000e+01
-1.0963851000000000e+01
3.9529950800000002e+01
5.8700301600000003e+01
-1.3451883600000000e+01
-1.4888611200000000e+01
-2.5801775100000000e+01
-2.8319925600000001e+01
-9.5824083599999994e+01
-8.4086933500000001e+01
-3.7464041799999997e+01
7.0714735200000007e+01
2.5206671499999999e+01
-7.1896419600000002e+01
-4.1344304899999997e+01
2.0502912599999998e+01
-9.0235561899999993e+01
7.2895456300000006e+01
6.9334110800000005e+01
-2.3481502299999999e+01
8.9368788600000002e+01
-8.9268510199999994e+01
-4.6904116100000003e+01
6.2798701000000001e+01
7.1597246699999999e+01
6.5856262999999998e+01
-2.2558538500000001e+01
-5.1496259400000000e+01
2.0823864400000001e+01
6.8411837300000002e+01
-1.5636670300000000e+01
5.5791646700000001e+01
8.2112860600000008e+00
-4.9140041600000004e+01
-3.8644782499999998e+01
-7.3512553600000004e+01
6.7433734100000002e+00
-2.0610318500000000e+00
8.5938788099999996e+00
-8.8060236200000006e+01
8.3604062999999996e+01
5.5205296500000003e+01
-9.4464587899999998e+01
-2.0999544400000001e+01
2.6131672500000001e+01
1.1320279299999999e+01
1.8389460600000000e+01
-3.4749793199999999e+01
-5.5679239699999998e+00
-2.0604083100000000e+01
-3.5358673199999999e+00
-9.0827250399999997e+01
2.0465829500000002e+01
9.3108703599999991e+00
3.3744917800000003e+01
-2.5884517100000000e+01
4.0409174999999998e+01
5.8831899700000001e+00
-3.1032769999999998e+00
-3.8129039900000002e+01
3.4838110800000003e+01
2.5483426200000000e+01
9.9753933200000006e+01
-2.0194836400000000e+01
5.6929897699999998e+01
-7.2216805500000007e+01
2.1356363399999999e+01
-4.2205350299999999e+01
-8.4099631300000000e-01
-6.4201820900000001e+01
-6.2706868499999997e+00
-1.8484376800000000e+01
-3.9375207600000003e+01
-6.9355701100000005e+01
2.5718493500000001e+01
-4.4348362700000003e+01
-9.2070224300000007e+01
6.8268738700000000e+01
-9.3550176699999994e+01
-1.4562754000000000e+01
-7.1924808900000002e+01
3.8756930599999997e+01
-3.9784892300000003e+01
-1.8762260200000000e+01
-4.4488165400000000e+01
-6.2975183399999999e+01
9.0142320499999997e+01
3.1488454399999998e+01
-6.1404893800000000e+00
-4.4070555599999999e+01
-4.7863885799999998e+01
3.3044438200000002e+01
-2.6073985799999999e+01
2.2713810699999999e+00
9.7534659700000006e+01
-2.8208745499999999e+01
9.6262852999999993e+00
-3.0228318800000000e+01
3.6564792599999997e+01
-1.2085949899999999e+01
8.3586612599999995e+01
-2.8580381700000000e+01
5.7479666299999998e+01
-2.8253243600000001e+01
2.1071787499999999e+01
-4.9492940699999998e+01
4.6241937999999998e+01
3.6706027300000002e+01
2.7810772000000000e+01
1.5295891700000000e+01
-1.2132787900000000e+01
-9.4521449200000006e+01
5.2529459699999997e+01
-4.6969664299999998e+01
2.4893142900000001e+01
-8.2421195699999998e+01
-5.7761763799999997e+01
3.5587131900000003e+01
-5.7182581100000000e+01
-6.0516690699999998e+01
9.4259808000000000e-02
-6.1307662700000002e+01
6.9098183199999994e+01
-8.7664679199999995e+01
-9.7945575599999998e+01
-4.4733330400000000e+01
-5.1522564500000001e+01
1.2886202400000000e+01
-4.5389297700000000e+01
-3.6833330199999999e+01
8.2559196099999994e+01
8.6983592600000001e+00
-6.5116249400000001e+01
6.5127134299999994e+01
2.3408310100000001e+01
-5.1014870999999999e+01
8.2491116700000006e+01
-9.1016921300000007e+01
4.7866034300000003e+01
2.2962014400000001e+01
-5.8589305600000003e+01
-9.5525229100000004e+01
1.6407607500000001e+01
5.6082179099999998e+01
7.1457076900000001e+00
-3.8535436700000001e+00
1.1295323600000000e+01
-2.9332196799999998e+01
-7.2663434100000003e+01
-1.5264705299999999e+01
-9.8904088400000006e+01
-4.6542869799999998e+01
3.8433953099999997e+01
-1.8133186500000001e+01
8.6296107899999996e+01
-8.2226327600000005e+01
-2.3148291900000002e+00
5.3575888699999998e+00
6.3778914999999998e+01
1.9134087500000000e+01
-7.1405417600000007e+01
2.4829433999999999e+01
5.7723180200000002e+01
-9.5524968099999995e+01
-2.1456768000000000e+01
3.8851522400000000e+01
7.9900311299999998e+01
-8.7846848899999998e+01
3.1671728300000002e+01
-6.8070622000000000e+01
1.8946740099999999e+00
6.7242536799999996e+01
2.6183353799999999e+01
7.4942929300000003e+01
9.4512790400000000e+01
-2.5015545500000002e+01
-4.2987019099999998e+01
1.6657039399999999e+01
-4.4952712800000000e+01
7.7430274199999999e+01
3.5177086299999999e+01
7.3523812499999996e-01
8.6595563999999996e+01
-7.0178625199999999e+01
7.6865085500000006e+01
-7.2708444999999998e+01
-1.1660220400000000e+01
-3.7350791200000003e+01
-4.4789747200000001e+01
-2.3190040900000000e+01
5.5983658599999998e+01
-1.3471888399999999e+01
-6.7519305399999993e+01
2.3938763300000002e+01
3.9279453400000001e+01
7.6526975899999996e+01
6.9911027700000005e+01
6.5956264300000003e+00
7.6341064900000006e+01
6.0267993899999999e+00
3.7770313899999998e+01
-3.7027275500000002e+01
7.4343454100000002e+01
-7.1189693899999995e+01
-6.9324648800000006e+01
-6.0112201700000000e+01
9.1808833500000006e+01
-9.4047239300000001e+01
3.6122686000000002e+01
-1.0046179600000000e+01
-2.1996215700000000e+01
-1.1659165600000000e+01
-1.5018383699999999e+01
9.4398837599999993e+01
2.6489220799999998e+01
2.6264504500000001e+01
2.5510970600000000e+01
5.2956225600000003e+01
5.1921228800000002e+01
-7.7538097900000000e+00
-1.9590523500000000e+01
-8.0490443000000000e-01
-1.1605789800000000e+01
5.5731070699999997e+01
-3.9730432499999999e+01
-5.4549109999999999e+01
-1.4929777300000000e+01
5.2491316599999998e+01
4.7801856500000000e+01
-4.3408700600000003e+01
2.7615956900000000e+01
8.5568815499999999e+01
-6.9544979100000006e+01
-4.1402445700000001e+00
3.5248910899999998e+01
6.3561360299999997e+01
-4.3406124599999998e+01
-5.6320177999999999e+01
3.0552449299999999e+01
-2.3266920899999999e+01
5.1134439299999997e+01
8.4412534500000007e+01
-8.8838589499999998e+01
5.2466362599999997e+01
2.2154015200000000e+01
-4.8219248100000002e+01
-6.0939863600000002e+01
3.8784329800000002e+01
5.3484398100000000e+01
-8.1638125200000005e+01
3.0578965300000000e+01
-1.4424456599999999e+01
7.6333073799999998e+00
6.5365513800000002e+01
3.4529748699999999e+01
2.9647947599999998e+01
1.4317597400000000e+01
-6.4528718400000002e+01
-3.4644408499999997e+01
3.5918638299999998e+01
-6.4824568100000004e+00
-9.1214550399999993e+01
6.7413513199999997e+01
-2.2383455800000000e+01
5.6761576499999997e+01
-1.0894034200000000e+00
-6.2210485700000000e+01
-5.2356889199999998e+01
4.2109148200000000e+01
-8.3265518200000002e+01
-2.8515940000000001e+01
7.4552281399999998e+01
4.2815378299999999e+01
-5.4727429100000002e+01
2.5378616400000000e+00
4.8029961499999999e+01
7.6151089700000000e+01
3.4323576899999999e+01
9.3108030499999998e+01
4.3913638599999999e+01
4.5674380499999998e+00
-4.0828429399999997e+01
-7.0955963699999998e+01
-5.5191513800000003e+00
2.1497895700000001e+01
-2.2818018899999998e+01
-3.6126320700000001e+01
1.3018148900000000e+01
2.1089490699999999e+01
-6.2621707600000001e+01
2.0557109900000001e+00
6.0084337200000000e+01
5.4138739400000002e+00
3.4946958799999997e+01
-3.4075716000000000e+01
9.6096596000000005e+00
-4.8733927399999999e+01
-9.0340369199999998e+01
-2.3643797400000000e+01
-6.4031885700000004e+01
6.0382156400000000e+01
2.9445169799999999e+01
-2.5486404900000000e+01
-9.5659077499999995e+01
-9.9085877300000007e+01
5.0929685999999997e+01
3.1993387800000001e+01
-2.5744042600000000e+01
-1.1941917800000001e+01
5.4911729200000003e+00
7.5558886599999994e+01
-9.2950984199999994e+01
-7.0931616399999996e+01
2.2642755099999999e+01
-7.4703201300000002e+00
-7.5493271600000000e+01
-4.6360074800000000e+01
-3.7922065199999999e+01
6.5542037399999998e+01
1.8652554400000000e+01
9.6485868999999994e+01
3.7334744800000003e+01
-7.3759240500000004e+01
1.0921187900000000e+01
9.5814436299999997e+01
2.0149731200000001e+00
2.2166260500000000e+01
-7.8515284300000005e+01
-3.0898725200000001e+01
-4.7996590299999999e+00
5.6865281000000003e+01
3.0269680800000000e+01
-3.0088558800000001e+01
-5.7290649199999997e+01
-3.0273395699999998e+01
-4.2765628800000002e+01
8.5028634800000006e+01
3.3873708399999998e+01
-7.5123307900000000e+01
-4.0535238500000004e+00
-7.5521298200000004e+01
6.3444007700000000e+01
9.4640733699999998e+01
-1.2405514800000001e+01
4.4495734100000000e+01
2.0798538299999998e+00
3.5234769200000002e+01
4.3873533899999998e+01
-1.0460249900000001e+01
-2.4397130300000001e+01
-1.3694531800000000e+01
-3.3207361700000000e+01
8.0660884800000005e+01
3.1252595799999998e+00
8.1921068800000000e+01
8.6197907700000002e+01
2.0754353099999999e+01
-6.4702854900000006e+01
