# CEC 2010 F16 rotation matrix (50x50)
-4.7989578400000003e-02 -2.8479178000000001e-02 1.8351573300000000e-02 1.8167193100000001e-01 4.2334311999999999e-02 -1.7287798100000001e-02 -7.8899516000000003e-03 6.6819904200000002e-02 -1.1942926199999999e-01 1.3012357299999999e-01 7.1188147500000007e-02 2.9760048999999998e-03 -9.3891943800000002e-03 -1.2456903800000001e-01 1.6524314299999999e-02 5.2268547100000000e-02 -4.4139058299999999e-02 2.4121580100000001e-01 2.2533592599999999e-02 2.2247643100000000e-01 -2.8945536700000002e-01 -1.0964311000000000e-01 1.0021228600000000e-01 -3.0401166200000002e-01 1.1623065600000000e-01 -2.3190819700000001e-01 -1.3338832000000000e-01 -8.4654293399999997e-02 -1.6234588100000000e-01 -1.7291203400000000e-02 2.6754588400000001e-01 -2.2058415300000001e-01 7.2547098100000000e-03 7.5353331800000001e-03 -1.3134035399999999e-01 -1.6862159500000001e-01 -1.0419936400000000e-01 -1.7086213700000000e-01 1.3350359100000000e-01 -3.6912505599999999e-02 -8.7723462800000005e-04 -9.1710275600000002e-02 -1.6860251500000001e-01 5.8645194999999997e-02 -1.0138864600000000e-01 -3.7352950000000001e-01 1.7590980500000000e-01 1.2257607700000001e-01 6.2466155099999997e-02 -9.7514789500000004e-02
9.9391362600000005e-02 -1.3422389200000001e-02 -3.7274396299999998e-02 -9.1401086399999998e-02 1.0199509100000000e-01 1.4885295400000001e-01 1.6804548599999999e-01 9.4830727300000001e-02 4.0849676800000000e-03 -1.2039461200000000e-01 -3.4627007700000001e-01 -4.3370689200000000e-02 -1.7442379799999999e-01 -1.1523632700000000e-01 -3.2982311800000003e-01 5.4888484100000003e-02 -1.3115791199999999e-01 -4.1088205600000004e-03 -2.6938481699999999e-02 1.9697710399999999e-01 6.8616547799999997e-02 1.1269313500000000e-01 -1.4110655300000000e-01 -2.1679933200000001e-01 -2.6439203000000000e-01 -5.7751719100000001e-02 1.9614454200000001e-01 6.2549072800000003e-03 -1.4955246199999999e-02 7.5550385799999999e-05 8.3953826499999995e-02 1.1879368400000000e-01 -4.9388201600000001e-02 -9.1521110099999997e-02 -6.8239311299999994e-02 -7.9469597300000000e-02 -1.5064132700000000e-02 1.7556428299999999e-01 9.5450312600000004e-02 1.9214745400000000e-01 -2.1054619299999999e-01 1.1223290900000001e-01 1.8036844499999999e-01 -1.7640168200000000e-01 -4.9963528799999997e-02 -6.5590034800000002e-02 2.2122130000000001e-01 3.5185802000000002e-02 2.1842528600000000e-01 1.4241147300000001e-01
-7.1515780900000006e-02 -5.1747460100000003e-02 6.1586468499999998e-02 5.3941634299999999e-02 1.0599256099999999e-02 -4.3747392600000001e-01 -3.2474415399999998e-02 2.3688756700000001e-02 -6.1583477099999999e-02 -2.7252529300000000e-01 -1.0253275900000000e-01 8.3872919899999995e-02 -1.5705597900000001e-01 -2.4387914099999999e-01 2.7004749099999999e-02 2.9335138300000002e-01 6.5976912200000001e-02 7.5289537000000004e-02 -8.0223355900000001e-02 -9.6207202399999997e-02 -2.6071011900000002e-01 1.9170673999999999e-01 -2.3988669399999999e-02 6.7062019099999995e-02 5.8603535999999998e-02 1.8722351700000001e-01 -8.7229111100000006e-02 4.6117627400000000e-02 2.0518424800000001e-01 -1.3641901000000001e-01 -2.8790171800000000e-02 1.8969825100000001e-01 1.7223598600000001e-01 5.8434930599999997e-02 -1.1215190100000000e-01 5.7631573200000001e-02 -4.6055284900000000e-02 -2.1241860800000002e-02 1.6028748700000001e-01 1.4796423200000000e-01 -2.4007344300000000e-01 -7.1708755799999996e-02 -4.3173374700000003e-02 1.6497590100000001e-01 1.0784972000000000e-01 -3.5327503300000000e-02 -2.5721513499999999e-03 -1.6849251600000001e-01 1.2833356000000001e-02 -1.1029253000000000e-01
-2.2326374199999999e-01 -1.0307885200000000e-01 -2.6477683299999999e-02 -5.1393246900000002e-02 -5.6207379500000001e-02 -8.4448350599999999e-02 -1.2934588699999999e-01 -2.8416476000000002e-01 2.8716488599999999e-02 -6.2989000599999997e-02 5.2425933299999998e-02 -4.7806156799999999e-02 -1.4346273900000001e-01 -7.3817238800000004e-02 3.0977158899999999e-02 -6.5922633300000005e-02 9.3376507400000003e-02 4.3393137300000001e-01 -7.5575355699999999e-02 4.3156416699999998e-02 1.3979046300000000e-01 -1.8770852199999999e-01 3.0329738900000000e-02 -1.0514844000000000e-01 -1.1068388699999999e-01 1.4072822100000000e-02 4.5938276000000000e-02 1.0813787800000001e-01 -2.2708723600000000e-01 1.3594154299999999e-02 -4.2534145000000002e-02 9.9668535000000003e-02 -1.7381650400000001e-01 5.7812937600000003e-02 -1.2655857800000000e-01 -6.3705034300000005e-02 2.8850612100000000e-01 -2.9515280099999999e-02 1.7911003100000000e-01 -1.7159864200000000e-01 -2.0385856299999999e-01 3.3912474999999997e-02 1.7470588700000000e-01 -1.5131377700000001e-01 1.1345125399999999e-02 -3.8139721900000000e-02 -2.9578843599999999e-01 -9.0189241000000003e-02 -1.3624688400000001e-01 1.2247670800000000e-01
2.2334203800000001e-02 -3.0131561099999999e-02 1.5026251799999999e-02 -2.8524601500000002e-01 9.3318094000000004e-02 -1.9857410700000001e-02 -1.8277417700000001e-01 -1.0347267700000000e-01 8.0138005400000004e-02 2.4465993799999999e-01 -1.7317061100000000e-01 -4.2904398000000003e-02 -1.8135373599999999e-01 2.2841668400000001e-02 1.9505565399999999e-01 -1.0582910099999999e-01 -1.4137514500000000e-02 -1.2839628400000000e-01 -3.5894016899999998e-01 9.4811256199999999e-02 3.6583459399999997e-02 -4.0161442699999999e-03 -5.6779904100000000e-02 1.9456416000000001e-02 7.8209549599999997e-02 -1.4739124200000001e-01 -1.0291294500000001e-01 2.0593949700000000e-01 -1.0208360000000000e-01 -7.0543255799999996e-02 -3.0962050200000002e-01 -2.7936092400000001e-01 7.5190388900000002e-02 6.2141179300000002e-02 3.4032142699999997e-02 -1.3418711000000000e-01 -6.8191968699999994e-02 3.4443459400000001e-02 1.2365191100000000e-01 1.1289481699999999e-01 -1.0868195300000000e-01 -1.4608864999999999e-01 -1.7889409700000000e-01 8.5734948500000005e-02 -6.7723535900000006e-02 7.0126831400000006e-02 8.6119973500000002e-02 -2.2789933600000001e-01 1.8838045500000000e-01 1.1831211799999999e-01
1.0375333100000000e-02 1.8563841000000000e-01 -1.1296412400000000e-01 2.1401422400000000e-01 5.2150459599999997e-02 1.1710232499999999e-01 1.3687227200000001e-02 1.2679981099999999e-02 -2.0780238300000000e-02 -2.2127533799999999e-01 -1.5441533099999999e-01 4.8218390399999998e-02 -1.8176939300000000e-01 -1.8983267100000001e-01 7.1866597899999995e-02 -2.2691282900000001e-01 -2.8614585199999998e-01 1.1674806900000000e-01 -2.1732872500000000e-02 -9.6653265799999995e-03 6.5349025500000005e-02 1.8651059300000002e-02 -1.5984050499999999e-02 1.8615701500000001e-01 -1.6595986900000001e-01 -1.6015386600000001e-01 4.5902805700000000e-02 1.4277142700000001e-01 -6.5705889700000006e-02 -1.3118666200000001e-01 1.4351612599999999e-01 -4.3517297599999998e-02 1.8392549000000001e-02 1.9264267700000001e-01 -1.3435133899999999e-01 9.0542752399999996e-03 1.4319592700000000e-02 2.6919539300000001e-01 -1.1432471200000000e-01 1.2577297400000001e-01 2.7198217000000002e-01 -4.7533221100000002e-02 -1.9004884699999999e-01 2.0723990200000000e-01 -1.3965469599999999e-01 -2.5976427800000000e-02 -2.0339197200000000e-01 -1.1026125100000000e-01 -1.9289026400000001e-01 -1.0067331400000000e-01
8.9543066500000004e-02 1.9671216799999999e-01 -5.3890404400000001e-02 1.5721538500000001e-01 1.8910982900000001e-01 2.4717384600000000e-02 6.6463010899999994e-02 -1.6048022900000000e-01 8.7858163399999994e-02 7.4976146600000002e-02 -2.0432855899999999e-01 -2.0275772700000000e-01 -3.3809720500000001e-02 -1.4153665399999999e-02 3.0118971500000002e-01 3.0297269400000000e-02 2.0293559899999999e-01 6.8608931700000000e-02 1.9177047600000000e-01 -8.5576730800000000e-02 -1.5795272599999999e-01 -1.5197413400000001e-01 1.4588490900000001e-01 1.3724281099999999e-01 -1.3661281800000000e-01 -1.1377762700000001e-01 -1.5786266900000001e-01 -8.5695292300000003e-02 1.2042400400000000e-01 -8.3386221699999999e-02 1.6818783500000001e-01 -3.2360832700000002e-02 -9.3167628399999994e-02 -1.7558608600000000e-01 9.5162599799999997e-02 3.9541846200000001e-02 -2.4276542400000001e-01 9.7362470899999998e-02 6.9716419000000002e-02 -9.0011811900000002e-02 -1.9298206300000001e-01 1.2022441900000000e-02 2.5029956199999998e-01 1.5019398700000000e-01 -1.3504518900000001e-01 1.6676930900000000e-01 4.9585278900000002e-02 -3.7731669299999999e-02 -5.0509977700000000e-02 2.6559992399999999e-01
2.0661916000000000e-05 -8.5201568800000002e-02 1.1023715600000000e-01 -5.5758131199999998e-02 -2.1306391000000002e-03 2.5008425500000001e-02 -5.1637532000000000e-02 4.3557000700000001e-02 -2.9254447300000003e-01 -7.3794054700000000e-02 -5.8290436399999999e-02 -1.3309667700000000e-02 -4.5358066200000000e-03 1.4640965700000000e-01 1.0688429500000000e-01 5.0278955500000000e-02 3.0139814799999998e-01 2.3663899099999999e-01 2.9438270000000000e-01 1.4817644299999999e-01 1.1879102800000001e-01 -7.3804490000000000e-02 -9.7679447999999992e-03 6.5252347799999999e-02 -2.1403596899999999e-01 -1.0870163500000000e-01 3.2887509199999998e-02 1.1593269800000000e-01 8.4950918200000003e-02 2.3765278600000000e-01 -1.4727684999999999e-01 6.6330532600000006e-02 1.1133132699999999e-01 1.9433816400000001e-01 -6.4574247299999998e-02 -1.2935961800000001e-01 -3.9984511499999997e-01 -8.9733023699999998e-02 -1.3597327600000000e-01 2.3011694699999999e-01 1.0714662400000000e-01 -2.7607929999999999e-02 -1.1804579000000000e-01 -1.7868217600000000e-01 1.2749429500000001e-01 -2.0452468900000000e-02 -4.7624091899999998e-02 -1.0867332900000000e-01 1.5667609700000001e-02 3.7865285399999997e-02
2.0029235600000000e-01 -3.9454359500000001e-02 -2.6943902500000000e-01 1.6776605700000000e-01 -9.5770517400000005e-02 -5.7106869700000000e-02 -1.8473184500000001e-01 3.8283365499999999e-03 -1.2538069900000001e-01 -5.6846337500000002e-03 1.3501665099999999e-01 1.0868124400000000e-01 -4.2375236699999999e-02 4.5033726199999999e-02 1.5594785400000000e-01 8.0355098300000007e-03 -2.2565644300000000e-02 9.2476988900000001e-02 -3.5487213299999998e-01 8.3457822599999995e-02 2.4316994200000001e-04 3.3565131899999999e-03 8.0419065700000000e-02 -2.5666355299999999e-02 4.0455517100000003e-03 1.7447863899999999e-01 -2.4407976099999999e-02 -2.5888717400000000e-01 -1.9424352100000000e-01 -7.4746750599999995e-02 1.9668525499999998e-03 1.9325927600000001e-01 5.9690066500000000e-02 1.2265615800000000e-01 2.0617479000000000e-01 2.9119386500000000e-02 -2.2062950700000000e-01 2.9316852000000001e-02 6.8499486700000001e-02 2.8582892700000001e-01 1.0781881200000000e-01 1.0142039500000000e-01 1.3583613800000000e-01 -8.7949201399999996e-02 -1.7400722299999999e-01 8.3258342799999996e-02 -1.4554649900000000e-01 2.4653905100000001e-01 1.6408763300000001e-01 1.3066493900000001e-01
1.6432416100000000e-01 -1.5387079900000000e-02 -9.1274895999999994e-02 1.3977796000000001e-02 -1.4088669300000001e-01 -2.1484724499999999e-01 2.7060565300000000e-01 2.2042868400000001e-01 1.9105809800000001e-01 1.7862865500000000e-01 -8.3471097899999999e-02 1.3771145600000001e-01 -1.0473518100000000e-01 -2.3621668200000001e-02 1.4506343899999999e-01 9.5199255299999994e-02 7.3860391100000006e-02 -2.0188015600000001e-01 1.4358567999999999e-01 -4.6196553899999999e-02 2.1023858700000000e-01 -7.6896384999999998e-02 -2.1516571800000001e-01 -4.4949132800000003e-03 -6.2064550300000000e-02 -5.0765992000000003e-02 -9.7976088800000000e-02 1.0120395700000000e-01 -4.2458180099999999e-02 -2.8055220100000000e-02 3.5782103599999997e-02 -4.5269347799999998e-02 1.1445599800000000e-01 1.5830113300000001e-01 -1.3272645499999999e-01 -3.1528090600000003e-01 3.5132545500000001e-02 -1.0451879800000000e-01 8.9752302399999997e-03 -6.2295290199999999e-02 -6.6631807500000001e-02 8.7372216099999997e-02 1.3225710800000001e-01 1.6969540599999999e-01 4.6533910800000002e-02 -1.3323869099999999e-01 -3.3758258400000002e-01 2.6576879799999997e-01 6.4094564199999995e-02 6.7601289900000000e-02
2.4089090599999999e-01 5.0816081600000000e-02 2.4880083300000000e-01 1.0657512099999999e-01 1.3948386500000000e-02 1.3541453000000001e-01 1.0032748800000001e-01 -1.2391493300000000e-01 -1.3130792199999999e-01 1.4328286000000001e-01 3.3104957499999997e-02 1.9541916600000001e-01 6.5542397700000005e-02 5.1601063599999997e-02 -1.4024580000000000e-01 -2.4096099000000001e-01 -5.9103855699999999e-02 1.1315060800000000e-01 3.7539008399999997e-02 -2.7733639300000001e-02 -4.2127828100000000e-02 -1.7685661200000000e-01 7.3509782499999995e-02 -1.8826708600000000e-01 -5.0767221000000001e-02 3.9850755199999999e-01 1.6948246500000000e-02 9.7757514599999998e-02 1.0711108200000000e-01 -3.0980290799999999e-01 -1.9007560800000001e-01 -1.6770146699999999e-01 5.3544703800000003e-02 1.0013641299999999e-01 1.1963944900000001e-04 5.2536509600000003e-02 -1.4343109400000001e-01 1.5636339299999999e-01 -4.6691911000000003e-02 -1.6315165800000000e-02 -1.2862270900000000e-01 -1.1382483600000000e-01 2.0579376599999999e-01 1.0712040700000000e-01 1.6282213000000001e-01 -1.9025304600000001e-01 -8.4470444300000003e-02 -5.5236868900000000e-02 5.2387208700000000e-02 -5.5101883700000000e-02
1.7927639500000001e-01 7.1569155900000000e-02 -1.0961577600000000e-01 -1.4460474900000000e-01 6.7480551599999994e-02 -9.1955370499999994e-02 -2.1161811600000000e-01 8.4806226299999996e-02 -1.0987839300000000e-01 1.4189648499999999e-01 8.0392576699999996e-02 -1.7656901000000000e-01 -5.0104793199999997e-02 -1.0803956500000000e-01 7.5148875800000001e-02 1.6452859700000000e-01 -1.1709522300000000e-01 -1.1190277400000000e-01 9.3310773599999994e-02 6.0019167100000000e-02 3.1559975099999998e-02 -1.1457173599999999e-01 2.5119424899999998e-01 7.3360537100000001e-03 -3.9382837799999998e-01 2.2921651300000001e-01 -1.5246602100000001e-01 -3.5525822899999997e-02 7.8365051699999994e-02 -1.5958131700000000e-01 1.3186793999999999e-01 -4.1197732700000003e-02 8.5726976600000004e-02 -9.6290993800000002e-02 1.5036956200000001e-01 -2.5006968200000002e-01 2.7629389599999998e-01 3.5636849999999998e-02 -1.5831111900000000e-01 2.7085974400000001e-02 -6.9037579900000007e-02 7.3949105799999996e-03 -1.8960435500000000e-01 -2.5698807099999998e-01 3.6649955300000002e-02 -3.3688248699999999e-02 -1.2343797000000000e-02 -8.1695990400000001e-02 -7.8879474800000002e-02 -1.4801501000000000e-01
-2.1503506400000000e-01 -6.0479403899999999e-02 -2.2494994400000001e-01 -1.3624424800000001e-01 1.6376803400000001e-01 2.1207695799999999e-02 -2.2219644199999999e-01 1.5468880900000001e-01 6.2177555900000001e-02 1.7350373900000000e-03 -8.6575732799999999e-02 2.8973257099999999e-01 -4.4779466100000002e-03 -6.1217235299999999e-02 -1.8809140999999999e-01 -4.0439573399999998e-02 1.1563650500000000e-01 3.4070992299999998e-02 2.8676695099999999e-01 1.7355893700000000e-01 -1.2068584000000000e-01 4.4717345100000000e-02 -1.0700436900000000e-01 1.9213742900000000e-01 3.5434423200000002e-02 -2.1750154000000001e-02 1.0630581000000000e-01 -2.9700281600000000e-01 7.2172445900000007e-02 -2.8687850300000001e-01 -4.9799212599999997e-02 -2.5156771000000000e-01 1.0169089799999999e-02 2.0474638400000000e-01 1.5578870300000000e-01 -6.1153096999999997e-02 9.1390603099999995e-02 -7.8694658200000003e-02 6.9719359300000006e-02 -7.5280045799999999e-03 8.3184462000000001e-02 -1.9655646800000001e-01 2.0475807700000001e-01 -6.1061627200000003e-02 -2.1890050899999999e-02 6.2964080199999994e-02 -3.2737439500000000e-02 -1.4396764700000000e-02 -6.4868207600000005e-02 8.5464687400000003e-02
-3.8040931000000000e-02 3.6285126399999999e-02 1.0074974400000000e-01 1.1312377000000000e-01 2.1498640599999999e-01 2.9690175500000000e-03 -3.3192757400000002e-02 -3.3887846399999998e-02 6.0300208799999998e-02 -2.6612889200000001e-01 3.3279561099999999e-01 -8.8582293699999995e-02 -3.1730185200000000e-01 2.2004334500000000e-01 -1.4215429299999999e-01 7.7500204000000000e-03 5.4444538200000003e-02 3.0699883700000000e-02 -8.9757296500000000e-02 2.5686996299999998e-01 2.0567376900000001e-01 2.5738459800000002e-01 1.4929763200000001e-01 7.0001904399999995e-02 6.4175842699999999e-02 6.5395922400000001e-02 -8.4375515900000003e-02 1.3889043400000001e-01 2.0461310800000000e-02 1.9714502299999999e-02 1.1355327899999999e-01 -2.4963297700000001e-01 1.8868302900000000e-01 -1.1157555399999999e-01 5.8182326399999998e-02 -2.1246809100000000e-01 -1.5140638900000000e-02 -4.6191567099999997e-02 -7.8535718800000001e-02 -1.3817517600000001e-03 -9.7251528399999992e-03 8.8192394499999993e-02 1.8666075200000001e-01 1.9194830199999999e-01 1.2944165999999999e-01 5.6982329700000001e-02 6.7907584800000004e-02 1.0699095000000000e-01 -9.6455098599999997e-02 9.4030300100000005e-02
-2.2619098000000001e-02 -1.9163489700000000e-01 -7.6375686499999998e-02 -1.5195143700000000e-02 1.0450490500000000e-01 -1.0268697300000001e-02 -1.0902556400000001e-01 7.9256070299999995e-02 -1.0162902600000000e-01 -1.1049015600000001e-01 1.6607407099999999e-01 -2.3911910200000000e-01 4.2654481100000002e-01 -2.0870069099999999e-01 5.5979242100000000e-02 -2.7955432499999999e-01 -3.6890929000000003e-02 -1.7816551500000000e-01 4.5951025200000002e-02 1.2675947900000001e-01 1.5310554900000001e-01 1.3353873599999999e-01 8.5882916300000001e-02 -1.0622038300000001e-02 3.8146175999999997e-02 -1.2013234200000000e-01 -2.1262872200000001e-03 -1.2274586000000000e-01 8.7731461499999996e-02 -2.3375887800000002e-02 -5.6313396500000001e-02 1.5329111700000000e-02 -1.2029928600000001e-01 1.2253152100000000e-01 -1.0352554800000000e-01 -2.0027397100000000e-01 -1.5362892500000000e-01 1.5037365200000000e-01 1.8185788800000000e-01 3.1458775200000001e-03 -2.6789828799999998e-01 2.1734075600000000e-01 8.3496386300000003e-02 1.5542342500000000e-01 2.7277051500000000e-02 2.2108092300000000e-02 -1.1046883400000000e-01 -7.8976040600000005e-02 2.2958983200000001e-02 -2.0206893400000001e-01
6.3064983400000002e-03 1.3299664400000000e-01 9.6930656799999997e-03 -1.8599210299999999e-01 2.3025010900000001e-01 -1.0276753499999999e-01 -5.5596839600000003e-02 -7.5700998399999997e-02 2.1107837900000001e-01 -2.3790177100000000e-02 2.2509918500000001e-01 -1.2305161700000000e-01 1.5106739399999999e-01 1.1728045100000001e-02 9.6072678199999997e-02 -1.0105970600000000e-01 -5.8186103599999997e-02 1.2621990699999999e-01 -5.4503715200000004e-03 -1.2635755700000001e-01 -2.6197710099999999e-01 4.9763417400000003e-02 -2.3704721600000001e-01 2.0808346700000001e-02 -4.3887297200000001e-02 -1.2909285300000001e-01 3.4230496100000002e-01 2.3180383099999999e-01 8.3281217199999993e-02 -4.8108985500000000e-02 1.0616656100000001e-01 8.8812415599999993e-03 2.2344604099999998e-02 -2.1134076600000001e-01 2.2871870599999999e-01 -4.7825593000000000e-02 -7.7053750000000004e-02 2.2237665299999999e-03 1.5044924100000001e-02 2.2046392500000001e-01 6.0530949899999997e-03 -8.1937307400000006e-02 -8.2301171300000007e-03 -9.8099956099999996e-02 1.3506942899999999e-01 -2.0131476700000001e-01 -2.5814733000000001e-01 2.0207079500000000e-01 1.0227664100000000e-01 -3.2061523100000003e-02
2.7274387000000001e-02 3.5333434200000000e-02 1.5833470199999999e-01 -2.8327178900000000e-01 1.4388107200000000e-01 -1.0210031100000000e-01 -1.4236757000000000e-01 2.2598328700000000e-02 -1.3930225500000001e-01 -5.8112199199999999e-02 -4.4743166700000003e-02 -7.7968793699999997e-02 -1.4967960399999999e-01 1.3153439900000000e-01 1.8592947600000000e-02 2.9428896900000001e-02 -5.8524824900000001e-02 -5.7299560499999999e-02 3.3217285700000002e-02 9.9849513599999992e-03 -9.6492275299999999e-02 -1.3039178400000001e-01 -2.6627759499999998e-01 -1.1071362400000000e-01 5.0794420999999999e-02 2.4609251499999998e-02 1.3891772000000000e-02 -1.1404323600000001e-01 -2.0779395400000000e-01 1.8936737100000001e-01 2.2156545499999999e-01 -4.6389004600000004e-03 2.8979009800000000e-01 1.7968935699999999e-01 1.1923720300000000e-01 1.3972566800000000e-01 -1.2132281300000000e-01 2.0464778100000000e-01 -9.6489191299999999e-02 -3.1831817000000001e-01 -5.2064553299999997e-02 1.0826329100000000e-01 1.9248849000000001e-01 4.4294929500000003e-02 -1.8935300299999999e-01 3.4760454199999999e-02 -9.7457614600000006e-02 -8.5095723799999995e-02 7.5579824400000004e-03 -2.8729662099999997e-01
-1.2161747500000000e-02 -1.8972934100000002e-02 8.8045446599999994e-02 -5.8343645999999999e-02 8.4405811600000005e-02 1.5533277900000000e-01 1.6377399500000001e-01 1.5220989400000001e-01 2.2858951499999999e-01 -9.3856136699999995e-02 1.7879353700000000e-01 -1.6795377500000000e-01 5.5075105800000003e-02 -1.4737033999999999e-01 -1.3368847100000000e-01 -3.6385254799999999e-04 1.2169061500000000e-01 -7.5904118300000004e-02 -6.6003111500000003e-02 -1.7776031300000000e-01 -2.1798499800000001e-01 4.7701335300000001e-02 -1.4446926900000000e-02 -1.1956218000000000e-01 -1.8919921199999998e-02 6.5713279999999999e-02 -2.4283643499999999e-01 -1.7426962300000001e-01 -2.8393639599999998e-01 -1.9975077899999999e-02 9.2649643399999995e-02 -1.5181957400000001e-01 9.6731802800000002e-02 1.7964700000000000e-01 -1.7619192800000000e-01 8.2628283400000002e-02 -9.0736964599999997e-02 5.6993450199999997e-02 -1.2326807200000001e-01 1.3116893499999999e-01 -3.2217382199999998e-02 1.3378901900000000e-02 -1.2257557099999999e-01 -2.1430172900000000e-01 1.7336980399999999e-01 9.6402883400000000e-02 -2.1600620700000001e-01 -1.8679803100000000e-01 -4.6272592500000001e-02 3.2733572200000000e-01
9.2126094600000000e-02 1.9719029299999999e-01 -1.4559021999999999e-01 8.8160511400000002e-02 -1.4927146800000001e-02 -3.0649907800000000e-03 2.4344344500000001e-01 -1.0488270299999999e-01 -4.0488615399999997e-02 1.4052593799999999e-01 1.3804748500000000e-02 -1.2595584300000001e-01 1.0083900400000000e-01 4.6324838700000003e-02 -1.8767952199999999e-01 1.3101429700000000e-01 1.0227653300000000e-02 1.9209883999999999e-01 -5.4614604499999997e-02 -1.2831737200000001e-01 4.0392343999999997e-02 2.3875708400000001e-01 9.6463524199999998e-02 8.0902260899999995e-02 -5.6855936300000000e-02 -6.0099424700000001e-02 1.8932920800000000e-01 -1.2232847400000001e-01 -1.2201874700000000e-01 1.3351549800000001e-01 -6.3128755800000005e-02 7.2892930999999994e-02 1.6310768700000000e-01 3.1234231699999998e-01 2.9703420000000003e-01 -2.2135985699999999e-01 7.4258877800000003e-03 1.3845124100000000e-01 1.8997286399999999e-01 -2.6937459300000000e-01 -9.8235695999999997e-02 -2.2716742700000001e-01 -1.8537832400000001e-01 7.6756446600000000e-02 1.5410890199999999e-01 3.9097853799999999e-02 5.8474234000000000e-02 -2.5620164000000001e-02 5.8314811099999999e-03 1.5513135900000001e-02
3.3543621300000000e-02 -1.3266439999999999e-02 -1.3769661200000000e-02 1.1253010700000000e-02 3.8574014199999999e-02 -9.9544184699999996e-02 -5.7679232099999998e-02 8.0922933500000002e-02 -1.3556811699999999e-01 6.9478656900000005e-02 1.0709076800000000e-01 1.2273557300000000e-01 5.7841333900000000e-02 -2.2439130800000001e-01 -1.8613564399999999e-01 -1.0743688500000000e-01 -7.6348660400000004e-02 2.7089393400000000e-01 -7.3007966399999999e-02 -4.1839668600000002e-01 -1.2228283900000000e-03 -2.2711460500000000e-01 -2.2795157299999999e-01 9.2629249099999995e-03 -8.7872498199999998e-04 -7.3903046099999996e-03 -1.1769685800000000e-01 1.0076449300000000e-02 1.2487759800000001e-01 2.6733608800000003e-01 -2.8171011700000000e-03 -1.6440568200000000e-01 2.0792770799999999e-02 -1.8650238199999999e-02 1.1835314100000000e-01 -2.7698331300000001e-01 9.4285317699999996e-02 -1.8335239199999999e-02 -4.9603390599999998e-02 1.7881878700000001e-01 4.3847815599999999e-02 2.4372733999999999e-01 1.0729769300000000e-01 1.2953213599999999e-01 -4.3855318999999997e-02 1.8379528500000000e-01 2.4628339899999999e-01 -6.5376718000000000e-02 -4.1440256500000001e-02 9.4916348200000000e-02
-5.7072252699999999e-02 9.3075440800000006e-02 2.8367559300000000e-01 4.0107229400000000e-02 -2.1695004699999999e-02 2.1039014000000000e-01 7.4404202000000003e-02 2.3456685899999999e-01 2.5354047099999999e-02 -3.9272533700000001e-02 4.8892265700000000e-02 4.8510708499999999e-02 -1.0392244900000000e-01 3.9099734900000002e-02 3.4466772499999998e-01 2.1495173600000000e-01 4.6858676500000002e-02 1.0877102900000001e-01 1.7643375000000000e-01 -7.9484856000000007e-02 1.1541473900000000e-01 6.8894039000000004e-02 1.6743444999999999e-02 -4.5543700399999998e-02 2.0652796700000001e-01 1.8382265300000000e-01 2.3593316800000000e-01 -3.9300445300000000e-02 -1.4608913000000001e-01 -4.8790490200000002e-02 1.0000692700000000e-01 -1.3790172100000000e-01 -3.0901127699999997e-01 1.0070949300000000e-01 1.9565665199999999e-01 -9.6481001100000005e-02 1.5221150700000000e-01 6.0910717000000003e-02 1.0719780800000001e-01 2.2469591999999999e-01 -1.0990517800000001e-01 1.1474765300000001e-01 -7.1080850599999995e-02 4.5104532500000002e-02 -7.7780553299999999e-02 9.4303974700000001e-02 -1.9462142199999999e-03 -1.5890399399999999e-01 1.6901805100000000e-01 -1.2240837700000000e-01
-4.0199415900000000e-02 1.4637811800000000e-01 -1.4384026300000000e-01 -8.4159951199999999e-02 1.3576699100000000e-01 -3.5668297900000001e-01 1.8556048900000000e-01 -3.9238146500000001e-02 -1.5623582999999999e-01 -1.9466664800000000e-01 1.7211221500000001e-01 5.5770665499999997e-02 7.8427043200000005e-02 1.9138520200000000e-01 2.2313437100000000e-02 -2.2799549799999999e-02 1.0984035300000000e-01 -1.6886691500000001e-01 3.5306703900000000e-02 -2.0741339200000000e-01 -2.1377766300000002e-03 -4.4548973399999997e-02 1.7906328099999999e-01 3.1492684799999997e-02 -1.8718677200000000e-01 -4.4923670800000003e-03 2.9332189099999999e-02 7.1117705200000006e-02 -2.2339760000000000e-01 4.9484027799999997e-02 -5.9927147700000002e-02 -2.2344456600000001e-01 -1.8721858599999999e-01 1.0239646099999999e-01 -2.5903273300000002e-01 5.3518910800000000e-02 8.9401783900000004e-02 1.3167554000000001e-01 6.4523284500000000e-02 1.1572637600000001e-01 8.3705332100000002e-02 -2.1265471599999999e-01 1.8124423600000000e-01 -9.1060313800000001e-02 -1.5302868999999999e-01 -3.1252153999999997e-02 2.0522122800000001e-01 5.7193885399999998e-02 1.7785504499999999e-01 -9.3860817099999994e-02
-4.3287586500000003e-02 -3.3184201000000003e-02 9.8320408699999998e-04 -1.6784708500000001e-01 -8.5535445900000007e-02 8.6808975799999993e-02 -5.4633350800000001e-02 -1.1380872900000000e-02 -1.8598001400000000e-01 -3.2568600399999998e-04 4.3277191499999999e-02 -1.5351003400000000e-02 9.5701867900000001e-02 -1.3706775900000001e-01 5.6443701399999997e-02 3.0235831099999999e-01 -4.5033976700000000e-01 4.5816228799999997e-02 2.1580213400000001e-01 2.4278854900000001e-02 1.2063472600000000e-01 -2.5485446100000000e-02 3.2036289599999997e-02 1.8098672499999999e-01 2.1979115799999999e-01 4.5033256799999997e-02 -2.1242169599999999e-01 1.7125819500000000e-01 -2.6332301600000000e-02 1.2710824300000001e-01 1.8643745900000001e-02 -1.3140931100000000e-01 5.2511975099999997e-02 -4.9584199199999998e-02 -3.2563067600000002e-02 1.2191294499999999e-01 -8.6537441600000001e-02 2.7018802300000000e-01 2.5519692900000002e-01 2.1303398700000000e-02 2.5318852699999998e-02 -1.5501606700000001e-01 1.1277781100000001e-01 -1.0216907200000000e-01 1.3472433400000000e-01 -1.7928535600000000e-02 -5.5142692899999998e-02 1.9548571200000001e-01 -1.0258549400000001e-02 2.3761469299999999e-01
2.1224107400000001e-02 1.0272015299999999e-01 1.0025726100000000e-01 1.1244479800000000e-01 1.2849515600000000e-02 -3.9763599699999999e-02 -8.7218868800000002e-02 -1.1057403100000000e-01 7.4333964500000002e-02 -1.5408236600000000e-01 -3.3962591900000000e-01 -1.5267596099999999e-02 3.2169070399999999e-01 1.7785244800000000e-01 -1.1723216200000000e-01 -2.9081637600000002e-02 -1.6327897000000000e-01 -5.4473005999999997e-02 5.0464046200000001e-02 7.6684422799999999e-02 -3.9991719900000000e-02 -2.6016541899999999e-02 -2.6433922900000000e-02 2.3821736300000000e-02 1.0906783300000000e-01 1.9653148299999999e-02 -2.8484095199999998e-01 1.1880999900000000e-01 -3.3212430300000001e-01 4.4574418200000000e-02 8.8674398599999996e-02 1.5249209899999999e-01 -8.0680405900000002e-02 5.1580463999999999e-02 1.7856110600000000e-01 -2.1112330100000001e-01 7.5692338799999995e-02 -2.5066364299999999e-01 -1.5270117300000000e-01 2.4670205000000001e-01 -1.1933410600000000e-01 -2.1979677100000000e-01 1.6344747500000001e-01 3.0846404700000000e-02 6.7810599400000005e-02 7.6921286100000000e-02 -2.9170193200000000e-02 -4.7749600300000000e-02 -5.4092528700000003e-02 -1.1168656000000000e-01
-1.2665878400000000e-01 2.4218563500000001e-01 7.5926246200000005e-02 2.1658815700000000e-01 1.4155363500000001e-01 -4.4486253800000000e-02 -2.3079143199999999e-01 2.3315918000000001e-02 -3.7361691400000001e-02 2.6373565300000001e-01 5.3786473100000003e-02 -2.0175699200000000e-01 -2.4243019399999999e-01 -9.1835352699999998e-02 -3.6777124500000001e-02 -5.0656514599999999e-03 -2.7566956199999999e-02 1.7154932300000000e-03 -1.6023061799999998e-02 -8.5064055200000002e-02 1.1134746399999999e-01 2.9411176899999999e-02 -2.2444995100000001e-01 1.3376312000000001e-01 4.9195345000000001e-02 -8.9859564300000000e-02 -1.1556924800000000e-01 -6.1294047499999997e-02 -3.6307831300000003e-02 -1.3932198300000001e-01 -7.0831876099999996e-02 1.1463887300000000e-01 -2.5588012599999999e-01 2.2175309000000001e-01 -1.4080233700000000e-01 1.0129507000000000e-01 -7.1520261399999993e-02 1.2961949299999999e-02 -1.6968003100000001e-01 -2.8449254199999999e-02 -7.8098429299999994e-02 1.8362439299999998e-02 6.2492827500000001e-02 -1.5863345400000001e-01 3.3779153299999998e-01 2.9884971900000001e-02 1.6518429500000001e-01 2.3835704399999999e-01 1.3380426100000001e-01 -1.5892633800000000e-01
3.2911043600000001e-01 7.4316220200000005e-02 1.1768609100000001e-01 -1.4576005300000000e-02 2.4311726100000000e-01 -5.6682868499999997e-02 3.9637742800000000e-02 -5.4868196399999999e-02 5.2626300799999998e-02 -2.2181923100000001e-01 -1.4068717700000000e-02 -2.0744592700000000e-01 2.3733044900000000e-01 -1.0016491000000001e-03 1.3670161300000000e-01 2.0846417600000000e-01 1.9927400000000001e-02 1.6545871400000001e-01 -1.0713328100000000e-01 1.7079256100000001e-01 8.4795856800000000e-02 -8.7362376199999994e-02 -2.3855927499999999e-01 2.9650795099999998e-02 2.1910539300000001e-01 4.6140738700000003e-02 -2.0288078800000000e-03 -1.5627196099999999e-01 1.6597960400000000e-01 -1.2608150500000001e-01 -1.9571502199999999e-01 5.1669132800000003e-02 -2.8753022800000000e-02 1.2707945800000001e-01 -1.6398607200000001e-01 -1.1436146500000000e-01 2.2141426300000000e-01 4.1942727600000000e-02 -1.3373907400000001e-01 -1.2270103800000000e-01 2.2314270899999999e-01 -1.6575431299999999e-02 1.5986503200000001e-03 -5.3770665900000000e-02 -1.5777634800000001e-01 -1.5992155100000000e-01 1.0620939400000000e-01 -8.9381283499999995e-03 -5.9151540700000003e-03 1.8977202800000001e-01
-5.1070574899999999e-02 -2.6873413799999999e-02 1.7295241300000000e-01 6.5640189000000002e-02 1.0160984900000000e-01 5.5321427600000000e-02 -9.1079515000000000e-02 -1.1496167000000000e-01 1.2403989100000000e-01 -6.4011725199999994e-02 -1.6875466400000000e-01 -1.2827141500000000e-01 2.5215004999999999e-02 -3.4315769899999998e-01 -1.6292857999999999e-01 4.9968073799999999e-02 3.6218292400000002e-01 -1.1602688000000000e-01 -4.0893840700000003e-02 1.9028228599999999e-02 1.7579998699999999e-01 -1.1129802300000000e-01 3.3472307099999998e-03 7.3665736900000001e-02 -1.2289108700000000e-01 1.9896183800000000e-01 -7.3616714000000000e-02 -6.0627129199999998e-02 -7.2972470700000000e-02 2.5683020899999998e-01 -1.0383217000000000e-01 -1.7259148199999999e-01 -1.6378188599999999e-02 -1.1193662500000000e-02 2.1876844900000000e-01 1.6502912200000000e-01 3.3940358900000002e-02 7.0134784600000000e-02 1.4149344000000000e-01 1.2625823500000000e-01 8.5975590599999999e-02 -6.5037337599999995e-02 -1.1931486500000001e-01 1.3178110400000001e-01 -1.0806873400000000e-01 -2.2409146899999999e-01 -6.8722835600000004e-02 3.1227923499999999e-01 -3.5388019200000002e-02 -1.3610705600000000e-01
-1.4668117300000000e-01 4.7149810200000003e-02 6.4593907400000003e-03 2.8823518300000000e-02 1.2084150100000000e-01 -1.1183749500000000e-01 2.0903525500000000e-01 2.1765118200000000e-01 8.4980527500000000e-02 6.9608397099999997e-02 -5.3050113800000000e-02 5.4478256199999998e-02 3.3715242999999999e-02 1.9002887700000001e-01 -4.4259801400000000e-02 1.2355873700000000e-01 -2.7153474300000002e-01 9.0051622700000000e-02 -2.8296107999999998e-01 2.7395974600000000e-01 -1.8128934499999999e-01 -2.0260378500000001e-01 7.7516047699999993e-02 2.7219061300000003e-01 -1.4362639699999999e-01 7.1870211800000000e-02 3.6484545899999998e-02 -1.6284867200000000e-01 1.3306650800000000e-01 2.9730037100000001e-01 -1.5160922700000001e-01 -1.6840304100000000e-01 -2.5379421600000002e-01 2.4061157499999999e-02 -3.3290606500000000e-03 7.7775613399999999e-02 -7.2185885599999999e-02 -2.3862766899999999e-02 -9.1461727199999995e-02 -4.1678590600000001e-03 -1.7434652300000000e-01 1.2685760300000001e-01 -3.1153365799999999e-02 3.4995065200000001e-02 6.1264505200000000e-02 -5.2093316600000002e-02 -1.8886319700000001e-01 -2.5831090599999999e-02 -6.2484667899999999e-02 -4.7185671399999997e-02
-1.1723001299999999e-01 1.3309394999999999e-01 -4.4525134799999998e-02 -6.6064847699999998e-02 1.3660422000000000e-01 2.4836649199999999e-01 1.4310047700000000e-01 1.5237401600000000e-01 -2.5895651800000002e-01 2.3775161200000000e-01 8.8203224799999994e-02 -2.7594764399999999e-02 1.1953739400000000e-02 -2.5544421899999997e-01 2.5164750999999999e-02 7.2624338100000005e-02 1.6621713699999999e-01 -3.8358670800000001e-02 -5.7093209999999998e-02 9.8195081200000006e-02 -2.1343657399999999e-01 4.4614115199999999e-02 9.1025784799999995e-02 2.3347488299999999e-01 9.7487485299999996e-02 4.1844254800000001e-02 8.4278696500000000e-02 1.4183370700000000e-01 -2.8283113399999998e-01 2.8527241500000002e-02 -2.2568180700000001e-01 2.5774937500000000e-01 1.6437129600000000e-01 -1.8762547900000001e-01 -1.0511726100000000e-01 -1.0750706400000000e-01 1.2213336100000000e-01 -1.4140493500000000e-02 -1.5087357600000001e-01 4.2318845100000002e-02 5.3682968700000000e-02 2.8145003100000000e-02 2.7681128900000002e-01 1.2474963200000000e-01 -8.1633383899999995e-02 -1.0002870000000000e-01 -3.4461385400000002e-02 -6.7558853399999994e-02 -3.4902104000000003e-02 -4.1648196899999997e-02
2.0989071300000001e-01 3.6224105400000001e-01 2.3028952699999999e-01 -5.2783688900000000e-02 -2.4370488600000000e-02 -1.0888962900000000e-01 -1.2853544200000000e-01 5.2165667899999997e-02 1.0917321400000000e-01 1.5050466600000001e-01 3.0424343500000001e-01 2.3604925199999999e-01 5.1363523500000001e-02 9.0511836500000008e-03 -2.6769120499999999e-01 2.7639423600000001e-02 8.4235831900000002e-02 -3.8323474800000001e-03 1.1912159200000000e-01 2.7126475400000000e-01 2.8319221200000001e-03 1.6298961000000001e-02 -4.9908050400000001e-02 2.1555670400000001e-02 -1.2524724500000001e-01 -1.6915245300000001e-01 -2.1256545099999999e-01 5.8549799700000002e-02 1.0545787900000001e-02 3.7656115599999998e-02 2.2301466999999998e-02 2.3004220700000000e-01 -1.2954426099999999e-01 -1.9919438700000000e-02 -1.3379435100000000e-02 1.1358161300000000e-01 5.0929113300000002e-02 7.5284920599999999e-02 2.9175053299999998e-01 4.5464565700000001e-02 8.2129416299999994e-02 5.1853239400000001e-02 -7.5804962399999995e-02 1.0641182100000000e-01 -1.2893373299999999e-01 9.8267359200000001e-02 -9.9988155699999998e-02 -1.8688699500000000e-01 8.4619975700000002e-02 5.1691388700000000e-02
-3.5773511200000002e-01 -2.7566469100000001e-02 -1.8995466300000000e-01 1.7117563000000000e-01 -1.2298461400000000e-02 1.0905446800000000e-01 9.1470063000000004e-02 -4.6209918400000001e-02 6.7584678699999998e-02 -4.2075812499999997e-02 1.7058111100000001e-01 -1.1843020600000000e-01 1.0410847199999999e-01 1.1221927399999999e-01 -1.2881449700000000e-01 1.5961206700000000e-01 6.3801567500000003e-02 -1.3587943399999999e-01 -3.8707753499999997e-02 1.3497596100000001e-01 2.6808428100000000e-02 -4.8364589699999999e-01 -2.5329178299999999e-01 5.1120836300000000e-02 -4.8953654600000004e-03 2.0582707000000000e-01 4.3622633299999998e-02 2.0920080599999999e-01 2.6573009200000001e-02 -2.1354572499999999e-01 1.2586778300000001e-01 1.1758828800000000e-01 1.1368023600000000e-01 3.8889295599999998e-02 -1.0590480200000000e-02 -1.2466399900000000e-01 -1.1687321000000001e-01 1.0792287500000000e-01 1.2006132300000000e-01 5.4489377699999996e-03 3.6811998200000002e-03 -2.8180626600000001e-02 -1.6723149400000001e-01 5.0905757800000000e-02 -6.8611068799999994e-02 1.5352895499999999e-01 1.0787596800000000e-01 -5.9655271199999998e-02 1.2479100899999999e-01 -2.0810722899999998e-02
-5.2645740900000002e-02 5.3692408599999998e-02 2.0062867400000001e-01 -1.1288667800000000e-01 -1.6617319200000000e-01 -8.6807236900000001e-02 2.5588979299999998e-01 6.8105900900000002e-02 -1.7214681300000001e-01 4.9499822399999997e-02 3.7984001099999999e-03 -1.9182988400000001e-01 4.5245523400000001e-02 -1.5159524599999999e-01 -8.0131605900000000e-02 9.0072660799999996e-02 3.9773878499999998e-03 1.1805586200000000e-01 -1.5767623500000000e-01 7.8052495599999994e-02 2.1703567100000001e-02 1.3765526100000000e-01 -1.1373310100000000e-01 -1.3483461699999999e-01 -8.9608871199999995e-02 -4.1342360000000002e-02 -3.3365801399999999e-02 7.3704043999999996e-02 6.4506392499999995e-02 -2.5590121199999999e-01 -6.8510841300000000e-02 -1.6728325599999999e-01 -1.1605822000000000e-01 -6.8888979800000000e-02 4.4107367900000000e-02 -4.4136374800000003e-02 -1.7578173899999999e-01 -1.3863325400000001e-01 1.3359958700000001e-02 -2.9226838700000000e-02 9.2090153699999996e-02 -1.5779675600000001e-01 7.3970940900000004e-02 -1.1910081100000000e-01 -2.5178431899999998e-01 4.2585174799999997e-01 -1.2970449500000000e-01 1.8634465500000000e-01 -2.3653549600000001e-01 -1.8717191699999999e-01
1.9303164900000000e-01 -2.8022826200000000e-02 -1.0081492400000000e-01 -1.7450540000000000e-01 -5.0340830599999997e-02 4.0574935399999998e-02 -2.2625565100000002e-02 2.9444135799999999e-01 1.1384145200000000e-01 -1.2293406000000000e-01 1.3414972300000000e-02 -4.7724823000000000e-02 -1.7057694300000001e-01 5.0780083499999996e-03 1.1649334200000000e-01 -3.5922015200000001e-01 7.0244872700000002e-02 1.1776011400000000e-01 5.5660565600000003e-02 1.0067874700000000e-01 -1.7202965000000001e-01 -3.0912122300000001e-02 -1.1398932200000000e-01 4.5966107399999998e-02 3.8192590800000002e-02 3.4894421199999998e-01 -6.9144584499999995e-02 3.6273015900000001e-03 -6.9627006899999996e-02 1.8712190000000001e-01 -1.7225848200000001e-03 1.7231665400000001e-01 -1.9392536099999999e-01 -1.1537366600000000e-01 -1.1834345000000000e-01 -1.6353863900000001e-01 -6.4781295399999994e-02 9.2715688500000004e-02 1.3968297700000001e-01 -1.3979958500000000e-01 4.8351914399999999e-03 -2.9690262099999998e-01 -1.2110898800000000e-01 6.5561677900000004e-02 1.0794563100000000e-01 1.3957194400000000e-01 1.6590103300000000e-01 1.6966451399999999e-01 -1.1255801300000000e-01 -4.0667894699999999e-02
2.5978890800000001e-02 1.0231956000000000e-01 -5.1200702200000003e-02 2.1884935999999999e-01 -1.3621667700000001e-01 -3.9253633100000002e-01 1.1672368299999999e-01 1.7738392800000000e-01 7.7950903399999997e-03 1.3029775800000001e-01 -1.4840096699999999e-02 -1.6907615200000001e-01 -6.4937828800000000e-02 -1.4599191900000000e-01 -6.0864665900000003e-02 -2.7254332799999997e-01 7.9164960000000006e-02 -4.1065108599999997e-02 7.0113746899999996e-02 2.0564559299999999e-01 1.4554209200000001e-01 -1.0830834800000000e-01 6.4042544800000004e-02 -7.9728255499999998e-03 3.8476004899999999e-01 7.0721352600000001e-03 1.6041071500000001e-01 8.4670811100000007e-02 5.8160393300000002e-02 1.1198904899999999e-01 8.0589270500000004e-02 -5.3323325999999997e-02 1.0865405700000000e-01 -2.9420847300000001e-02 1.6246532399999999e-01 1.3233704199999999e-01 3.4874550800000001e-02 1.3287756500000000e-01 -1.0832665100000000e-01 1.1896732800000000e-01 -9.4803429699999997e-02 -1.1739739200000000e-01 4.7458622700000001e-02 -2.7831814799999999e-01 -8.2291282100000002e-02 -5.2011184100000003e-02 5.9225543099999996e-03 -1.9830872399999999e-01 -8.6670778599999998e-02 1.1218536000000000e-01
5.1709370300000002e-02 -1.7892394100000000e-01 -1.8667520900000001e-01 -1.7750159500000001e-01 -6.5045515299999995e-02 7.8309964100000004e-02 3.3377604900000002e-01 -1.3632882399999999e-01 -3.1934185400000002e-02 -8.0303305000000005e-02 1.4081712699999999e-01 -8.5268416600000002e-04 -2.1440175300000000e-01 2.2869143299999999e-02 2.3472197699999999e-02 3.9438977700000002e-02 1.0577367800000000e-01 -4.6200562399999999e-02 -2.3677401300000001e-02 6.2131971100000002e-02 -8.3667092499999998e-02 -6.7119716600000004e-02 -8.4835476699999995e-02 -4.9925329200000000e-02 9.7360586099999993e-02 -2.1669365300000001e-01 -3.3560974999999998e-01 6.1466181599999998e-03 8.7291013799999997e-02 -8.1222307100000002e-02 -5.1919768700000000e-02 1.0430942000000000e-01 -2.5595880900000001e-01 1.0801069300000000e-01 3.7140356699999999e-01 1.8837123300000001e-02 3.5482808900000003e-02 1.9181238600000000e-01 -1.9395244799999999e-02 1.3593831200000001e-01 8.6411839099999999e-02 4.1730898900000001e-02 1.0767149900000000e-01 -1.3927468900000000e-02 1.5724300199999999e-01 -2.2063151400000000e-01 6.5700527900000000e-02 -1.0660192300000000e-01 -1.7480391400000000e-01 -1.8398095900000000e-01
8.9042447300000001e-03 2.9564991200000001e-01 -1.2489951100000000e-01 -2.3351442800000000e-01 -2.9178901099999999e-01 2.3050447500000001e-02 8.9569729299999998e-02 -1.7228637399999999e-01 1.6743674700000000e-01 -1.5371377900000000e-02 -1.7077314599999999e-01 -3.5173939299999998e-02 8.2055381999999996e-02 4.6238860499999999e-02 -3.4510155000000001e-02 -6.2918200600000002e-02 1.3988893299999999e-01 2.6377679100000001e-01 -1.4019714900000001e-02 7.7795462999999995e-02 3.0159439499999999e-02 -3.0612074400000001e-02 6.9275404099999993e-02 1.8509941399999999e-01 1.6015660900000001e-01 3.3393351500000001e-02 -8.0590750599999997e-02 -1.8964779500000001e-01 -1.1543913200000000e-02 -8.2814257399999994e-02 6.5058602199999996e-02 -1.7478353299999999e-01 2.2300336800000001e-01 -1.4699366500000000e-01 -2.1811628899999999e-01 -3.7777431299999997e-02 5.2637216699999998e-03 8.1002307400000001e-02 7.2832924300000004e-02 1.4005501000000001e-01 6.5187276200000005e-02 2.7662604499999999e-01 1.5095073000000001e-02 -8.6870529200000005e-02 1.7713594399999999e-01 4.1397568500000002e-02 2.6471423599999998e-02 1.7960715299999999e-02 1.4553826800000000e-01 -3.2143372300000000e-01
7.6326672299999995e-02 -7.6595757799999997e-02 1.6030742500000000e-02 -8.2799685400000000e-03 8.2761345400000005e-02 1.7758497000000001e-01 2.8567613100000000e-02 1.0420247000000001e-01 6.2980017900000004e-02 -3.7741058899999999e-02 8.9115911399999997e-02 -2.0397120899999999e-01 -2.2767282599999999e-01 2.2906419300000000e-01 -2.1582884899999999e-01 -6.7770659400000002e-02 -1.0713588100000000e-01 1.0083866499999999e-01 1.6345118800000000e-01 -2.4654276899999999e-01 7.5592995399999998e-03 -1.3943900500000000e-01 1.4932097599999999e-01 1.1453688300000001e-01 1.6051841500000000e-01 -1.4692715500000000e-01 -1.1527919300000000e-01 -9.8342812399999993e-02 1.4718712400000000e-01 -4.0986357600000002e-02 -2.2354420000000000e-01 1.3453441499999999e-01 1.7273783100000001e-01 3.5098652500000001e-02 -8.5581812600000001e-02 1.3401359099999999e-02 9.2404098200000007e-02 -1.0043745699999999e-01 9.7588871100000002e-02 1.8136632400000000e-01 -2.6592774899999999e-01 -1.1828402800000000e-01 -7.5742295099999996e-02 -5.6294186000000003e-02 -3.7899147200000000e-01 -2.2585774999999999e-02 -1.4487725100000001e-01 1.4784910200000001e-01 4.5040284200000003e-02 -1.3949376799999999e-01
-1.2211541099999999e-01 1.0585093800000001e-01 -1.0159616000000000e-01 6.3237678199999994e-02 -3.1156402599999999e-01 1.1012482899999999e-01 -1.3026675500000001e-01 3.7220354700000000e-02 -8.1206823400000003e-02 4.4889500399999997e-04 5.7803024500000001e-02 4.1526474700000003e-02 1.7158541699999999e-01 1.7093266500000001e-01 5.7235892900000002e-02 -2.0181739099999998e-02 1.6169891400000000e-01 8.8574352900000000e-02 -1.4362620700000000e-02 3.7308157400000000e-02 -1.1640184600000000e-01 3.2034653800000001e-01 -2.8336936200000001e-01 6.2169689399999999e-02 -1.1389552800000000e-01 5.8428700100000001e-02 -1.8765319699999999e-01 1.3471528699999999e-01 6.6246215100000005e-02 2.1774376500000001e-02 -9.7155088300000005e-03 -1.3730054200000000e-01 1.1073509700000000e-03 4.6852269900000000e-02 5.6351817400000000e-03 4.8827685599999997e-02 1.1816050100000000e-01 2.3542815600000000e-01 -2.2885316700000000e-01 -3.1950928099999999e-03 -3.7466669000000002e-01 2.9512330500000000e-02 -7.8185701999999996e-02 -2.5316790499999998e-02 -2.8260489300000002e-01 -1.9551192300000000e-01 6.6475052500000006e-02 1.2275862400000000e-01 -6.8176092499999993e-02 1.0914285400000000e-01
5.0149308800000000e-02 6.2686213300000002e-02 6.7215501799999994e-02 5.5853198299999997e-02 -1.2223000700000000e-01 6.7882970700000003e-02 -6.0500086500000001e-02 -1.6770699800000000e-01 3.2023308000000000e-01 -2.1269478900000000e-01 1.6027214600000000e-01 3.1521217400000001e-01 -3.5706099700000000e-02 -3.0958725900000000e-01 7.9299676200000002e-02 1.3305588800000001e-01 -4.1195309300000003e-02 -8.1447670999999999e-02 4.6759539900000001e-02 8.7983202199999999e-02 -1.2434894500000000e-01 -1.5007193899999999e-01 1.7801962399999999e-01 -7.0487608199999996e-02 4.4644971300000003e-02 -1.8249223800000000e-01 1.0668429000000000e-01 3.5759581200000001e-02 4.9537634999999997e-03 1.2247276800000000e-01 -2.2113563000000000e-01 7.6326355899999998e-03 4.8776233400000001e-02 6.5867401800000003e-02 1.2822883199999999e-02 -1.8805200999999999e-01 -1.1432711800000001e-01 1.6340548399999999e-01 -2.8933616600000001e-01 -1.1027195700000000e-01 -1.8625390600000000e-01 -7.0916452000000005e-02 3.1412451299999998e-02 -1.7032474500000000e-01 -6.4300406399999996e-02 1.9294808899999999e-01 9.6428302800000004e-02 1.4260674600000001e-01 4.1304269400000003e-02 -1.2442405800000000e-01
2.3453913800000001e-01 -1.8164625800000000e-01 1.5204887400000000e-01 8.9048947099999998e-02 -8.6603897200000002e-02 -5.1786385200000000e-02 -5.2398769900000003e-02 -5.2218031999999998e-02 -6.3057616299999994e-02 -7.8518034299999998e-02 -3.1303104399999997e-02 6.7952351400000000e-02 -6.4524897600000006e-02 8.4876141800000002e-03 -2.1527389399999999e-01 1.6510041800000000e-02 5.4863324499999998e-02 -1.0203765300000001e-01 -4.4676005999999997e-02 -1.4504181499999999e-01 -8.2518493299999995e-02 1.3949113900000001e-02 -3.5555186300000000e-02 4.9255289099999999e-01 8.4540791700000006e-02 9.1528322000000006e-03 7.2600753099999998e-02 9.7293842000000005e-02 -2.1484141400000001e-01 -1.6331184000000001e-01 7.3687898900000007e-02 -8.2512433199999999e-02 -1.9925578899999999e-01 -1.1986727500000000e-01 2.7456921299999999e-02 -2.1665106600000000e-01 -2.4639954999999999e-01 -1.2267648100000000e-02 9.9630174000000002e-02 -2.1822406000000000e-01 -8.8790098899999993e-03 1.9053397699999999e-01 -8.1245331500000004e-02 -2.8130543099999999e-01 -1.2450158900000000e-01 -1.8798471200000000e-01 -6.5938578400000000e-03 -9.6151179000000003e-02 -4.3830347800000002e-02 -8.2380507199999997e-04
1.6991599699999999e-02 7.1110111500000003e-02 -1.6028081499999999e-01 3.3716828100000001e-01 -6.3079246100000000e-02 -7.0731596699999998e-03 -1.8021718600000000e-01 1.6822974599999999e-02 -8.6539018800000006e-02 -6.2207819999999997e-02 -6.0718590099999997e-02 -9.7939931399999999e-02 -1.0370356000000000e-01 1.4839542700000000e-01 -7.4605559900000007e-02 1.6775020900000001e-01 1.6429899899999999e-02 -1.0325930899999999e-01 9.7480119800000001e-02 -6.6796781000000000e-02 -1.0495556500000000e-01 3.7523466399999997e-02 -1.9224789300000000e-01 -2.6821952999999998e-01 3.8573014099999997e-02 -5.3609958600000000e-02 -6.1488003099999999e-03 -1.6238926000000001e-01 -3.6691489899999999e-02 1.0993093100000000e-01 -3.3309103899999998e-01 -1.5716252800000000e-01 -6.1585731099999999e-02 -3.9093378200000001e-01 -5.0713985800000000e-02 -1.7892595000000000e-01 -1.9167093899999999e-03 2.2468499600000000e-01 7.1885766700000006e-02 -1.7780385900000001e-02 1.4231707199999999e-01 -7.2567833900000003e-02 3.3631664399999997e-02 -1.0080385799999999e-02 1.0116333900000000e-01 2.6058218099999999e-02 -2.7752710800000002e-01 -1.7409101099999999e-01 1.0678886600000000e-02 -9.4932882299999993e-02
7.5473690299999993e-02 -1.8299275800000001e-02 1.3026936200000000e-01 -2.0298429800000000e-02 2.6918901600000000e-02 1.4518621400000001e-01 -6.9866977299999994e-02 -1.7365037200000000e-01 -1.2087664500000000e-01 1.9198520799999999e-01 6.8570955300000002e-03 1.5787444100000000e-01 -9.6527750000000006e-03 1.0078545600000000e-01 3.4982121699999999e-03 9.2062413699999998e-02 1.6123216000000001e-01 -1.9086454100000000e-01 -2.6665077500000001e-01 -3.7597586099999997e-02 3.0983588499999999e-02 -4.9147894999999997e-02 -3.9433665200000002e-02 4.6684499200000000e-02 1.0698247900000001e-01 -6.7995859000000006e-02 1.6242590500000001e-01 -1.8028252100000000e-01 2.1319353799999999e-01 1.3657320900000000e-01 3.6445393399999998e-01 3.3370641399999998e-02 -2.5610726000000000e-02 3.7297801600000000e-02 -2.7830254900000001e-01 -1.7823160900000001e-01 6.9570188300000002e-02 1.5986428899999999e-01 7.0757619300000005e-02 2.3419863599999999e-01 -1.0398500700000000e-01 -2.7368013899999999e-01 7.4029705400000007e-02 -5.9626878600000002e-02 5.5007191099999998e-02 3.2070026100000003e-02 -7.5707939299999999e-02 2.3946338500000001e-02 -3.1816194199999998e-01 -4.0815341599999999e-02
3.3613682200000002e-02 -3.4351796800000001e-02 -2.6846689600000001e-02 6.1723865699999998e-02 6.2643902900000006e-02 1.2875561799999999e-01 8.8386391900000000e-02 -5.5282421499999998e-02 -2.7828406800000000e-01 -1.2158783099999999e-01 -7.9219008699999996e-02 4.0134510100000000e-02 -3.6374260300000003e-02 -1.0689969600000000e-01 -4.5206008399999997e-02 -1.2447553400000000e-01 1.3366196799999999e-01 -1.6010770899999999e-02 -1.0208526900000001e-01 5.8597459800000001e-02 -1.3069733300000000e-01 2.4144036300000001e-02 4.0238990400000001e-02 7.7912938299999998e-02 1.0310911700000000e-01 -2.0240404699999999e-02 -1.6380517200000000e-01 1.1991372700000000e-01 2.6094146099999999e-01 1.3071515100000000e-01 2.0745636700000000e-01 -6.1998759299999998e-02 -8.9903618000000005e-02 3.5121125400000001e-02 5.7778323499999999e-02 -3.7714202600000003e-02 2.2079899500000000e-01 -4.2094841899999999e-02 -8.0142355799999995e-02 -1.9674085199999999e-01 3.6998937400000001e-02 -1.0154927699999999e-01 -4.0721202599999999e-02 -1.0250440600000001e-01 3.6532877599999999e-02 1.7791457199999999e-01 -3.0042376300000001e-01 3.3715718999999998e-02 5.7600646000000000e-01 2.3554144200000002e-03
2.8942919900000003e-01 -1.4081194999999999e-01 -2.6680223600000003e-01 -1.0789314500000000e-01 -2.7146705500000000e-02 -5.2197252700000002e-02 3.0728346399999999e-02 -3.2708147900000001e-01 -9.0875504100000004e-02 9.1428941700000002e-02 1.4895417699999999e-01 -9.0305500600000005e-02 -8.2243211999999996e-02 -1.1595157400000000e-01 -1.5668419300000000e-01 1.3734677400000000e-01 -3.4307595300000000e-02 3.9509789199999999e-02 2.2183335500000001e-01 1.2886205700000000e-01 2.7144043499999999e-02 1.1722139800000000e-02 -1.5095521400000000e-01 6.2150386000000002e-02 7.4091402700000003e-02 8.4569291000000005e-02 1.8157729500000000e-01 -6.7601503699999996e-02 -1.5778799399999999e-01 3.6009806700000001e-02 5.8860827900000003e-02 -1.2733623799999999e-01 -1.8593339400000000e-01 -5.5707496199999998e-02 -1.2061873900000000e-01 1.7283326199999999e-01 -3.6605610300000001e-02 -1.6281104399999999e-01 -2.8539358999999997e-01 1.3579493300000001e-01 -1.8748858800000001e-01 -5.7567188800000002e-02 -1.5839751199999999e-01 3.1278727899999997e-01 -2.9778708200000000e-02 1.3522722600000001e-01 -5.9208865999999999e-02 -4.7401658800000003e-02 5.7027476299999998e-02 8.5764816199999996e-03
3.3699561099999997e-01 -2.0419790700000001e-01 -3.9730775400000001e-02 2.3454071900000001e-01 -2.6702342099999998e-02 8.2023905499999994e-02 -8.4280615899999994e-02 9.5788008199999997e-02 2.5723072199999999e-02 2.8248076399999999e-02 -3.7803829999999997e-02 -1.3311692500000000e-01 5.9000777700000000e-02 7.5570040800000002e-02 4.6749722200000003e-02 7.1658112600000004e-02 8.3605273699999996e-02 -4.6992442499999999e-03 9.2259139200000003e-03 1.2207484900000000e-01 -3.0446210800000001e-01 -6.2738637099999994e-02 -2.0386887600000000e-02 4.8045060100000002e-02 -7.7945241600000006e-02 -1.2575383400000001e-01 1.2831475000000001e-01 3.0570302199999999e-01 -5.1838510499999997e-02 2.7458448199999999e-02 -5.1574824300000002e-02 -1.7768261299999999e-01 1.3312877300000001e-01 2.1820740499999999e-01 -3.7656201299999997e-02 2.2443229500000000e-01 2.7955830399999998e-01 -1.6931127899999999e-02 2.3032806400000000e-01 6.2316850200000003e-02 5.6690166300000003e-04 1.7448423199999999e-01 1.0790321500000000e-01 -6.1323839300000002e-02 1.6496353400000000e-01 2.3903663000000000e-01 9.4457054900000004e-02 9.5783110399999996e-02 -1.3730771400000000e-01 -1.2969775600000000e-01
-7.8277454699999999e-02 -5.0136780399999997e-02 8.5628671500000003e-02 1.5528810200000001e-01 -1.1341833400000000e-01 5.6340633899999999e-02 1.2492312400000000e-01 -3.2698311000000002e-01 1.6583234699999999e-01 1.3907140100000001e-01 1.4315985600000000e-01 -1.3739975200000001e-01 -1.2043070400000000e-01 -9.1763230599999995e-02 1.5698507900000000e-01 -1.2548351099999999e-01 -2.3252227300000000e-01 -1.1119805100000001e-01 1.4169067399999999e-01 8.9066306600000006e-02 -1.4168011999999999e-01 2.1396304299999999e-01 -1.8801851999999999e-01 1.1321075500000000e-01 -1.6751131100000000e-01 2.3042008800000000e-01 -4.4441210799999999e-02 -1.1236520600000000e-01 1.1658287200000000e-01 2.3170049200000001e-01 -1.8304587500000000e-02 -2.6591358100000000e-02 8.0293452500000001e-02 1.4288318400000000e-01 -5.9247505899999997e-02 -1.1020242800000001e-01 3.0880966900000001e-03 -1.9728040699999999e-01 1.6009586700000000e-01 7.1587839400000006e-02 1.6181056799999999e-01 -4.0803763000000000e-02 2.0351617999999999e-01 -1.6469727300000001e-01 -1.7823398300000001e-01 -6.9597565200000003e-02 6.9010095199999996e-02 -1.8906146200000001e-01 8.9547563400000002e-02 -7.4539425199999995e-02
1.4308495800000001e-01 -7.3334216499999993e-02 -3.0753827500000003e-01 7.2802411200000000e-02 2.0799429600000000e-01 1.6012479700000001e-01 -5.4345995600000002e-02 1.8611301999999999e-01 2.7456702599999999e-01 9.0666353300000002e-02 4.2066425900000003e-02 1.1990710600000000e-01 1.1456990000000000e-01 -6.2495189000000000e-02 4.4880387000000004e-03 1.9103316400000001e-01 6.7375635200000006e-02 2.1638716199999999e-01 -1.4447282600000000e-01 -1.0503456600000000e-01 2.8710114300000000e-01 1.2686198600000001e-01 -2.7054462299999998e-02 -2.7663397800000000e-02 1.4043925100000001e-03 6.1206315999999997e-02 -1.2193249800000000e-01 2.0637210400000000e-01 5.6890027599999997e-02 9.5827830500000002e-02 1.1336831800000000e-01 -5.1661208299999997e-02 -1.8539777699999999e-02 -5.8282158200000003e-02 -6.1643657300000002e-02 1.5171286600000000e-01 -1.9050313399999999e-01 -9.7635241799999994e-02 -1.3973808300000000e-02 -1.0282567099999999e-01 -1.5363619800000001e-02 -1.8608890900000000e-01 1.7407702400000000e-01 -1.4504725500000001e-01 -8.9742087700000001e-02 -6.8000712000000005e-02 -3.4569358899999999e-03 -2.6097591500000000e-01 3.2338941400000001e-02 -2.9469183599999998e-01
-7.4029324899999999e-02 8.6198162100000003e-02 -1.8135137700000001e-01 -7.1712010199999995e-02 2.7931832000000001e-01 -6.5998003999999999e-02 -2.3520372400000000e-02 -1.7102007799999999e-01 6.7140816500000006e-02 1.9594474100000001e-01 -1.7317377700000000e-01 4.0106420400000002e-02 -2.4277494500000000e-02 7.1642699200000007e-02 -1.3245033800000000e-01 4.5209637699999999e-02 2.7156761299999999e-02 -3.0625025100000001e-02 1.3757727200000000e-01 -1.9437681700000001e-02 -1.6670839100000001e-01 1.7391170300000000e-01 1.7821660200000000e-01 -2.2727219500000001e-01 2.6080209700000001e-01 2.5217074400000000e-01 -2.9271985100000002e-02 2.6270713899999998e-01 1.0890345400000000e-01 8.7691781900000002e-02 -2.4371486000000001e-02 5.0858956099999998e-02 -1.6599189300000000e-01 2.1349978500000000e-01 -8.3154100800000005e-02 -1.4011613300000000e-01 -9.6864274900000005e-02 1.0275980799999999e-01 2.7814042900000000e-03 2.1252254100000000e-02 1.3327762100000001e-01 3.1748591199999998e-01 -1.3294571899999999e-01 -9.8350846500000005e-02 -1.6547172900000001e-01 6.8433356200000003e-02 -9.6464406899999994e-02 1.3125781200000000e-01 -1.6048902000000001e-01 9.2620835200000005e-03
-9.1648117099999996e-02 -5.1475189399999999e-01 2.1201649600000000e-01 9.3221353899999998e-02 9.8521168100000001e-02 -2.0902931499999999e-01 6.9779708400000001e-02 -1.5189371500000000e-02 1.9173868899999999e-01 2.8398262499999999e-01 -3.5976390900000002e-02 2.3391708500000000e-02 7.9281324099999995e-02 9.9528791599999999e-02 -1.9861854100000000e-02 4.9174642199999999e-03 1.2002760499999999e-02 2.3127322200000000e-01 7.6413162500000006e-02 4.6129928600000002e-02 -1.0561568200000000e-02 1.2997751900000001e-01 5.7414381100000002e-02 9.7320337199999996e-02 -7.1295610300000006e-02 -3.7776073100000002e-02 -8.5091390500000003e-02 -6.0935966500000001e-02 -1.0418768600000000e-01 -7.0004667899999998e-02 5.2002910399999998e-02 9.7839893499999997e-02 4.4282338700000000e-02 -1.3134101400000001e-01 -3.4578742599999997e-02 -5.6231023700000000e-02 9.5058632899999995e-02 4.3061268899999999e-01 -1.8299422800000001e-01 6.2041575400000000e-02 1.4361901599999999e-01 -7.4958500100000006e-02 -1.3562223100000000e-02 5.9327770100000003e-02 -3.9359980099999997e-02 1.3581646000000000e-01 1.5580888700000000e-02 5.7367336999999997e-02 1.6787478400000000e-01 -6.8790744799999998e-02
1.0026816600000000e-02 1.8106167900000001e-02 -2.2944733200000001e-02 1.4659809200000001e-01 4.1088984899999997e-01 -1.3002946600000001e-02 2.6965023199999999e-01 -1.4581712999999999e-01 -1.6865838899999999e-01 -1.8023211399999999e-02 1.7813085900000001e-02 3.4734209100000002e-01 3.7149391499999997e-02 -1.6298890000000000e-02 1.9658788899999999e-01 -1.4743339499999999e-01 -2.4035461599999999e-02 -1.2235854700000000e-02 7.9436976199999995e-02 8.1527750800000007e-02 1.3380739300000000e-01 4.6102901000000002e-02 -2.4161422099999999e-01 1.2913216800000000e-02 1.4015746200000000e-02 8.5490834400000007e-03 -1.2848741999999999e-01 -1.0215910300000000e-01 -1.4917465399999999e-01 -1.5815124600000001e-02 -8.8886990700000001e-02 -5.0920070399999998e-03 1.8424822699999999e-01 -2.0805648400000001e-01 3.1750279999999999e-02 9.0036219500000000e-02 7.2868835300000004e-02 -4.8445603199999999e-02 1.4024069800000000e-01 1.2187178800000000e-03 -2.1376578299999999e-01 9.9058516099999994e-02 -2.6631093800000000e-01 -2.4696305399999999e-01 4.0421701499999997e-02 1.3505748900000000e-01 1.4749949500000000e-02 8.3448182699999998e-02 -1.3798365000000001e-01 -7.5648413200000000e-02
