# CEC 2010 F16 permutation vector 0-based (D=1000)
706
863
380
850
402
482
490
526
797
620
87
999
153
59
201
2
286
83
694
26
105
221
35
555
968
254
983
778
381
453
429
447
427
614
894
966
21
948
579
647
428
883
104
617
508
836
80
503
396
305
970
932
20
517
910
767
798
562
249
698
509
576
752
424
431
189
328
927
417
470
323
130
843
812
655
142
984
33
931
66
870
847
531
764
181
642
992
510
24
71
777
804
542
634
574
74
39
795
852
430
200
521
704
255
193
726
818
290
146
776
234
361
154
520
116
994
925
123
907
334
341
879
171
657
577
805
422
729
157
709
355
771
980
558
678
985
494
608
967
955
460
757
452
840
700
761
511
256
114
293
378
825
374
631
186
212
161
133
857
783
632
692
979
664
398
712
514
743
895
628
760
108
113
918
408
420
418
185
243
641
496
673
111
237
101
219
848
505
41
276
842
217
693
148
612
192
930
913
329
126
404
485
50
19
468
405
206
124
188
139
97
273
23
519
650
131
357
314
748
86
208
859
652
548
251
851
645
878
573
473
609
352
751
27
974
780
971
98
61
47
550
750
480
313
8
753
855
954
885
758
656
132
849
49
426
376
976
400
774
489
121
892
319
689
684
593
265
886
325
565
807
13
938
446
672
289
768
528
387
808
304
321
584
785
829
317
115
392
167
696
232
62
853
40
661
942
449
349
359
949
926
248
597
924
491
973
1
183
884
532
166
31
156
16
140
540
82
997
766
159
198
207
669
549
809
513
687
854
247
94
330
755
782
594
231
459
179
769
493
733
981
824
316
209
896
36
118
60
351
546
168
908
516
437
832
606
793
487
841
467
120
653
936
463
522
382
69
322
747
64
501
236
788
394
472
581
683
504
419
518
364
619
888
946
327
228
644
725
900
110
79
4
205
149
450
423
144
311
391
500
703
353
78
372
481
52
582
615
794
554
957
626
947
283
499
150
633
621
99
717
538
713
318
668
399
350
933
284
261
940
986
506
241
160
70
732
11
718
789
0
902
923
63
539
336
226
96
368
84
202
998
365
839
658
962
326
920
580
893
756
600
366
610
943
497
800
486
259
320
298
719
675
772
348
872
740
662
134
828
143
568
268
389
464
91
15
55
162
25
559
599
928
860
996
390
816
624
190
107
570
734
625
174
73
716
939
211
17
746
220
831
346
439
515
386
735
567
676
686
786
871
899
274
648
95
846
345
333
435
877
495
613
815
242
630
523
340
685
267
507
838
434
260
773
826
864
425
103
604
817
448
155
552
911
649
12
410
898
76
458
58
444
214
492
307
727
38
537
688
488
240
937
165
469
93
373
722
180
102
592
215
10
266
227
953
474
85
972
37
106
89
462
791
699
122
607
551
646
564
367
963
865
335
383
575
916
763
443
919
530
258
561
29
616
944
586
677
129
835
738
874
385
356
952
915
315
262
958
216
589
477
667
92
775
406
28
218
762
362
280
796
977
45
799
441
169
388
637
456
906
100
730
602
674
741
331
484
875
845
125
603
233
32
742
844
56
639
300
294
880
187
605
370
184
303
409
543
277
415
745
270
917
393
285
618
229
413
691
724
987
135
784
887
708
601
921
710
830
629
903
590
820
989
152
905
412
711
969
297
950
14
749
975
137
77
395
891
194
67
436
109
6
442
138
635
197
790
681
512
411
881
822
476
723
556
721
245
30
765
736
440
438
339
929
292
557
210
455
524
42
196
309
563
882
861
308
250
671
471
964
965
136
299
90
866
535
569
278
660
151
466
728
295
88
951
281
445
271
701
379
147
806
779
128
702
781
707
827
257
623
433
578
414
244
961
993
288
914
935
876
890
695
199
213
302
46
347
682
534
823
195
810
889
239
585
627
324
922
451
312
988
941
837
176
814
177
360
343
9
737
170
371
375
731
803
238
203
670
720
287
960
659
377
663
525
813
572
811
754
978
934
904
995
75
909
821
369
384
739
178
862
714
363
127
529
358
873
342
802
588
867
397
527
141
478
982
407
596
51
401
591
310
536
622
164
3
457
583
253
680
868
638
5
533
235
175
22
224
182
566
57
541
81
403
547
44
279
560
598
544
72
611
498
666
354
956
801
275
173
858
222
117
191
571
252
787
230
34
465
912
145
158
338
264
68
269
759
587
112
246
897
301
697
651
223
416
744
705
833
172
990
432
53
792
640
770
475
421
263
690
7
595
479
119
819
834
715
959
18
553
332
545
296
272
869
991
291
945
282
654
344
65
901
54
636
43
454
225
856
337
204
306
461
483
48
163
502
665
679
643
