# CEC 2010 F16 shift vector (D=1000)
-5.4410428399999997e+00
3.5882930300000000e+00
4.0414648299999998e+00
3.7325739100000002e+00
-1.4639326300000000e+00
-2.4987377400000000e+01
2.4958961599999999e+01
5.7872427200000001e+00
-2.6871099300000001e+01
-3.5403942900000002e-01
-1.3123822400000000e+01
-1.8641762700000001e+01
3.0646394000000001e+01
-2.8156793199999999e+01
-1.2673624200000001e+01
-1.9017525800000001e+01
7.4650715200000004e+00
2.1074111899999998e+01
-1.1937143400000000e+01
-3.7403776599999999e-01
-2.8117472200000000e+00
-1.6064464699999998e+01
2.8914745199999999e+01
2.5422087000000001e+01
-1.5373658799999999e+01
1.1901866100000000e+00
-5.6245766499999998e+00
6.6449000399999996e+00
-2.7348123399999999e+01
1.5078760800000000e+01
-3.1140581200000002e+00
2.4375150900000001e+01
-7.4162638300000001e+00
1.4018554600000000e+01
9.1956210899999995e+00
3.2414847899999999e+00
9.6035214300000005e-01
6.3399766399999997e+00
-2.9068191500000000e+00
-6.1684633800000004e+00
1.9235920900000001e+00
2.4431283600000000e+01
-1.0078761399999999e+01
-9.0063355999999999e+00
-7.1455048899999998e+00
-6.6184573499999999e+00
-1.2747996000000001e+01
-1.0725503600000000e+01
3.8094571400000001e+00
3.1961005299999998e+00
-1.6162182200000000e+01
4.7946063900000002e+00
4.7065539899999997e+00
1.0203067900000001e+01
8.7479327199999997e+00
-6.2402821199999998e+00
2.2307802100000000e+01
-2.6388401500000001e+01
-1.8738729599999999e+01
9.9940021300000002e+00
-2.6515267399999998e-01
3.0719002100000001e+01
-2.3908953700000001e+01
-1.7285398300000001e+01
2.0827931199999998e+01
3.1441098600000000e+01
-4.8809502900000004e+00
-6.1377413199999997e-01
1.9716176099999998e+01
2.0593237100000000e+01
-2.1504112200000002e+01
-1.6832704400000001e+01
1.7401918400000000e+01
3.1086825699999999e+01
3.5291446999999998e+00
2.1035164500000000e+01
6.0797454200000001e+00
2.3162113800000000e+01
2.4837916400000002e+00
-3.3979289300000000e+00
1.6647352099999999e+01
-2.1981225400000000e+01
4.2509715799999999e+00
-3.1544999099999998e+01
-1.2145834100000000e+01
1.8151926400000001e+01
1.3525178300000000e+01
-1.8088032900000002e+01
1.6375094100000001e+00
-7.3850516199999996e+00
3.7317024000000001e+00
-1.8374240799999999e+01
2.6385466600000001e+01
-2.8042282900000000e+01
1.8279449400000001e+01
1.0547835200000000e+01
1.3525758600000000e+01
-2.1357510300000001e+01
1.6446156200000001e+01
2.6834058800000001e+01
-6.4416075499999996e+00
2.4434230199999998e+01
2.9175794499999999e+01
-1.0869992399999999e+01
-6.4799301299999996e+00
1.2469593100000001e+01
1.6925243200000000e+00
4.0781733599999997e-01
2.3548122400000000e+01
-2.1926457899999999e+01
2.2766671899999999e+01
-2.4811628500000001e+01
-1.5288922899999999e+01
9.8979731199999996e+00
3.1315053200000001e+01
2.0772759300000001e+01
2.2137854500000000e+01
1.0242092599999999e+01
-2.1999796000000000e+01
2.3526596399999999e+01
2.9617648700000000e+01
1.6619323900000001e+01
2.1022882500000000e+00
5.8272204199999997e+00
-1.8492377999999999e+01
1.2965582099999999e+00
-2.9734680099999999e+01
-5.3949109899999996e+00
1.7352849299999999e+01
-2.0087983600000001e+01
2.9572096599999998e+01
-2.8463136700000000e+01
1.0114073299999999e+01
1.6294932599999999e+01
1.2551805699999999e+01
1.0880755199999999e+01
2.9146144000000000e+01
-1.1902157900000001e+01
2.2934841800000001e+01
-2.0670173800000001e+01
-1.6914689800000001e+01
-1.9032317400000000e+01
-8.6134150999999992e+00
1.0124469500000000e+01
3.0036067599999998e+00
2.1735282500000000e+01
-6.4985333199999995e-01
1.3022279299999999e+01
-2.1165683500000000e+01
1.8081668499999999e+01
1.8868964600000002e+01
-3.1283900899999999e+00
-1.2491448200000001e+01
9.9824133100000001e+00
-1.5075899500000000e+01
8.3635746799999999e-01
-9.0606999600000004e-01
4.6353164500000004e+00
2.2002775900000000e+01
-1.3993500400000000e+01
-8.9933279000000006e+00
1.3944184600000000e+01
-1.6953019300000001e+01
2.6801022499999998e+01
-8.1327213300000007e+00
-1.4606064600000000e+01
7.8391179700000002e-01
-1.2190629500000000e+01
-8.9295237000000007e+00
-1.9398268999999999e+01
-2.9226672300000001e+01
-1.6971600800000001e+01
-1.5333153200000000e+01
3.9657723800000000e-01
1.2849239400000000e+01
7.5150243000000003e+00
-2.1777369000000000e+01
-6.7190654500000004e+00
-6.7002422599999996e+00
-1.9142930799999998e+01
-9.4843227599999995e+00
1.0516581700000000e+01
1.0112591600000000e+01
1.1147447200000000e+01
1.3976748300000001e+01
1.3991087200000001e+01
2.2768170999999999e+01
-3.9971264400000002e+00
2.0171485199999999e+01
2.4544539300000000e+01
-9.0799944299999993e+00
1.1823756400000001e+00
-2.3023135799999999e+00
-9.7405460799999997e+00
9.2299217400000000e+00
3.1337506699999999e+01
2.0720568700000001e+01
-6.4210841700000003e+00
1.7284240600000000e+01
-1.7052864400000001e+01
-8.2213390000000004e+00
2.0916266300000000e+01
-1.6700899100000001e+01
-1.1081616199999999e+01
-1.3764510000000001e+00
3.7328906399999999e+00
1.9028132100000001e+01
-4.4715085500000002e+00
-1.8234620499999998e+01
9.4441445599999998e+00
-1.6948616000000001e+01
2.8855451100000000e+01
-2.8692922099999998e+00
2.5751192199999998e+01
2.3587965100000002e+01
-3.0450433700000001e+00
5.1403565499999999e+00
1.6973918399999999e+01
-1.8799996799999999e+01
4.1203185400000004e+00
2.3593297199999999e+01
1.0687059200000000e+01
-6.1852553900000000e+00
1.4093371599999999e+01
-6.4013174700000004e+00
-2.3730863200000002e+01
5.1321145799999996e+00
-9.3446736099999992e+00
-5.2928140800000003e+00
-7.1523763699999998e+00
3.1728825499999999e+01
2.3163349199999999e+01
3.7275822299999999e+00
1.1754949600000000e+01
-1.5985659200000001e+01
-2.8590898500000002e+01
2.0302691599999999e+01
1.0418713500000001e+01
9.6297803799999997e+00
-1.9858101999999999e+01
8.5211471000000003e+00
1.9516553699999999e+01
-9.4226621799999997e+00
-2.6880799100000001e+01
1.5826112900000000e+01
5.8346514300000001e+00
8.7234338299999994e+00
1.9675667799999999e+01
2.7299756799999999e+00
4.2505666800000004e+00
1.9587385500000000e+01
-1.5320424400000000e+01
-2.0791415400000002e+01
-2.9696160200000001e+01
-3.0845335800000001e+01
-2.4537744799999999e+01
1.3187487400000000e+01
1.0018384299999999e+01
1.2221798900000000e+00
-9.0809621499999995e+00
-8.8511453699999998e-01
2.0162334900000001e+01
-1.2756980800000000e+00
-2.1126174200000001e+01
-8.9163843200000006e+00
1.3802753299999999e+01
2.6143603899999999e+01
2.7268707100000000e+01
1.0797418700000000e+01
1.0179551900000000e+01
1.3370714700000001e+01
1.0824289300000000e+01
1.5185739500000000e+01
-1.5974418999999999e+01
1.9219999300000001e+01
-2.5820382800000001e+01
-8.4711248000000001e+00
-4.6288328800000000e+00
2.4970730900000000e+01
1.6468653100000001e+01
5.7100380299999998e+00
4.5115374099999999e+00
-2.1454536099999999e+01
-2.9952387800000000e+01
5.1034901399999999e+00
-1.0085199100000001e+01
4.9001633900000003e+00
5.9819063799999999e+00
2.2160518900000000e+01
1.1796156200000000e+01
1.5821544700000000e+01
-2.8925540000000002e+01
-8.3451412099999995e+00
-2.8507473299999999e+00
2.9805747900000000e+01
-2.6773210500000001e+01
3.0961551100000001e+01
2.9932146599999999e+01
-3.9795463199999999e+00
1.5548911900000000e+01
1.5308708299999999e+01
1.5461461399999999e+01
-1.4198067200000001e+01
6.4595474700000004e+00
-1.1295694900000001e+01
-2.1953392800000000e+01
-2.4739233100000000e+01
-3.5473890199999998e+00
-2.8807184299999999e+01
3.0410361999999999e+01
-1.7213538000000000e+01
-1.7915030399999999e+01
1.7929155800000000e+01
8.4589440099999997e+00
-6.4204552499999998e+00
-1.3896738100000000e+01
2.5738954300000000e+01
-9.2532625100000008e+00
-2.1205320900000000e+01
1.7094292400000000e+01
-2.0987126499999999e+01
-1.2644573700000000e+01
-2.4826882699999999e+01
2.5234269099999999e+01
2.0035616600000001e+01
2.1581536700000001e+01
-2.3927946100000000e+01
-1.7631089200000002e+01
-1.5429991899999999e+01
2.6092071199999999e+01
-1.6931884799999999e+01
-2.3939295200000000e+01
-2.8357220200000000e+01
4.2267408499999997e+00
8.5648444999999995e+00
-1.6857886700000002e+01
2.9530271200000001e+01
-9.1560830299999996e+00
-9.9665485599999997e+00
-4.6731420100000003e+00
-2.7731593600000000e+01
2.9733915799999998e+01
4.7723799500000004e+00
3.4129005800000001e+00
-2.2786774099999999e+01
2.9694756500000000e+01
2.2459140399999999e+01
2.6901084700000002e+00
7.1356042400000002e+00
1.4712955600000001e+01
-2.0855080399999999e+01
-2.8513382500000000e+00
2.5891480600000001e+01
8.3912406199999996e+00
-2.3835517899999999e+01
-2.0301004400000000e+01
1.3089832200000000e+00
-1.6775323199999999e+01
1.5584092699999999e+01
1.9234925700000000e-01
-3.7409338700000001e+00
-2.5714978800000001e+01
-2.9413734600000002e+01
-1.4939781200000001e+01
-2.7822326799999999e+00
-2.0851318899999999e+01
9.1173328799999993e+00
-2.3572577299999999e+01
-3.4865674100000001e+00
1.9174355299999998e+01
1.3563876799999999e+01
2.3087879800000000e+01
-5.9200179200000003e+00
-7.3104136100000003e+00
2.8184762599999999e+01
2.7800295200000001e+01
-2.8590443100000002e+01
-5.9901868599999997e+00
2.0227152499999999e+01
-3.9037283600000001e+00
-7.4496406700000000e+00
1.0765515300000001e+01
-2.2695814899999998e+01
-7.6527006899999996e+00
1.8193017399999999e+01
1.3766575500000000e+01
1.4683466400000000e+00
-2.1632111299999998e+01
-3.0781508500000001e+01
-8.9686339600000000e+00
1.1414714300000000e+01
-8.9799783899999994e+00
-1.9853569600000000e+01
-3.1295640800000001e+01
2.4284356400000000e+01
1.4472977999999999e+01
3.6852902900000002e+00
2.4416594000000000e+01
-1.7346837600000001e+01
-1.9387614600000000e+00
-2.8247800399999999e+01
1.5185234299999999e+01
-8.4815231999999998e+00
6.1330980400000001e+00
-1.9633767500000001e+01
-1.2734892600000000e+01
8.8617497400000005e+00
1.1754660500000000e+01
-5.0871073000000004e+00
2.6857086799999998e+00
-1.1341455699999999e+01
1.0069973800000000e+01
-3.0844234900000000e+01
2.1195275800000001e+01
2.5615697699999998e+01
-5.4655265599999998e+00
-1.3693464799999999e+01
-1.7255415700000000e+01
-2.1070698499999999e+01
-2.5961177100000000e+01
2.1917089799999999e+01
2.5416792099999999e+01
2.7997416099999999e+01
1.4968576799999999e+01
6.9751583400000001e+00
-8.1913524899999999e+00
-3.7473245899999998e+00
1.3869163700000000e+01
1.9796219399999998e+01
2.3006869800000000e+00
1.2899941200000001e+01
1.3574738900000000e+01
1.3484740600000000e+00
2.0173111599999999e+01
-1.8853370200000001e+01
-9.8986339099999991e+00
-2.3172927300000001e+01
-1.5193078300000000e+01
-5.2197411899999997e+00
1.7330928900000000e+01
2.8736326800000001e+01
9.7211259999999999e+00
2.7710110400000001e+01
1.4105746800000000e+01
2.4013206000000000e+01
-2.7593318700000001e+01
-1.4944915900000000e+01
1.0614053999999999e+01
2.2257668700000000e+01
3.5816783399999998e+00
-2.2671001799999999e+01
1.3466196200000001e+01
-2.6304947900000002e+00
-2.7585861000000001e+01
2.1015486599999999e+01
-7.1637513199999999e-03
-2.3184813500000001e+01
3.1216145999999998e+01
1.6520600600000002e+01
1.4899618200000001e+01
-6.7935874500000004e+00
2.2823032500000000e+01
-3.4417075700000002e+00
-2.1215782500000000e+01
-1.9767723000000000e+01
3.7792823800000002e+00
-1.2675708500000001e+01
1.5142882000000000e+01
-2.2254424300000000e+01
-1.1458704100000000e+01
-3.1737455700000002e+01
-1.4995204300000000e+00
-2.5228733600000002e+01
3.1300446900000001e+01
2.0062123100000001e+01
2.3298114299999999e+00
2.5276047100000000e+01
2.4483351899999999e+01
-5.2674425700000000e+00
1.3226895300000001e+01
-2.1420372799999999e+01
-2.1008851600000000e+01
-1.4582067400000000e+01
1.0212207200000000e+01
4.8164634299999998e+00
1.6762610700000000e+01
-9.7431573100000008e+00
1.3981281400000001e+00
8.7427810400000006e+00
-2.6859186300000001e+01
-2.7899509399999999e+01
1.7805666599999999e+01
-1.8545949900000000e+01
-4.5624197200000003e+00
2.2543278800000000e+01
-4.8799737800000003e+00
-2.1949907300000000e+01
2.7686729100000001e+01
-3.6002772799999998e+00
-3.5375990900000001e+00
-8.2923005799999991e+00
-1.1964013500000000e+01
-1.0704117699999999e+01
1.9240492499999998e+01
1.1401460500000001e+01
-2.4505023699999999e+01
-1.7897238900000001e+01
2.5671633700000001e+01
1.2020810900000001e+01
-1.9999850800000001e+01
-2.1971032999999998e+01
2.4500122099999999e+01
1.9291654800000000e+01
2.2784298700000001e+01
5.0144342399999999e+00
-2.4097874699999998e+01
-1.0898964100000001e+01
-9.5467755099999998e+00
-1.6208541499999999e+01
2.1239645800000002e+01
2.4995301300000001e+00
-1.7920135699999999e+01
1.0025552100000001e+01
1.4552050899999999e+01
-2.8205755000000000e+01
-7.9651224000000003e+00
-2.3630849300000001e+01
1.5216310500000001e+01
1.8719607199999999e+01
1.2607307300000000e+01
-4.4912340600000000e+00
1.3304443300000001e+01
-1.8084649400000000e+01
-2.3530524799999998e+01
4.7502456500000001e+00
-1.8247068500000001e+01
1.8129790799999999e+01
-2.4435782700000001e+01
6.8952197100000001e+00
-1.4344975500000000e+01
-4.6909741199999999e+00
1.1460475700000000e+01
-1.7554414099999999e+01
-3.8312082099999998e+00
-2.5980474600000001e+01
-1.9149876700000000e+01
-2.1302593600000002e+01
2.5290030800000000e+01
-1.2250803700000001e+01
-2.4798120999999998e+01
-1.2860942700000001e+01
-1.2664354700000001e+01
1.7234005100000001e+01
-2.9368087500000001e+01
1.9406145700000000e+01
-4.4712648200000000e+00
-4.1102149800000003e+00
-3.0090966000000002e+01
-3.5675257100000000e+00
-1.8765001200000000e+01
1.1859341900000000e+01
-1.1114025699999999e+01
-1.1173012900000000e+01
-1.1768826100000000e+01
-2.9319938000000000e+01
8.4306435900000007e+00
-8.7170823100000003e+00
-1.3863777600000001e+01
-2.7464627400000001e+01
-7.4460333399999996e+00
1.1938410400000000e+01
-2.0185751300000000e+01
-2.8459198800000002e-01
-7.8525388200000001e-01
1.1921106099999999e+01
4.9557785200000000e+00
-2.9553739000000000e+01
4.0168476000000002e+00
1.3088754900000000e+01
2.0669695699999999e+00
-2.3067735100000000e+01
1.6431179000000000e+01
1.8884946299999999e+01
2.5995760300000001e+01
3.1880795599999999e+01
7.8412220000000001e+00
1.4406844899999999e+01
-9.0170382199999999e+00
-2.4958763099999999e+01
-4.1404780199999998e+00
-1.1507312199999999e+01
2.9718649200000002e+01
2.2144224000000001e+01
-1.2815988500000000e+00
1.3052534000000000e+01
-3.8477496499999999e+00
-8.2350935599999993e+00
-7.0049975499999995e-01
1.5455474000000001e+01
1.5664772100000000e+01
1.2236027800000000e+01
1.5344487100000000e+01
-9.8237503600000000e+00
-1.9228209000000000e+01
1.0772085900000000e+01
-5.6616286400000004e-01
2.1376585899999998e+01
1.3413160200000000e+01
-1.5155866800000001e-01
-7.6797491000000004e+00
-5.7493481700000002e+00
1.1528317599999999e+01
-2.6116214599999999e+01
2.8710475500000001e+01
1.0490221099999999e+01
-1.2585871300000000e+00
-1.2622189000000001e+01
-2.3545898099999999e+01
2.0083427499999999e+01
2.5411415399999999e+01
-1.5439395700000000e+01
-7.6862715899999996e+00
-4.3817345699999999e+00
2.9197157799999999e+01
1.3536053500000000e+00
2.1704308699999999e+01
2.5835522500000000e+01
1.7850110099999998e+01
1.7797466199999999e+01
-2.9038533099999999e+01
-1.2508891300000000e+01
-9.2782793300000002e+00
2.0594471899999998e+01
-2.3033646200000000e+01
-1.7513635900000001e+01
-2.6933117599999999e+01
-3.1476672000000001e+01
2.1475946300000000e+01
4.9651473199999998e+00
7.0029195800000004e+00
-3.0100612800000000e+00
-7.2183950199999999e-02
-1.6725387600000001e+01
5.1539735599999998e+00
1.3196120900000000e+01
-1.6980892000000001e+01
8.9534406099999995e+00
5.8841290099999997e+00
-1.0127741400000000e+01
-2.4644790199999999e+01
1.1790565600000001e+01
-1.1829415300000001e+01
2.2000602199999999e+01
9.0926356100000003e+00
1.2756010499999999e+00
-1.5377454000000000e+01
-3.6964435899999999e+00
1.5421957300000001e+01
-2.3413000100000001e+01
1.6347697900000000e+01
-5.7760358300000003e-01
-1.7774125800000000e+01
-9.8220564299999999e+00
-4.9238912099999999e+00
-3.0439199299999999e+00
2.8639318599999999e+01
1.9398517099999999e+01
2.2278749000000001e+01
-9.6607532400000000e+00
-4.3235964800000000e+00
1.7187608600000001e+01
8.1621894800000003e+00
-2.6990331600000001e+01
4.1063686199999996e+00
-3.1322538200000000e+01
-1.7651882900000000e+01
-2.6909594899999998e+01
-1.5204960700000001e+01
5.5042730799999999e+00
7.8623606900000000e+00
2.4755915100000001e+00
-6.4622904200000004e+00
-3.1049078900000001e+01
1.4003451999999999e+01
6.5551001800000002e+00
1.3616166099999999e+01
-2.0497887100000000e+01
2.0025845100000002e+01
1.0422015500000001e+01
-2.9329511300000000e+01
2.5220270899999999e+01
-8.5952451700000001e+00
-5.8737319499999998e+00
2.0821327799999999e+01
1.7054437100000001e+01
7.6367680000000004e-01
3.3885783899999999e-01
1.1454042299999999e+01
1.8215141699999999e+00
1.2368165000000000e+00
-5.0644423800000000e+00
2.7189641800000000e+01
3.9603156600000000e+00
-2.2746175399999998e+01
1.1358385100000000e+01
2.1260413300000001e+00
-1.7768136800000001e+01
5.9276003900000003e+00
-3.5033075600000001e+00
-2.2430834099999998e+01
-8.4929783600000004e+00
-7.6273630399999996e+00
1.0644067600000000e+00
-1.6587728700000000e+01
1.1421843300000001e+01
-2.0812914899999999e+01
2.4140316599999998e+01
2.0232354600000001e+01
5.5673672700000001e+00
-2.1035734000000001e+01
-1.6852558800000001e+01
1.2053642899999999e+00
8.1742126899999992e+00
-1.1263453999999999e+01
-1.3812963900000000e+01
-3.1486665100000000e+01
5.9512178599999999e+00
-7.0890747300000001e+00
-1.5801866199999999e+01
-2.7332298699999999e+01
-1.3415592100000000e+01
2.6425088599999999e+01
2.3887384200000000e+01
-1.8256920699999998e+01
-5.2257081100000002e+00
1.6773035199999999e+00
-8.8240691199999999e-01
-8.5973808900000004e-01
-2.5247211700000001e+01
2.1477194000000001e+01
2.3519597699999998e+01
-1.0400282700000000e+01
1.8276022000000001e+01
-3.8883029900000001e+00
2.9607369700000000e+01
9.0841910699999993e+00
1.2419065500000000e+01
3.9769323000000001e+00
2.4104116999999999e+01
-5.4798984099999997e+00
2.2257934800000001e+01
-1.1335784000000000e+01
-2.3731210500000000e+01
-4.9756672000000002e-02
-2.0563426100000001e+01
-3.2280098900000000e+00
-8.3258264700000009e+00
-4.8259856699999997e+00
2.0219128099999999e+01
-2.0121505200000001e+01
6.8760054999999998e+00
-5.8130274300000000e+00
1.1173861300000000e+01
-2.0771607100000001e+01
1.1169106800000000e+01
-1.0799803900000001e+01
-7.6852260699999997e+00
-3.0600111200000001e+01
3.8909020399999998e+00
5.3920899499999999e+00
-1.0760553200000000e+01
-2.6213365899999999e+01
1.0198064700000000e+01
-7.2268609499999998e+00
8.9829808100000008e+00
-1.8335895900000001e+01
1.0900328000000000e+01
-1.3324763700000000e+01
8.0326648299999999e+00
-2.7239127600000000e+01
-2.2004039200000001e+01
2.2739251700000001e+01
1.9876536000000002e+01
-2.2831124200000001e+01
2.8541648899999998e+01
-2.8432171499999999e+01
4.7395923299999998e+00
9.6244114500000002e+00
-1.4010582100000001e+01
-2.8064875099999998e+01
-8.4872495499999996e+00
2.2991095699999999e+01
2.2044822100000001e+01
2.7881189400000000e+01
2.0103284500000001e+01
2.4846524599999999e+01
2.3686168099999998e+00
1.1191927800000000e+01
-1.2997821399999999e+01
2.4267282000000002e+01
2.9997982999999999e-02
1.5037264100000000e+01
-1.4331373500000000e+01
-6.5941949199999996e+00
-9.3610922799999994e+00
-2.3869595400000001e+01
-1.9750812900000000e+01
4.7812053700000003e+00
-8.8210000300000004e+00
8.9799616199999992e+00
2.4308180199999998e+00
-2.7135743999999999e+01
-1.5068312499999999e+01
-9.9737997300000003e-01
9.5121180299999999e+00
-2.0186192200000001e+01
-1.8948796200000000e+01
1.5186301200000001e+01
-1.4317949400000000e+01
-2.8719526500000001e+01
2.0062875300000002e+01
2.2520702000000000e+01
2.0099668400000001e+00
4.1179196999999998e+00
1.3870013800000001e+01
7.5063661899999996e+00
-2.2418945699999998e+01
7.1059079999999997e-01
8.3829734200000008e+00
-2.9040428800000001e+01
1.6907999700000001e+01
-1.9612983400000001e+01
-1.5872843000000000e+01
6.3216215600000003e-01
3.0971453000000000e+01
-5.0393556999999998e+00
7.3173783600000002e+00
-1.8482511400000000e+01
3.0843717999999999e+01
2.1809031300000001e+01
5.2027734800000003e+00
2.3844478800000002e+00
3.1132563300000001e+01
-1.2903026700000000e+01
8.7128178300000005e+00
-2.5113167399999998e+01
2.8132509500000000e+00
-2.4086265800000000e+01
2.9852757400000002e+01
-2.9486424700000001e+01
-8.1306240400000007e+00
-1.4134132300000000e+00
1.8943466600000001e+01
1.1767581399999999e+01
9.7693606099999997e+00
3.2783877200000000e+00
-2.3810628200000000e+01
1.4288610400000000e+01
2.7845253499999998e+01
1.5627654000000000e+01
1.4644007100000000e+01
1.0302492500000000e+01
8.8222072199999992e+00
7.9038799800000001e+00
-7.4958652400000003e-01
-6.6781491400000004e+00
-1.2886978800000000e+01
-2.3729306800000000e+01
7.5277967700000001e+00
-2.3138374899999999e+01
1.6626055600000001e+01
1.2997600700000000e+01
1.6391408699999999e+01
1.2470345999999999e+01
-3.1738443400000001e+01
-1.8994544800000000e+01
-9.6790980700000002e+00
-9.1027312699999996e+00
-2.5634928899999998e+01
2.3449386600000000e+01
6.3124600199999996e+00
2.4248211900000001e+01
2.5916374999999999e+01
-2.3152612999999999e+01
1.9060052800000001e+01
-1.4209749300000000e+01
-7.8763623300000001e+00
-8.1262822999999997e+00
-2.7721182400000002e+00
1.6884594199999999e+01
2.0071740200000001e+01
3.1511806100000001e+01
-5.9614373699999996e+00
2.5679524000000001e+01
8.9715494299999996e+00
3.0931308799999999e+00
-6.8865985900000002e+00
1.5361124100000000e+01
-3.6687065300000001e+00
2.5438155899999999e+00
3.9302738800000001e+00
2.2566311800000001e+01
1.4421450900000000e+01
-6.4152892499999998e+00
1.1890886000000000e+01
3.0669271400000000e+01
-2.6623873000000000e+01
7.4576259199999999e+00
-3.4341813600000002e+00
-2.3215299699999998e+00
5.3554286700000002e+00
-1.6560686499999999e+01
-1.4465630600000001e+01
-1.2264700100000001e+01
-2.5461482700000001e+01
-8.9155350799999997e+00
-1.9578618899999999e+01
-1.7065565800000002e+01
-1.8459265200000001e+01
1.0250797700000000e+01
-1.4599026000000000e+01
-1.7793943100000000e+00
-2.0252439200000001e+01
2.4914950200000000e+01
2.9840113500000001e+01
2.5625820699999998e+01
-5.5510445700000002e+00
-2.4173401700000001e+00
-5.1150091299999998e+00
-9.9130471399999998e+00
-1.6500230400000000e+01
1.7518114199999999e+01
2.5871988399999999e+01
6.2092637699999997e+00
5.3673460600000000e+00
1.5937548200000000e+01
-2.7951391299999999e+00
6.4934558400000002e+00
-6.2382949800000000e+00
-2.8060265200000000e+01
6.0551363100000000e+00
8.0706968099999994e+00
-1.0747605099999999e+01
-4.7731278399999999e+00
-1.8930721200000001e+01
2.7477308600000001e+01
8.8654735999999996e+00
-9.8753120600000006e+00
2.2021182000000000e+01
-2.5546101900000000e+01
2.4689945600000001e+00
-8.6196866200000000e-01
-5.9437403499999997e+00
2.0829375599999999e+01
-2.5548508099999999e+01
9.0089866399999998e+00
-2.6893652100000001e+01
-2.7785577100000001e+01
-2.0209754600000000e+01
-2.1749362800000000e+01
1.2397899100000000e+01
-9.3208263900000006e+00
-3.0925636100000000e+00
-2.5022174499999998e+01
-1.6811366199999998e+01
1.6144515899999998e+01
-1.1814572300000000e+01
-1.9004329500000001e+01
-2.2553544100000000e+01
2.2219891400000002e+01
-1.3354282200000000e+01
-1.6643312200000000e+00
-1.3966150900000001e+01
-1.1455867500000000e+01
1.6828582300000001e+01
-6.9540670100000002e+00
2.4282416800000000e+01
1.6324626800000001e+01
-7.6579216299999997e+00
-9.1248268800000005e+00
1.2346559400000000e+01
2.8433588799999999e+01
-5.8933650300000000e+00
-2.2107002800000000e+01
1.2840889000000001e+01
-8.7443191599999999e+00
5.5137575900000000e+00
1.1800343900000001e+00
1.9080022899999999e+01
-8.1835300899999996e+00
1.3387987200000000e+01
2.7411039700000000e+01
1.4228627299999999e+01
4.0380601399999998e+00
-5.3703426199999997e+00
-4.5992859299999997e+00
2.4896499800000001e+01
2.9588261299999999e+01
-2.4183929200000001e+01
1.4014829199999999e+01
