# CEC 2013 LSGO F01 shift vector (D=1000)
-4.5398002145039321e+01
-3.0377978853199910e+01
2.5663096098800011e+01
1.6170055695112671e+00
2.5094674570027379e+01
8.6042521239280461e+01
3.0604466113366360e+01
7.4078765421655675e+01
1.7413276989180790e+01
4.2085335457131006e+00
-8.1273137735556617e+01
-7.3484655455039658e+01
6.6485011441268853e+01
1.9450791723682329e+01
-5.6848756848313089e+00
-1.7253203603488469e+01
7.2954066557311521e+01
5.6087899114751053e+01
4.8867920794221952e+01
-7.9217173894330827e+01
-9.3280375682480198e+01
6.4132591581831644e+00
-9.4177498741856084e+01
-3.8910596938555472e+01
-4.6326812409550008e+01
9.6684283096714253e+01
3.9706949033624689e+01
1.9057563201649732e+01
-5.5959797711697092e+01
1.8118668855010259e+01
5.9568017773853811e+01
-9.5818778063377323e+01
-6.9809138105542004e+01
-4.1396936243584292e+01
3.5923476274251144e+01
-3.2607422706612752e+01
7.8305237371733698e+00
8.4950557562975121e+01
8.9834934399172948e+00
-5.7074552416718749e+00
6.4142641449271650e+01
5.5750371977202917e+01
9.3739090158187693e+01
7.7751698258612024e+01
-7.2012009045644973e+01
4.3960712264505041e+01
8.9289505599201462e+01
-7.0744547063008184e+01
8.5846848491286849e+01
1.3340468687272510e+01
-1.0167421115689891e+01
2.7862256118574781e+01
2.7027121046412081e+01
-2.9869187596935060e+01
8.9591896362199783e+00
-6.4709293534306184e+01
-9.1647226223585587e+00
1.4685956480642270e+01
-4.7940393745238673e+01
1.4950128757683061e+01
-1.5918835123111030e+01
-6.0301068429708529e+01
4.8748382986661703e+01
-1.9312785920008182e+01
7.6145963083495730e+01
-8.0326847482692372e+01
7.3764217964887266e+01
8.1542241056529164e+01
-4.8867546489963793e+01
-7.2096364423396963e+01
-1.3503345491071579e+01
4.7746556660467043e+01
6.3104599338364302e+01
-8.9561981051160387e+01
2.9878845434341621e+01
2.7512775219604201e+01
-7.0514624273546232e+01
-3.4715305440575847e+01
3.5477402531574058e+00
6.8958525898413370e+01
3.6662018830285099e+01
6.9020128133715701e+01
5.1261587375339758e+01
4.6469285173429178e+01
6.3561491102771662e+01
-3.8618816059277670e+01
-4.3466346127671997e+01
3.8859780680744258e+00
8.1276146812308426e+01
2.7288146125350661e+01
-3.1582293011199192e+00
-4.8416843008251412e+01
9.3131934628909050e+01
8.6202917133063067e+01
-5.1936139711930863e+01
6.4438838380383061e+01
8.3205753632159670e+01
3.8289001185312728e+01
7.1271066325261643e+00
-3.9912784946866722e+01
-7.6843827041835425e+01
-1.1128519694465250e+01
4.8788692451561047e+01
4.1242582505138522e+01
1.8726779813551630e+01
-4.8801774742814267e+01
-1.4855172264639631e+01
-8.5785036498627093e+01
-5.7304155407302240e+01
-5.6985385504565699e+01
8.6887286919853636e+01
8.9968085436873508e+01
-4.1443371234755382e+01
-5.1510854854682989e+01
5.0918846859927328e+01
-6.0217104802578456e+00
7.9152857992098845e+01
3.0098027431370111e+00
9.3780451643507547e+01
4.3886660753343882e+01
-5.3351735423563738e+01
6.9186483492583875e+01
-2.6873768625814581e+01
8.5368633392875282e+01
5.8627930726278478e+01
7.0230551361501085e+01
-3.1546057872637800e+01
1.7152627627754551e+01
8.1274017184248972e+00
1.3870229435501100e+01
-1.0444984094849209e+01
-2.2158870311699829e+01
8.8138451959040669e+00
-9.9557328789691340e+01
-3.0865090582933568e+01
7.2454882243927869e+01
-1.8744068892364481e+01
-5.4296058770414248e+01
-9.2548781876826851e+01
5.0918423632295131e+01
1.7458376129175381e+01
-9.6690553697608593e+01
-2.5935126912812311e+01
-2.2827194857603370e+01
-8.7787979737457107e+01
2.9398170497765602e+01
5.5300902103328539e+01
2.8325833146293590e+01
6.9191517576336850e+01
2.2806184563361551e+01
5.2850790052509087e+00
-7.7727080666306163e+00
-4.8122909372960642e+01
-6.0241388956543261e+01
-6.6610737899133028e+01
5.4565257687708968e+00
-5.5054579991995233e+01
1.9338504615897911e+01
-7.4774202755076075e+01
-7.8064360907294514e+01
8.4273929459988636e+01
-2.7470333860027608e+01
-1.1897067886077579e+01
-3.6235578469224770e+01
2.7816885325795699e+01
7.4333833179840951e+01
1.6068666469690260e+01
-6.9940472204738482e+00
-1.0778535866981031e+01
-3.3972654253793237e+01
2.0124083637121540e+01
1.2178920332888010e+01
8.2367822744771487e+01
6.7653302421472191e+01
-9.6969069690790832e+01
7.0086022077708492e+01
5.7679327093344682e+01
-3.3126510163339198e+01
5.0456736148355333e+01
1.7037558548942350e+01
-5.8001535937918938e+01
7.5003683548793319e+01
-5.7866097874205067e+01
7.5040696393601053e+01
1.0780256569073000e+01
-6.4354727777322637e+01
6.0998877229904522e+01
-5.5211242041208983e+01
2.7440046066570570e+01
3.7335581909498372e+00
4.8165480285194000e+01
-3.3380021138421583e+01
-3.2930657011571178e+01
7.5012565986843853e+01
3.1372196172777599e+01
-5.0910088805169252e+01
8.3397176589709375e+01
4.4472795448826332e+01
1.6759267473239671e+01
2.2347842980034311e+01
2.0712369935731470e+01
-6.1392484802614412e+01
2.5900806532683919e+01
6.7090871494671404e+01
-5.6296551413237168e+00
-3.4348690375654257e+01
-4.8726295713984932e+01
3.6882785248362097e+01
5.8549570246718183e+01
-7.0950298284859713e+01
-3.8811958016156673e+01
5.5916173328481413e+01
8.3874172542041521e+01
-9.5897458883188278e+01
-4.0161213323916570e+01
-4.3131875122390987e+01
-4.2191026629160113e+01
1.4802953773065839e+01
5.2948304270780127e+01
5.1601678852543387e+01
9.0677053006983925e+01
-6.4660558505888119e+01
-7.5142363123631426e+01
-3.5747238588891904e+01
2.6156672315699169e+01
2.1813098505440252e+01
1.6756575063557712e+01
-4.9884812988732037e+01
-7.9179728301908753e+01
2.0858153888523191e+01
-4.4214756879229917e+01
-4.4802227937770184e+01
4.3717079019515012e+01
-5.1510895455922267e+01
9.5812717617933369e+00
-3.1282243120103470e+01
-1.9302856195064471e+01
6.8476901572981443e+00
-1.2178696074070009e+01
1.7296708538954022e+01
8.5906557828012367e+01
-6.5102662211351273e+01
5.6008237745648204e+00
-4.5619448575476518e+01
5.0062644014436103e+01
5.7389524442526202e+01
3.4846449415711753e+01
-4.2386667972734962e+01
-4.9960560455700630e+01
-6.7169008049715501e+01
-7.5863660574679798e+01
5.5378261143162078e+01
5.0908753645709332e+01
2.4661861243503498e+01
-2.6401486043930529e+01
9.6090587124744559e+01
8.1489979174710413e+01
-2.4444100238701459e+01
-2.5193645451052511e+01
-4.7285331351381238e+01
-6.2335009262271647e+01
-5.3955500765109868e+01
-2.3461556278143139e+01
-4.1832351495154683e+01
2.5070922809512659e+01
5.4302605645205468e+01
7.0049317206739033e+01
2.2454140376046179e+00
7.9478206868501013e+00
-2.7255930728546371e+01
-7.7286590644609660e+01
6.0994942429437931e+00
-4.5872943519584538e+01
-6.8822307083665621e+01
-5.1815497348616288e+00
-3.5738100025064647e+01
-6.8299387200129784e+00
7.7381766503252706e+01
8.6323850311068412e+01
-5.4255892068924943e+01
-6.5648391595437730e+01
4.0036168095386962e+01
-8.8247325296123464e+01
8.5797594226706494e+01
5.1416224173312788e+00
-4.3700299807569067e+01
-1.7136574213257290e+01
-5.4541434695818381e+01
9.6469261490358377e+01
-3.7274014205420578e+01
-7.8583736264554256e+00
5.9780055625954818e+00
6.6036644057893085e+01
8.4426842155744204e+00
8.8238940051115868e+00
-6.3774591606845057e+01
-5.1001021731040161e+01
-6.6101561583639665e+01
5.8568482254641218e+01
5.3143647457461498e+01
-1.4860773693933400e+01
-9.3623973034508708e+01
7.6029637314499382e+01
-4.7107333883841548e+01
9.4230492712960171e+01
-8.3554718436029788e+01
-4.2893657330977071e+00
-4.2132303004912487e+01
3.0084269149485991e+01
1.0664436646198491e+01
7.5002423854963297e+01
3.9776265206654049e+00
-8.4797153741490334e+01
-4.4203363653341698e+00
-1.7547282471688689e+01
3.0982727329128100e+01
-5.9217718173186128e+01
-4.8663117669714140e+01
-4.9420544332668463e+01
2.2087216901342220e+01
3.3542918237020160e+01
-7.5712062769683286e+01
4.1784154869001618e+01
-1.6524594038289841e+01
2.6628083094035851e+01
1.3366193062594631e+01
3.6829520396972171e+01
-3.5420555366549391e+00
7.4399458577766424e+01
3.8763407173637937e+01
5.1608225783339833e+01
-6.7254768940170564e+01
3.7560191879890397e+01
9.8368144252219906e+01
5.3152632752550780e+01
7.1157170207746788e+01
7.9464572551118735e+01
2.7367657265562610e+01
4.8450475622440862e+01
-6.8056315033664262e+01
6.8832551722697076e+01
-9.2649534832263036e+00
-5.2031222377176277e+01
6.6708144556132211e+01
4.3620862551283409e+01
3.3921615755422970e+01
-3.0783393946870319e+01
-5.0407407210950360e+01
-2.4879062581541338e+00
-8.5977415286121456e+01
2.6195544726622121e+01
-9.7503590619032963e+01
9.3710986029366396e+01
3.6550829753894867e+01
6.6514383085864148e+00
-3.4458259524237427e+01
-1.8487549071546240e+01
6.8717415395344531e+01
2.2788240184540818e+01
-1.0513887007648851e+01
2.4282483749855569e+01
-2.4152289014423040e+01
4.8435035094558650e+01
-2.6934224966471739e+01
-8.2605307666242467e+01
-9.5374528964567332e+01
-4.3202274840178291e+01
-1.6264849676282680e+01
3.3121625735300362e+00
-9.5213947830155931e+01
-6.7600761658763162e+01
3.0370569217627130e+00
3.6200421017705693e+01
-7.6944296678035457e+01
-7.9581508543867074e+01
-9.5518521127153562e+01
-8.1531378011582348e+01
-1.9473719609177291e+01
-3.9109187926357762e+01
3.5911561618347157e+01
-2.9375422529109962e+01
4.0629922887794230e+01
-7.0694359835902105e+01
7.2238305671325165e+01
-1.6482617971724460e+00
1.9629644216017660e+01
5.1268936095056517e+01
-5.6150105504103813e+01
2.9871083114211281e+01
-3.1696770335196071e+01
-9.9897616102820564e+01
7.9567088676020973e+01
-2.8061757720546780e+01
9.1704063314742953e+01
2.9085380141944668e+01
7.5952833729950058e+01
-7.0849399912259486e+01
-3.3103054997342262e+01
-8.0899523738011268e+01
-2.2811985885488781e+01
2.7240415396852999e+01
6.5662296441792691e+01
-8.6206210793577327e+01
-9.4212117656781260e+01
-9.4445672861024406e+01
-4.3355660454977302e-01
9.3736398691871244e+01
5.0606587195036283e+01
-6.9682973011840389e+01
1.0634541532913600e+01
-7.2036227379686423e+01
6.7194151729620160e+01
7.8369630647852119e+01
-5.6401758183200727e+01
3.0295024698800109e+01
9.1760551518790479e+00
-2.9758485613735221e+01
-2.3535636580781539e+01
-6.4118863307525999e+01
-4.5393958029443780e+01
-3.9837936910687560e+01
-9.3814328266622354e+01
-3.6593196615980958e+01
2.0904514318041219e+01
-1.7191246527153790e+01
-9.4698655466170408e+01
-3.5890381903898437e+01
-6.6998302768146274e+01
7.9348288213894008e+01
-1.8511199981082211e+01
2.6972992722122729e+01
-8.7225513431099444e+01
-4.1438108983625817e+01
4.8176229118597533e+01
8.3963044879793713e+01
9.2790347299977498e+01
-1.9920779530810211e+01
5.0295097007561552e+01
-6.3324966185066820e+01
7.1183073768308105e+01
5.4722156900768049e+01
7.9289370643282311e+01
-6.1231770497564028e+01
-9.0388150175248455e+01
-5.1350036560470407e+01
-2.9127967065062609e+01
1.5055366038468330e+01
3.3782951799793892e+01
-7.7111763352035254e+01
5.6021383516787701e+01
-7.5490585834407739e+01
-4.2230140590978358e+01
-1.0242921225563610e+01
6.6541119358910464e+01
2.8118659286891470e+00
6.9036963795636424e+01
2.5503936416655928e+00
-8.1576808584110054e+01
5.9732195190654259e+01
9.8747099737941326e+00
-5.6874611043263499e+01
4.7298011768928923e+01
9.8172090922434208e+01
-8.0574505393967506e+00
-7.1839446874827374e+01
7.4875287093145076e+01
1.0299408553043730e+01
7.1933591091517712e+00
-2.6751768294214450e+01
2.7503882077554149e+01
6.2296226319917103e+01
-1.1220379428122120e+00
4.9162236980944989e+01
2.1425804526048200e+01
-2.3005966870742821e+01
-2.6170601264042709e+01
8.9536735309209249e+01
9.6983954639337412e+01
6.2407502618985532e+01
-4.0719991556843823e+01
4.2280866491784607e+01
6.7860951039685830e+01
5.6507292147115507e+01
-4.5921921561336319e+01
2.7105903689104711e+01
1.2674332365549789e+01
6.2804082647833958e+01
-2.5598587305493389e+01
9.2670565859109985e+01
1.9403402287153661e+01
-8.7509467284827362e+00
-8.3705736442188154e+01
-3.3771937407406938e+01
1.9998978732336770e+01
-2.9338246102297209e+01
-2.2771905086610911e+01
-7.4670828377881913e+00
8.5135117604092187e+01
-4.3901387578707897e+01
-9.4005751920067169e+01
6.4842960888481429e+01
-2.4232702975054419e+01
-8.5092250256280423e+01
7.7953640489376525e+01
4.8266034341448680e+01
-9.2890113912077066e+00
1.1151598644881739e+00
-7.1056516498291373e+01
-1.1187584214827391e+01
1.4694825383713830e+01
6.3632197258125203e+01
-8.1159330820158544e+01
-3.3185126415957740e+01
1.8757876184005781e+01
-2.9626771535910510e+01
5.0311183408449722e+01
-7.2208765729182673e+01
-6.4843162963293111e+01
-8.5787597504644765e+01
-6.8053351083166078e+01
-4.4796255617575028e+01
9.0105244328908441e+01
1.7053105791182780e+01
7.7826622212875165e+01
-5.6748740796421487e+01
-7.5104936399365471e+01
4.8612528559264071e+01
4.7640745540953468e+01
-2.5138551740738212e+01
-5.2936481979035834e+00
-9.9477827088888784e+00
7.3910238436174808e+01
1.1422254801338189e+01
8.4886792400678843e+01
-9.9102897959931539e+01
9.8652787902067047e+01
3.7318682279561429e+01
-3.4090044951208171e+01
7.2104424027806587e+01
-6.5101446136779117e+01
5.3846701556717598e+01
-5.2854213377009692e+01
9.5959285358936768e+01
-5.9811937790564983e+01
-7.8783523334989113e+01
-9.6134939832424280e+01
-9.6971194049732333e+01
6.5470525180561040e+01
2.0489863051412041e+00
-9.3537057151967289e+01
1.3793910773201519e+01
9.0143830986651821e+01
-1.7298997982548151e+01
9.7172433630482914e+01
-8.4145934493316954e+00
4.2344412524318720e+01
-9.4083519474452359e+01
-7.6761045020840184e+00
-4.2602638444972429e+00
6.3085619440455112e+01
9.3157913824197053e+01
-8.9804921530795824e+01
4.2210739379219852e+01
9.7983607087947590e+01
-8.5069383855565803e+01
-7.4964628728552825e+01
-1.0437060736513949e+01
6.8033081031057796e-01
-8.7758612097837613e+01
-4.3464832066608970e+01
-4.8536110335148681e+00
-1.7633754855156001e+00
-5.3148209910227273e+01
-3.0619539678972419e+01
-5.3317866671189350e+01
3.8370307852348837e+01
8.8669903656181475e+01
-1.0966869640998160e+00
-4.1443253293427738e+01
-2.0916732375568920e+01
8.7168807906839504e+01
9.6745769904530647e+01
-7.0621532132297560e+01
-4.7103234961198318e+01
-1.6707303765987721e+01
-8.4080932288977237e+01
-4.7547865852946209e+01
-3.9417544202637004e+01
-6.0516776730077481e+01
-5.0270080735848737e+01
-3.7110272921391882e+01
7.6845491239749180e+01
-8.2753424287991635e+01
7.0292553750897071e+01
-7.2559167004260587e+01
-5.9331250672664950e+01
9.5826650636750841e+01
-5.6522163714870203e+01
1.2342348520383320e+01
3.0872204479023981e+01
-4.6493861456918371e+00
7.8767389748589153e+01
-7.8254570301170318e+01
-2.7495431399852102e+01
2.6700028778695700e+01
1.0489235422030710e+01
-3.0068159637046028e+00
7.6810705942047136e+01
8.3138594421635155e+00
3.6150806732282589e+01
7.8996672801396599e+01
4.6180913108809413e+01
-2.5005956804208800e+01
-7.3454894025335591e+01
-7.2880828742058227e+01
-2.8393355293223732e+00
-5.8927851362383237e+01
-1.4368100906174200e-02
5.3816253261690314e+01
-3.9129513255960868e-01
1.3214967792986149e+01
8.5995879476607485e+01
-5.6708697691635379e+01
4.9919226592704597e+01
1.2004595673642980e+01
3.1774890482665509e+01
3.7599727803863097e+01
7.2913877221986752e+01
8.3542194991429866e+01
-8.5711965275424944e+01
-7.8643438180569376e+01
3.6539061710028903e+01
-2.2791592480852579e+01
3.8618747532627957e+01
3.7289773327365218e+01
1.6556623544737288e+01
-8.6647570716932705e+01
-2.6190492121939279e+01
6.8560085220581527e+01
-7.9404920923415014e+00
9.5674078312267540e+01
-8.6642284963064469e+01
-8.8704526391998755e+01
8.7766409048589281e+01
1.2363216723678139e+01
-3.9829256392044179e+01
-6.0641618639870778e+01
8.9375706586342361e+00
-6.7753437827257230e+01
-8.0942192277744525e+01
-3.9354366681701279e+01
6.2421450707735893e+01
-4.2350657485562060e+00
9.6611113069801007e+01
3.2229380288017829e+01
-6.7033908886912712e+01
6.3596532398527224e+01
-7.9373645870140507e+01
2.4249415820756411e+01
8.8931186064548854e+01
-8.4299537538238937e+01
2.3942642879455011e+01
-1.7348870709955019e+01
8.8293648656121192e+01
5.5013317407541322e+01
2.4965011428451589e+01
-8.5164061264607014e+01
-4.6818129690735361e+01
-3.1584594453061030e+01
-2.9096125997635909e+01
9.0381884651413486e+01
-1.5551848422479679e+01
6.8073406249103963e+00
6.5412832988052287e+01
-1.5256146606483981e+01
-8.7131481294332119e+01
-5.0360662992816238e+01
-2.3126203305936549e+01
-7.5613055330707780e+01
-8.5634919094540777e+01
4.5521738424622043e+01
3.7425333091983987e+01
2.7122057045428029e+01
-3.7604254993320723e+01
-1.8846260760304510e+00
-9.0919690640762980e+01
-4.9135070884049860e+01
3.4732024237297452e+01
7.9630018241133129e+01
-7.4899205414191679e+00
-7.7269092243047737e+01
9.3117363203934133e+01
4.3242456769701413e+01
1.7857969957006990e+01
-7.9270554995403373e+01
6.2114801192258833e+00
5.6706454949478427e+01
-3.0194519062651679e+01
6.1530989097872663e+01
-2.4471979727697121e+01
-8.4925871571863183e+01
6.5935274608047195e+01
7.0407858510454018e+00
3.6828581767442017e+01
6.5255826871380009e+01
9.5053888086901111e+01
-6.6705587575033078e+01
-4.8258118526292861e+01
4.3507500120688071e+01
-1.3437703712609800e+01
-5.2951318944674277e+01
-6.8577968448343995e+01
4.0369747342146937e+01
-4.4454590278637419e+01
2.1921924229626420e+01
7.0563734151962848e+01
5.8483814358609237e+01
-3.0896843316978089e+01
1.3838418798480181e+01
-5.3260218457350938e+01
4.0083134835984360e+01
-7.4515623462426802e+01
-2.5961962002571340e+01
8.7357796955284172e+01
7.3669769775956254e+01
8.2994521608793832e+01
8.3448635680514016e+01
3.4101872124210452e+01
-1.1843878150976900e+01
4.3213239297376788e+01
-2.1572060306672078e+00
2.8927998464073681e+01
-2.9642691079309799e+01
-6.0295961810801238e+01
-5.7937264356764757e+01
8.2827043781036309e+01
-5.0406343370251623e+00
-2.1251715080542501e+00
7.1780140301943754e-02
3.7802207094416673e+01
-3.0892860061183221e+01
4.8200918598310963e+01
-2.0200321243960769e+01
-1.4346866839399040e+00
-4.0034745414934470e+01
-2.2140037274089071e+01
-6.6091561818609620e+01
-5.7755761770727368e+01
-9.2955028145317485e+01
2.4764132907059171e+01
8.5597858307999743e+01
-3.4856846249064169e+01
-4.9508785235945609e+01
2.7087544717369578e+01
2.0989096375297759e+01
1.2242741482738090e+01
-1.6675193660922010e+00
-1.8313622412341331e+01
6.7233168955824567e+01
7.1927678967763484e+01
8.5615585099029161e+01
-8.6466301302991582e+01
-5.4128739802973350e+01
-2.0786598406084320e+01
-5.2457689474003537e+01
-2.8347451482913659e+01
1.4385607791840080e+01
4.6209586905306892e+01
6.8058428861975912e+01
2.5393740288384119e+01
4.1204536047962890e+01
-9.2538131325375772e+01
1.0268695204285761e+01
-2.0268426752700561e+00
-9.4470070998006207e+01
-3.9995521778806847e+01
1.8649033642321228e+01
7.1330063777098488e+01
-1.2458802653810030e+01
-1.6136801633467059e+00
1.2981574543761299e+01
9.5133265335574663e+01
-1.0297134070342009e+01
-4.2056492455919901e+01
3.4615812718788213e+01
-1.8288231471495951e+01
9.6614486176922881e+01
9.5160550903635482e+01
-2.9089108807426481e+01
5.1710325789668772e+01
-8.8853262551167035e+01
-3.4395825474119782e+01
2.6130042387861291e+01
1.6942354174254920e+01
-6.1309213934763619e+01
7.5903193505213679e+01
1.5940762008504590e+01
1.9938857420063410e+01
7.4385640417954207e+01
3.7389552464987339e+01
1.8806977070049061e+01
-4.1841539708432840e+01
8.7829439560350707e+01
7.8151390234917116e+01
7.6864629798593612e+01
5.5238219120781473e+01
-6.6269721270986579e+01
1.6064090101824760e+01
9.8718464455863284e+00
-6.0725854314619824e+01
1.3278996254205399e+01
2.4538113070194960e+00
-6.4163229002587542e+01
1.6764951085727109e+01
4.6683141008110759e+01
-7.2126612418526406e+01
-6.9081706040732300e+01
-1.9089931161505959e+01
9.2298274260468229e+00
-4.0205020433723618e+01
5.4969102724516603e+01
-5.1270601650556053e+01
1.4289812876314191e+01
-7.7050487014652997e+00
-2.1748687670780850e+01
-3.6150494022322818e+01
-5.7038907135573659e+01
-8.6889345512632090e+00
-4.8666120618210272e+01
-3.9702409837907098e+01
8.2826493089782531e+01
-2.8473924140407291e+01
8.0183138589531850e+01
9.9708041598305627e+01
2.9326463251770271e+01
5.3791326969652410e+01
6.5155235379606225e+01
-2.2190597159474009e+01
2.7621162809720889e+00
6.3154807012410473e+01
-3.8860041634794143e+01
1.2570582060589951e+01
1.0988729441498300e+01
-9.7114327878754935e+01
5.0180978793643419e+01
1.6367577523055701e+01
-3.6726072076238772e+01
9.3710036999615582e+01
-7.2175022121973043e+01
4.5251464386281599e+00
7.4892901745793068e+01
1.9724621642038429e+01
-3.0961270780365052e+01
1.6208520832207078e+01
5.8147897280711661e+01
6.2545810590480272e+01
2.8559226413727689e+01
2.1033899957340239e+01
-8.5239480537514307e+00
-7.2922638912976439e+01
-6.1047871057570461e+01
-5.2761381895021351e+01
-1.3165723186660539e+01
-5.2650458243018839e+01
-5.9605803506802047e+01
-8.3606164080978473e+01
2.0930749711188309e+01
1.6922842065325160e+01
5.9338246351168578e+01
1.9721473190629560e+01
-3.1822755980197439e+01
-3.2574345607624217e+01
-2.2251402014918671e+01
2.5103781735079920e+01
-1.4934108102884700e+01
8.8820281113324953e+01
-7.1493185746954353e+01
6.0618254443932869e+01
2.7787706102272939e+01
-4.7602944745881331e+01
8.9105979155909935e+01
-1.4565749745008270e+01
-2.7045232829985540e+01
2.3475856052146920e+01
4.4554870418215323e+01
9.7989695487780608e+01
3.7347936013086510e+01
-5.9023940345244537e+00
3.1903708034114182e+01
-3.7813970634287060e+01
6.9140531321202047e+01
3.7705865389193768e+01
2.2259756427930139e+01
1.2601862524528309e+01
7.8959771646344009e+01
6.6973376318995690e+01
-9.6286246451983875e+00
-2.4993102519406762e+01
9.5229386306588140e+01
-1.6601301079317849e+01
-9.0211684654528923e+01
-3.9611083886642938e+01
-1.4627330949373381e+01
-2.3832506541824479e+01
-2.9509032616799640e+01
9.2056524021289903e+01
2.0714910368222011e+01
-6.8392614233833399e+01
8.1780059000515479e+01
-7.5438661167197353e+01
8.6814937112396422e+01
5.6927148956193527e+01
-9.1679642316913274e+01
4.6715322186172543e+01
3.4533241268178250e+00
-8.5059096871458024e+00
-3.6932203955535350e+01
-9.8117074591248880e+01
-9.6095281287039249e+00
7.4843697975607199e+01
-7.6786358937938758e+01
-1.2482741877006500e+01
3.2720454083642487e+01
-6.7854997099219659e+01
2.2660598862155449e+01
6.0839653727270942e+01
-7.9899870755670577e+01
2.1247304461881530e+01
6.2703103792517737e+01
-2.7129253451821281e+01
8.8154827002634605e+01
-2.0280030947908070e+01
3.8328618485794372e+01
-6.3963006904439638e+01
-3.4756959747509661e+01
-3.4212082763941403e+01
-8.2522198148987101e+01
-5.2829330771926912e+01
-1.0394795025945300e+00
-1.4790773302492150e+01
7.1290801615991029e+01
2.0201759904653830e+01
2.8075728947353319e+01
1.9984029910386571e+01
9.7312755181193850e+01
2.0482108540947208e+00
-9.1235083728596351e+01
3.3203785929375620e+01
6.9653192794955444e+01
-2.3340845563916740e-01
-5.4702872120830193e+01
-2.3296880675823079e+01
-2.1572500495689521e+01
-2.2439648665451761e+00
6.6031692554128909e+01
1.3287331417426140e+01
1.9111536511694919e+01
-3.8712731333921283e+01
-9.5521654025468067e+01
1.5193443464969370e+01
-3.9443284942373169e+00
2.1065692478571250e+01
8.0050435051901957e+01
6.5035804470403363e+01
-1.6827105258055099e+01
6.4986176558150774e+01
1.5326671585148461e+01
-1.8435678842659101e+01
-5.8423216825912071e+01
-4.3022789258819287e+01
8.2472842613825819e+01
-5.4995862534071392e+01
3.5663735622009867e+01
6.1638443650267448e+01
5.1204863636593373e+01
-5.6133599932048128e+01
-9.3126488289445575e+01
-5.3062719669700478e+01
-7.7171199552537402e+01
-1.4249990208729580e+01
-8.3373699844174766e+01
6.4318456092499744e+01
8.7555431455589627e+01
-7.4134882967465671e+01
3.3681198406124189e+01
7.9248206905844860e+00
-5.9552617511863268e+01
-9.5062101058733166e+00
-3.4282297537670212e+00
-7.4043356382327104e+01
-2.0414277858125299e+01
4.4363188903817210e+01
8.0920413159379365e+01
-1.0996453909366441e+01
-6.1717399154922383e+01
-7.8213152007297396e+01
-5.1535715450836108e+01
-4.6170537516664602e+01
5.0308050881287201e+01
3.6783744229978871e-01
