# CEC 2013 LSGO F13 rotation matrix (25x25)
1.9110199378617690e-01 -1.3072508108359250e-02 1.7136090934249890e-01 4.7777035885297643e-02 -2.2203867073653591e-01 -7.6597178147169376e-02 1.3376532873035829e-01 7.0090598802926311e-03 -2.2538367006646340e-01 7.5903598851838242e-02 -4.9774828498554170e-02 1.2051479268114870e-01 -6.6609680529619505e-02 3.2538984752489647e-02 -5.8513452256281719e-02 -9.2810382987616111e-03 6.9912697891598430e-02 2.6401754479973338e-01 5.2347227466852067e-02 -2.3782821917527230e-01 -5.2764931981163221e-03 -6.2992118740799674e-01 3.2323774440092701e-01 3.5910955618867813e-01 -1.0871449526654819e-01
1.6957892434262900e-01 6.1613673146142149e-03 1.7527600961417769e-01 2.4018534474857670e-01 9.3823172604622862e-02 5.2289615431798532e-02 9.6169898602695883e-02 -9.9916091549744086e-03 -2.9902340016386919e-01 1.5272387454434011e-01 1.9414589139819019e-01 -4.1807457217605448e-01 -3.3211659167990049e-01 -1.4780010949205030e-01 1.0466600739276910e-01 -1.7222442360785209e-01 1.1521105329325110e-01 -8.9928792167865979e-02 -3.0096841904524441e-01 5.9778845241778490e-02 4.5560616904879292e-01 8.3157361871325358e-02 1.4029491305813299e-01 -8.0266487604182493e-02 8.8283751253015491e-02
3.1616310765400932e-02 -2.4493077751453851e-01 -1.8580601732412169e-01 -1.3346051907705639e-01 -1.3156025028108681e-01 1.8884812726706729e-01 -2.4766354122970641e-01 -2.1480053889563061e-01 -2.6962652473248833e-01 1.5284302384348519e-01 1.7375458971277469e-01 -1.3202895246506899e-01 4.3977373878350939e-01 -1.0665038432054830e-01 -2.6442684283143292e-01 -5.1504137449314487e-02 1.1702297768774669e-02 2.2694992979767040e-01 1.0962238957193800e-01 -1.5695531600129631e-01 1.1866848517769300e-01 2.8914362050709819e-01 1.4660826300282931e-01 2.0823661394594731e-01 2.3314442446629760e-01
-1.1545932489435920e-01 -3.3806956932528859e-01 2.0295770905415000e-01 -5.4470881563863122e-02 -2.0019249151289470e-01 1.0821125518328090e-01 -1.0259613660544261e-02 1.0571950770394831e-01 -6.6956400916934767e-03 -2.5134111042349011e-01 -1.2209058737852610e-01 1.2624294265237740e-01 1.4681525226496810e-02 -1.1194821722824511e-01 -2.8682949758467469e-01 -3.8706007847899249e-01 1.8672761432759508e-02 -2.9147298321250642e-01 1.4689483509036210e-02 -2.4869713329964940e-01 2.1444891612356981e-01 7.6525983468616929e-02 -2.7774413307288349e-02 -1.2628405893962069e-01 -4.5860719925650401e-01
2.6430299829675461e-02 -1.8938024352878328e-02 4.0077335773317058e-01 4.9111691054466382e-02 -2.3153609887573220e-01 5.7027378212770249e-02 2.4042749649632739e-01 1.0024519660168670e-01 -1.4481848945582010e-01 -3.1865905434093393e-02 1.1688821266875450e-01 -2.6007625572718962e-01 6.5315920459637244e-02 1.4976252066021789e-01 2.7912815454298620e-02 -1.7801112117385340e-01 -3.3995015964097530e-01 -2.5430190641040912e-01 2.1273948634214629e-01 -8.5211034470481867e-02 -4.4038904978378912e-01 6.3202519190959525e-02 -1.0668911129204470e-02 -3.4070319079256423e-02 3.4172694377161711e-01
2.6484410713727718e-01 -4.9493507479098819e-01 6.9021748315182506e-03 1.6820446570732181e-01 -2.2381897948105789e-01 1.1338533553826630e-01 -8.0938471971210516e-03 -2.5055529286586842e-01 -1.7448176402555101e-04 -5.9494293778889443e-02 -4.1363121645517191e-03 1.2463201329681201e-01 -3.0597537880139680e-01 1.1736268027723221e-01 9.2034661117836827e-02 2.1850290569770159e-01 1.4819262557675400e-01 3.7458016133901928e-02 -3.4702939722088683e-02 -7.6328962760488742e-02 -3.7072989767666292e-02 2.0833157321830640e-02 -5.3334373021374160e-01 9.2366321137249491e-02 1.5123859819196009e-01
-4.5455494450986239e-01 5.5855354732843962e-02 2.1327805326446631e-01 2.3901092654874601e-01 -2.0952540506335679e-01 1.0216300310535460e-01 1.3856865930753509e-01 -2.3512114356508400e-02 1.1673629201496299e-01 4.5572519153084808e-02 1.3501694125469821e-01 2.0343879762941300e-01 -2.3561417265425450e-02 2.4860430106976691e-02 3.0554971215280291e-01 -1.3972784798130539e-01 3.8015500848722511e-01 1.6195626167365301e-01 4.7927236095303208e-02 9.8054277914688862e-02 -6.1272904202781961e-02 3.3616051776316602e-01 1.3428970067067189e-01 3.2298584842498351e-01 -4.9030415464472690e-02
-1.8604486813760959e-01 -1.1385850098757461e-01 1.8571713616236740e-01 -3.6069423473209328e-01 5.0763471438044973e-02 3.0886607411901360e-02 4.0592276469234391e-02 1.4588373402612259e-01 -2.1076695222484351e-01 1.5097239908023949e-01 -1.1597246004875381e-01 -2.0848904270140170e-01 2.0944697865058121e-01 1.5951087695117089e-01 2.3518393041447538e-02 -1.2205533068493830e-01 3.3266303659239982e-01 2.6996712555587871e-01 -4.1083012060976698e-01 8.0036109067743305e-02 -2.2653949891347880e-01 -1.4987586173194900e-01 -2.8818272488671143e-01 -1.8444777463935719e-01 -5.3752378216303888e-02
3.5104919887594938e-01 8.1869330026273460e-02 2.5912413734447171e-01 -7.0272841614902243e-02 2.5958374407616303e-01 1.1720027407398700e-01 -2.5176425619997589e-01 3.8523477665866440e-01 1.1549435197336980e-02 -2.9930631184231721e-01 5.5847853619424681e-02 2.6159986729292199e-02 -5.7942382054104243e-02 3.0084135156179492e-01 -2.4286734565570070e-01 5.9813552443388443e-02 3.7180180348449648e-01 -8.7549344414647526e-03 1.7112663994812030e-01 1.2192367008094521e-01 4.7097115259052361e-03 1.5251634605944081e-01 7.8702112422573592e-02 1.8331138652080670e-01 9.7867813163503986e-02
3.8987751243564087e-02 1.4442523153751019e-01 -1.5465670803762779e-01 -5.9887139382351941e-02 -3.9039597318801361e-01 8.4164942768502858e-03 2.5741650126242138e-01 -8.2983850518916727e-02 -1.5802492899658219e-01 -4.4552731067868501e-01 2.2760547087615629e-01 2.5462190301000970e-01 -1.7620664892405581e-02 8.2450491328902781e-02 -2.3963694245112729e-01 1.9618969643853179e-02 4.1042761934029183e-03 1.4767709366673520e-01 -2.6035243688685400e-01 3.1553433319635832e-01 4.2332993692637509e-02 1.8356061829205080e-02 1.4389728800344251e-01 -2.8693010789145829e-01 1.5852232471387440e-01
2.2925885982549901e-01 -2.0063024013848449e-01 -1.9434942914107481e-01 1.4451372515635610e-01 9.8536857259417951e-02 2.9537836847922422e-01 2.3175944928898112e-02 -2.0044792017121640e-02 1.2727003036196899e-01 1.8437151128475660e-02 1.0523460476912951e-01 1.7851836983302380e-02 2.3195814535223819e-01 4.4594501594530411e-01 2.2165863145700301e-01 -8.3276335490965706e-02 -2.0874553493514850e-01 -1.5751866836282730e-01 -4.0805189708515022e-01 7.2219674280682780e-02 -1.2027691389298170e-01 1.0829108302701030e-02 2.5049084794147147e-01 1.5506848158647080e-01 -2.6922286896202308e-01
1.0785937753022840e-01 6.7003474150880038e-02 -2.5082346021035290e-02 -2.5276780217195260e-02 -6.8713399190197784e-03 -4.0667214045292188e-01 -6.3462479058342514e-02 3.4100970721303359e-01 -2.5205393390448938e-01 1.5921068080330289e-01 2.5582136288692919e-01 4.4719763337297541e-01 9.8474428351388602e-02 1.0759495094425590e-01 2.2446021654249271e-01 -1.9699928507104360e-02 -6.2845023151674756e-02 -5.9107642942005947e-02 -1.6520400938455490e-01 -3.9864213789041719e-01 1.0021514644988661e-01 2.0259151467472311e-01 -1.1943128220569880e-01 -7.1086483380453078e-02 8.0347804946332466e-02
1.0232264988574610e-01 2.4882492213845761e-01 2.0909154789058071e-01 -2.4568407702618460e-02 2.7401478436656461e-02 -4.0218547753077560e-01 -5.8845530893139833e-02 -4.5092388107832743e-01 -1.3800757934182331e-01 -2.9625851883840693e-01 -3.5643464680043879e-01 -1.1577717762184921e-01 8.2638623440091014e-02 1.2092097785151600e-01 7.1150788899621044e-03 -5.6161375241141162e-02 -1.0806429026093910e-01 1.9798275790340158e-02 -2.1709831067744981e-01 -4.8422457856994117e-02 8.9424737451450978e-03 2.6687635663787568e-01 -7.8985904635650916e-02 3.0247241087472632e-01 -1.0721791760421170e-01
-4.2737926085370392e-01 -3.4946383712945828e-01 3.1233703716326422e-01 -3.1195860147888360e-02 1.7440903214224479e-01 -6.7556664026122606e-02 -1.8697710144353721e-01 6.9014316921454752e-02 9.5393612431198954e-02 -2.4875332792685129e-01 2.4051902751851800e-02 3.8843258710065498e-02 7.1429182940236299e-03 1.1737840078399230e-01 7.0754441835863185e-02 2.3496552991261410e-01 -3.3776840800483471e-01 1.2692348192045891e-01 -1.5215829351332061e-01 2.6003345964413570e-02 3.0519792307871912e-01 -1.5764944015025911e-01 1.3853298089218430e-01 4.4219124189541832e-02 2.8584643426180317e-01
-7.6273232314537184e-02 1.1568957636770751e-01 -2.9710515927269748e-01 -1.3170368894563330e-02 -3.1113248433477342e-01 -1.6113481048976130e-01 3.8665472680320410e-02 2.7605039663625192e-01 4.0999550594794448e-01 -1.6607707958553139e-01 9.5151601113984713e-02 -3.8554499610499438e-01 8.0405752209625966e-02 4.7766915085953578e-02 -5.9636564166816758e-02 -1.0431349244015650e-01 1.0954057629211540e-01 -1.0494233205158690e-01 -1.7674426822656469e-01 -1.9144955214669970e-01 1.7349198658279749e-01 -1.3998235121276209e-01 -1.9596221611402331e-01 3.1928778776616051e-01 1.8542252672138579e-01
-6.9233097925505305e-02 9.6008281637060766e-02 2.9912185943093719e-02 6.7289285557705192e-01 3.7414744108805832e-02 6.5197471939887924e-02 6.2723886777396884e-03 2.2216356409656041e-01 -2.1557137940343910e-01 2.4272322762274218e-02 -1.9686392279981571e-01 8.5641807049114629e-02 3.9667373549845369e-01 -1.0887612745939190e-01 -2.3725439492532630e-01 9.4717853045464678e-02 -5.4420225574149363e-02 -2.7820901987116470e-02 -7.5928275840207976e-02 1.9979886058700161e-01 5.1675714682811430e-02 -1.0873590741860920e-01 -2.8550021959247368e-01 6.3421221438008726e-02 1.4179627730385730e-02
1.0345368029625560e-01 2.8038508720592520e-01 4.1556112065183659e-01 -2.3981246932790051e-02 -1.1174873856936740e-01 2.1166747665257649e-01 -1.4054384876338891e-01 -1.7644426438172511e-01 4.1030971450249720e-01 3.0762142363866629e-01 1.2786456187649781e-01 1.7165426339416359e-01 2.1683978400875499e-02 -1.3128948545254859e-01 -3.1379110067189808e-01 1.5224152018934581e-01 -3.5804965971692498e-02 -4.9448897558945451e-02 -3.6892121418223861e-01 -1.7779299938791310e-01 -3.5366410368296693e-02 1.0501162172831729e-02 -1.3387180558764131e-02 -5.6147918635458628e-02 7.0406549526875500e-02
-8.6377074539718018e-02 -3.3759283738234953e-02 -9.0663216443352374e-02 1.8008829180577629e-01 -1.1694740150925011e-01 -2.1050652268587669e-01 -3.4520209853527201e-01 -1.6700611620145761e-01 8.4475854531782024e-02 2.7806526953498178e-01 -2.2597376387297291e-01 1.1450242727068290e-01 -1.1077328656754259e-01 4.1528912784848659e-01 -1.4075679875066949e-01 -4.2864898420938391e-01 1.2243072523470171e-01 -1.0414533545782290e-01 6.3313160971426294e-02 1.3435218457352949e-01 4.3112539761874132e-02 -1.2987082110607090e-01 1.2515482178432361e-01 -2.0931140046251920e-01 2.8755546354501760e-01
1.5058359944578700e-01 -4.2531133126354342e-01 -2.8646323301740662e-02 9.0010166558238777e-02 1.0015209749419790e-01 -3.9485959075566679e-01 2.2264775264719441e-01 1.5175299686651719e-01 2.0661525933105801e-01 7.0054057345253384e-02 -1.8746132782742600e-01 2.0489877160259910e-02 -9.2131729553698912e-03 -3.2857740972332172e-01 -1.8944746518419561e-01 3.0069954370024521e-02 1.2449915690388430e-01 4.5931875656126846e-03 -2.1808354856134410e-01 8.4322769024208849e-02 -2.9636950577766819e-01 1.9386655492308369e-01 3.2021088466023728e-01 3.0179115027124909e-02 1.4801519793005299e-01
-2.6511739685697141e-02 5.6857760963350948e-02 -7.3148842993503424e-02 -2.9824520694813211e-02 -3.5075074666940892e-01 1.1986103979098370e-01 -5.9994108701455640e-01 2.1197458205917280e-01 -2.1107341251885739e-01 -1.0077833081169670e-01 -1.6755431146858421e-01 -3.1852842050764267e-02 -2.0016055483035380e-01 -2.9914203157844971e-01 2.2490598364461240e-01 8.7241095970342158e-02 -6.0347634671760797e-02 -1.3102485476101061e-01 -2.1367950813644540e-01 1.0528158214543720e-01 -2.7419156504068648e-01 1.1582090313283829e-03 1.3516111343353171e-01 6.9777727829545888e-02 -1.2460040342823830e-02
2.6825854927773388e-03 1.2481276644366880e-01 -1.4118588585239000e-01 -1.2917160146799581e-01 1.9271791750582651e-01 4.3129826782251679e-01 2.4511244764952980e-01 5.2424372436832088e-02 -5.0788098791560571e-02 -9.0094247271553615e-02 -4.8456716185590759e-01 2.4995849116769231e-01 -6.9292957161023780e-02 -9.5842348879019310e-02 1.0811998863716200e-01 -2.0978451529679101e-01 2.4059291752551440e-03 -3.7744457833121171e-02 -1.3262517474740551e-01 -2.4621793278851320e-01 8.3329698721904030e-02 2.9205770362439841e-02 2.5319917865095319e-02 9.4799056682081356e-02 4.3251977530675889e-01
-2.3621638347918669e-01 -1.7355317663714721e-02 -7.9235379785324439e-02 -2.8418791510891761e-01 -6.3088724238091046e-02 -2.2208449812901161e-02 1.8988578898300301e-01 3.9822600844049608e-02 -2.4806351479450520e-01 3.2058627207974127e-01 -5.3682352817410517e-02 8.3511652629700908e-02 -1.8237110947787630e-01 1.7816777663663139e-01 -2.8705899790011752e-01 2.8898075690080399e-01 -2.5757341788878309e-02 -4.5919266158724059e-01 -5.0898095663844997e-02 2.3598579112391491e-01 8.8749687174856540e-02 6.0896071361306647e-02 -1.6514324636770730e-02 3.5610600466539771e-01 -3.4505975525663687e-02
-2.9072347483415922e-01 6.6640945126689471e-02 -2.1819255780594349e-01 2.3268495199892589e-01 2.1801129011671730e-01 5.9842563999521300e-02 -4.1755956947893053e-02 4.3055782180881998e-02 -1.2136998655708470e-01 -5.8345749733125042e-02 1.1884644955806520e-01 -1.0629673220227130e-01 -4.2870318240013411e-01 1.6356598582496851e-01 -3.8072816356384098e-01 -1.8801816252079169e-02 -1.3147254645989909e-01 2.6341389385401548e-01 -1.2732901288869791e-01 -3.5917373135982888e-01 -3.0935552171525510e-01 1.2401089537852600e-01 -3.9363777989075439e-03 2.0311753364443619e-02 -1.0852245732819769e-01
1.8128140386333169e-01 -7.3470046080619444e-03 4.9844866397946629e-02 -1.2619740691768411e-01 -1.3814338066403850e-01 2.1306411704784700e-02 2.5273349684218450e-02 2.7813537071720190e-01 1.3101527016809791e-01 2.1827939150578399e-01 -1.0154700993379670e-01 5.7399696563173480e-02 -1.8934480291111391e-01 -8.0347244274645169e-03 -5.7874499921875933e-02 -2.8662948537203281e-01 -4.5603956867421191e-01 4.5320261101686649e-01 4.2144583049281703e-02 3.2424874668941089e-01 1.4429045457826889e-01 1.8406897404390621e-01 -1.8587749789126731e-01 1.7837172155694420e-01 -9.9758214150292471e-02
3.0094171563334191e-02 3.0165327774115090e-02 1.6172741338402841e-02 8.4976620380123546e-02 -3.2932230031378751e-01 6.0106739619563233e-02 1.0764608872698141e-01 1.7805280560834680e-01 4.1608176166627431e-02 1.2005653303168440e-01 -4.1200160851495121e-01 -2.1100191503962901e-01 2.9688300192491929e-02 2.9282009663199998e-01 4.7857512774553093e-02 4.3470480147393731e-01 2.8286195787795530e-02 1.5664799980351929e-01 8.5150225061159629e-02 -2.1865178003761679e-01 1.7929706859822481e-01 2.5747096084760890e-01 2.1572902693663801e-01 -3.0338102947513818e-01 -9.8153514696274785e-02
