# CEC 2013 LSGO F13 rotation matrix (50x50)
1.3551464733927140e-02 -3.7425108375246888e-02 1.7228140635069369e-01 -3.8725636573199412e-01 6.1585943311068718e-03 -2.1924621550717791e-01 -2.5780445699793292e-01 -3.6668088762913947e-01 4.5539164385607962e-02 -1.8521583800543770e-01 -2.2603735025298121e-02 2.2113064617868269e-01 2.4095515661185719e-02 2.1429883235768729e-01 -1.0241382226938850e-01 -9.4094693232851384e-02 3.9922629565637482e-02 1.5438610486492599e-01 -1.9571281672414731e-03 -4.2398378884545417e-02 -7.0835151050655576e-02 1.1233483405920990e-01 -1.0000298950270010e-01 5.3635303613579842e-02 -4.5713672562310570e-02 -8.0949662160778729e-02 1.3291992168265571e-01 -1.4382957032224150e-02 3.0573300070667789e-02 9.2291842019589204e-02 -8.7889059449586818e-02 -6.5266969512666320e-02 -2.5226068270528151e-01 -1.4127540489920301e-01 4.9371817781405760e-03 5.0527887247171430e-02 5.0066163399538670e-02 9.1232809310751339e-02 8.9785771354873700e-02 4.5485615139221849e-02 2.2745445902050049e-02 -3.7949457543819093e-02 -1.7716704447726719e-01 3.8641192887724179e-03 -6.3736035512488604e-02 -2.2127046200016279e-01 2.7242612200192182e-02 2.7076774719957641e-01 9.1707432547674370e-02 1.9085477495499739e-01
8.5486581908548256e-02 -5.1407518310432193e-02 -8.5787959631715288e-02 3.2906322807624060e-02 -9.8059871577448984e-02 6.6119817386021199e-02 -1.0013081329637750e-01 1.8618957907365019e-01 7.2290678405970657e-02 2.4083861107330121e-01 -1.7417405775642381e-03 -1.0414944296080690e-02 1.8020883461828829e-01 1.0409897515047079e-02 -3.5451450455994099e-01 8.3855482175543575e-02 1.2609056090431309e-01 3.9078011419808811e-01 -3.6974708895012698e-02 8.4087152830809850e-02 2.2918780095828370e-01 1.7515490030291089e-01 -1.5267133563841370e-01 -3.6205046549597879e-02 -1.6576810288184710e-01 -2.7824811695013990e-01 -1.7558101884848340e-01 9.6932464782643099e-02 1.9892045920340249e-02 -1.4488628950565891e-01 4.2559849785118703e-02 -2.2757136567810071e-01 -2.8140413046543002e-02 -2.3997501134613899e-01 -9.5803328423345005e-02 5.1602373133947679e-02 -2.2707021555731760e-02 -5.3849380165714597e-02 5.8215305289742073e-02 -1.6136833597620831e-02 1.4081790169483771e-01 -9.0317818875939246e-02 5.8393622761835212e-02 -2.4086224475549370e-01 4.1842127676599117e-02 2.8716600966097300e-03 -2.7568795753963489e-02 -6.6495204500050822e-02 9.5625899549915239e-02 -8.0765657145606295e-02
2.3912688571509250e-01 -1.1498427413561800e-01 -1.4044909036315981e-01 9.8477072670208748e-02 1.3672632040956921e-02 -1.9167604219746789e-01 7.2390950389958339e-02 -5.8484298444378947e-02 1.7324020297078840e-01 2.0358526609041491e-01 -9.1833287468171803e-03 4.6059020982979808e-02 -1.7755880142191161e-01 -5.2623736606832949e-02 1.2215032270357500e-01 -2.6938349103360501e-02 -1.6290199275846781e-01 1.8857423393647629e-01 2.4378932092322220e-01 -1.3816939994814109e-01 3.3611545576672827e-02 -1.7718243798483091e-01 -3.7965130728216362e-02 9.3411953542563125e-02 1.3628439869749059e-01 2.2242989475607471e-02 1.3240033850033939e-01 1.0760153063143170e-01 -2.1200226379233900e-01 -1.7803621768614730e-01 7.8654439778517299e-02 2.3750050670438441e-01 1.1520140378367839e-01 -3.5698488640104792e-01 -3.6309984721912297e-02 -1.1060014377838159e-01 -2.2986650161419089e-01 1.1619361129407341e-01 -1.2160775649984740e-01 -3.5170048702185118e-02 5.1397473233178559e-02 -9.8414388947697745e-02 -6.6119093802062504e-02 5.9536423084581333e-02 1.9391604360465239e-01 -1.6893001709764599e-01 -1.2798858025277909e-01 4.4176167087026430e-02 -1.1261806323784930e-02 1.3706326992182011e-01
-2.4495018766501861e-01 -8.3430133067386551e-03 -1.7559316020796151e-01 -9.3083423194221401e-02 9.4477125875010365e-02 1.5585225297124411e-01 -1.1288131211597970e-01 6.9648021304521648e-02 1.2392302239278800e-01 -5.7325704160636842e-02 1.0919834089727661e-01 1.5043888912661099e-01 -9.9378205147406751e-02 -9.4111706784739662e-03 -1.0343006630958770e-03 1.2255393946076321e-01 -1.0529167652185110e-01 2.1737178769014220e-02 2.1184123906857560e-01 -2.4226375417358001e-01 -8.5875879361963545e-02 1.4181129550324720e-01 4.8989025724723571e-02 1.1544173550204380e-01 -1.7648823610762129e-01 1.9390138786888170e-01 2.6881834918482173e-01 5.8688881526737669e-03 1.2153017254198230e-01 6.8587001340008114e-02 -2.2792498855319299e-01 -1.9318337742517711e-01 1.3662889558762739e-01 -4.7256045691983870e-02 -1.4871688570309320e-02 7.2556708458736130e-02 -2.2317998878544808e-02 8.0033428259334044e-02 1.8562995599484260e-02 9.1234585198178893e-03 1.2419499012756290e-01 -1.6397260614793840e-01 -1.5616528685412800e-01 -4.6215253492327212e-02 2.5575395702569448e-01 3.4308171286630640e-01 2.5066984624219461e-02 -2.2149275562964879e-01 1.6008668872863741e-01 4.8272959697710081e-02
2.3642068845117551e-02 3.0426883553648842e-03 -2.0737177014313909e-01 -4.9859280993302252e-02 1.9006599404211171e-02 -2.3438347516520611e-01 -1.5737072072595160e-01 3.3504961356938499e-02 -2.3567098093136299e-01 -1.3154309567233949e-01 -6.1529465564902540e-02 -1.9232870334476609e-01 2.8364022609219258e-01 -1.8040736068576080e-01 -8.2576422004977959e-02 2.3887508434660740e-01 7.4594700809632788e-03 5.4710904255376629e-03 -8.0732458757620293e-02 -1.2025950994969410e-01 2.7324893471117351e-01 -3.8728063911453219e-02 2.1906206088082861e-01 -3.2348705832451988e-02 7.3437778120300839e-03 2.4386074704082231e-02 2.4634990977835100e-01 3.0839536281813951e-01 -5.3100172409729383e-02 2.0347771184198260e-01 -3.6111900879024293e-02 5.3605384961265018e-02 2.4588453062282939e-01 -1.2896082927638240e-02 2.8283968063682611e-02 -6.7249828684681143e-02 9.2614104306047329e-02 -1.9518100426896881e-01 2.1359087306420560e-01 1.5090787629268750e-02 1.3348645220575011e-02 -6.1445424399026019e-02 -1.2648078806193741e-01 8.2204354061703455e-02 2.9197084915315950e-02 -1.3847436501797120e-01 4.8795301924240510e-02 7.0078241846098718e-02 -1.3584407271195789e-01 1.4022862946976871e-02
1.0951280873597100e-01 1.0979754212027400e-01 -1.4028124978045581e-01 -7.2330343187802293e-02 -4.3133968847120861e-02 -2.4138502175398940e-01 -8.2072299065235041e-02 -6.3000216758584832e-03 2.1177596906016470e-02 5.3418807136143942e-02 2.0023544807628579e-01 5.8687188766384183e-03 -8.9477890052852713e-02 -9.8128116210084895e-02 -2.7509870483895929e-02 1.9973059372402210e-01 -5.8471569189897363e-02 -9.9120245457351749e-02 -2.1630769355658419e-01 1.1594450146512519e-01 -3.9600656970403358e-01 1.2897751736340610e-01 5.4306965927494392e-02 2.1183931015528470e-01 5.7211929242322193e-03 -1.1348063002832461e-01 -2.3430509304550509e-01 9.9434122890744547e-02 5.5901688301872227e-02 -3.5421378179973692e-02 1.5519018836660950e-01 -4.8078609056505989e-02 3.4838079004320521e-01 9.0058351476061047e-02 2.1882911363945389e-02 7.1660617569491075e-02 1.0825657421475310e-02 1.9148676869935469e-01 -1.0890912289271690e-01 -1.3834150746123869e-01 1.1436000316730470e-01 6.5340305554906455e-02 -2.6277721421792621e-01 -7.4998695121348338e-02 -4.3007136973083122e-02 4.0039733737454300e-02 -6.6616290243458942e-02 2.1495893277874931e-01 9.8099082001188748e-02 -1.4342359662765389e-01
-1.1796428105622010e-01 9.2142947492482682e-02 -3.1353305511773441e-02 -1.1023796952342590e-01 -7.3691752301562968e-02 1.9387412799958231e-01 1.8735162324591689e-01 -3.4992639855576928e-02 -1.6390504199475139e-01 2.3323107322624461e-02 -6.9730262532010312e-02 1.4844914266405629e-01 1.0722762963505600e-01 5.8793131041950317e-02 1.6779667441209581e-02 2.1919482746606898e-02 1.6293443031809079e-01 -2.0892422303401220e-01 9.6442690660343694e-02 3.9708436460584281e-03 1.8296263864253121e-01 1.8720456502531660e-01 3.0175589746211789e-02 1.3465943521036090e-02 1.2469830303564880e-01 1.4138157753986569e-01 -2.0198774453366269e-01 1.3326279728273141e-01 1.5021190502978990e-01 3.3306289591493878e-02 7.2696964185078150e-02 2.8304669031588591e-03 1.2247235075405510e-02 6.6053284940666049e-02 -2.2471256725355440e-01 -1.1710826170524230e-01 -2.2002551479907209e-01 5.1166977849287747e-02 -3.3523995168507248e-01 1.7594941766559841e-01 3.2871654264141759e-01 -2.3635001311163020e-01 -1.7856974593227759e-01 -2.8137083268320151e-02 2.6782455046863770e-02 -2.2855346710597571e-01 3.0565061913183821e-02 7.3591058600131806e-02 -1.1997802966437041e-01 9.7532175816258448e-02
-8.8546052303941792e-03 2.9445881709100002e-01 -1.2171474751019171e-01 2.9049710949119190e-01 -8.2885501988807495e-02 4.0634606200678249e-02 1.5294681164683249e-01 -1.0932934414668040e-01 -5.2502901828657383e-02 -9.8594293468546673e-02 -1.0250107175876520e-01 1.1447217201879629e-01 4.3377780872950543e-02 8.5410135884993812e-02 -1.4357270509328379e-03 5.2395826694390052e-02 1.0302677387533429e-01 2.8576492700875222e-01 -1.4979615543189159e-01 -2.3830849486085229e-01 -2.4089641165485501e-01 1.8613869988185661e-01 -1.5144794485033389e-01 9.6788226272424144e-02 -6.4670997141789185e-02 1.4613178609135710e-01 -2.4722860331754379e-01 -9.0688090120263076e-02 -1.2742119496077331e-01 6.9904289395206667e-02 -1.3383271338900060e-01 1.8905196099166249e-01 -1.9563173402697781e-02 -1.6598234969614220e-01 1.0629921847186020e-01 2.0108748472336142e-02 1.2310237312477290e-01 -2.0183215874635391e-01 1.2274327783829840e-01 1.2556459603844719e-01 1.3422683293481411e-01 -6.6173171780429391e-04 -6.1117510022803120e-02 2.6821525269383212e-01 4.4296066837254733e-02 5.0019976329710787e-02 -5.2092298610034983e-02 2.2523666186215058e-02 -1.6213551332386220e-01 -4.4302202937379957e-02
-3.2140853651988058e-02 2.1350891695924679e-01 -1.0447440026340690e-01 -7.6432287083860670e-02 1.0154015996775650e-02 -2.1403820706298871e-01 1.4186131007525141e-01 -5.8898421220207012e-02 -5.6097095536460057e-02 1.9603847366168889e-01 2.1104048124581959e-01 3.8641727094932528e-02 7.4646348395937506e-02 -7.6233839826308061e-02 -3.5169765828884023e-02 -6.1274393844389083e-02 -2.9817215852220649e-02 2.5020802041215241e-02 -5.9510444065066170e-02 -1.0866480153201320e-01 7.6965112418003551e-02 -1.2578365612775499e-01 1.3473374298214100e-01 -1.1710863950908570e-01 -2.1417276802752450e-01 2.0038315149739799e-01 8.2776296161161014e-02 -2.1372627977221351e-02 -1.4649225142931019e-01 -2.2279271751295951e-01 4.8301309443808969e-02 6.9816753943995016e-02 -2.7013403499020572e-01 2.2970294040726581e-02 2.3864130644359119e-01 -1.4361093631401280e-02 7.5550107993794718e-02 1.0381792128323269e-01 -1.3111399267228829e-01 1.4110983345056749e-01 7.9908212247137081e-02 -1.6402046074457680e-01 -6.4264345707669160e-02 -7.1052808406548484e-02 -1.5915868405317821e-01 -1.7069283172679171e-02 3.7316542596879598e-01 -3.1444855455618453e-02 1.8312802805685130e-01 -3.0806815988586628e-01
8.6518470464360384e-02 7.0202353393583328e-02 8.0099624016079965e-02 -2.3236980148485609e-01 4.5429225310080007e-02 -6.8143998303912184e-02 1.4054441392775860e-03 -9.8420492060277337e-02 -4.1462505386428178e-02 2.5105563858057922e-01 -1.2629785077301611e-01 -6.4380848188272291e-02 2.8898245980417830e-02 -1.1196151702598089e-01 -2.9945588495009501e-02 -1.9815137166968039e-01 -1.8505407244638469e-01 -7.9180581247565718e-02 -7.9001098842948383e-02 -1.4788491094153480e-01 -1.0472517111545291e-03 -6.0416869357011203e-02 -3.9877980039815970e-02 -2.4090744636936551e-01 6.5250196869992533e-02 -6.2730926491490844e-03 -2.5876289351625259e-01 -7.2439771012206125e-02 -1.0628425298674001e-02 2.8667102826291352e-01 2.0110841245440089e-01 -2.5613394403157508e-01 8.3008770939545451e-02 -1.7163380839403791e-01 2.0739269163849300e-01 -5.6331069883648159e-02 5.3869665692840567e-02 7.3407145800591253e-02 3.5317468919466397e-02 -3.7995018239840313e-02 1.3779994698418910e-01 8.5168213820363173e-02 -1.5641937259032079e-01 1.2890976121268921e-01 2.1949337696685198e-02 8.3262783524944359e-02 2.7995692602606339e-02 -3.9468466274513447e-01 -7.9023289327065593e-02 2.1117132566378319e-01
1.2479345907763539e-01 8.6013831444121350e-02 2.0122438350373370e-01 5.1182576934733617e-02 1.9130783121700681e-01 2.0233153338119589e-03 1.7478537881166969e-01 5.9168391122351817e-02 2.5621466286724359e-02 6.2817199355786363e-02 -8.7692925410076242e-02 -1.0555176276417520e-01 -1.9324638773111490e-03 8.2136075334825906e-02 -2.7195280960237579e-02 -7.6128832102858035e-02 -7.2724351017847730e-02 -2.3539374944997829e-01 -1.2097006392525560e-01 2.0812437802074360e-01 -1.3539559763653389e-01 2.4261931713786980e-01 1.4999721471226499e-01 5.2884655164395028e-02 1.0964503060972799e-01 7.5738024913637195e-02 1.8640529993440630e-01 1.0506289154081830e-01 -1.9885632176245671e-01 -5.8461624836370220e-02 -1.3758400923383840e-01 -2.9700050314567372e-01 -8.9351011834786956e-02 -2.9628865164041579e-01 2.7172306661189589e-02 1.2242178634491289e-01 8.6215685327710553e-02 2.9911255931182469e-02 6.3700342251789555e-02 -2.5571003572921299e-02 -8.6459488544998728e-02 -3.5933003857090512e-01 -3.2061481424597651e-02 -5.3532300413493938e-02 6.1804122026070323e-02 -2.3220282639075909e-02 -1.1868133996903790e-01 3.5323692366937422e-02 -2.7553792788287168e-01 -1.7642267263599440e-01
-1.0365822725684140e-01 -1.6923442801189950e-01 5.5238371258974933e-02 -1.9801451239477871e-01 9.6407043212864724e-02 5.4740059337888607e-02 6.7413764133698248e-02 9.2017339094519063e-02 3.9503567412395239e-02 -1.1356670811587780e-01 -1.5528214515812341e-01 6.4821686772296438e-02 -7.5893308493383022e-02 -2.8656779545963579e-01 -2.7410986607501098e-01 1.1769982132032590e-01 -7.8995336222594473e-03 -8.5931783425605368e-02 -1.6167757036637989e-01 -2.2164897460684180e-01 1.0820808181214529e-01 -8.6707220650292072e-02 1.2682223841794581e-03 1.2518471067891690e-01 2.4202062456157999e-01 -6.3161514761466447e-02 3.0683793641404738e-03 -1.8103574749492601e-01 8.3052798465097222e-02 -5.3678285744005988e-02 -8.7675719060689855e-02 1.5628351618141451e-01 -2.0078606113806130e-01 -2.4306723140845540e-01 -2.6861322034838080e-02 -1.0031608126475580e-01 2.0244772894893959e-02 -9.9812187171102407e-02 -1.9048275185592911e-01 -4.1731583699139527e-02 -2.4829024399408359e-02 1.7176088306377599e-01 -2.5253923238411219e-01 -2.9769156789019400e-02 -9.2864965421329465e-02 1.2183205078389241e-01 -1.7991489532989899e-01 3.0057115874897750e-03 -3.0125107308845270e-02 -3.2930822796845161e-01
-7.1345035297284171e-02 -1.3775697876564019e-01 5.0848668757751313e-02 1.4275963599949690e-01 4.2698065400357622e-02 -1.0969724617085511e-01 9.6326044129589727e-02 -9.6241559790478340e-02 -1.0712140617577470e-01 -6.7053097999488956e-02 2.3668572173364291e-01 -2.7394967754797061e-02 -8.9902098146841539e-02 -3.9914594116153189e-02 1.2439572923830509e-01 1.6063400170265110e-01 8.4912095323974590e-02 2.2911860486335861e-01 -7.9384621882915063e-02 -1.8616748885604020e-01 3.2103407256406348e-02 6.8690848118282272e-02 2.9880538134712820e-01 -1.5132855418476920e-01 6.5239711445734330e-02 -2.4965163431013049e-01 -7.8483976393909888e-02 5.4423633475635468e-02 -1.0054273583028810e-01 -1.9106633458828320e-02 1.4306621605506259e-01 -1.5764658109454410e-01 -3.1988658636298029e-01 1.1677649005597750e-01 -1.3646698767402560e-01 -6.6431854947246863e-02 -1.4259691148785819e-01 1.2055698416474220e-01 -1.6560526998662908e-02 -4.0343376099948793e-02 -6.3704296599824836e-02 -9.7886470808660836e-02 -1.0511288002714730e-01 7.0924068585530672e-02 -1.0016301189079990e-02 3.7977292774275823e-01 -2.0094448031704841e-02 8.9441197944233816e-02 -2.3070057020376400e-01 1.8797136907023931e-01
3.3125715856713422e-01 -1.8770543626514591e-01 7.9995435588326030e-02 5.8252925829978097e-02 -3.3760445303510572e-01 -7.7267288217267388e-02 3.9229729968801377e-02 6.8955723017370740e-02 -1.5585411972181851e-01 6.8718440846361334e-02 9.7407531748819765e-03 1.2850579861422121e-01 -1.0003113661131589e-01 -9.4376669961114046e-02 7.3146143580681056e-02 -1.1928878313260800e-02 -4.3457181565520177e-02 -1.6851220357676080e-02 5.9907419984059788e-02 5.0618143823782560e-02 1.2487804039580620e-01 -1.1913550613203670e-01 -9.4370002074832288e-02 -5.4894238925515343e-02 2.1911549550841941e-01 -1.0874809875317080e-02 -6.7882994801757426e-02 7.4312378017355853e-03 2.2910973732687329e-01 1.6433192420535109e-02 -2.7612336219530431e-01 -7.2783754525292690e-02 -6.2050187412179672e-02 1.0873290932744049e-01 7.9956527299436447e-02 5.7556683196036303e-02 3.7119241156809901e-01 -3.3518129370866401e-02 -2.1123299269278639e-02 -4.9776460532518101e-02 1.4315448037318451e-01 -2.7386733433129617e-01 -3.1044890006031570e-02 1.9298907794797629e-01 1.5857413597356171e-01 1.7662248116184109e-01 4.5943515010166157e-02 1.7112562869453579e-01 1.4957780695994341e-01 -2.8694562733135889e-02
-5.7752116918854367e-02 -1.5427516035723940e-01 -2.2525839164849321e-01 -2.4543300859871350e-01 2.5448873648272530e-01 -1.0124679604453130e-01 1.2304591519857599e-01 -3.1489744036543491e-02 1.1743949285935570e-01 3.6638145466284883e-02 1.9565176308508219e-02 -9.4829374706860113e-03 -3.3166221986381583e-02 1.7422083602734151e-01 -2.2935828413976050e-01 -1.0589467193921180e-01 6.9894868570699598e-02 -4.9387148695332873e-02 3.0395115466465861e-01 -9.1359716354086545e-02 -1.3656246892922050e-01 -9.4290464888064085e-03 -1.5040928112866640e-02 3.9953401662244481e-02 7.8230389641407438e-02 -2.0582576719226511e-01 -2.6980862364709240e-01 1.5140824726055771e-01 -9.7587778873498968e-02 -5.7751599165295819e-02 -1.4529127374074211e-01 1.5316481966046550e-01 1.2955460810299339e-03 2.5066094687442653e-01 3.5704780843824932e-02 -2.0437859507836470e-02 2.3073080086373970e-01 -1.2338851952491520e-01 8.3345488571763323e-03 -1.5199319487489790e-01 -5.0523425379936447e-02 -8.6900620512913654e-02 7.1502669764249002e-02 -5.1771794711720498e-02 1.4966069755559661e-01 -2.1319379894604289e-02 1.9755568719407590e-01 -7.7902591778378757e-02 -2.9065154820470829e-01 -5.5896541329600542e-02
2.4188136205582109e-01 1.2384394428727069e-02 -7.7405367536906383e-02 3.6978938850861830e-03 -3.2613421056988737e-02 5.3320472484113528e-02 -3.3426818371478727e-02 1.8244803924286671e-01 -9.7390727203275976e-03 6.2810819986527308e-02 -2.2143995620170051e-01 3.7640352944246053e-01 -5.0391531625419539e-02 3.1444271659876583e-01 1.4532688973183849e-01 -7.8435188576038109e-02 1.0174582532751940e-01 -3.0123005299789549e-02 -2.2618321013352341e-01 -6.7555011912785415e-02 -2.9611251265519421e-02 -1.9202849240401290e-01 2.9182566782761349e-01 4.7891647694116253e-02 -8.3243813707098269e-02 -1.7593473270322799e-01 1.3583906864905049e-01 7.3380071126044402e-02 1.0899972144775850e-01 -4.1049654338463283e-02 8.8776030256457777e-02 7.6088148127624003e-02 -4.5807527214138562e-02 1.0260300492365181e-01 1.5157767563283469e-02 -6.5866852299145795e-02 9.0046404428919452e-02 9.9511877804210502e-02 1.6947419648267509e-01 2.2407974833890029e-01 8.2627078917219252e-02 1.5350942320088001e-01 -1.3993648727097890e-01 -2.1647906350787310e-01 1.5393122796391759e-01 2.9872634609356871e-04 -7.1285837539017460e-02 -1.6255535608209659e-01 -1.4116382191853061e-01 -7.9579260839687943e-02
-2.7047637360312787e-01 5.2749773705482540e-02 1.2686264039270090e-01 1.0200795126281741e-01 2.7154457899662171e-01 -1.3083237231678130e-01 1.4891514220080321e-01 5.4421888226389221e-02 3.1825393019265832e-02 -1.0406257223138431e-01 -2.4026316875683899e-03 2.1024744754135449e-01 -3.1991363688457647e-02 -1.1369040502853470e-01 -3.5171806507700763e-02 -9.7651107983117422e-02 2.2017991919589000e-01 7.1663812878770716e-02 -9.0585687346366239e-02 -1.0248218517714090e-01 1.1826788128806889e-01 -1.5612719116460150e-01 -3.4318324540548728e-02 9.7550478253486499e-03 3.0670402215436249e-01 -8.5288746462837919e-02 -9.4680335973010399e-02 1.0208357499953810e-01 1.1998129643849470e-01 -1.2238134579872270e-01 -5.1323818614351299e-02 -2.1051824331255639e-01 2.9660824791506402e-01 -7.9651048412575545e-02 1.7967083000251621e-01 1.5391065556692371e-01 -7.6860753153314990e-02 2.3610883740010491e-01 1.6108113301464499e-01 2.3196597003936059e-01 -3.7285364010760061e-02 4.1715737008849313e-02 1.8684026840584170e-01 7.6365376371507976e-02 8.6498721943729553e-02 -5.8420865645775748e-02 1.4210015142272739e-01 1.2774158547834080e-01 9.2942767899030304e-02 -1.2988159231125500e-02
8.8312841334177911e-02 8.5905294697208225e-03 -2.3991933622494101e-02 -2.4441323023332559e-01 5.4712040710651347e-02 5.9296318392198982e-02 4.3128848741905430e-02 -5.8151620927280497e-02 8.7943531929506019e-02 1.6820947205149289e-01 -1.9251330863657970e-01 1.1315103764833551e-01 4.8040281353398412e-02 8.4594911114811516e-02 -1.8279468791369439e-02 3.6180553425531320e-01 -3.3576524896180397e-02 2.5463081470996363e-01 -3.3026584404982562e-01 1.5819957465703649e-01 -6.8094307329213496e-02 -2.5829688840454101e-01 -7.0648148083500964e-02 7.9199131675836448e-02 9.7035571148974001e-02 2.7195702873013522e-01 3.4813066025753403e-02 -1.9176831461484741e-02 -7.8705447860239697e-02 -8.5060424405393270e-02 -1.4637851573887151e-01 -2.3156166340978371e-01 3.0724402340768581e-02 1.8360679877348629e-01 -1.2109045580262950e-01 -6.6343939525329479e-02 -1.6395891128328921e-01 -1.0086685996609060e-01 -1.4759676721237691e-01 -9.2328738765466808e-02 -1.4283669234818661e-01 8.4694517238054507e-03 8.3740536536682106e-02 1.3984439485653180e-01 5.4380137398403978e-02 2.6656988367788070e-02 2.1916347623167270e-01 -2.9072110648018189e-02 -9.4400280459546654e-02 8.8112242256857362e-02
2.1968021863792231e-01 2.9383447229820348e-01 -2.2315376312866911e-01 1.0899262994904110e-02 9.4860651263884224e-02 -5.5696026793709892e-02 3.3606639317614782e-02 6.3281792403351179e-03 -1.4578969293847049e-01 -2.5919541580184041e-01 -5.3505866844910009e-02 1.3995372546739471e-01 -6.5655395035388503e-02 4.2593293754941003e-02 -2.5221929401605220e-01 -8.7878941202337704e-02 2.8557909855230421e-02 7.8528500266170864e-02 1.3186063163557499e-01 -6.8185530721617954e-02 2.3330242750531648e-02 -9.9301853097843160e-02 1.6033594588639169e-01 1.2528897522260879e-01 5.8796319808047517e-02 5.4721950108963469e-02 2.6753000196162280e-02 1.1991963325200690e-01 6.6413010212459267e-02 9.4170395432679826e-02 1.8084594332711440e-01 -2.1085403599236169e-01 -1.6387368788315229e-01 1.0241027745514270e-01 7.5177012796316764e-02 1.0475044420819959e-01 -4.5248754799211220e-02 -3.1285262266864261e-02 -2.2067792516900139e-01 -2.1884589412797670e-01 -5.3868823250276317e-02 -6.1141699772271303e-02 2.6640585065315342e-01 1.2827007819697911e-01 -7.7797383500321296e-02 -4.1906202349153758e-02 -3.3827707193278572e-01 -1.2741349753103101e-01 1.8620823551469351e-01 -1.5748859065429510e-02
-1.2811001094935390e-02 6.4380185002599649e-02 3.4272495667207997e-02 1.2528267986158970e-01 -5.0725897891584406e-03 1.4458793480737869e-01 1.0683453938787990e-01 6.7034755592708717e-02 1.6906350869754891e-01 -2.4361894259215230e-01 1.3220292055002630e-01 -3.8363558351255843e-02 -1.0382853112646490e-01 9.8774816708566887e-02 -1.7918495795027269e-02 9.5329021035236383e-02 -3.1559396565317333e-01 1.3569636282642869e-01 -5.5023731161246883e-02 -3.0748364716770139e-03 -1.0673714011617400e-01 3.3484133129077068e-02 -6.6147944514846077e-03 -1.1624198377279500e-01 2.6633612637107129e-01 -2.0584031319336479e-01 1.6922895639677241e-01 4.8495119943599577e-02 1.9917939509123898e-02 -1.3492894131996320e-02 -8.1836131862895733e-02 -1.3619148782925700e-01 1.7670358622774010e-02 7.5951405889776405e-02 2.6556669506289948e-01 -3.6283603016383020e-01 2.3194961992442351e-02 -1.7425783954269231e-01 -3.7295922611595193e-02 -2.1592951980592689e-02 3.3743722707932688e-01 2.5248729552548462e-03 4.7378862944530481e-03 -1.7484811404366421e-01 -2.0146167280350680e-01 -1.9691957577910810e-01 1.1723187657541430e-01 -4.5448505643748291e-02 3.2720185627087409e-02 7.8671628853677567e-02
6.5308496739942823e-03 1.0803389750715919e-01 1.0957532716941359e-01 5.9793353125584842e-02 -7.1805627924571042e-02 -7.9833249848244220e-02 7.8964680515483290e-02 -9.1892650567961240e-02 -9.0938631018893337e-02 2.1948014731582119e-01 -5.8009200549514868e-02 -9.0108216192915411e-02 -1.2975551783080000e-01 5.9164315458025862e-02 -1.0257372048989991e-01 -1.9831582600458270e-01 -8.8670242938645935e-02 1.6041455908118701e-01 1.0906681958235249e-01 -1.8604520580649050e-01 -2.5083286161205288e-02 2.0468946532608401e-01 -5.5519068974203729e-03 -4.9135826669489929e-02 -1.1601774074759939e-01 -1.2259759066536551e-01 3.0161579461780369e-01 -5.0595052750207523e-02 3.7124998760111427e-01 -6.1467277898686341e-02 8.1110180416672131e-02 -1.7976115801356629e-01 1.9123230446622569e-01 9.0259638595368161e-02 -9.3085694208791800e-02 -9.4981250581118531e-02 -1.1071835398928630e-02 -1.4711673190228819e-01 -2.2339736523370279e-01 4.4760108738511849e-02 -1.8976555989273450e-01 1.9060719538940221e-01 -4.2824654188807119e-02 1.8485328856290309e-01 8.9805935609192478e-02 -5.7963992565162457e-02 1.1742017042543480e-01 1.3867939245867650e-01 -2.0103081010983889e-01 -2.2694184315721960e-01
4.5612346651505153e-02 7.6743518049654305e-02 9.5100470443382018e-02 -2.7803265810223893e-01 -5.2361438890199119e-02 1.2108648915717010e-01 -8.2375757526191667e-02 6.6676744132752791e-02 -1.1840470593449171e-01 -2.0723831674593471e-01 -8.9919112688022718e-02 -6.8349611127835386e-02 -6.9522784424853434e-02 6.8076227831032815e-02 2.0691650095914030e-01 -1.6694367519527600e-01 8.2078231537127427e-02 2.6851242099223488e-01 1.8695512207377779e-01 2.3258474591769659e-01 9.9659252603262277e-02 3.4815113365758092e-02 1.0449156692040470e-01 -1.3191775213475471e-01 -1.5901615725926379e-02 1.2789763361084660e-02 -1.5009541075688421e-01 1.2423842565864660e-01 -2.6102545943523592e-01 3.0821019970084879e-02 -1.2109230478997959e-01 -6.2206811819040964e-03 1.6060006289156381e-01 -2.4601171379889639e-02 3.0815599713960828e-01 -9.9606411636326081e-02 -2.0103833127488110e-01 -7.6645644325206402e-02 -1.5376242125487391e-01 5.6332297913501299e-02 -7.3528047965743831e-02 1.0934745636263880e-01 -1.4938093526049609e-01 -4.6145863093527938e-02 1.2342058890314210e-01 2.2905694083585201e-01 -5.3158208914067341e-02 1.3028642642202959e-01 4.2778455615247728e-02 -2.4926451724815629e-01
1.2567074802907210e-01 1.2471015718796150e-01 3.7915346594838091e-02 1.5461696244317291e-01 -4.4996768628655873e-03 2.1364855608973519e-02 1.8084609893980191e-01 1.4399916830504189e-01 -1.7626269812627479e-01 1.0366192885980690e-02 -2.2978947687640441e-01 -7.9966452046789441e-03 -4.1047402833063540e-03 -9.2754593172366825e-02 -1.8335398857013860e-01 1.7900097419752031e-01 1.3108680629672689e-01 -9.5068854453178905e-02 3.1066631861399052e-01 2.7177088456547299e-02 -8.1699325932372488e-02 -6.7293586637114811e-03 -9.0726277794755769e-02 1.9777131891276131e-01 -9.2927527511700761e-02 -8.1581108686317433e-02 3.7918502052560220e-02 -8.0761082421893046e-02 -1.9900246219273479e-01 1.9022593132795609e-01 -5.8045862816948117e-02 -1.4739218093482770e-01 -1.0161554189365160e-01 -7.1725247240226964e-03 -2.4388178464162542e-03 -3.6234306864116622e-01 5.1101557849258288e-02 3.2508527536072962e-01 8.7447810641038778e-02 -1.7038407092574419e-02 -1.3952710796927981e-01 1.7001183573759299e-01 -1.2491849796944450e-01 -6.3316641628855780e-02 2.3884730112891550e-02 7.2807772443057358e-03 2.4788178632835769e-01 1.1923306421280110e-01 1.2131604686156960e-01 1.1182180010030129e-01
-1.7470637815852691e-01 -1.1232447889786230e-01 -2.9178118976309031e-01 2.7555298204553710e-02 -1.7862833501205350e-01 -1.1178037984501610e-01 -1.2733793091016410e-01 1.9674530432449610e-02 -1.8952690429612201e-01 1.9626922586419250e-03 3.3256745236013720e-02 -1.3187506344707721e-02 1.2065403543214460e-01 4.1553140616491090e-02 -6.7242604011619064e-02 -1.2603042421347091e-01 -1.0004166611190340e-01 7.0151542630300873e-03 8.2503232091738682e-02 5.0512062653812223e-02 -2.2356988809741929e-01 -1.3222244909077260e-01 3.2081228789446792e-01 -8.9239210248426265e-02 1.5872398005449700e-01 1.8436998557968010e-01 -1.3777224290958090e-01 -3.9636124597746741e-01 4.3284278099057799e-02 -1.8443840130815119e-02 -5.7375609090057317e-02 -2.1369702451915981e-01 -4.8385734032356471e-02 -1.9923989126456790e-01 -6.9853141052823531e-02 -1.2184487539210920e-01 -5.6964907944929220e-02 -5.7704452392602322e-02 7.1479421418844086e-02 1.5371267291826720e-02 5.7525933026930709e-02 8.4949010814458908e-02 1.8160477338469269e-01 -1.9624142596139099e-01 1.9525744120108479e-01 -8.6931848629047820e-02 -5.5186488326348373e-04 2.1012564968733649e-01 -7.4334416401688377e-02 -2.8247205280558099e-02
-1.6027834829256499e-01 -1.0874744716467851e-02 8.2407746046628427e-02 1.0386996140772090e-01 -3.6253330855961621e-02 -1.3321577140614871e-01 3.9558602906126358e-03 2.4726762972678670e-01 2.5243708754317178e-02 2.1392719978363670e-01 1.2254889066467980e-01 6.6179497557994956e-03 -2.4204204698645501e-01 2.5843519687197020e-01 -1.9439093000253099e-01 -1.0838205555283360e-01 1.9277107639316110e-01 -2.0362503284380301e-01 -1.4804668888972849e-01 -7.9006740921335153e-02 5.5415660659031453e-02 -3.8936048717482179e-02 1.3560872646322469e-01 -6.5698280914808907e-02 -1.0418816189261609e-01 1.0933056373972140e-01 -9.2361776380478128e-02 1.0630106296154440e-01 -1.0166719658332050e-01 -7.3474650008798992e-02 -1.8391183720299251e-01 -5.5112161628009748e-02 1.7229166450207650e-02 -1.7429246688527689e-02 6.8209271499822893e-02 -1.2316624554227421e-01 -7.2103150965322493e-02 -3.3241914003896639e-01 -1.3153638296922910e-02 -1.1201264838364711e-01 -1.2192584188232081e-01 6.3708711941673185e-02 -2.3443419602385809e-01 1.0749656628220190e-01 -2.5206168888502020e-02 -7.1212641671411225e-02 -1.1809503744824930e-01 8.2648584920577320e-02 2.5728470535031861e-01 2.8939390388929959e-01
-2.0591072813369329e-01 -2.0940087343398070e-02 4.4154299468458754e-03 1.4640662471019530e-01 -3.3858715957283669e-01 6.3441909361208901e-02 -9.1482286132855820e-02 -3.2266358251466071e-01 1.5187780475611831e-01 -1.7216045283812459e-01 -2.4426112893447091e-01 1.3931547671513479e-02 6.6870719586944100e-02 -1.4275641159367680e-01 -3.1850214723026828e-02 -7.6303578228208019e-02 -3.1511193632142692e-02 -1.0497764366180630e-01 -3.6435184176085607e-02 -6.0960407747903567e-02 1.0467683100628671e-01 -6.2881293660633358e-02 1.9812509973043929e-02 5.1712226704699903e-02 -1.6405765668703981e-01 7.7527847612817127e-02 -7.9903244037312693e-02 2.0894145979668360e-01 -8.0929561785874640e-02 -4.4060608277396890e-01 -6.6137355908639350e-03 -1.9789959042150951e-01 3.5311174914016030e-02 7.8525304676184501e-02 1.3284408150132190e-01 -1.4277254664660699e-01 1.9543274208287389e-01 1.6053384922801089e-01 -5.2212322564382373e-02 -1.8892072754555181e-01 -5.1539791447511349e-02 4.9164300335306457e-02 -5.6743207372433352e-02 -4.4847538777881543e-02 6.7185258716709009e-02 -2.5429644537252851e-02 -1.1706000053424390e-01 -5.0612210971489852e-02 -1.4040739329856311e-01 5.6087984400067223e-02
8.5991454560985503e-02 8.1943840521218406e-02 -1.1253527989863241e-01 2.1913816022925851e-02 -9.0654717006823524e-02 1.1825292906445600e-01 -1.4635800626668549e-01 -1.2161500890951710e-01 -1.6351667580538770e-01 -7.0357329529829578e-04 -9.4843345448702002e-02 6.3603183788887241e-02 -1.4142449133323429e-01 2.9042417694008300e-02 -1.7356707409847540e-02 8.9614382599173439e-02 -8.6067383544462917e-02 -1.7328861226178749e-01 -5.2905513780511122e-02 -3.5071476427574788e-01 -5.3142342611449588e-02 9.0227542256548610e-02 -1.9817180570654069e-01 -3.7101248412386162e-01 2.2714233965714839e-01 -1.2065347812905100e-01 1.7449442975394049e-02 3.9048615882809651e-03 -3.9078336924251272e-01 -5.5776954837533560e-02 -3.7783426829661640e-02 -9.8444192219566851e-02 7.2770010307752514e-02 1.4132541960251011e-01 -2.2449419860313280e-01 1.8505687974756260e-01 -3.2454471351228302e-02 -3.7152373251364640e-02 -9.4630987894504456e-03 1.3183064351559179e-01 -1.7661344093660020e-01 -1.8167918410481921e-02 -2.9605342118731040e-03 -1.7751290265949810e-01 6.4189509341447681e-02 -8.5825835870829398e-02 2.6311855308531950e-03 2.1319457169227062e-03 2.0009134615950461e-01 -1.2826270524734440e-01
-1.0879794669259060e-02 2.0750753426910150e-02 1.3829685387677190e-01 6.3927739017665908e-02 6.7068013171993346e-02 -3.4984338480057597e-01 -6.4958200548922901e-02 3.8820481932829998e-02 1.0525477971311099e-01 -4.7015977426333892e-02 -1.9636172526588441e-01 1.9932653901116451e-01 1.4703389770134889e-01 -2.8687762082283519e-01 2.2435751113049951e-01 -1.9495103066107250e-01 2.1719621920935611e-01 -4.8697598374662573e-03 4.7781317223713697e-02 3.4670142865440852e-02 -2.5497075391001778e-01 9.1590643374987540e-02 -6.9150331142364602e-02 -1.0011298752423570e-01 3.6383710809901493e-02 1.9138845140714459e-02 4.0145176310857303e-02 1.1432558119846260e-01 7.9780964004120287e-03 -2.2496394068736249e-02 5.1732373506130783e-03 -4.4391619676137778e-02 -5.8167261137418901e-02 7.1420009775121640e-02 -2.8022942579831661e-01 -2.6068543096519448e-01 -1.4085706636497819e-01 -2.6755143613676519e-01 9.4610952279332292e-02 -1.8129360385120691e-01 1.3252210099192471e-01 -7.2756509284092677e-02 2.4182661951500761e-02 -5.1653100941504437e-02 -4.1009003744249010e-03 6.9426683430258165e-02 5.9114730437778110e-02 -1.7166025214298661e-01 1.6118755447737931e-01 -1.5446155275287990e-01
-1.9086433614568760e-01 1.2182194584784460e-01 -1.6433716555035729e-01 -6.7652348289779715e-02 9.1146612389282011e-02 -1.1560070344872940e-01 2.4082731074899580e-01 -2.3350120193639509e-01 -4.7639840759446529e-02 1.1137312372371730e-01 -7.5053216369980233e-02 -7.6462705996028030e-02 9.4148754728259690e-03 2.0359463523851279e-01 2.4444990968752051e-01 1.6785171514792571e-01 8.6181779414256740e-02 -1.2572659222830129e-01 -4.0438027870474992e-02 4.5313532000548632e-04 3.8264174830711123e-02 -2.8470723010424431e-01 -2.1894212174752231e-01 -1.5417901523316099e-01 -2.0966603113278701e-01 -2.3049430549096020e-01 5.3305666835236028e-02 2.0279636862003660e-02 1.1493252108619240e-01 1.5022646286184410e-01 -1.3713056372416721e-01 -7.1691415761386629e-02 6.8613128443392193e-02 -1.8348336361736231e-01 -1.8627459915777401e-02 -1.7551186717931730e-01 9.1670871082851338e-02 -1.5204088475047299e-02 -9.0361691178382303e-02 -6.4405933372113131e-02 4.7397924748200329e-02 -9.2217144962520259e-02 1.4863765933738490e-01 -1.4632910958094841e-01 -6.7075222850708702e-02 1.5155939430759671e-01 -2.8732066299412962e-01 1.5279986411387189e-01 5.4216995816532713e-02 -8.4451680754519323e-02
-2.2252918042111711e-01 1.7393415336054729e-01 1.4651706814902640e-01 3.4857274307268753e-02 7.1597943820064500e-02 -1.4463917226481171e-01 -4.1817836266391661e-01 1.2344425695834370e-01 -6.8889344840803807e-02 1.9821050445483951e-01 -2.1596533978352350e-01 -6.0990818244487308e-02 -3.9229417305838142e-02 1.0828181677898230e-01 -1.1958148464621610e-01 1.5798567642829850e-01 1.1443802938897400e-01 1.1822364330488870e-01 1.1785115535612940e-01 9.6239560736366733e-02 -7.1236630811595564e-02 4.1336172119795733e-02 6.2569149471539451e-02 -1.1047394813804250e-01 2.0370436846412240e-01 -2.1354985872142299e-02 1.0203150125953260e-01 -1.8544167499153250e-01 -5.5972807122268327e-02 -1.3609965936819979e-01 2.0290641667021960e-02 1.9414632231471149e-01 9.1123412687363056e-02 1.1314002804097480e-01 5.7136195087721137e-02 -1.3528962404340700e-01 2.1491602229728479e-01 1.9626273077193879e-01 -1.6765530865548789e-01 1.1567262792332859e-01 8.7925658269030121e-02 -2.1014446841589379e-01 6.9225716782740934e-02 1.0617157990155260e-01 -1.3272496499903050e-01 9.2049374688870894e-02 -1.8784232239193710e-01 -9.6471590854916203e-02 -5.4335406183855989e-02 6.6141550384644088e-02
2.5625749189470548e-01 -1.0998876318678900e-02 1.2291702892759659e-02 -6.3829822633592020e-02 5.6295000758527003e-02 3.9864811257097003e-02 -1.7438810348182249e-01 2.7014841720827698e-01 8.6637905578435814e-02 -2.9855113807386852e-01 -3.8067269388076252e-02 -1.3804924626073731e-01 4.8100616309953277e-02 1.7060469982721260e-01 2.0011470275861590e-02 1.0042593237503309e-02 1.9973368500382771e-01 -2.1095703058834561e-01 -5.8958136151167191e-02 -2.8116833937297941e-01 -8.1493276571717420e-03 -8.8639922285177558e-02 -1.1406382351267960e-01 -1.6200981958209881e-01 -1.9660027505158489e-01 -2.3340279517722391e-02 1.3767739121517261e-02 -2.1811551225200759e-01 1.2881748427222110e-02 -2.0181440321755520e-01 8.5379007855528613e-02 -5.3009984480659092e-02 9.9574335446801554e-02 -1.2562297705935860e-01 3.1961562898686957e-02 -9.1515656011486313e-03 -1.4708981958926240e-01 9.7149141590317387e-02 -6.4089747360384960e-02 -2.3954197694106569e-01 2.0731776799771751e-01 -1.1079843482459061e-01 8.7209932925768938e-02 2.0061982608030879e-01 -1.3529388440801900e-02 5.4643641964152632e-02 2.1163001779466409e-01 1.6451289314503301e-01 -1.5124195682039529e-01 -1.8353126120585921e-02
2.2555778746146241e-01 -1.2170012951231270e-01 1.5049339821137220e-01 3.5450137777701743e-02 2.2971142396505290e-01 1.3363038679689171e-01 -1.6415209566083450e-01 -6.7367692436001561e-02 -2.2542162079750960e-01 1.2944915557607739e-01 1.5286535849134000e-01 1.1458589728740010e-01 4.5307441554054813e-02 -1.7396830409840980e-01 1.8518608296695069e-01 1.0287678198576850e-01 2.1134455839698801e-01 4.5123511273567438e-02 5.2423824811979207e-02 -2.5981100747138591e-01 -8.7678808063655314e-02 5.7321088993072790e-02 -4.8488043114686602e-02 1.0569698033707089e-01 -4.3632290931040429e-02 1.7713626832602969e-01 -7.5473964801415230e-02 -2.7611850917441349e-02 1.2281039387363971e-01 -6.9882920217740049e-02 3.6316037353456721e-03 -5.9541658890823100e-02 7.9827948984165953e-02 -4.2173753394778531e-02 2.8515378707378258e-01 -9.7616168589831714e-02 1.1197096969616829e-01 -1.7199189033726200e-01 -1.4105073507769789e-01 -1.5066536760065641e-02 -1.9523748388971110e-01 -6.2844130163424258e-02 8.4855447354119956e-02 -3.9215858783535879e-01 -1.0500774277356470e-01 -8.7486490364165573e-02 -6.1451989708902463e-02 2.5398771388821580e-02 -1.1168682116862290e-01 1.4985151715873030e-01
2.1566138717301869e-01 -7.5497040415457906e-02 1.1865815351168919e-01 -3.5706386459135563e-02 -1.2804469503952470e-01 -1.1472748259142231e-01 1.0391336154545761e-01 -2.2185532606454711e-01 1.9548266459310101e-01 1.4281348082600051e-01 1.1473159614619920e-01 -1.3380954919363820e-02 3.1347299187261851e-01 1.1836786313020931e-01 -6.1427496328118648e-02 2.0889337235962860e-01 1.8488760469326221e-01 -1.9209489831421900e-01 9.7529557911477271e-02 -1.0687386354632160e-01 2.9470062224333841e-02 2.5656576880985488e-01 2.0540010387263699e-01 -2.7254238817091620e-02 1.3063445625342121e-01 -2.3037943289365989e-03 8.5869307229722081e-02 -1.6140140190592369e-02 -6.5318252713709460e-02 -2.2868647604619419e-02 -2.3671699990973641e-01 1.5561725543164959e-02 2.1356474741961999e-02 2.9439268417836270e-02 1.5314228294430099e-01 6.1294203019477619e-03 -1.2894915983274011e-01 5.9159992559006398e-02 -6.4865094567500087e-02 6.5349878125967001e-02 1.6093630856983560e-01 3.5387788400476877e-01 2.5568175982309049e-01 8.4684803910686210e-02 4.7733275982239892e-02 1.0038384124846091e-01 -1.2020266931879130e-01 -9.9889369106665987e-02 8.7613334023121131e-02 -4.7489424199047149e-02
9.6550701950962076e-02 -8.2645788325666825e-02 -4.4903514462132491e-02 -1.8176948319264549e-01 -7.5086324716476818e-02 2.4677985014326090e-01 -4.5678714359803536e-03 -2.1256390665773331e-01 2.0013491308753951e-02 2.5156973718896548e-03 8.9878066257854175e-02 -8.1675789709332910e-02 -7.2326919269457654e-02 -5.0428462195684663e-02 -8.1963679539724839e-03 -1.2623907509392929e-01 1.0919488216729779e-01 -2.3256954213427251e-02 -1.1387328826724480e-01 -5.7489958827178493e-02 -2.2679598951094442e-02 1.3366741152158549e-02 2.3939624498673209e-01 2.5839014247221043e-01 -3.5823224807021707e-02 -2.0550885438953900e-01 -6.8015206417564381e-02 -1.4915554627176181e-01 -6.8700208090507697e-02 -5.0639691796284240e-02 2.0598947362143030e-02 -2.5170304949102041e-02 2.1478952849614111e-01 -4.5261157017976429e-02 -1.1833607719642240e-01 -3.7328634073385331e-01 1.3271112515353180e-02 -3.7568949803650872e-02 1.6864335644152631e-01 1.9740651394873909e-01 -1.3696791864036459e-01 -3.3077998754083737e-01 1.4132603019731010e-01 2.4759588139433730e-01 -1.2036650924664970e-01 -2.1853461245891138e-02 4.8165984153036344e-03 -1.1058225541070930e-01 2.2720369523553660e-01 -8.4017155641078950e-02
5.7355868909233783e-02 -1.9375924164756361e-01 -2.6863857909946459e-01 2.0135078255752251e-01 2.0268935493642901e-01 -1.1764877619926491e-01 -1.5426242593375111e-01 -5.1550898872755203e-03 1.6436556964733959e-01 -1.0165099704978560e-02 -1.2741356026456979e-01 -6.3437833038653232e-02 1.5958072595211550e-01 1.3319129403473831e-01 2.0645884518341509e-01 9.6703383603256254e-02 -6.7065892662745596e-02 -1.0960086987017750e-01 2.1719685690676219e-01 7.1645551445630035e-02 7.0715208432381021e-02 -1.2591320094479250e-02 -1.0695277762494521e-01 1.2096997186260740e-01 3.3946645483144550e-02 -4.8785021960353427e-02 -1.3240697692005310e-01 -9.9971026563510076e-02 4.3196020067617670e-02 -1.0442202780779550e-01 5.7030602028310368e-02 -3.2316483492393772e-01 -1.2510999545077539e-01 7.6725599656370977e-02 1.1981349630493369e-01 5.2149276615091347e-02 -4.6974636863104408e-02 -1.6365077334805281e-01 -3.7335796316717247e-02 3.4057365334984202e-01 -8.2183512322401356e-02 1.1581856429396610e-02 -2.9191118619303807e-01 2.0378769280794171e-01 -1.9834053667550969e-01 -2.4387872511636429e-02 -4.2922635577796762e-02 -2.2533253788800101e-02 5.1968018221068529e-02 -9.9919180768573035e-02
-6.1863152812110293e-02 -2.5187821170966718e-01 -1.6813602237907119e-01 1.7960735896191021e-01 1.8076006124119010e-01 1.6373728924265299e-01 -1.5854363418826070e-01 3.9022659017570169e-02 7.1292905648909999e-02 6.8668069260866965e-02 7.0488509504465835e-02 3.2848010878146550e-01 4.2935599496069642e-02 -9.6970049458071500e-02 3.9131976684129079e-02 -1.6326837363625609e-02 -2.2142199246441421e-02 1.9139631285252770e-02 -1.4859269243838930e-01 1.0732264168433769e-01 -1.1034877536689859e-02 1.5325168637583261e-01 6.8869870513167022e-02 -2.9468204877300441e-01 -1.5977524745952359e-01 -4.9817077926999263e-02 -2.5555181666912969e-02 6.0573385986068977e-02 -5.8228926203180598e-02 2.7718464501329593e-01 -1.3857137636500921e-01 2.1827223840212389e-02 -2.8952951975232601e-02 -4.3310872542960267e-02 7.3602049937592187e-02 -1.5475546268218179e-01 7.2808025117997624e-02 2.4550106882678641e-01 -2.2077899795200079e-01 -1.6139603084567181e-01 -1.0106655421956920e-01 2.5608336516611530e-02 6.0638780203627472e-02 2.7732614341317358e-01 4.2532348341086663e-02 -2.6537026075949133e-01 -9.9903247589171844e-03 3.7647405690322877e-02 -2.9501319961039549e-03 -1.7554300041959781e-01
1.1414894789022489e-01 2.1787758800712489e-01 -2.2975248835787351e-01 1.2576818742870879e-01 2.4758812897717380e-01 1.3558657446125341e-01 -1.2450126762783260e-01 -2.0641035099407781e-01 -1.0417939819112670e-01 9.6002765579194516e-02 1.0667821076894909e-01 -2.5970887509545681e-01 3.8914293286209260e-02 -6.8402983783603544e-02 6.2056337759751098e-02 -2.9163426219860472e-01 2.1518624974547851e-01 6.7099481952011708e-02 -1.5913548156730331e-01 9.0500993496312479e-02 1.3799235220288589e-01 -2.2230754795705129e-02 -5.7983608210711288e-02 7.7801325093255908e-02 1.8561105046119089e-01 -8.2976241663398495e-02 1.1464235669695060e-01 -1.7037874868330011e-01 6.4385221326585196e-02 -1.0284634359874860e-01 -3.3501738699384692e-01 1.9581552359983229e-02 -7.1673507330986957e-02 1.3535179972365260e-01 -4.8803949628318327e-02 1.1961993556659211e-02 -7.3842604871784082e-02 1.3521237796625149e-01 3.3729194186585071e-02 -2.2384882329170749e-01 1.2713221181203099e-01 9.4587961047280705e-02 -2.5557225360150582e-01 -4.6279942837555307e-02 1.0458842191238560e-01 -4.1155175090330863e-02 -9.0184283390862315e-03 -7.1746116829049494e-02 2.1209304425794290e-02 5.6082067420685867e-02
-1.2975579991354680e-01 -1.0214055623180129e-01 1.8839699311544320e-02 2.3368072117119609e-02 -2.2598521615203659e-02 1.5109365940653721e-01 3.2241282466455128e-02 -3.1624095416495371e-02 -1.0113032980887750e-01 3.0497493354478011e-01 -3.6393749820733218e-01 1.0950737960575270e-01 6.0678931681644982e-02 -3.6040679412771358e-02 3.0491146550031229e-02 -4.5267855815168061e-02 -1.6264529534028510e-01 1.4306764120484559e-02 6.6593510651153293e-02 -1.5633785023917410e-01 -2.1659737910062239e-02 2.9420803961543611e-02 1.5578264736909511e-01 1.2719053827129581e-01 -4.1451143707284539e-02 -1.4917768126005310e-01 2.2943659006793429e-02 -6.1031703463892972e-02 -3.5949668334280697e-02 4.1911790975265359e-02 -5.5119424460714807e-02 5.7861795712653701e-02 1.7108496095450381e-02 1.7911668802515571e-01 2.4872734537902710e-01 2.1783205577391310e-01 -3.2619208734571470e-01 -2.8535332682225339e-02 2.1797858742242901e-01 -2.9645886925544418e-01 1.4528648545307621e-01 -1.4755338367577470e-01 2.2234172525506329e-02 5.9682621323349184e-03 -2.6573438193747118e-01 1.2511722360215040e-02 1.5366406792800820e-03 2.3241080309687129e-01 3.9410133800987381e-02 -4.2145313358964272e-02
-5.7209142398964602e-02 -5.4251861869513827e-02 -2.3115892197988880e-01 -3.5023459670878720e-03 -3.2487496209872201e-02 -8.5539515176669134e-02 -4.6140634674619478e-02 6.0358532737379032e-02 1.0770616004551160e-01 5.9045911386913549e-02 -6.7421728181787016e-02 1.1025570503274620e-01 -6.4685748336403767e-02 5.9061370262878707e-02 1.3635359689948101e-01 -2.5991859033100168e-01 3.6770558076596571e-02 -3.4128561500972827e-02 -1.7433468973931829e-01 -2.3158816187278400e-02 2.8024902506891652e-01 2.4833502816017061e-01 -6.3793041081271179e-02 2.8327344402602328e-01 1.4931003504840490e-01 4.9245592138025852e-02 1.3986639484104610e-01 -4.8681927289403973e-02 -2.7943924097412981e-01 1.5941181386980219e-01 1.6410658825271571e-01 -6.7946200935159018e-02 8.0831648815584384e-02 -4.2510430285760181e-02 -4.3529362786520469e-02 -2.2355604291316909e-02 2.4107647320224310e-01 -6.7242122024292347e-02 -2.1170802002819261e-01 -3.9277364997249972e-02 8.6734225491608363e-02 1.2129298293949160e-01 1.9125556631947399e-01 -1.0457802796433641e-01 -1.5460829086762451e-01 2.6476876362024571e-01 1.7831260102527011e-01 1.7471703311638781e-01 -3.2019722048654387e-02 1.1863420687483450e-01
-2.0103652380548659e-01 -1.3076190472203669e-01 1.2966134926766179e-01 -1.0368920393053010e-01 9.0309718304453536e-03 1.5237904297920760e-01 3.3502460002151069e-02 2.1555171052039379e-01 -2.5530361237293808e-01 7.6633079999157583e-02 1.1850802302464170e-01 -1.4418621791455499e-01 4.2314180901172282e-01 1.3262453743517921e-01 1.5948710129247839e-01 -1.0944496498393570e-01 -6.4651619388645484e-02 7.3545346119130439e-02 -6.7193642896614308e-02 -1.7646295905945511e-01 -2.4393859375933810e-01 -1.0409029098083400e-01 -1.4040251734303311e-01 2.2102757846193580e-01 8.9805566127133321e-02 -1.0782553984211360e-01 1.1152539131582161e-01 1.8159768672942600e-01 -1.5291072850618029e-01 -9.5229810153867403e-02 1.4129078525973501e-01 -5.6927134856173463e-02 -1.2438819121515630e-01 1.6493861605591398e-02 -4.8885913893194953e-03 -6.2675049368238096e-03 1.4658460024463330e-01 3.3642457233415940e-02 -1.3480934320353150e-01 -4.2361997731538342e-02 6.7680332976950613e-02 8.3234478003910498e-02 -8.6161151972509436e-03 1.8226011030964939e-01 2.1014690355374940e-01 -7.2698299878393310e-02 -1.0289424326575861e-01 1.0990396594193100e-02 1.8803414555892270e-01 -2.1873276707593921e-02
3.9294443198800787e-02 -2.5909485513893271e-01 -2.0850660018065881e-01 1.3152528985997090e-02 5.6533693863066630e-03 -8.0382090418909452e-02 9.1846127715872791e-02 -5.6004689125789577e-02 -4.1820162649404757e-01 -8.9768734097415065e-02 -6.9505041904102264e-03 1.2186963440522020e-01 6.5430828382518097e-02 2.0240709806313609e-01 -1.7516478150050160e-01 -9.5368702580473100e-02 -1.0194952899349161e-01 -6.6216010928057456e-02 -1.0489004226961170e-01 1.5550122962999821e-01 -7.9139092945932535e-02 1.9558327803946030e-01 -2.5015494172151942e-01 -9.7597445717452769e-02 8.4564739772311784e-02 9.9438537591582929e-02 1.0552519891392920e-01 1.3407864027456021e-01 1.4154039174507649e-01 -2.4212191958408019e-01 5.2531298162223888e-03 1.4971138777129631e-01 7.6870898210317756e-02 -1.1076298180480280e-01 1.0925920232206210e-01 -1.6404519038775461e-01 -1.9185768115524121e-01 1.2213350286720860e-01 1.0633978965611540e-01 -1.1856171247904361e-02 -1.2914801972236259e-01 -1.2628815345892751e-04 9.9572135866937174e-04 3.0601324484987778e-02 -1.8937468868664839e-01 2.5950965570739187e-01 3.7122724511014407e-02 -1.6210435841539830e-01 1.1820506489735720e-02 6.3898541913371382e-02
-1.9788439144820199e-02 -5.1083549572018119e-02 4.4634324486104063e-02 1.5078767717099159e-01 -3.0924747344684589e-02 8.0864485883855808e-02 -4.5797989705808041e-02 -1.7371746170625721e-01 2.0943709641118430e-01 5.4786693824414340e-02 1.3015389553598880e-01 4.3460637314789677e-02 1.2203110973025590e-01 8.6043887238376859e-02 -2.7206611551393889e-01 -3.2016100796811081e-02 1.4505482922404761e-01 -6.8883117209919423e-02 -5.8136685691308511e-02 4.4174309801347393e-02 2.6816768123025150e-02 -1.1532073722885440e-01 -2.1143331630379669e-01 -2.5794288471394030e-02 1.3546322656839921e-01 1.3149168356645280e-01 1.4346139560206300e-01 -8.8919520729640905e-02 -3.3961681828988330e-02 2.3746225025786299e-01 3.8963226499618042e-01 4.0443152605897682e-02 -2.6799460945161140e-03 1.9722524612546469e-01 2.3945647926918140e-01 -1.6284747924834631e-01 -1.3498478579705989e-01 -6.9052217537949434e-02 1.1607717232932070e-01 -2.0200987875455420e-02 -4.6356669518698691e-02 -2.1351693666571769e-01 -1.1746809693219290e-01 -7.9693782782808670e-02 3.1062655848781812e-01 1.3661157613579419e-01 -9.2541210069214799e-02 1.5931411585754859e-01 -1.8713275657702651e-02 -1.6392574282278491e-01
3.3691699283201169e-03 -2.9192197213617388e-01 -2.6659047108230239e-02 1.5656789913750260e-01 4.2764669880054368e-02 1.8164420638338891e-01 7.9487570452057968e-02 -2.6118362990269728e-01 -4.7168282713677859e-02 -3.8485454852086223e-02 -2.0288847299861371e-01 -1.5228559141408229e-01 -1.2145675126578750e-01 7.4421213091394999e-04 -1.2961849354332811e-01 1.6621790891381358e-02 3.3887290479346310e-01 6.4772318705955845e-02 4.1568974505059302e-02 1.4210418637675151e-01 -2.7667763940520812e-01 -1.5721932819104731e-01 1.9367402615209309e-01 -1.3415168378426820e-01 -1.0066195737081130e-03 6.1149527135470373e-03 1.6419982996012869e-01 1.0478556726958310e-01 -2.0731714376002242e-02 4.4354161907833832e-02 1.6041916392251479e-01 2.0279334531266430e-03 8.3354823059380800e-02 -1.7738037337215631e-01 -8.7780766246789085e-03 2.6209768446142567e-01 1.4686297474636409e-01 -1.1981025789625110e-01 -1.9808952436575600e-01 2.6566635370173380e-02 1.9641920476414440e-01 5.3507496391584322e-02 -1.0261254820355570e-01 -5.5453341505175722e-03 -7.0734528686789519e-02 3.7923226202357913e-02 2.1307951417197321e-01 -4.3984405507721043e-02 1.5840372496966301e-01 5.0280572047676039e-02
6.3813651301671992e-02 1.3988145779091571e-01 -1.4496355323265731e-01 -1.1912864068849610e-01 1.1538824978949770e-02 2.9017388069917349e-01 -1.3699235432867340e-01 5.1869771544617728e-02 2.0556019858046970e-01 2.0579556221858281e-01 3.5762105431306347e-02 -9.8810156685717493e-02 -3.8763731616930912e-02 -1.8558428907925820e-02 1.2547240188695911e-02 -5.3684848126331688e-02 6.4697243285666131e-02 1.5235823141745521e-02 1.2792336757655090e-01 -1.0764402917036850e-01 -1.2137078442488740e-01 -4.4281064613239933e-02 4.1178829533793926e-03 -1.5915946857466659e-01 1.9764535745914300e-01 2.5811373620074701e-01 -2.5566817412442971e-02 4.0259971987027382e-01 1.6407000072446781e-01 -2.5975262827425731e-02 4.6957046384769642e-02 -3.0729722237734000e-02 -1.5611901620615670e-01 -8.7957470937871235e-02 -1.1576285146829800e-01 -1.3003086946861339e-01 9.1728537483652312e-02 1.0573951353388709e-01 2.6562082384549113e-01 3.2966518640657548e-02 -3.6692074891125160e-03 1.5048902645323650e-01 3.9510063057960627e-02 9.0279694358821203e-02 -2.6853427288416248e-01 1.3513919761215351e-01 -4.0074692189970312e-02 2.7881593600438809e-01 -3.0986493973069341e-02 -6.7408310549330677e-02
8.0458267995981367e-02 7.2078363873829501e-02 6.1203348076511116e-03 -9.8662681781861022e-02 2.0470365952776051e-01 1.3694310662451581e-01 1.0288871051657540e-01 -2.2762031931185030e-02 -8.8456815321438245e-02 3.1657571075645478e-02 1.7428137874934010e-01 3.3429388447865799e-01 1.0471376171371249e-01 -2.5712525926195062e-01 -1.6112320572590610e-01 -6.6726683133664033e-02 -8.5103947465313676e-02 -7.4740233941743117e-02 1.3522394102608201e-01 1.9885406386134549e-01 -6.1384290905249399e-03 -1.0496335932557800e-01 -3.4828292059638027e-02 -1.3899814710682279e-01 -1.8280877024775199e-01 -7.7923758749552402e-02 1.4981126716661869e-01 -1.4494728806047799e-01 -2.3278311912515900e-01 -2.4124453497752621e-01 4.3141475247536018e-02 -6.8599482783343158e-02 1.3646986699370661e-01 9.3608048751480905e-02 -9.8165499526903746e-02 1.3317571234117649e-02 1.1310004020478250e-01 -1.8813644996054041e-01 7.9868188643146903e-02 1.2852733247725390e-01 2.2368491940656149e-01 1.3571191899348689e-01 -4.5521072279629732e-02 1.4970115087506020e-01 -4.6573704165687090e-02 1.1632684407208800e-01 -2.0393515445785909e-01 2.0310464854220570e-01 -1.2607292543182730e-01 1.6897419791969659e-01
1.4896470342808821e-01 2.4631459659542849e-02 -4.3869705431384437e-02 5.2791732791277517e-02 1.1203853043835700e-01 -9.0181894344891177e-03 9.7001354477758234e-02 8.1073028550163254e-02 2.3784096285684350e-01 -8.3216779202119701e-02 -2.2721288208272250e-01 -1.4839065934656789e-01 3.2725700012811332e-01 -1.1631893961113481e-01 -1.4652532601239349e-01 -2.3149380916097451e-01 -1.9625299180614861e-01 4.4997701022595517e-02 -1.6502740312583219e-01 -9.7420218977374656e-02 -1.4453097992413411e-01 1.3452231450186959e-02 1.0577053457430720e-01 -1.3134525815997361e-01 -9.1002872106582075e-02 -3.4351752865349271e-02 -6.0027800848765973e-02 2.9863343956109890e-02 1.1772794399729630e-01 4.0793989861139877e-02 -1.4888306407930460e-01 1.6181002807154490e-01 3.2412503710664779e-02 1.0613304247221270e-01 -1.9140403811402050e-02 -9.1898849667301653e-03 -1.8590972244605989e-02 5.9945344144796547e-02 -2.4780686959833900e-01 2.5284765108290841e-01 -1.7329191743864841e-01 -1.4317394891289470e-01 1.7279495711496370e-03 -1.5184059845978609e-01 4.5944220408441531e-02 1.7932557625476400e-01 -4.3416815937039527e-02 2.1364517717331100e-01 1.5739127229788441e-01 2.9024935049481621e-01
-3.6467353329504237e-02 4.7085170753417339e-04 -2.0760587660658639e-01 -2.1159694121405789e-01 1.1873445621166399e-01 5.4149677183021197e-03 7.2807334546913946e-02 3.5063858962115280e-02 -1.8918397177867429e-02 3.8629577503566097e-02 -2.2069729337791419e-01 -1.5048600818643301e-01 -2.5850440736902902e-01 -2.0591830580402171e-01 1.2421753789140171e-01 1.6823394947682141e-01 5.8547985508858258e-02 -7.4371374818167968e-02 -1.2757027743804711e-01 8.9541923896133871e-02 -1.2269131385190530e-02 3.3198022960740781e-01 -2.0752213206679641e-02 -8.1062139593861882e-02 -4.9990999799801379e-02 -3.8018257497079523e-02 4.9100209997820138e-02 -3.0158083319222290e-02 1.0534030860234229e-01 -1.9359102149453511e-01 2.0273823763207341e-01 4.4930177755226980e-02 -2.5453439619440948e-01 5.0593331010670581e-02 2.5251509048277693e-01 -5.6022606954956047e-02 2.1171494170180431e-02 -9.3104834235905015e-02 1.1269636167374200e-01 7.0948164180174023e-02 6.1175756889619327e-02 4.2673849205773599e-02 1.6521619440725971e-01 8.1061995782107044e-02 3.7907491572266250e-01 -9.6222958914188944e-02 -3.6279698816437618e-02 1.1299283719518470e-01 1.5925559473019291e-01 1.4651672981672600e-01
9.1680218452062603e-02 -2.8438600820544041e-01 1.9288297123991471e-01 8.4820982519353702e-02 3.2661210240960648e-01 -1.0072801516849270e-01 4.3558684315034318e-02 -8.9914174788079101e-02 -1.1161119027546890e-01 -4.3571742421281867e-02 -1.0051225721469020e-01 -1.9431988600043021e-01 -1.8413972285839669e-01 1.3557324406072799e-01 -9.2259711541325604e-02 -3.7341342381246381e-02 -1.6958999822549459e-01 1.3314855318707300e-01 -7.5991168362522274e-02 -1.1808697471515610e-01 1.3837971563270041e-01 3.7604635996987733e-02 -4.1956035328965862e-04 3.5862028812762729e-02 -1.7329970014269630e-01 3.3714831148300572e-01 -1.5215463181445341e-01 1.5726935436909159e-02 -7.7921265429436865e-02 2.3675951041862139e-02 -7.6667196230990860e-03 -6.0168150846179470e-02 6.0208829728267972e-02 2.2284435656268700e-01 -1.8537907507667439e-01 -1.3571837484474661e-01 7.8777696655806348e-02 1.3673467943908371e-01 1.1498306351170789e-01 6.2289378318016862e-02 3.2119028329633481e-01 8.0653673028210207e-02 7.5470444087172794e-02 -7.0274360331196328e-02 2.6231731822143851e-02 -2.9153120869019070e-02 -1.6483343876677040e-01 7.6961814643291146e-02 1.1305102658623151e-01 -1.8398027134602971e-01
3.0674933379235291e-03 1.1194079528675360e-01 1.1721913570604720e-01 1.7200823925607131e-01 9.6181540184142919e-02 2.9210427935411301e-02 -4.0970650976511908e-01 -1.5568469519189801e-01 -1.4576554670847680e-01 6.3116202416439476e-02 2.2263388794795499e-02 3.3052964429642960e-03 -1.2550423238433209e-01 -5.1776607585233267e-02 -1.3008146503958370e-01 -3.9447395855152717e-03 -1.9707408532613549e-01 -2.4340973034228730e-01 -6.4305765588081765e-02 5.8038307754621432e-02 -3.1980657160562712e-02 -1.5692463825981670e-01 -3.4239784071083752e-02 2.1504183861594370e-01 -9.2963419041121334e-02 -1.7310085803153580e-01 -1.0068681352181399e-01 2.7636731940921172e-01 6.6932780528354231e-03 5.0309212930354640e-02 -1.0805149668114150e-01 5.2904409506781963e-02 -1.8218198085376991e-01 -1.2274360918343870e-01 2.3286409534457611e-02 -5.6617432042926338e-02 -2.0793417568173350e-01 -1.4307024030713891e-01 -1.3455561520430789e-01 1.9001054222096009e-01 1.5805470422288870e-01 5.2582219340977107e-02 2.3260560887515699e-01 4.9771737726941122e-02 1.6417634295393330e-01 1.7693418008021139e-01 1.9988679919741559e-01 3.5281320581445487e-02 -7.6471753770893339e-02 -2.1062606994026491e-02
2.0875795243776949e-02 1.9671074804603389e-01 1.3809603013976951e-01 1.0624396207694170e-01 2.5929083364800060e-01 1.1184347945538710e-01 -1.5776686802585659e-02 -1.6309410980452230e-01 -3.2946226767115210e-05 -2.5379104937334279e-02 -5.2046276843758482e-02 1.4883123462492459e-01 1.8777785366456390e-01 2.3598706564608651e-01 8.0977538137086011e-02 1.5985728550602291e-01 -2.3058282474233949e-01 -3.6523972658058533e-02 8.2234910603434158e-02 4.7470709608912649e-02 2.0330053310266541e-01 8.8454106918747430e-02 2.2861808109011900e-01 -5.6909043674815050e-02 1.1720329512480490e-01 -1.1955376821952860e-02 -1.6512758757987561e-01 -6.3118498599319395e-02 1.1471985341561240e-01 -1.5352837366036901e-01 1.9419700847652430e-01 1.4607706701647330e-01 7.1855572183172067e-02 -1.8894074930955521e-01 -1.2088647031194290e-01 -4.5680125040836572e-02 1.9191346991191291e-01 -1.1570182269347970e-01 5.5012230473865699e-02 -2.9094863059915188e-01 -1.1991311202265820e-01 3.9872016664688828e-02 -8.8238291826997897e-02 8.4349754966770510e-03 1.4796529345140350e-01 1.0528654370627860e-01 1.9531645993820110e-01 7.1012025399261880e-02 2.6604703521900569e-01 -5.4242747818299599e-03
