# CEC 2013 LSGO F13 shift vector (D=905)
-2.4818947309352421e+01
4.3372890523403612e+01
-2.2319800464933881e+01
9.9535011098332177e+01
-7.6959532790475535e+01
1.0225835555456650e+01
1.3152646049732130e+01
-8.9807369242537590e+01
5.4740462464862119e+01
3.9443691410417188e+01
8.9300670126674220e+01
-8.0588827476809215e+01
8.3303161861780822e+01
-1.2444073701109680e+01
-6.6285116706292044e+01
7.6683951962744530e+01
2.3117953149531541e+01
-6.0488292437775392e+01
-9.8797157989164447e+01
-5.0937213863438537e+01
-2.5589899296723939e+01
5.9812201698682621e+01
-2.3906358698236572e+00
9.6387300472564931e+01
4.9004620417579083e+01
1.3941972948127351e+01
-1.4053338439857759e+01
-6.3431853090670472e+01
5.6377001343274372e+01
-1.2645130120180321e+01
4.5023689813203433e+01
-3.9355121856296300e+01
-4.6791301326292540e+00
-5.0174700681484786e+01
-9.3710521570022493e+01
-1.3298975659474220e+01
4.5909816495841262e+01
-9.2347577423928115e+01
-4.1166658805514821e+01
9.5071038512904821e+01
-1.9200607065793740e+01
4.8916871522769831e+00
-9.2558194896069864e+01
9.3964527124401059e+01
-4.8615649969176097e+01
1.7179830428824129e+01
4.5361474520597767e+01
6.7684169402051523e+01
9.8693803063459484e+01
-7.6527968860745332e+01
3.4778992037277220e+01
3.7803740744012060e+01
5.7823504649867189e+01
-1.1058126223886580e+01
8.4364714554239825e+01
-6.1976194556212938e+01
6.4652807478954387e+01
-6.8125930653717020e+01
6.4000359255522037e+00
2.0291749756178039e+01
-5.0111580448849216e+00
-1.2265308905306879e+01
5.4006455482402949e+01
-5.4802074857430782e+01
5.3024153425193830e+01
-2.7926483577580409e+01
-5.4062710696176339e+01
3.1037680042079518e+01
3.6920319439551847e+01
2.6278019159321119e+01
9.3290875098228145e+00
9.0876840859345165e+01
1.1353234083426851e+00
-2.7747457972241598e+00
4.7079282534159610e+01
-7.2642902646049681e+00
8.7537351042930567e+01
1.4297482238663831e+01
-2.9588532626861561e+01
-4.2001700999785392e+00
-2.9987147605890730e+01
-7.1072069889555349e+00
-4.1549888270247557e+01
6.1797920970329642e+01
-2.6181980974916620e+01
8.0153471976153810e+01
9.7197261133706533e+01
2.4116260279455131e+00
-8.6966000765388316e+01
7.6193559780547673e+01
1.8369703597983079e+01
-8.9407255457674921e+01
8.9323753501507838e+01
-1.6760947918045080e+01
-6.2201202225556273e+01
-1.8794447024072941e+01
1.2325963714986839e+01
5.4011267690313353e+01
4.1265896561531328e+01
1.6983394445357270e+01
5.6058414545151187e+01
-7.2663263021550804e+01
-5.1546842847003759e+01
5.9003909944698833e+01
2.4213801231013470e+01
2.9516547453786899e+01
-5.3933378028666809e+01
-1.4696327354352590e+01
1.7359819029476469e+01
-2.1160602657433010e+01
7.5331861230415367e+00
-7.0310270275523550e+01
-5.4209921113693682e+01
-2.9137141618490912e+01
1.4953730254977669e+01
2.3547965048445189e+01
7.3610184294317293e+01
1.1789371242883011e+01
-6.3339588847793209e+00
3.2559377547171842e+01
7.8238677276570272e+01
-5.8477823546592042e+01
-2.0176340400736938e+00
-7.9442218413864666e+01
-3.2245181388128941e+01
3.4760849471526349e+01
-1.5519545263708441e+01
-5.8673445936026480e+00
8.0877884585536194e+01
-6.6392511557767406e+01
-3.7541475324073083e+01
-8.7788681696187609e+01
3.7703160004749421e+01
7.4211737460407207e+01
8.7448127387436799e+01
3.8381108773225783e+01
-7.1259058222355236e+01
-8.7388539043001899e+01
7.9844169947751169e+01
-6.6678573740294425e+01
7.4934186561043234e+01
6.7549304794010034e-01
6.3008442206990090e+01
7.5757211854274658e+01
-1.0187223576996670e+01
-4.3011037945481903e+01
2.2560832403785280e+01
2.2516019502405570e+01
-4.2842116108650977e+01
-6.6373793548678719e+01
-4.8294423061465146e+00
-6.6117582291359781e+01
-4.5296055533191733e+01
-9.8905815596266251e+01
-9.4863334216557845e+01
-8.2318388454395262e+01
-1.4163585450278079e+01
6.4162001675944552e+01
-1.1912054525109440e+01
6.7883932926929958e+01
2.0960847414344091e+01
-6.4527560995858508e+01
-5.5489882353018789e+00
-7.2008387206561508e+01
-4.2522440612709403e+01
-4.5550531939428121e+00
6.9768852811987273e+01
-1.4833245901345731e+00
8.5141035246191166e+01
-2.9582255939052140e+00
-2.5559089709780931e+01
5.2760646574107319e+01
7.8291698223769629e+01
8.7402603878799834e+00
-1.6033283832842280e+01
-1.9578511793094059e+01
-6.1819084371140740e+01
-7.2187582976342782e+01
-9.0852088294511302e-01
-4.1752837557972242e+01
-9.3364602928870170e+01
8.4999387174723054e+01
5.2923077313946173e+01
4.8490147004574212e+01
-4.4716127282087029e+01
-5.7458065517814852e+01
-6.5808872006382273e+01
-5.6840151511354698e+01
3.5094484362798603e+01
-3.8055166453868146e+01
8.7165402768979959e+01
8.4562684210839791e+01
-5.1539702356737159e+01
-5.3354341424550427e+01
4.5742100460795054e+00
-2.2161464379587439e+01
3.3330276093622643e+01
-4.2901153724133671e+01
-9.1197133050803547e+00
-2.3390104171753610e+01
1.2801852205221429e+01
8.3647446840979555e+01
-6.7843069753848923e+01
5.3793298268980054e+00
-6.7667980909794219e+00
-5.1738896167810564e+00
4.8596378178738142e+01
1.1345999565900211e+00
2.0609760603539460e+01
8.2399565979721700e+01
-2.0174652461705520e+01
-5.4253195417682967e+01
9.7646847874779368e+01
-7.2583249948119033e+01
-2.5284423541667621e+01
6.7667598316844817e+01
-8.0232555925763037e+01
-8.0605335198613844e+01
5.1965526747020157e+01
-8.0394448133408915e+01
-4.0729590506565657e+01
-9.9388036573246623e+01
-3.2924038001014907e+01
-9.1053172101135530e+01
-1.8039347477308599e+01
8.3889494897087459e+01
-2.4003529766123659e+01
-9.0669833382434845e+01
-8.8868188124561897e+01
9.7219950679719638e+00
-3.7998988272477348e+01
8.2929808926665860e+00
1.4798648426933489e+01
-9.0842873284554457e+01
1.5008288717473111e+01
4.6488682945914043e+01
-2.9190959818917189e+01
-4.5584311207283733e+01
6.9822278483794671e+00
-9.0152627700208647e+00
6.6447842982417626e+01
2.0134464229879150e+01
6.6130256174566817e+00
-3.7500968608438228e+01
1.2116407245161350e+01
7.8814305543595736e+01
-7.7047378463916161e+01
-6.2731474801659218e+01
5.7559124224282662e+01
8.8825343478001209e+00
9.2867060261050895e+01
-8.4370770213241784e+01
-5.0901897231904798e+01
2.1799796751873881e+00
9.1442402478164951e+01
-1.7853913303123491e+01
-3.7713934988634730e+00
-9.2416174858360137e+01
6.2796577502577344e+00
5.3511459560966678e+01
-4.5571236663717222e+01
8.8459736126359161e+01
-4.7203790543450722e+01
7.1133488703243213e+00
-2.0646023531053469e+01
4.8923752146615822e+00
9.5089076009470102e+00
6.0327956318835056e+01
-6.4539096891520572e+01
-7.9882625821737108e+01
4.3079257871667977e+01
6.1490409714977403e+01
2.7208862652859580e+01
1.2821437163999930e+01
-4.0598872781898031e+01
-7.4736240896600265e+01
4.5297910246811327e+01
5.7285198170592778e+01
5.7902196574267357e+01
1.9109948482413181e+01
-8.4260906550502668e+01
6.8980320108155411e+01
6.4322438067652769e+01
-5.8489688928249429e+01
1.3286250646733500e+01
-5.0254670834670536e+00
-9.2818714330606142e+01
-2.2239510106602481e+01
2.2281660756411249e+01
-4.6307566133880933e+01
3.1670801741474129e+01
-1.3835540376305779e+01
2.0598942366347539e-01
-3.8876383675455862e+01
-9.5754144627740928e+01
-5.8798991851800189e+01
-6.0961760423868249e+01
-4.9905570318834677e+01
-7.2151718069612329e+01
4.3523536781070923e+01
9.5566382339907534e+01
-3.4941004616820898e+01
7.7928346312642233e+01
-7.1203072268032457e+01
5.5420682435087841e+01
-6.2724949747816027e+01
2.0806268827818371e+01
-3.1469930763243021e+01
5.9135347478834447e+01
-4.7017644149032334e+00
-1.5697362235722900e+00
-1.6527788756276269e+01
-2.5532379307957889e+01
-7.7234810840065364e+01
-1.1873059759038551e+01
9.8347280825063649e+01
6.9069301907782119e+01
1.2099873986305660e+00
-2.4659562753694360e+01
-9.9551205126250252e+01
9.6871419714915604e+01
-3.2379033452002389e+01
-2.8811397404836079e+01
-9.7164976937510289e+01
-2.1620883081956698e+01
5.4612526169213538e+01
2.5313135922237141e+01
-3.6456532032223180e+01
1.8125024232111580e+00
1.5341695970308241e+01
-1.8881166615788398e+01
-6.3334126295200612e+01
6.3430675117198788e+01
9.4365844972886677e+01
3.6020552220051343e+01
-8.5917625670923485e+01
-3.8159938006261818e+01
-4.0576448474298253e+01
9.9841338703554605e+00
-1.7516471450291110e+01
2.8234960645147169e+01
7.3112458564866984e+01
4.4411635635264261e+01
1.5069708120743000e+01
-1.0827830397072919e+00
8.9975658000939745e+01
-2.9762803293119280e+01
6.1194972833285163e+01
-4.6086909760915738e+01
3.2389395071755501e+01
6.0412872543886387e+01
-1.1223667364455300e+01
4.3647926256618163e+01
4.3503723158387352e+01
5.2465141034834559e+01
-4.9978573701569353e+01
5.8904001636041897e+01
-9.4961501169237707e+01
2.2890588310747969e+01
6.4115073554770831e+01
-8.3374747515749359e+00
3.1033731954713211e+01
-8.6436089778476415e+01
-4.5985268497006153e+01
-2.5985054973268898e+01
4.3356984081245841e+01
-7.4155539130192611e+00
-2.4246737779237559e+00
-5.5233723329145221e+01
2.3999492273820330e-01
3.8403872233656301e+01
2.9177690044036989e+01
-6.0096305890835431e+01
3.4295685818880898e+01
4.4883798565107547e+01
-9.6362546243550767e+01
-9.9292158634129606e+01
2.6291595095160961e+01
-7.0017675754872517e+00
9.8434088319497135e+01
1.4477677948096691e+01
-4.9233953554294843e+01
-3.6048370615700669e+01
1.0524001907339221e+01
-2.5444639791595758e+01
-3.3002628189681403e+01
-1.6904824491862819e+01
-4.5701336393931228e+01
-9.8224499460020439e+01
-5.1336274287741936e+01
2.2625536818180521e+01
-3.5560576899183673e+01
1.3879677383379641e+00
2.3544239076938169e+01
-1.9892694880678420e+01
3.2958012826720498e+01
6.7167969536170014e-01
6.2634536866229887e+01
-6.9018026833158672e+01
4.4551325557322258e+01
5.4456382382928687e+01
3.0154408732114462e+01
-1.9025931324684532e+01
-2.6835904948379639e+01
-8.8248405042838698e+01
-5.8541084917852046e+01
4.6456437801747001e+01
-9.8829717073414855e+01
-3.7372934409436184e+01
-1.6331939251348291e+00
1.8962078735804852e+01
4.5068547385066807e+01
-1.9150078746587159e+01
-9.3201182941461596e+01
-2.5002970011632321e+01
-3.2414934057337000e+01
8.6086178903532073e+01
-4.2805038397829030e+01
-1.5451192045755430e+01
8.7810533429228983e+01
5.9766552037555989e+01
-3.5371611644422330e+01
5.0347814393441141e+01
-4.1094181092787217e+01
1.5625790366818291e+00
3.1451648663490388e+01
8.8417606013319329e+01
-2.6946883716844081e+01
9.6151705359456002e+01
6.5051445239519808e+01
-5.2012185309002653e+01
-3.5773617192593470e+01
9.1147309133774215e+01
4.4745207626828318e+01
7.2655642466328985e+01
3.7876107968436572e+00
-1.3761150302054901e+01
8.7992285508322738e+01
4.8702929768636977e+01
4.3810014918612659e+01
9.1686251978398602e+01
8.0831298460223167e+00
-4.3957105069607358e+01
2.4540835541457401e+01
3.3504306153176998e+01
6.8347341253475307e+01
-5.4110118739650190e+01
-4.9936604226236533e+01
-4.6242632144905009e+01
-8.0383974457057647e+01
-1.4588708568610169e+01
3.0952735171470419e+01
-1.2010580489143340e+01
8.0113823367211509e+01
5.1689665552831762e+01
-1.1309094636179161e+01
-2.5460709114560160e+01
-8.1622225975024548e+01
3.3695526094066707e+01
-9.3603714671239516e+01
-4.4611892592692000e+00
-9.9201819150795956e+01
6.1780135386386313e+01
7.4025339732525339e+01
-3.3054211412146550e+01
-8.9435127641262184e+01
5.4339938263955197e+01
5.6566607610909067e+01
3.2812932061091580e+01
8.6259340095743880e+01
2.3970074054610588e+01
-6.3874925576382260e+01
5.2415399659997117e+00
6.3894945280417943e+01
-5.6538191830372767e+01
7.1334522808588886e+01
-6.5299778853438099e+01
-2.6934031981216581e+01
8.6946391661501039e+01
5.6495832594730231e+01
1.8617276189072161e+01
5.0658804714667497e+01
-2.5738356977050220e+01
1.7869689254894642e+01
-1.6674387922201119e+00
1.6888558123198059e+01
4.3463466989657647e+01
7.2944351992813921e+01
-5.9906941500574753e+01
-9.0527733400859077e+01
-3.8463679327662803e+01
1.5497853546956460e+01
1.6685047740870179e+01
8.1561692019899859e+00
-3.9178427216516898e+00
-2.5051577353209269e+00
2.0457575454869449e+01
6.0697116311113277e+01
-6.0138155338417228e+01
4.9493061758743707e+01
-1.8514414772399689e+01
-3.6251895517548128e+01
4.4777119692999918e+01
-6.0367700932346402e+01
-5.9881794041099838e+01
-9.9032595492591923e+01
-4.7511629016599727e+01
-6.1471707127270918e+01
9.0591780066352527e+01
8.0811152076326763e+01
1.4863163405934269e+01
-9.6395196822636791e+01
-3.9762228171543278e+01
-8.8377524074400355e+01
3.2087826877095708e+01
-4.7230138949496776e+01
-6.3645009188102051e+01
-1.8921471803760630e+00
-8.5841544102154870e+01
-3.1978870044388992e+00
-7.3566695669021760e+00
3.6513533808965782e+01
1.1767666898747731e+01
-2.7659053979727869e+01
-7.5417605440689556e+01
1.6061575068410221e+01
-8.4447993199363864e+01
-5.3468263212267367e+01
-8.5627841736336109e+01
3.4713312309861223e+01
-3.1214925728315968e+01
-7.4093138045745491e+01
2.8618256631534951e+01
-7.8584843171682834e+01
3.0973294082405619e+01
1.9880200727288681e+01
2.2357410293149670e+01
4.8273792152177663e+01
-3.0147243993247091e+01
8.6445092989858125e+01
6.4018348789885366e+01
2.9208776315490692e+01
-4.9750281022082653e+01
-5.3898011970080340e+01
7.7157958966545799e+00
3.6233613433310737e+01
-9.1799950958421618e+01
-9.5919869823245961e+01
-3.7938844677940182e+01
-4.0853289990848509e+01
2.7632633692465141e+01
9.9289530310438053e+01
7.0824362545037374e+01
8.2335999432880813e-01
4.1614009986073808e-01
-2.0693256776605640e+01
-7.0233750922642827e+01
-4.3052406222671236e+00
1.2441952779260520e+01
3.4344271520501039e+01
-3.2863145029343448e+00
-1.1055903205031139e+01
3.1731350000516828e-01
8.4213602928261409e+01
1.2927359749466630e+01
-6.0984275150526237e+01
-4.1578378227930699e+01
-4.3601099241276799e+01
-8.6792254780062038e+01
-8.3447313719643162e+01
-5.6448637374587648e+01
-2.2191249941375101e+01
1.6458531445050600e+01
9.9793897856694286e+01
6.3166686114328932e+01
-5.0834628443556923e+01
-8.9199337347870397e+01
-7.1968223159873066e+00
7.7656883896222695e+01
1.1765211449380340e+01
4.5743054402776977e+01
7.2051243695910586e+01
-3.7472772960836977e+01
-5.6034157522900912e+01
5.3167036297388812e+01
8.7275985082556545e+01
6.7954194944407504e+01
-5.8431269651081283e+00
-6.9340198872074637e+01
-1.5828042359068620e+01
5.3224454701783571e+01
4.7102502516461847e+01
5.2640888783067552e+01
1.5666031632793571e+01
-5.6759340808973633e+01
2.0035745106589719e+01
3.1310405099435279e+01
-9.8082737683221339e+01
-8.6715546210032656e+01
-4.5081538898313120e+01
1.1994299015785479e+01
9.8208167491181769e+01
-7.0991005936917787e+01
-1.3608630277383510e+01
-7.4228489988877982e+01
1.7283496724849719e+01
-7.8304178644742080e+01
6.4460892084101403e+01
-6.2342277970904547e+01
9.5410437573708435e+01
-4.0586975171431718e+01
6.9271298408646643e+01
7.9355897652436518e+00
-7.9539139315582048e+01
5.0030823465582984e+01
9.9218277147096785e+01
-8.5886039647821661e+01
3.9308759366266479e+01
-3.6365403662319743e+01
-1.5268965499404629e+01
1.8224388486391060e+01
3.3111805631539241e+01
5.8786287042930731e+01
4.3087337102576853e+01
-5.2732562800841052e+01
-1.0814876474917270e+01
-4.3250238564083048e+01
-4.0023036145265053e+01
-5.0782348818815088e+01
6.0476657302502574e+01
-6.8710109052926356e+01
-2.4452526818182939e+01
8.5345574809366710e+01
9.6513493036492036e+01
6.0392971938554943e+01
-6.6159332202003966e+01
4.8125375285418713e+01
8.7700433616733235e+01
-3.6236411516026821e+00
8.9249228535964818e+01
6.4953345787698396e+01
3.5954637109412083e+01
4.0904778922621503e+01
9.6274066481802350e+01
-1.0877644547200701e+01
-5.5581831993443898e-01
1.7964608549555070e+01
-8.9028538658402084e+01
-8.1976672560373871e+01
-1.8976316406651609e+01
-4.7556860950562282e+01
1.4703873338195800e+01
-1.7148700373984290e+01
4.6816749814677454e+00
-5.2868312115321750e+01
1.5214868718668320e+01
7.6414856675843197e+01
9.3721056779136058e-01
-9.2859799032313731e+01
5.8204884431155037e+01
6.2331694879288953e+01
7.8065427245534252e+01
2.7892303010273420e+01
-7.6203733409403696e+01
-6.3952317553327077e+01
-3.4621549420275713e+01
3.2137592616791324e+01
5.7953390403465278e+01
4.1847623891939442e+01
4.0320013934869500e+01
-9.5602132565724673e+01
-7.9513969351652449e+01
6.9929326813886561e+01
2.2521242969808220e+01
-3.0914815588569748e+00
1.2314901513324450e+01
5.1877355747868252e+00
3.6698057848287370e+01
-6.1142145298133912e+01
9.5088843650592864e+01
-1.9759384084763809e+01
-1.3168732724831139e+01
5.2231559973615717e+01
8.3751766949464695e+01
7.1561272776758827e+01
-9.1870999506463747e+01
-5.5799904417183143e+01
1.5379434266625720e+01
-4.9813841023837826e+00
2.0188061743685701e+01
5.6792613422186697e+01
-4.0636048028774098e+01
3.2025025610502823e+01
-4.6379311991093140e+01
-5.5033740025743050e+01
6.3767402879251343e+01
-5.9481061213067674e+00
-7.1032876785526568e+01
-1.1747066181521850e+01
-7.0979102597588778e+01
-1.6833236993490610e+00
-5.5190526605274570e+01
4.0617381574858300e+01
-4.0178874753461002e+01
-2.6993336625939381e+01
-5.5466841130321008e+01
1.2453488078649970e+01
6.7934189623951609e+00
5.7503434806755671e+01
-9.7915819698465285e+01
9.5192792701888919e+01
4.6139047500849109e+01
9.0605854610707382e+01
1.6736540723612350e+01
-2.9314053750430670e+01
3.2332672993971421e+01
3.9420007064248949e+01
2.6823623635576470e+00
-4.7151573512074538e+00
-3.5690436969880270e+00
4.8407707265126128e+01
-8.2162191089360505e+01
5.9251400106428612e+01
1.3241652851541071e+01
-1.0565647396679401e+01
2.7471815347734331e+01
6.9915575995673720e+01
-1.1870236260899039e+01
-4.2600834075618921e-01
9.1138052353804937e+01
-6.8970648858888168e+01
8.7424598983339465e+01
-2.3674899319702270e+01
3.0388277593131079e+01
-2.6455365343295551e+01
3.3018909911690727e+01
4.9232059998566477e+01
-5.2558682782438012e+01
-2.6842695121856941e+01
-3.1261271018537890e+01
2.8693509965221029e+01
3.9348728275021287e+01
6.3854259107772101e+01
9.4927032401323089e+01
-2.0191996172604110e+01
-9.4706378276703873e+01
2.1355344944958642e+01
1.1352319529286230e+01
-8.2502050193270335e+00
-5.5578044779732629e+01
-1.1289320139132080e+01
4.0006984037156883e+01
-4.3338003378793687e+01
3.5635500129357510e+01
-8.5880189193434077e+01
-2.7746849237279100e+01
6.3438562239726423e+01
8.5976547682689784e+01
5.5741046912558602e+01
-4.3261296337856727e+01
7.0275826048493244e+01
6.4197143615482126e+00
-9.3342056782110490e+01
-6.3827536532011663e+01
7.8528169129041601e+01
-5.1372207679817663e+01
-7.1485032129606424e+01
-7.3320114814319552e+01
-8.7047818463244937e+01
-4.9800419356214917e+01
7.3642482412742098e+01
-3.0097973316489750e+01
3.1564305263452081e+01
9.7182655220085252e+01
-9.1246452054654895e+01
3.3863720423500419e+00
1.6277387107963779e+01
-1.8746354157701589e+01
7.9236381040117095e+01
-8.8544521890904377e+01
3.9252369566619688e-01
4.5671319804226279e+01
-7.0289362684161219e+01
-3.1451551505203739e+00
-6.4283089445691218e+01
6.1187678970783409e+01
4.0679427323629440e+01
5.4755359590621858e+01
1.6130949044197930e+01
2.8128882913048670e+01
-7.4781892963998689e-02
5.6034597557402130e+01
-9.4389543174040327e+01
-4.4175268552009172e+01
2.7273308922404588e+01
2.0863486788866830e+01
-7.0194877233854015e+01
-2.9894288516533191e+01
2.7758785550492568e+01
-8.1371733956846171e+01
-2.1363415741613181e+01
-6.0790654860449557e+01
-2.4548378061324250e+01
-9.8177517140761282e+01
9.0511858575463663e+01
8.5495440180367843e-01
2.4646278113088240e+01
8.0458916880292279e+01
-5.3350916807374702e+01
-6.8556215311574448e+01
9.2468894896941443e+00
-6.9343395606127629e+01
-4.6377026254241173e+01
-2.2608308048009231e+01
6.6512518491357353e+00
8.3172032183354332e+01
1.3699072912687511e+01
-8.6427913061435433e+01
-6.0853098756165743e+01
-4.4941902425168607e+01
-7.3403548702557615e+01
5.0496059443665260e+00
3.4589424535510730e+01
5.8097986359067200e+01
6.3983943296543288e+01
-3.6327796424348342e+01
-8.6055979397208748e+00
7.9857529363477582e+01
5.9138427634700378e+01
-3.2732117587321987e+01
-1.7757755161360379e+01
-5.3551048739063567e+01
8.2057044427892663e+01
4.3866708309842153e+01
-4.4303934192281297e+01
-3.6524232515292603e+01
3.5650763704508478e+01
4.6243730654389573e+01
-1.5377490768853720e+01
-7.7273258912750578e+01
5.2012464725951681e+01
5.4984543472870342e+01
-4.4021083677810140e+01
2.2517654910936930e+01
2.9161239458791599e+01
-9.2282628392162096e+01
-4.7382851824066897e+01
-7.0609501574192620e+01
1.8060440027712470e+01
9.5719054015487171e+00
9.7310820155485871e+00
9.2271247843042715e+01
2.3215321409938512e+00
3.7029254040970663e+01
-6.9481943327099586e+01
-1.4519620070295730e+01
-9.5803347633566233e+01
-4.5866748747670997e+01
3.1418694641707670e+01
7.7881975658392577e+01
-3.6034180737483659e+01
7.7698644858182391e+01
6.0043081182564507e+01
5.7191513561268579e+01
-1.9534509932767609e+01
8.6103061043256190e+01
3.6747160427270600e+01
5.7238451272519706e+00
-5.3473387596970483e+01
-6.9242025450503036e+01
9.6405350811263290e+01
-8.1616136395200023e+00
-8.8999291051432053e+01
6.6904648525840955e+01
-1.8321514462105551e+01
3.0719144250017109e+01
-6.3554933309173919e+01
7.1108081376111558e+00
7.0928215945420177e+01
-4.0222959851461852e+01
-3.5633590712687173e+01
-3.1048151611699350e+01
-2.9512430680547812e+00
-5.6576572415004712e+01
-2.4849646735197378e+01
7.3679559651944487e+01
-2.1065365718650622e+01
-8.7285051655370296e+01
-2.2735320848795130e+01
-9.4597411808761763e+01
7.6348415057206097e+01
3.2471338567212861e+01
-3.8883437493651712e+01
9.4418312775044598e+01
7.5184080478033437e+01
4.7418931162872632e+01
-7.1972811607704230e+01
8.3163102131975180e+01
-4.4687503609310028e+01
-7.5453482528432431e+01
-2.0332504332763111e+00
6.1893496763755472e+01
2.2912009138787159e+01
-9.7270500046019635e+00
-7.5000008294172503e+01
