# CEC 2013 LSGO F13 permutation vector 0-based (D=905)
302
759
390
531
743
190
599
710
488
480
855
339
432
769
535
298
89
282
196
310
214
856
370
815
291
406
476
40
307
179
646
810
551
363
237
344
223
585
256
60
782
606
286
241
111
136
825
557
25
666
556
222
87
651
560
894
438
623
578
408
713
541
47
91
861
403
216
539
574
579
388
32
41
708
44
353
392
778
675
637
663
724
681
395
76
357
183
751
95
21
293
262
280
477
634
461
200
714
644
865
883
434
691
780
72
478
631
512
875
590
805
6
336
597
225
676
176
191
793
242
787
258
818
593
665
193
96
729
881
890
605
711
412
330
93
430
608
603
16
109
126
142
213
613
542
543
272
177
194
604
160
361
168
355
119
151
246
617
210
487
82
614
322
121
772
18
904
456
860
163
635
580
8
239
785
892
53
806
598
24
858
506
20
77
59
268
171
900
189
828
647
833
290
584
489
891
794
139
19
391
725
510
110
753
312
450
270
775
447
693
39
475
834
261
562
786
221
283
594
629
474
609
0
224
313
662
254
789
27
234
520
289
554
768
92
52
342
306
882
811
784
146
498
726
120
695
2
439
263
668
351
667
451
123
707
311
698
877
816
897
46
418
354
304
407
653
211
803
188
699
548
619
470
616
43
640
207
611
348
67
7
742
760
217
368
273
462
673
219
550
155
116
817
373
352
303
45
23
83
309
64
738
94
757
55
421
717
700
231
652
863
156
522
279
826
529
358
795
218
899
690
378
567
568
140
739
835
332
131
17
657
393
814
81
902
366
105
564
238
235
79
840
628
685
553
56
702
838
233
215
195
431
851
867
528
335
240
75
428
385
130
397
538
684
159
327
285
576
642
472
164
301
752
704
876
871
467
34
621
124
180
583
747
416
767
389
340
145
13
463
525
244
212
42
812
380
532
251
398
162
792
884
600
74
199
868
601
495
688
484
783
203
294
356
88
872
65
192
359
343
837
493
371
530
843
466
537
781
323
69
716
777
824
400
516
424
808
764
853
715
465
271
61
750
756
842
626
866
349
35
135
514
736
524
679
709
182
779
259
758
387
455
287
755
442
423
473
847
727
230
243
413
592
381
720
658
762
173
440
331
247
204
878
503
683
205
181
48
201
566
807
790
507
12
602
862
382
410
804
30
112
11
278
610
409
36
643
659
269
893
257
106
719
496
615
9
265
147
245
570
563
70
641
501
441
701
295
37
33
236
253
696
383
595
150
721
148
186
903
84
527
73
521
661
533
841
771
763
292
457
733
396
577
405
427
274
848
345
63
433
544
575
422
319
582
854
296
518
267
898
802
770
587
232
228
830
901
314
654
809
555
90
523
102
394
519
68
526
749
153
85
546
620
362
648
346
485
801
187
482
497
402
509
328
895
660
552
822
680
730
220
50
80
15
625
429
57
697
333
133
288
127
832
209
458
62
255
737
549
479
798
508
674
10
58
118
588
99
754
300
226
132
670
686
26
612
316
113
517
618
260
589
49
436
765
591
308
547
454
3
415
157
788
887
129
791
559
264
499
445
444
86
138
511
275
873
384
198
337
586
844
669
515
29
723
401
671
874
379
672
632
325
1
740
687
745
315
281
766
627
460
100
326
174
386
664
607
158
636
846
678
134
276
746
800
115
624
492
896
797
185
367
208
502
888
885
350
565
277
879
284
14
836
249
536
305
694
682
645
829
558
250
880
172
650
98
464
639
773
425
849
453
545
411
167
776
22
437
299
197
165
143
166
419
149
128
452
655
399
839
572
97
141
107
596
471
706
122
318
104
364
852
170
375
227
734
443
677
144
347
414
417
317
732
656
108
534
229
569
5
435
449
573
469
744
630
505
178
741
633
689
369
266
101
718
202
494
821
38
692
152
161
329
448
175
796
886
864
500
748
831
504
341
31
404
377
581
561
169
114
774
722
320
638
823
426
857
184
248
334
78
481
71
483
513
360
376
712
703
850
103
491
374
705
819
859
297
54
827
365
731
845
490
761
649
206
117
813
468
869
324
372
420
252
4
799
735
571
338
459
820
137
154
51
446
728
540
486
28
321
66
622
870
889
125
