8.667817118449172575e-02 -2.868408898312780897e-01 -4.001946148633691441e-02 -2.045029826767831294e-01 -2.656081127910006612e-01 6.294465252131485611e-02 -1.313744025585792015e-02 -1.217178692348822311e-01 3.366170218394704677e-02 -8.163122630332435422e-04 -4.408443279737906534e-02 1.652771463050032030e-01 -1.556095032830054903e-01 -1.375600389478291996e-01 2.521516762565428338e-01 1.880521337363205980e-01 -4.598566453972641188e-02 1.612631805205723134e-01 5.100058796424917773e-01 -3.654749676884638809e-02 -1.353105958430796396e-01 -3.721606846844608962e-01 -1.425976684744483525e-01 -1.698038500292745889e-01 5.021024019316026182e-02 -2.739594690921501874e-01 1.552483532248064013e-01 5.825338771733001159e-02 -1.761848472991887297e-03 -6.479258356386329021e-02
-1.555718310440918073e-01 -6.708143228827931348e-02 -2.110392348659236306e-01 -1.496225344635863375e-01 1.951122682167362732e-01 1.300678200262277151e-01 -2.772867371812454684e-01 7.306997053756925098e-02 -2.009845338514358870e-01 -1.476818940609206376e-01 4.498142200762788451e-02 -2.819319633695165361e-01 -1.052160209582594236e-01 2.088063262902273842e-01 2.187181066567091270e-01 2.142842310803423633e-01 -2.320185915614630390e-01 9.266940604055413921e-02 5.326621847943466270e-02 -1.261085984199374239e-02 1.128055048656550069e-01 3.113871735304509225e-01 -1.102550086236057658e-01 2.080315530478655806e-01 -4.818362601940391621e-02 -3.477950024589910871e-01 -2.030630691783760766e-01 2.071566442074603553e-01 -1.924874505827425808e-01 2.619381064263733277e-04
-7.748804297452006884e-02 2.623659178864214403e-01 -2.718971877712135221e-01 2.904063847805021248e-01 -1.673517074745125774e-02 2.243913176029125600e-01 -1.292175752933055199e-01 -3.207767622007221542e-01 -1.737187898792545704e-01 2.474401546252448514e-02 -9.975348610500520130e-02 -1.303426511610358274e-01 -1.018651442988382089e-01 -3.654692089154054635e-02 3.992818918606150930e-02 -2.380859986471616507e-01 7.619109273934117355e-02 -9.724744231138597594e-02 9.552784852424164863e-02 3.369684673947873077e-02 8.714421837083688449e-02 -1.145936425275019405e-01 2.509898082173523878e-02 -3.610923132426089865e-01 1.692370536817533189e-01 -4.482825142855056261e-02 -3.361636110853552517e-01 -2.896321242269563750e-02 7.717651655003270050e-02 -3.758045522425244034e-01
2.360613258632283593e-02 1.903642249297204658e-01 7.832486136146568634e-02 1.688449877721423867e-02 2.907504379733637512e-01 1.938063120449266732e-03 2.548260397954759116e-01 3.838124006408903388e-01 -5.357563999594650191e-03 4.276449214898483259e-02 -1.090283789301256939e-01 7.116465297093327314e-02 2.609037739995211935e-01 1.094454522136339980e-01 1.392676329814227509e-01 -1.559706393768897636e-01 -3.860246449200492591e-02 -1.911803743560922808e-01 3.489368859686120539e-01 -2.418924737936078428e-01 2.211266386039427156e-01 7.390388154875789095e-02 -2.076776141953232679e-01 1.378299717627552018e-02 2.751152923613223167e-01 -2.041316181835642618e-01 1.313940511073160289e-01 -7.780057733235985762e-02 2.213833056071164984e-01 -1.083615292497455557e-01
1.322128111716962262e-01 1.029878619111856686e-01 -4.375758188153106021e-01 4.831021834568474671e-02 -5.233318759565142031e-02 -1.640779339557924266e-01 2.301791708676093062e-01 -2.443906199243554289e-01 1.132665146758715796e-01 5.377703321842251111e-02 -1.701922547332318236e-01 2.874894324454501104e-01 1.664165942123504438e-01 1.400118685319551304e-01 1.089766827294599838e-01 -9.323624686933690286e-02 -1.146981150787621390e-01 -3.083477620446323786e-01 5.311558263260380414e-02 1.202870703753870507e-01 -1.549903292454650749e-01 7.230640633229191983e-02 3.567574385666690689e-02 1.103827123061781601e-01 5.006062385715225049e-02 -1.427305704678057119e-01 -8.783935557253780280e-02 -1.946175155167980189e-02 -3.891375235255900567e-01 2.998357874894348463e-01
1.239121950089661084e-01 -9.336550083748570983e-02 6.667344779882358741e-02 -1.636833934525249168e-01 -2.067967311669263453e-01 -9.412542967621086165e-02 -3.484842634886847201e-01 -1.112323564866235515e-01 -1.385034360485144223e-01 -1.590822090016881518e-01 -1.201789889974244907e-01 2.096842320206273591e-01 1.275064955495735786e-01 -1.506798694089854784e-01 -3.062027436531369329e-01 -1.056549514463975548e-01 1.055375629021868683e-01 -2.014729285983312967e-01 -2.045428983962948189e-03 1.576491831100820529e-01 8.833831067406817950e-02 2.350043131061574364e-01 -1.258028069456325615e-01 1.341187677125135480e-01 3.938397794792198869e-01 -3.685356881952525643e-02 9.970318039698609913e-02 3.923527835743620407e-01 1.046508587344187474e-01 -8.793962582801038985e-02
3.111157695536207468e-01 -1.886116719751764481e-01 -9.766172291767633018e-02 7.365556502206965783e-02 2.249261122331174256e-01 -1.849925090630452351e-01 -2.116703343945839366e-01 -2.322794586885689461e-01 -9.683807519238703254e-03 -5.722139377427933049e-02 3.992180432596061923e-01 -1.344415973155973776e-01 3.396665475712830340e-02 2.682182881487126802e-01 -1.105925711253030914e-02 -2.611207854223931979e-01 4.270297903790735289e-02 1.099476506053357061e-01 -2.558928687971298230e-03 -9.322936819392925456e-02 1.493567281229418731e-01 -2.605401646005842814e-02 -5.680577324787384336e-02 -1.457385029800792875e-01 1.065579830929752753e-01 5.821224990603397764e-03 4.228248864169870669e-01 -1.643045965941623276e-01 -2.356988518963283874e-01 -6.400251118042310505e-02
2.413325468483054903e-01 -1.723862227593641050e-01 -3.520932333028135020e-01 -1.085048440969014621e-01 2.126743510791607172e-01 -1.457164148971250850e-01 5.726063951010918612e-02 -4.613258698036949018e-02 4.633794231727937640e-02 -1.876523953556730531e-02 -3.220517313887342192e-01 -2.273612781230186994e-02 -7.080537702351540064e-02 8.722545472929739419e-02 -2.004182327116953433e-01 -5.663922168240266564e-02 8.290274677899692191e-02 3.072738416039144660e-01 -2.372690693074666901e-01 -3.291561347835319715e-03 -7.665782541503035619e-02 -2.206891889536395646e-02 -1.036221384756118302e-01 -3.599377328790403369e-02 -5.293349909533878045e-02 -2.581588828260427682e-01 -9.134098588027987631e-02 -9.509066750291858550e-02 5.153754795579669201e-01 1.151430151892655906e-01
8.314227048668398901e-02 -1.261807599531321045e-01 1.800460559616182121e-02 -2.538542854481253830e-01 2.809961445367730737e-01 -1.276206302423623373e-01 -2.016547462731639317e-01 1.205356282345829561e-01 -5.298175202402218703e-02 3.825854449485929787e-01 1.895928402248707734e-01 -1.370991107658705022e-01 -1.346774162923121965e-01 -2.159898044055687250e-02 4.476856984871717404e-02 -3.074278832097532103e-03 1.220374382753303955e-01 -5.267922641185728283e-01 -8.261263395609437510e-02 3.020323629718492733e-02 -1.888556415087515594e-01 -3.665941690228144423e-01 -5.361896771881069501e-02 5.036193957961527384e-02 5.149665112251131105e-02 -1.261061187411597999e-02 -2.245258987049355004e-01 5.605523996317985508e-02 5.675348287872289399e-02 4.718536184581356707e-02
-1.718488496399581400e-01 -1.024478651164302950e-01 -1.147063939109911057e-01 -3.559620979104441071e-03 3.972944346298140639e-02 -3.472753050038738243e-01 5.265307963961671223e-02 1.240834818744216417e-01 -1.397880900965690898e-01 -6.203438101295375567e-02 -1.936639386474195770e-02 -8.837957411248494044e-02 2.252543317706143244e-01 1.162596262334816832e-01 -2.406874867181083844e-01 2.609955401287403221e-01 -2.384596738998613907e-01 4.004821178955044131e-04 1.248311132486218111e-01 2.846562624107314837e-02 1.467950093438145920e-01 -1.116163089471425979e-01 -5.509699045357482200e-02 -5.522247165884530684e-01 3.283313730733077029e-02 2.578608713686202369e-01 -1.211379724800955016e-01 2.202060608090411487e-01 -3.006314565524411883e-02 1.941247082518527123e-01
-1.987217354680362036e-01 2.172316023037491883e-01 1.796201385874629242e-01 -1.674517311511130799e-02 1.389529550159534499e-01 1.710087228378694979e-01 2.390470748805543499e-01 -2.624767079541195369e-01 -3.117337447622995916e-01 2.867660992866025160e-01 -2.151533879591065873e-02 -2.133619126399362298e-01 9.068993003749968237e-03 2.934330364639272173e-02 -1.124272045347946974e-01 3.391148886109352639e-03 -2.634141429521615410e-02 1.918338218742711154e-01 -4.700344201328211097e-02 3.262366503158234954e-01 -7.843101896726549505e-02 -1.506673911520476916e-01 -9.335024699490158950e-02 5.513961215463708543e-02 2.505584151821961814e-01 -1.617965033416789156e-01 3.012678997884890020e-01 1.232890523416963480e-01 -1.277249092140996488e-02 2.921805730063625206e-01
-3.900986431370885299e-01 -2.204569355285530552e-01 -3.522832834880142063e-03 -9.221591604467146985e-02 -4.596524717474970712e-01 -1.269012883398487612e-01 8.083430831818830264e-02 -7.266008494682099118e-03 -2.379823924984609540e-01 1.613861051013605052e-01 7.822674295572429326e-02 -1.152622671751152598e-03 1.300759771512985108e-01 1.861336808990427250e-01 -4.506069463111157108e-02 -3.704375072921724521e-01 -1.955020493448402508e-01 -9.192730016953322425e-02 -2.295039709252357230e-01 -2.461185982456252364e-01 2.113142298241754702e-02 -6.735354051272567089e-02 -6.040553151506226209e-02 3.561523910384431502e-02 -1.552401566495420770e-01 -2.422801031158292040e-01 3.416340939240190139e-02 -8.231565485235416146e-02 8.103011533288666246e-02 -9.993026621446568503e-02
-2.998277279661353684e-02 7.470436880413892922e-02 -3.529215000449847928e-01 4.054143319321001360e-01 -1.647556281943745593e-01 7.365636696165057951e-02 -2.437870567130090427e-01 2.093841941892618519e-01 -2.957483852111028252e-02 2.735355315935735221e-01 2.337953975978257215e-01 3.351410516902836312e-02 1.037466766335689572e-01 -7.048499090637541653e-02 -3.273173802948636801e-01 2.910102720878580129e-01 -6.186608738710752675e-02 8.069648049147055968e-02 1.265781714586837747e-01 -1.014199363159114381e-01 -2.047739205760165382e-01 -1.552329006561070299e-02 -1.801579450044473452e-01 2.383426854233908210e-01 1.180178305864706401e-01 6.839011464873694969e-03 7.968054924803320838e-02 -1.906452161799271072e-01 6.852449415714716163e-02 1.665487584924806377e-02
1.309905549096480881e-01 -4.742664052548624908e-03 4.134233890343367440e-02 4.527993540324511124e-02 -1.501249248520124813e-01 -1.850789579823974157e-02 7.546482523384122343e-02 6.132970793299500484e-02 -3.438162201991605826e-01 -1.614738658030114016e-01 3.320887489904448819e-01 1.832893948919473159e-01 -1.459961524351477413e-01 7.910723268012636103e-03 2.326446262898785866e-01 -2.092024784873938725e-01 1.054764437459171644e-01 1.714951628760493230e-01 7.795683464868170820e-02 4.963903232460812470e-02 8.731573779064660812e-02 1.998156246759710125e-02 -2.602450394338902684e-01 8.181382084193301873e-02 1.398926134733884941e-01 2.085340014679603893e-01 -3.755614551645870547e-01 -1.094296482590852160e-01 1.389300297459305222e-01 4.152042611217555690e-01
2.054962912726760599e-02 6.611197142441524802e-03 -3.123779211691340985e-01 -4.457732330498726525e-01 5.171022783802027567e-02 3.330816071458926886e-01 2.237227832662456728e-01 -7.702081355405479557e-02 3.600434585041286696e-03 1.325879022953667108e-01 2.659670850717714696e-01 2.507711197227361355e-01 2.077359857451399339e-01 -4.325666763847661918e-03 -6.077461284786356971e-02 1.676663524172381237e-01 9.362322970663415275e-03 1.399510195874676954e-01 -1.800984499631787528e-01 -7.758733855504805488e-02 3.299871020562734625e-01 -1.343143247327397150e-01 1.178414455478565409e-01 9.298409604666320327e-02 1.323697083314684386e-01 1.779502951947770362e-01 -7.392618558161666298e-02 5.021475581307946467e-02 -1.771410452631686991e-02 -2.058181201647102665e-01
3.355383631582277426e-02 4.702016279178634905e-02 -2.263240597810302901e-01 -9.851079000704823785e-02 -4.198571915379790964e-02 1.830769932113801568e-01 -3.601578982472251611e-01 9.501874876388193003e-02 -3.154482099266168321e-02 2.669012095629533232e-01 -2.082871454342544726e-01 -6.940120182337743138e-02 2.179948473345627857e-01 -2.748242989577669992e-01 3.175800479058955017e-01 -2.283448331014279742e-01 -8.418547791984597184e-02 6.031118905005235925e-03 1.445484517540655302e-02 9.837868757848329537e-02 2.059345652639526236e-01 5.756348435143585074e-02 -3.671942659048055280e-02 -1.022320772215193629e-01 -2.869940955952540174e-01 2.300944438522344870e-01 2.630242327034447158e-01 1.175850869212665024e-02 1.056939898154059532e-01 2.736796522703557888e-01
-2.291090617518716233e-01 1.232530078309181237e-01 1.253033555319369718e-01 -8.632740540975884780e-02 9.763971506950411272e-02 -3.560668338318850878e-02 -1.264810238056509051e-01 -2.009752161321171349e-01 3.624520703768003282e-01 9.171303812562779656e-02 3.511809454946538539e-02 1.144062477793376942e-01 -2.009649377745494903e-01 -3.246046175938683276e-01 -2.161148243631526300e-01 -1.213367133339183189e-02 -2.750975772435722971e-02 1.006752221945599914e-02 -7.078686585916610374e-02 -2.782875376653476396e-01 3.222690242713526221e-01 5.204066401151644788e-02 -3.162617827278758065e-01 -1.296944844914967032e-01 4.013221045580007279e-02 -2.131135973566653796e-01 -1.237207265456127248e-01 -1.585381004579253794e-01 -1.708021807143555448e-01 2.681392290376979903e-01
-2.781291813855137907e-01 -1.341663343253721163e-01 -6.907983577055247515e-02 9.125993676385349418e-02 3.220118462955851579e-01 -1.755483619207484636e-01 8.055007106564811975e-03 -2.229410149601971508e-02 -1.120104236353296201e-01 2.008994121000312050e-01 -1.923424812546163098e-01 4.011669578975541328e-01 -3.228004174013811567e-01 2.288621512094933183e-02 1.146888049103511470e-01 -9.902761728157019605e-02 -1.162626914972227504e-01 1.570928305165175398e-01 -3.665676955053226438e-02 -1.342023741806625849e-02 -1.238185339760522613e-01 7.249357309417060746e-02 -2.589673502023816520e-01 9.900074913686994493e-02 8.819685232264113176e-03 3.551923106737607805e-01 1.038898541078907833e-01 1.251500133621054056e-01 -9.703137561946659218e-02 -2.804824129683727851e-01
-2.783351667919412020e-02 2.412972297172726044e-01 -4.912839013622372769e-02 -3.379711425903848543e-01 -7.918740318648424814e-02 1.850950492142350301e-01 -1.398362815677686999e-01 1.323042734762843176e-01 -2.775974650126880605e-01 -1.523146187788876615e-01 -2.774913816882569884e-01 4.228215924334523257e-02 -1.142426822386768265e-01 2.598626455129980917e-01 -1.418333434717447272e-01 7.404202403371373808e-02 3.346668938617042288e-01 -5.515093542899444923e-02 -3.302330135402632705e-02 -2.969527050304572313e-01 -2.324782797068773998e-01 2.800415828106242217e-04 -1.054851212809030658e-01 -1.714101789005156584e-01 8.525709763459111273e-03 1.321377643569853211e-01 1.448675184987029962e-01 -2.416820329623853014e-01 -2.369455492046817213e-01 9.799137569051781516e-02
3.552260200482400543e-01 6.466957587228948368e-02 3.162596868354541901e-02 1.015530297329479137e-01 1.441670896158088744e-01 1.784090621917802655e-01 1.106476739411318272e-01 1.987516357010767759e-02 -3.954200830316023096e-01 -1.854415238256616749e-01 8.213044661273099720e-03 1.467908800754019194e-01 -1.981849846500299273e-01 -2.598082982899585502e-01 -2.575661368547156327e-01 -3.065496594268938071e-02 -4.534208041536001432e-01 -1.942984228577999406e-01 -5.838924797008536449e-02 -1.690621664154153270e-01 5.003051102582302401e-02 -1.437272527772686936e-01 3.499936710371306936e-02 9.756098519901975144e-03 -2.870816804876597517e-01 -8.497982229149499134e-02 1.033098114331078565e-01 6.796126999145180037e-02 -4.183091438218432961e-02 1.247617195109490019e-02
-3.724610158782065694e-01 -5.284199422183102901e-02 -2.408470222623890211e-01 1.460427382589374046e-01 1.657899235675850125e-01 -9.207527184866445141e-03 5.804917021727783177e-02 -1.682941068526437045e-01 -4.289832665202565273e-03 -3.747531474865249956e-01 6.762498470995141620e-02 -4.863001667124724342e-02 2.923841143723608302e-02 -7.089189548250562911e-02 -3.647524933870659875e-02 -3.377244830296151357e-02 3.701902708567509359e-01 -1.575650705630661230e-01 1.698753529516073002e-01 -1.925568010750028924e-01 9.062439065498263668e-02 -2.596007246063113394e-01 4.904095425377065498e-02 2.736630541530453709e-01 -2.066035279688128168e-01 6.352879498032593109e-02 1.705108491192198483e-01 2.396005359535387513e-01 1.449297898291590225e-01 1.709387810048846323e-01
-3.764822387637862394e-02 -1.486149229289212940e-02 -2.686456789279381696e-01 -7.624446990359991239e-02 -1.257066321417225629e-01 -8.158231962007796156e-02 1.702112114356850725e-01 2.973171276082816616e-01 3.254804604395974271e-02 1.529018513496634146e-01 7.578386783206311761e-02 -1.398758182768959635e-01 -5.132796613791518192e-01 -1.320531476379505909e-01 -1.056319723935077032e-01 -2.096251108639384242e-01 4.704744187921786752e-02 3.384453517130337624e-02 1.323098388764107347e-01 -8.691134030686956113e-02 7.069107407633026807e-02 2.048456334381107413e-01 4.448012952998878777e-01 -7.687345159351391399e-02 2.347592218422845378e-01 -1.511156895737267823e-02 1.374701957402212071e-01 1.573704638168887116e-01 -4.036985602129854189e-02 1.226403824998462400e-01
-2.033730691196740659e-01 2.195516715921405626e-01 4.136887426459645925e-03 -1.261802106659853651e-01 1.451426764609390907e-01 -1.963923662688256966e-01 -2.791568098567641099e-01 2.483576321735002923e-01 -6.920824373318716638e-02 -1.371958796913722023e-01 5.539881668747578813e-02 3.173815723571520309e-01 4.631849197306656812e-02 -1.262879779735803223e-03 -1.444207062297984678e-01 -1.768902880854592852e-01 -1.309428565485572585e-02 1.916820089540829386e-01 1.321776965026901229e-01 4.040613888654993602e-01 8.211144605745146485e-02 -2.626610720429978785e-01 2.903452172615011428e-01 5.437781812363611661e-02 -1.044381118805119968e-01 -2.330382201885853877e-01 -4.845716654101241833e-02 -2.333128997542807115e-01 -8.886388511661769130e-02 -5.486400132658063311e-02
4.384583406396751204e-02 5.904945471491613446e-02 -6.466513636857416925e-02 9.935354340832307229e-03 -1.144313149764401849e-01 -4.498177632847981111e-01 9.122639705325780168e-02 -9.999547879391343375e-02 -3.330277123399631445e-01 3.869341376021066814e-02 -1.502736364630349875e-01 -1.218351299520965131e-01 -8.886458131389730897e-02 -2.438029471441963414e-01 2.042000624001636677e-01 3.863483448543909571e-01 1.497969901308665863e-01 -1.072460853797489316e-01 -1.093003083361921840e-01 4.673655759205434107e-02 3.603533783823492653e-01 1.468919903936242131e-02 3.068226635153044682e-02 1.449118501785873481e-01 4.217207035372529111e-02 -2.524683513653082009e-02 1.192428892417759373e-01 -3.323169921321325604e-01 -1.464805536026114220e-02 -1.451261955514860646e-01
-1.357235707453698370e-01 -1.746230008801560596e-01 -1.136991225874225964e-01 -2.892923830331945445e-01 4.993832017885226071e-02 6.055562436263083048e-02 1.408615443560115865e-01 -7.876060871666425156e-02 7.697844429130153154e-02 -2.442448182305696491e-01 -2.386366724334466893e-02 -3.365516993401528878e-01 8.748483453751870753e-03 -2.178806538096876022e-01 -1.868644884328094780e-01 -1.732711282736289493e-01 -2.683482312426309635e-01 -1.162382780849026687e-01 2.336153971429224541e-01 2.171469551659863384e-01 -1.557125013209603448e-01 8.256145315541554841e-02 -1.543026853109008834e-01 1.511748266714055544e-01 1.002346984767849697e-01 2.652985624424253897e-01 -2.126339526167298974e-02 -4.180161529204192150e-01 6.794360044137945191e-03 -9.854816228532366218e-02
1.873645807386385698e-02 -5.225693857039788170e-01 7.830304345942182276e-02 2.325100460007333003e-01 1.150681518865796504e-01 1.897773443842126484e-01 1.961751263122468725e-02 1.840655819969677365e-01 -1.419567498453996601e-01 4.898915906637140577e-02 -3.116604945544966809e-01 -6.029788288480532332e-02 2.113816441589158046e-01 -1.899393987869472389e-01 -6.841439346807637323e-02 -1.107989863458789942e-01 1.814150865514200794e-01 1.394067748529745354e-01 -5.806281873595361270e-02 -8.450241616184095417e-02 1.039449693569720751e-01 -1.544463136768285116e-01 1.209133059767022039e-01 7.499015684785269309e-02 1.961368808530755403e-01 -5.088455322632718519e-02 -1.913884520794383592e-01 -8.253940616571164846e-02 -3.928869133356154286e-01 7.211225586382717656e-02
2.004534155587022193e-01 3.445734626768520020e-02 6.009134916622280165e-02 8.626922473179685080e-03 -1.920719350906986145e-01 1.548611740733921160e-02 4.629460890325608202e-02 9.639892115114566049e-03 1.061115018266170495e-01 2.134436576862425994e-01 -2.083428387843331009e-01 -1.446546404168170263e-01 -1.951837536181362798e-01 3.728365937417438825e-01 -2.871472167458342106e-01 -7.553971608026682771e-02 6.494673604900000341e-02 1.202870975826487998e-02 2.859695480311254534e-01 1.443574394650274373e-01 4.082881942518190033e-01 -1.573423222697165336e-01 -1.875496204657873256e-01 2.668367478817127436e-01 -2.667937173413456042e-01 1.400623692079881466e-01 -1.053555279910730197e-01 9.022560172758177510e-02 -1.048537831846709373e-01 -5.762733039770116111e-02
-6.929530674766729015e-02 -3.774240110063231679e-02 1.005707466823828888e-01 7.297626753266252264e-02 -2.671707100285795194e-02 8.216185618581357819e-02 -2.628353390192875172e-01 -1.400243248636529880e-01 1.115170250577944278e-01 -9.128564659090063205e-02 -2.153642066720195813e-01 5.928793221028581112e-02 -1.441052928441260150e-01 2.999126940779951456e-01 1.153879586512148447e-01 1.014501960366258893e-01 -3.836341286987254295e-01 -8.209226599633627497e-02 -6.314157338070892911e-02 -1.615949326825790455e-01 1.427278055192411632e-01 -2.408868966416650159e-01 3.099067492194178541e-01 1.721491665466362286e-01 3.739664378983458826e-01 1.745546390141840820e-01 4.035864913033757051e-02 -1.585951375388158502e-01 2.172093273033987026e-01 2.117144202295054289e-01
6.799582252644917335e-02 6.738285302309612868e-02 1.675134971436093301e-01 -1.537104218786856380e-01 1.313852952297765164e-01 -1.942875185694457607e-01 -9.082551588811821341e-02 -3.444854892468801610e-01 -2.014204152859040420e-01 2.657743150745277561e-01 -1.754536991542148677e-02 -1.442581144272260009e-02 2.051674367107509112e-01 -6.537439214412511801e-02 -1.055375258909167363e-01 -3.950950442428891735e-02 -4.166895148104262682e-03 1.920623275669886554e-01 3.969867233391474737e-01 -3.648292728615382119e-01 -1.489681405780738377e-01 2.027952956079721591e-01 3.269321331657141227e-01 1.381147014257411154e-01 -1.181512811227911214e-01 8.018254757291702617e-02 -2.099597356621686339e-01 -1.193447213643743232e-02 6.321204424373427777e-02 3.063137017824995451e-02
1.323733806979981997e-01 3.639253115833093188e-01 -6.664426064876939615e-02 -8.074668023236439285e-02 -1.080104981008978282e-01 -2.735381050747079934e-01 -2.526517330153938215e-02 1.199016545617970497e-01 1.153453205108471158e-01 -1.364905026456809389e-01 -8.162737573070581731e-02 -2.738017713209235371e-01 1.026174387123305054e-01 -1.806519154407552341e-01 1.156972612112240201e-01 -1.746895430938908145e-01 -1.445847640523353073e-01 2.870742535671285123e-01 -1.645178484486404524e-01 -2.341860780063155789e-01 -1.339324050042617342e-01 -3.556374197342843657e-01 -1.323991635997772698e-01 2.023930619497679162e-01 1.639968517571124829e-01 8.523769197305855472e-02 -6.605044140861279778e-02 2.569027988822953357e-01 -1.851854062539113333e-01 -9.993966937497215930e-02
