5.582859906250612347e-01 -5.508814309443333529e-02 7.772917931122119706e-02 -1.266225761940755097e-02 -6.062571287097976436e-01 -1.263447013715323086e-01 -1.548494597925155203e-01 9.880394851420336300e-02 3.164630784878279951e-02 5.107123820323767882e-01
-2.745138587415643996e-02 2.513133555832695182e-02 1.065207591824170186e-01 -4.452618845013908699e-01 5.629135481976196148e-02 5.526669510816689668e-01 1.723727826058877588e-01 -4.096059051181923372e-01 -3.873424094536427331e-01 3.645230145853874393e-01
3.211806894131867818e-01 -9.653301116650168934e-02 3.635245983935888048e-01 -5.228655955319680970e-01 1.991931543860823717e-01 9.740942078465536502e-02 1.671868954491365425e-02 2.675194925161176671e-02 6.233529641805753974e-01 -2.079787742572042908e-01
-5.833646396240057541e-01 2.535808684075797070e-01 -1.203797331661006775e-01 -1.026449029817860237e-01 -1.393127537070515676e-01 1.865013559351454686e-01 -3.174728852961000714e-01 1.449643040792053528e-01 4.776442709877581905e-01 4.076967660833404894e-01
-8.403318032822286454e-02 -3.442028534569800402e-01 -4.951818696564066341e-02 2.772192381571636846e-02 -4.891927908928419000e-01 5.854173200349568340e-01 -7.687608449833510660e-02 2.829972224698491523e-01 -5.250164270274260137e-02 -4.477336890800369118e-01
-1.348688900875543058e-02 7.197508856687702128e-01 1.205955747364354930e-01 -3.522244782694343157e-01 -2.405315201537216452e-01 -1.180129849312937240e-01 1.485608433338210799e-01 3.445055174479181859e-01 -2.559668365939414825e-01 -2.551774220142182803e-01
-3.434272464954894466e-01 -1.718969086271953939e-01 2.148465218256281895e-01 2.300470426115246853e-02 -3.975814839134122480e-01 -2.332870318931792586e-01 7.156821028272608576e-01 -1.903502061797441858e-01 2.088062870717098674e-01 3.595720218972282833e-02
2.621607261446058934e-01 4.089728101787100112e-01 -4.522233326069836079e-01 1.823843503943121946e-01 -1.880850742164152933e-01 1.967504041205134502e-01 8.950817357610192648e-02 -5.379624138389090815e-01 3.175441303895916167e-01 -2.321782443063155621e-01
-2.389854862453724173e-03 -2.786952601434034560e-01 -7.330540020262670264e-01 -5.375756457657879794e-01 -9.124760800104875572e-03 -2.482481247604453045e-01 1.259833303507580105e-01 1.319596489907600423e-01 -2.834936752507954613e-02 1.297181275941531285e-02
-2.239913684144812789e-01 -1.082429533959804874e-01 1.759022594641855564e-01 -2.646614508829874812e-01 -2.819615746142653534e-01 -3.506047791555096937e-01 -5.302603885168500897e-01 -5.088308931942435720e-01 -1.368865612506451890e-01 -2.754543747560955214e-01
