1.780451661711215383e-01 -3.411247242200752261e-01 -1.902064960746233657e-01 1.280731119892005443e-01 -1.408976874778813115e-01 -4.014544968643724565e-01 8.439007559880799814e-02 4.948122710167500160e-01 2.838588581199014832e-02 -6.046222869315952542e-01
-5.705677291415789387e-01 5.327317589924395608e-02 -9.352218483492101553e-02 3.204539029403278838e-01 1.165690040529626104e-01 -1.433598841705735483e-01 -2.578964236049778869e-01 5.501058385276175189e-01 9.029400987481472907e-02 3.856902073178147816e-01
2.743239337857829585e-01 7.698787614801175794e-01 1.913206842586143985e-01 4.240146089995315559e-02 3.570666022981476648e-03 8.629970779372855838e-02 -1.673584345000153628e-02 3.053718937465852989e-01 3.922477228459936849e-01 -1.969285063599024443e-01
-4.457344518287538748e-01 -1.130590433489354896e-01 -1.311311364772605424e-02 -3.513866654654448363e-01 7.764105888323209748e-02 1.285784969439305592e-01 -4.356680673295497686e-01 -2.005629657041523572e-01 4.634471727101767136e-01 -4.444298536966707625e-01
-3.914931400901756064e-01 1.606963646113813982e-01 -3.909874523787361389e-03 4.818495315814901869e-01 -1.157448099215032528e-01 -2.536426426986257976e-01 4.953027303644019774e-01 -4.264150279503116092e-01 2.296509847121096515e-01 -1.763234093717591655e-01
-8.792313647846376756e-02 8.436191523022633365e-02 6.063421047181584422e-02 -6.011591327052402400e-01 -4.046807362407781605e-01 -5.442291421843050703e-01 1.785261479342269419e-01 4.467749449516892485e-02 1.810733172750143838e-01 3.057396135429618633e-01
1.931707292859121960e-01 1.702572685145907483e-01 8.307377322838449540e-02 1.482532764578223250e-01 3.058387250960747372e-01 -6.466374843678589501e-01 -5.114905367484854359e-01 -3.213969032195282960e-01 -1.670160949421404251e-01 -1.808230007920367741e-02
-2.780085803304653269e-01 3.421870547795662770e-02 7.552422141941983469e-01 1.113069820751164812e-02 -2.763525730020090498e-01 2.742381441101660045e-02 -7.651905502995919039e-02 1.012291112732384701e-01 -4.479304664202977126e-01 -2.390786548679670054e-01
-2.994843830249466765e-01 4.396595204005417923e-01 -4.684247066837273765e-01 -2.950403072935734450e-01 1.534637662828260973e-01 -4.883028893149034093e-03 1.331317342834678619e-01 3.921834109892054221e-02 -5.483051282267740190e-01 -2.589642824043022484e-01
5.939368096533198527e-02 1.374810208288868296e-01 -3.433569243375915181e-01 2.300285161695545255e-01 -7.680469178598740010e-01 1.219272978496111492e-01 -4.169925930320833585e-01 -1.419846855953046660e-01 -8.773803013086735325e-02 1.617078594487364115e-02
