1.073541853197084173e-01 -1.018229270952727694e-01 5.935115274850542855e-02 -1.753563630141375673e-01 -2.094897719717248863e-01 5.448487505770048533e-02 6.910977975673009838e-03 -1.534429102708437069e-02 -1.324865378640922853e-01 4.739392589268679595e-02 -2.733686726255276644e-01 -4.262154688741540826e-02 -9.830107548179074783e-02 1.058941122706294341e-01 -2.241513888839414825e-01 -2.362887547632047669e-01 -9.639598484297880188e-02 -3.481753987810799478e-01 2.037426220591065096e-01 -3.563746809490678930e-03 -3.157381681697858933e-01 4.040530317253467896e-01 -8.591191144817748870e-02 5.337396005527169501e-02 1.520744150382886961e-02 -1.980766258671981528e-01 3.288417335972910749e-01 -2.646091592119959035e-01 -8.765569688607671717e-02 5.360076810880302911e-02
-4.907388947191642509e-02 -1.242481071155533690e-01 -7.672212493744440254e-02 2.752280890417631021e-01 -1.853657889506490214e-02 1.958841275456578435e-01 -2.202774431215784590e-01 1.455549292722569388e-01 9.059709517556528008e-03 2.665937678803377286e-01 1.731233204537476755e-01 1.677004149995373894e-01 1.812037719326287655e-01 1.316381868633356989e-01 -3.193736316475642711e-01 1.127407448668207857e-02 -1.156464465113595796e-01 6.971544943428875651e-02 -3.801883294431368521e-01 -9.221442183166093931e-02 -3.011860438491190464e-02 -4.062060848816335251e-02 -2.336808167719195972e-01 -1.055649158785936237e-01 -2.440754008707228251e-01 2.027655347753451465e-01 3.312268786830784295e-01 -1.455440017128640795e-01 1.629896312619664722e-01 1.132249372873216225e-01
-4.191555418345251083e-02 4.191308169212047512e-03 1.090361841320002800e-01 -1.746595312230542762e-01 -2.958156131898403290e-02 -8.995140875616397524e-02 -3.224300015555260357e-01 -3.753306660531820910e-02 -4.616897673856537598e-02 1.743009149295170201e-01 1.923854234113213726e-02 -1.384916330801388984e-02 1.732029033460566469e-01 1.383934688367677648e-02 4.775151114362202742e-02 7.358234904804755727e-02 5.079343219686067723e-01 -2.019940185248115805e-01 2.326858011334528020e-01 2.777086746159016656e-02 -1.851782242307878357e-01 -2.591494747471369542e-01 -2.065522747363091327e-01 1.846033727775410194e-01 1.672320188774501504e-01 4.082813319514241313e-01 1.244299572729724995e-01 1.181628094590042241e-02 -1.828128335918833419e-02 -1.673726296354686449e-01
9.866583501203703144e-02 -3.854276963528397437e-01 -1.436269949960588543e-01 3.044943613794111048e-01 -8.420564155350879904e-04 -7.517418284666199657e-02 1.702489586044073910e-01 -3.418171570949980476e-01 -3.191552789303668536e-02 1.132700500229419788e-01 2.203429923588785533e-01 1.588113448713844023e-01 1.817776791374303355e-02 4.030502090312841346e-01 3.219188636302626194e-01 -2.016411328198683128e-01 -1.278787899712860165e-01 -1.057104284459696592e-01 9.157559461613955232e-02 -1.546579082551692661e-03 -1.269569830159366641e-01 -2.370270446478964788e-01 3.429664552593709309e-02 1.516983353392221956e-01 1.344079616191762583e-01 -1.271478143509676140e-01 7.556596860230427315e-02 4.323288596074023604e-02 3.224516914062317691e-02 -8.331906860504023626e-02
-2.668843231716439557e-01 3.097351553942978564e-01 -9.759734207231474112e-02 1.327680762819072324e-01 -1.390189089476740608e-02 2.431180687670286000e-01 2.190544099021312641e-01 -1.504989906748328277e-01 6.325649111620382237e-02 3.855765711815431485e-02 -2.038128312947507237e-01 2.985898836416713831e-01 -8.175492900832602439e-02 -1.348454678296798770e-01 1.654258933580635416e-01 -1.263070765850980437e-01 2.934416048834688207e-01 5.894051624142261636e-02 -3.993609307667041891e-02 -1.872954605971734743e-01 2.645335046336333429e-01 -9.131748482055639105e-02 -6.000320242741905008e-02 1.598820240200646281e-01 1.122224688512254015e-01 -1.192390737023606567e-01 3.422366113344700311e-01 -1.719041728245143397e-01 -2.079091471136289004e-01 1.446681423022601332e-01
-1.437497103962614708e-01 -2.032084586269801429e-01 1.752469285244831754e-01 -5.234866993050796453e-03 3.015746465706099083e-02 -1.544917888371127590e-01 -2.928800932809905722e-01 1.465972755228435731e-01 8.604533601396013864e-02 1.896599444572710236e-01 -2.032202372666246926e-01 -9.571130863598850680e-02 1.030902553567722979e-01 1.162459302574526260e-01 4.155701053623283570e-01 -2.582622267350873080e-02 1.873657513261088592e-02 3.590119575644161176e-01 -8.345187459328216872e-02 -2.471368538883998434e-01 -4.803807483357310643e-02 2.936386312337418425e-01 -1.701665331217827870e-01 4.130355868932282515e-02 -1.230905366046604194e-01 -1.946470751617442319e-01 3.679589677890701682e-02 1.784184236229344744e-01 -2.773474494837953608e-01 -6.552752531333312647e-02
2.426463912153427605e-01 2.853019671202351448e-01 -1.736264064805543295e-01 -1.335569271425188498e-01 1.020393014462650794e-01 -1.456563033763829881e-02 -1.924068975486683819e-01 7.992211354031360238e-02 -1.120856871925722115e-01 8.973958588695626903e-02 -3.403161415640089671e-01 -1.714592392379779284e-01 2.385273378165205238e-01 1.654187818393617060e-01 -3.830038756862379906e-02 -3.414621097799953042e-01 -1.812149005095274601e-01 6.388644711924593156e-02 -3.190613491633266796e-01 1.661326577291476758e-01 5.187078198251438704e-02 -2.687117250585047690e-01 2.401901652031740164e-01 1.995915671736806229e-01 1.582219915258629428e-01 -2.964749018678446840e-02 8.016442077229979368e-02 7.273260401755597682e-02 -7.372405281498838059e-02 -8.802344125570336908e-02
-2.012562355678922110e-01 -2.353785511022729871e-01 -1.238374063719668711e-01 -3.718958148055349078e-01 1.413950551814376067e-01 -2.683148541238222218e-01 1.696654591062397854e-01 2.382530323696297192e-01 2.450916112103009858e-01 -1.319127152862592522e-01 3.525817868911469699e-02 1.778134570821310878e-01 -3.244298075034494910e-02 1.862375843646436602e-01 -2.399166615684725501e-01 1.247115179317156708e-01 3.061739717769891567e-02 -2.018372701482534781e-01 -1.833676520774599472e-01 -1.552774019421245821e-01 2.001981410672223072e-01 -9.534603668210725469e-02 3.611254722256138777e-02 3.342801093812561189e-04 6.735444344962965291e-02 -1.497260111268892968e-01 2.000008768122096825e-01 5.952402763330277846e-02 -8.902605903820114130e-02 -3.541529648352228499e-01
-1.051007701779021752e-01 -6.184293788783495199e-02 -2.190006604892769451e-02 3.553573402558193872e-01 5.712721785443972133e-02 2.214089813969143949e-01 -2.462778080679751680e-01 -2.063301322009258518e-02 1.323184240865042938e-01 2.144267044027143437e-02 -3.858244494553668136e-01 1.824458157768346633e-01 2.464849581425449312e-02 7.287887716320015641e-02 -3.020610099945077523e-02 1.228479284766524487e-01 1.396686705434413700e-01 -4.854136099414821937e-01 -8.930051816669927478e-02 1.159623225444944700e-01 -1.699047646440223977e-02 -1.696401199477433428e-03 1.391152526691295521e-01 -2.018285306571898086e-01 -1.048530622563982051e-01 -1.273209921500075559e-01 -3.321881062273534524e-01 1.275442871598911065e-01 -1.392640876860195831e-01 -1.132182382165879270e-01
2.248895353744069167e-02 1.381752087356810654e-01 4.750203755978055775e-01 -8.515762984740640751e-02 -1.110645985750814135e-01 -6.173580375063361658e-02 3.563123793547686574e-02 1.293217886218481771e-01 -2.450477188079571156e-01 1.168872106433869462e-01 1.919023833610015994e-02 1.853635622365285007e-01 1.059682382198975786e-01 6.421355035790420052e-02 2.727012635910923688e-01 2.727512610991159395e-02 7.065287920885468531e-02 -1.900784059369276524e-01 -1.649626937785307890e-01 -1.990856203273864145e-01 9.718705544301127486e-02 4.835280069250763937e-03 2.953885206650294637e-01 1.021457509204603056e-02 -1.026414177343433071e-01 -1.467634166162541665e-01 -1.237205278476205886e-02 -1.807319316323311997e-01 4.864510181539247746e-01 -9.022504665565973803e-02
-4.378860909484131869e-01 3.434873714910482989e-02 -1.018475259708860881e-01 -2.592245116495545676e-01 -2.244636608444624259e-01 2.666930203761394003e-01 -1.984075622185747234e-01 9.952446849232708670e-02 1.818585450591475028e-01 -2.625332867042617924e-01 1.749952456499849207e-01 2.215484812540093745e-02 1.515328874810804305e-01 1.312052869516447395e-01 1.892441279276912136e-01 -2.379160831070322446e-01 -2.333491279756501890e-01 -1.576071149618180622e-01 4.965240123505946374e-02 1.030191994017677914e-01 6.227829489198941776e-02 -3.527948895778220740e-04 -1.400907385537638050e-01 2.831826976566506615e-01 -1.036317827650179713e-01 2.268189030770573905e-02 -2.281142459241352893e-01 -5.422573349882872651e-02 1.133234739610012171e-01 1.337219004435959702e-01
-4.762412874116255662e-02 -5.026017945045978957e-02 8.568645431967310266e-02 1.051641160766865479e-01 -2.264894135754565718e-01 2.214772930406367912e-01 2.607791268385313832e-01 1.161815541948525848e-01 1.567168103201287133e-01 1.021274932597631968e-01 -1.143449803758227051e-01 -1.459028194527955090e-02 3.141136248238697859e-01 2.312427593067533094e-01 -3.422517567453846055e-01 1.399448838073176771e-01 1.902630267194813929e-01 3.432090443695394177e-01 9.697581132175089880e-02 -1.498803660025676762e-02 -1.257263536419594152e-01 6.942843220688343919e-02 3.471494115343903841e-02 2.246983486829129129e-01 3.152613152063171720e-01 -1.714436411901523460e-01 -2.566677154321442833e-01 -1.621702834058907916e-02 1.481565343310286276e-01 -7.066676021787123008e-02
8.843337138681367504e-02 8.405586382587533489e-02 -6.630107118530353949e-02 -1.099909583213234260e-02 -1.958420535129934137e-01 -2.780523518335883959e-01 -1.963366371452910167e-02 -3.077695886525510030e-02 3.475039304481675889e-02 -2.563550393669917216e-01 -1.048716580444112312e-01 1.909875068642927221e-01 1.969774516226188710e-01 3.636872215678939591e-01 3.403698126401778767e-02 -1.338559354157295433e-01 1.547625154113742019e-01 1.037801709075123445e-02 1.954635100046523549e-02 -2.486880939811501184e-02 1.892321037488955970e-01 2.148860266606109626e-01 -2.716418552031156855e-02 -4.228377768371807122e-01 2.222459902287159395e-01 2.270510180171297909e-01 3.224808466147714020e-02 1.726447558972436513e-01 8.406084903505414707e-02 3.655423883008863117e-01
1.223763166845156791e-01 -2.226286076998465202e-01 -6.337030567302656681e-02 1.661886240522105762e-01 -3.745676572064852716e-01 -1.390657405670925884e-01 2.575452069779857744e-01 2.827430053996088932e-01 -2.060886084655813924e-02 -1.763490086387858036e-01 -1.306906539098315889e-01 -2.913811253742438767e-01 -1.421856233865917973e-01 -4.868117040296619791e-02 1.025551212491614822e-01 -4.917118005950797677e-02 3.423298958456554852e-01 -9.665282633619645680e-02 -2.849717900699852979e-01 1.755991357407215847e-01 1.873098436386594692e-02 -1.481207637099075380e-01 -1.150175952555281683e-01 2.131011747367569376e-01 -2.767892955564698054e-01 3.606224108252536163e-03 3.733105437078850647e-02 8.013093749802388532e-02 3.500370391089373256e-02 1.539858391637493051e-01
2.758281756099296295e-02 2.294331997335800899e-01 2.916841352754083183e-01 1.954809467984111038e-01 2.058674819114587710e-03 5.365987934291872180e-02 -2.659213492555712044e-02 -3.703360298340686863e-02 -2.470431610935075462e-02 -6.127887990848253086e-01 1.094406926474240926e-01 2.141539325770480673e-02 1.097916486384979545e-01 7.516720417106256824e-02 4.955139930283253280e-02 2.349124886303227966e-01 -1.102026491496365390e-01 -1.070642742645677888e-02 -2.329472859924402173e-01 -5.111314712349282474e-02 -3.987919311074635820e-01 -4.688894716920453259e-02 -6.602734792021518195e-02 6.950651579826952475e-02 1.205578090985506001e-01 -2.595852213641676801e-02 2.138628611070782226e-01 4.498119514940738389e-02 -2.001905928733998807e-01 -1.088097153896779024e-01
5.548198305468970276e-02 6.044377727752942714e-02 -1.370505595725018122e-01 -1.856424227391806903e-01 -3.191808207686639975e-01 1.562602362638254860e-01 -1.521613876540763577e-01 1.086103498918106897e-01 -2.367186751829802871e-01 6.840939092046320613e-02 -1.611556017561133480e-01 6.832175442238808127e-02 -4.175440827612002526e-01 2.070542324995919004e-01 5.566416584965706849e-02 3.333013316907326162e-01 -1.730693083959735368e-01 8.508424868475913949e-02 4.426011421779409843e-02 -2.153514502746716464e-01 -5.526645792060507628e-02 -3.804208189044571697e-01 -2.035344853589064751e-01 -1.534301759866225912e-01 1.408980937909486142e-01 -1.331247132760990382e-01 -7.221208327657213655e-02 7.978677429798444742e-02 2.975420876530996198e-02 8.782212494980591588e-02
-1.197317231617959499e-01 -3.419639307823846841e-01 9.806422967996111795e-02 -4.328491641140730373e-02 -8.839450004653273685e-02 -1.701102270485528867e-01 -4.826501315831086686e-02 7.705527553167391963e-02 2.014851449132927519e-01 -1.379673264873764512e-03 -1.563694622575771687e-01 1.105991980366542310e-01 1.880343698535336464e-02 -3.045954403473078442e-01 8.361932695438419050e-02 -4.895495518410978436e-02 -1.316690285245070424e-01 7.546962689801167690e-02 -1.625956821479667969e-01 -1.406529756879203348e-02 -2.384363999182609328e-01 -2.344665281638601273e-01 2.409586342056449781e-01 -1.320852322646557941e-01 3.021746282897297409e-01 1.466797774794367237e-01 -1.065709191041007975e-01 -4.396015895036560206e-01 -1.185409918104093074e-01 2.528423186577591908e-01
-1.262973207960348954e-01 -3.924476592613818093e-01 2.415678950750672904e-01 1.145635345539560146e-01 -3.966569779353541748e-05 1.146371986697838768e-01 -6.088923700548271034e-02 1.879106566183067276e-02 -4.083844059623946698e-01 -2.231219442285119481e-01 -2.432915438758449234e-01 1.174956024150716483e-01 1.618366597919123143e-02 -1.043606414615867173e-01 -1.706361968904624438e-01 -6.194974802375939789e-03 -1.975706973400019328e-01 8.396130186683958829e-02 1.976617847199044764e-01 -2.355471956591177404e-02 3.486222240283139984e-01 -2.882657318395959525e-02 1.277072996808701344e-01 2.282701077437538639e-01 4.201860157376956922e-02 2.496455925346235394e-01 1.242578088335103553e-01 2.341721807013155410e-01 -2.474270823494831642e-02 -3.938006223374843767e-03
4.102894477883792246e-01 -1.447508713858839668e-01 -5.907012429455840707e-02 -6.484162608037691289e-02 1.820475132173426658e-01 1.615775263258496519e-01 -8.066418051770095354e-02 -1.112740650721240065e-01 2.362729430553908161e-01 -1.811227562814395342e-01 -2.458364039341420781e-01 3.776198720490586691e-02 -7.842078787013539998e-02 1.078262741165246508e-01 2.200491828201208699e-01 2.668113347580579053e-01 -2.841286283320997724e-02 6.363908313200410116e-02 -6.699124394663395765e-02 1.075124291899537815e-01 2.569807354252750531e-01 1.812428264872508188e-01 -2.192349423360567262e-01 1.719100173873627513e-01 5.067870653826590799e-02 1.660191983825431150e-01 -5.699705790030894226e-03 -3.848552464282402608e-01 2.077253036586871326e-01 -1.347779516625019491e-01
-1.462644866510467712e-01 -1.079348737373217043e-01 4.520506905194479619e-02 -1.052789495409213183e-01 1.706536726736816723e-01 4.419612099824754003e-01 1.151435915823518091e-01 2.133828119726561556e-01 -1.488676619390155720e-01 1.594713150769384857e-02 1.458598667460802578e-01 -1.411350071385101268e-01 -3.209269163496742960e-01 2.828748117152512509e-01 1.612972894645316457e-01 -1.413089043670461564e-01 2.137640426058479703e-01 9.809757000976433716e-02 -1.560361584895406384e-01 1.718826682198635880e-01 -9.969390739287375958e-02 1.640196581289577460e-01 2.515004973875268890e-01 -2.209227353534740923e-01 1.633597131581889517e-01 2.645801518899162375e-01 4.751995965445238862e-02 -2.585461083032430246e-02 -9.484928006321850791e-02 -1.061025047344327232e-01
1.090879484712348746e-01 -1.080816382223060423e-01 -2.202829627581655569e-01 -1.721522862535799225e-01 -2.136750338590739651e-01 1.976388252726626327e-01 -1.133201365434109154e-01 -2.073712189545643125e-01 1.833962091319698562e-01 1.028033092766583306e-01 1.080622931104916890e-01 -5.686592567378887658e-02 5.571364159113021547e-02 -1.854533617613069729e-01 9.149434613330048593e-02 3.134736046450009028e-01 1.552590339908453861e-02 -1.120269936808523242e-01 -1.663504653496206687e-01 -1.406312644415866342e-01 -6.318856896801582079e-02 2.239359749381508169e-01 4.209452452977480719e-01 1.776691262395248827e-01 9.400239893606494868e-02 3.911331728687033465e-02 2.335639999343055995e-01 3.535300062203858840e-01 7.405445648395697633e-02 1.895230567173548930e-01
-1.339920481707079780e-01 2.897822666122814791e-02 7.006408662073365656e-02 1.999861287414450572e-02 3.490767606827401837e-01 8.961761594922558471e-02 3.638481424861165214e-01 1.071882626730016747e-01 9.057623353828597734e-02 1.165881326767286980e-01 -2.265184637664486855e-01 -4.085338554422958679e-01 2.046931022405750478e-01 1.007364407373132209e-01 1.317095757408992263e-01 1.631093033291742822e-01 -2.155222716992112875e-01 -2.805767854368011460e-01 1.030597277166843129e-01 -2.517011733315518418e-01 -4.629209896381284578e-02 -1.194479263355276155e-01 -1.321575053507730579e-01 -5.692390762694694156e-02 3.846997370058889004e-02 1.691307682165852644e-01 6.999357387207333359e-02 8.529549737132760545e-02 1.000920117695981715e-01 2.785454869299016645e-01
1.128955705203114890e-01 -2.306538869118637536e-01 -1.941431463374457267e-01 -2.056177497423430922e-01 9.023209025403954031e-02 2.120853386120835071e-01 -4.227319843951763551e-02 -9.870871385544066623e-02 -3.388331214842973949e-01 -2.085240095799249793e-01 1.115028133594185705e-01 -1.455260718471292902e-01 4.405406375275590647e-01 4.719026007714532435e-03 1.624797318441600566e-02 9.892304126248394058e-02 2.478384900165724603e-01 3.513382462235310755e-02 5.231966587022729431e-02 -1.427049582289044161e-01 8.354269040874373609e-02 -1.371623034284327747e-01 6.769609009167223967e-02 -2.047316534669477439e-01 -1.944226307930619346e-01 -2.714992289844241347e-01 -4.474508652779104340e-02 -2.583774600963049117e-01 -2.035002738224246377e-01 1.168131824954030118e-01
1.571138695131877594e-01 1.820616928841051543e-02 -2.802202951666084019e-01 1.514342098216538424e-01 1.240338015857833237e-01 5.489911371209259955e-02 -1.139635170182530521e-01 2.621251069436373315e-01 1.356808371872267605e-01 -2.629024782099486646e-01 -7.918591772921645955e-02 5.687594159308000802e-02 -1.128375847021935302e-01 -5.684885486149026529e-02 -1.640788699417050980e-02 -2.817073181776263979e-01 1.136189299136384639e-01 8.754970593724348271e-02 2.572404165630006734e-01 -5.409775330337547317e-01 -2.350715213281245053e-01 -4.043712592383241766e-02 2.008205865805664792e-01 5.034163099269900465e-02 -1.502139717241804950e-01 1.182176485420354667e-01 -3.096211157127251937e-02 9.540687210614058264e-03 2.247585931266402326e-01 -1.163683636387925907e-01
-3.242402806395373593e-01 7.975927144025353466e-02 -4.410497489382081415e-01 1.440473141071517693e-01 -2.499970672733400345e-01 -1.584735387068988977e-01 1.251892843364739993e-01 -5.414753687466006271e-02 -2.874019396698672679e-01 -3.150855459382909032e-03 -1.570357824209822339e-01 -1.179276822875725828e-01 1.733078042948826003e-01 -1.128341607503707822e-01 1.673513595119384689e-01 1.610313090969545113e-01 -1.307003398142152495e-01 2.291274773702040371e-02 -4.328833235339708124e-02 6.884962883852899403e-03 -6.582878272714723367e-02 1.964763195676035579e-01 1.110495991180485316e-02 -1.257175347888193073e-01 4.460454988278685085e-02 1.998975458810310357e-01 2.713132143174248889e-02 -1.602185631906511698e-01 1.108667885457878116e-01 -4.359979549565320966e-01
-9.498406613523914521e-02 -1.057353395946029062e-01 -5.332331724311480114e-02 -3.248288344782571113e-02 2.094448311647822136e-01 -4.620901687715769229e-02 -6.445005576813839232e-02 -2.587794824060589138e-01 -2.607110272644987958e-01 -6.030188773461237633e-02 2.273653837281149753e-02 -8.844978782697493491e-02 -1.374973266207452638e-01 -1.327884679643857035e-01 -1.459101285257151381e-01 -1.880645382002964772e-01 1.436006328391661591e-01 -1.103037721493482226e-01 -4.324450754869342828e-01 -2.905638922397960067e-01 -4.447447508126141369e-02 1.625840037975061492e-01 -2.945630438426825592e-01 1.329702206165200018e-01 3.208715682561750770e-01 -6.606274651572054124e-02 -3.080775091843429569e-01 7.517323194883357429e-02 1.875144146009308233e-01 7.417446703739515035e-02
-7.984894534327513504e-02 -2.293602864570640221e-02 -2.497726619598966136e-01 6.468346341442698932e-02 3.553859694447773498e-01 -1.027681923390002944e-01 -9.221418280599276429e-02 3.915062904079952832e-01 -2.079768200855110771e-01 -2.793018946533617347e-02 9.326761298191448349e-03 2.558158222422209915e-01 4.230784538283526020e-02 -1.066340520470822201e-01 1.312574162033898206e-01 1.773497744861198266e-01 6.717108677883257273e-02 1.636559627099662059e-02 1.164350582121316396e-01 3.605131383215973706e-01 -1.779482752843717375e-01 9.638295873205914022e-02 -4.064393642077056973e-02 1.229731208356292099e-01 1.781279787569353679e-01 -2.754113682870433788e-01 1.364389601051421708e-01 6.738706890844860242e-02 2.325150977249467732e-01 2.562111194207633558e-01
-1.725180008172720603e-01 1.271093929827024349e-01 -8.572347532525728675e-02 -7.473076927265831330e-03 1.406762372499371638e-01 -2.835558311796509412e-01 -1.433428308698125181e-02 -1.445135421013711841e-01 -1.429833312834085934e-01 2.698822262873470587e-02 -4.861268407925969232e-02 5.280890495347320690e-02 -1.682701887257017359e-01 3.900319659620999357e-01 -1.412949206839791971e-01 2.532496116635281069e-01 5.205458892187758008e-02 6.307944384029597062e-02 -3.543339712912920575e-02 -6.109070746695136056e-02 -9.971340347909656010e-02 8.739708096425466421e-02 2.721884585485339625e-01 3.585894293519962805e-01 -2.956044462849069521e-01 1.891799895139673338e-01 -1.717816813812900467e-01 -2.173347576640804468e-01 -1.704362042577197422e-01 2.713593651866351153e-01
-1.015934356053856402e-01 -8.165176576498595074e-02 3.513719735906871422e-02 -3.398312830387629213e-01 1.016482550545528274e-01 8.720268699470680451e-02 2.165255493451086477e-01 -3.310616721519116790e-01 2.827311735482572475e-02 -5.844720761369892603e-02 -3.266179760710094526e-01 2.663736968062077604e-01 4.461114365837318824e-02 -4.428807461329611894e-02 5.151836787198013287e-03 -7.662925167801921955e-02 4.773764005011312678e-02 2.308278447103884190e-01 -9.342485746745385344e-02 1.742396729950042578e-01 -3.572574646981756530e-01 -1.205409258505111686e-01 -7.600002883546320975e-02 -1.263653476740366211e-01 -3.556322761754088790e-01 5.457923213451773559e-02 3.436675844945037694e-02 2.261819366801087194e-01 2.427014331990541285e-01 -3.030440051976831389e-02
3.212285463356138737e-01 3.930824828025365758e-02 -6.892813340102046937e-02 -1.311923543337243647e-01 -4.085337375218878186e-02 9.142352635454026322e-02 3.127670059156874016e-01 2.600276457842104483e-01 -1.619418095328545026e-01 1.479823817098623873e-01 7.858841063014262995e-02 4.331449836922201535e-01 1.744289581319497517e-01 -1.133996720648601242e-01 1.182406787366277329e-01 -1.406639452411438153e-02 -1.151379977854895265e-01 -1.294247977894406598e-01 -9.269765166258803202e-02 -1.092578827864469776e-01 -8.930420485177695267e-02 1.381852621647157164e-01 -1.475296270641053287e-01 1.318407742216474998e-01 -3.539191442715293456e-02 2.561301096197183824e-01 -2.789210411855017058e-01 9.792801690299049455e-02 -3.564870461631610143e-01 -1.952596815388216167e-02
