-3.503566864988827412e-01 -4.153419300383910939e-01 4.224068720630401175e-01 1.344037459011623303e-01 1.959624766165285192e-01 5.353447799971206705e-02 -4.897657021586584447e-01 3.767190807592858404e-01 -1.995734411098300798e-01 -2.129902371172759934e-01
-1.432460149320761711e-01 -3.841733654319386959e-01 3.418665295822449490e-01 3.470080529506067712e-01 3.106194973358804012e-01 -1.753303734587645935e-01 4.368105794882571336e-01 -2.983644232094259663e-01 3.219926974409517140e-01 2.896114138979211106e-01
-2.889940048547988138e-01 -1.607576961415037031e-01 3.710106282668020061e-02 -5.478723185381673133e-01 -5.451537030685949664e-02 -4.071269683207561219e-01 5.158954441326636386e-01 2.156272601234660025e-01 -2.678664812959050678e-01 -1.896810261602865089e-01
-6.576167306433603477e-01 -2.005642144585623177e-01 -3.986205636616267367e-01 5.846408056384087837e-02 -3.031970155388274968e-01 4.417222359495283079e-01 7.840321579418818576e-02 -1.047443521355402585e-01 -5.771860209858596658e-02 2.397936288210926747e-01
-9.505144533230361001e-03 -1.671797158922344040e-01 3.103381626208885358e-01 -5.883220844066530120e-01 -1.235488266256274809e-01 9.792364039723051861e-02 -3.163889668293335955e-01 -6.262824457968301228e-01 1.103042614785123415e-01 1.326206575040018640e-02
2.352796634576337642e-01 -2.335589142543421926e-02 1.315772891001109890e-01 5.002867920261431373e-02 2.440961935157869855e-01 3.300295923086985495e-01 1.954784667872715154e-01 -2.113184581255365402e-01 -7.993406434017107376e-01 1.843020920799169904e-01
4.426375571409518761e-02 -1.268283209313388581e-02 2.249360134180129478e-01 2.434259720315588571e-01 -3.109960023943705298e-01 3.303315569287256226e-01 3.198995425279812510e-01 -1.683650185010659994e-01 5.913501866647961902e-02 -7.402773490408078860e-01
-3.010563585073369741e-01 1.755401030612119273e-01 -3.854853693794239589e-01 5.155527144067893058e-02 6.017294995202828733e-01 -1.625982981203081545e-01 -1.195440753095260156e-01 -3.849480936687318944e-01 -6.061601055998418891e-02 -4.154841832838990223e-01
4.159627786238930258e-01 -6.515867332930547207e-01 -4.250325327296443634e-01 -1.969940809931435277e-01 2.275269374742097950e-01 2.450241193810191731e-01 4.911278153889170328e-02 1.381550277775959179e-01 1.729130167542463903e-01 -1.405249417095055520e-01
1.403116534364329260e-01 -3.602746970970005513e-01 -2.257314234796064800e-01 3.295335439315556503e-01 -4.298851057872406511e-01 -5.398331996651333231e-01 -1.991946867813419175e-01 -2.812313850018188788e-01 -3.053270357208622277e-01 -5.246378643339934950e-02
