-3.716137936632946115e-02 -2.017350391026881407e-02 -1.051949300182610653e-01 -1.203187560996718669e-01 1.935653180893995295e-01 1.097328430484738465e-01 1.786462373318572355e-02 1.119591277256744462e-02 -2.266057758978828884e-01 2.737261239250297629e-01 2.690596763566505678e-01 -2.605137245600306142e-02 -1.908635695174574487e-01 -2.151338104727328615e-01 -1.266895121776192255e-02 -5.328164659965680672e-01 2.146304610388137524e-01 -9.566764054182030907e-02 2.523872303192230548e-01 5.811619763291695634e-02 3.834111845611404973e-02 -2.255955499872760728e-01 5.708777926231942135e-02 1.398168874596755207e-01 1.686865870602748119e-01 -1.127749392271974876e-01 -3.038017431519123845e-01 -8.439354719451738762e-02 -5.495200655176461085e-02 -1.246014047622629184e-01
3.551327222811952455e-01 4.039222285753199526e-02 2.310683296430779410e-02 -1.323769083002296343e-01 7.837656734996746588e-02 -1.963192083030324275e-01 -6.531163345601248560e-02 -1.386848255119199624e-01 -3.158735231884061689e-01 5.227210129888321122e-02 2.107784094260286012e-01 7.191509522229784512e-02 2.610834884146794876e-01 2.573976639919550724e-01 -4.016216916625083531e-03 -1.606285181756159780e-02 2.431127166479022383e-01 5.168175479222277859e-03 1.724115942272697391e-02 4.679382717093703153e-02 -5.885552012182988096e-02 2.182527476174302844e-02 1.042910714536103567e-01 -3.530248517196485358e-02 -1.767857214817343814e-01 3.572649649115067216e-01 -7.791739411552352224e-02 -2.144024472906626566e-01 3.169423707466020312e-01 3.318799485351982548e-01
-1.430830630907767853e-01 -1.653638176850320872e-03 2.189953987713152139e-01 -3.760413544704575145e-02 -3.281239998619546183e-01 5.576523504277951238e-02 -2.273446530153588885e-02 2.999365631190641091e-02 1.123058551867915922e-01 8.280144486123623693e-02 1.721302239699940700e-02 -3.683066478072863914e-01 -2.752559760007981526e-01 1.522010523228030099e-01 -1.329576022186081952e-01 -2.249082885901690920e-01 1.245743837157380213e-01 1.450148416812344909e-01 3.716106751554153209e-02 5.094809071262063060e-02 3.739348351899953182e-01 -1.447006101332784511e-01 -1.824669870589368526e-01 -4.955931435548600189e-02 -2.034923005318046429e-01 6.138925746174342521e-04 1.237303313913594160e-01 8.757162942763636881e-02 5.828877999493812384e-02 4.364939488927030431e-01
-1.409788023206159646e-01 -2.046869216219147393e-03 1.935347010520811761e-01 -1.957585440900903861e-01 8.597419703493566767e-02 -1.389899810198084451e-01 -1.234746293068087059e-01 -6.585388696411322018e-02 9.141592120293742796e-02 1.220857625042313377e-01 9.475508675893298816e-02 2.371953243206770534e-01 -1.583092885453638576e-01 -2.667671176807620004e-01 -1.212921877162032869e-01 7.430261336341850709e-02 -1.236943975182634714e-01 2.841144149873844338e-01 -1.948993280821692820e-01 -2.253734642622359785e-01 1.193422041845605408e-01 1.993681463211033345e-01 2.898607649627099603e-01 -3.244057516293554193e-03 -3.126215326235844139e-02 -2.457721851384004619e-01 -2.527747298743276416e-01 1.272691522538050013e-01 4.206832064296974760e-01 1.087273833880473828e-01
-1.212332579905593677e-01 9.072437892650614399e-02 3.297310063372571043e-01 2.009675130809373059e-02 -6.782357327742161157e-02 3.495022380704955745e-01 4.028964694844702071e-02 3.241808987690943458e-03 1.855890530700314220e-02 -8.001136119148434533e-02 -8.744882773195487846e-02 2.629956140367424866e-01 1.631601036748750108e-02 7.233767718244044076e-02 -2.116105336776113177e-01 -1.338421516871632078e-01 -1.297556688923832691e-01 -4.097842386889676836e-01 1.239794662794083818e-01 1.123344498837564737e-01 2.564505575234128365e-01 2.429185948967585995e-01 1.524804199712293806e-01 1.059748162492512163e-01 -1.712831021966719491e-01 3.545776784414028104e-01 -1.180523662949286012e-01 5.041638339721553341e-02 8.630314892463294973e-02 -1.918622335561445402e-01
-4.993675836550702345e-03 2.827470729625856660e-01 3.001010163179089474e-02 2.141966766767772756e-01 -3.828232743025254681e-02 -2.757166713934843250e-01 4.702858704144572410e-01 -3.165887235295770652e-01 8.712714026108958620e-02 3.125831906122587545e-01 1.613126944392197781e-01 -2.859342234196010635e-01 7.463181383060897567e-02 -1.863648317505828822e-01 -6.307156793229423686e-02 2.429582563006394968e-01 -6.503568564946629604e-02 -2.421539622860315599e-01 -3.024278805286662389e-02 -2.292058151369064448e-02 1.030419168950447995e-01 -1.154510406476192963e-01 -3.519837350657725045e-02 1.651607717471472725e-01 -5.435480279834696560e-02 4.627995444952186233e-02 -4.684040020483219019e-02 5.889692083587478449e-02 1.308326718462682892e-01 -1.154545804649712709e-01
-3.875619439461270854e-01 2.025050707009585782e-01 -7.851756363137844807e-02 2.779770466674026386e-01 -9.169660792608046521e-03 2.348251590334037853e-01 -1.996561643036119937e-01 9.582967419918669025e-04 -3.066642465442456778e-01 8.166410510077810880e-02 2.196138305232458454e-01 -1.858020979264707884e-01 -1.912108747121866181e-01 2.879347519134890787e-02 -6.663112927304444544e-02 1.011324380549089297e-01 -2.892336924744258811e-02 2.402424771967801576e-01 -6.289189414791742337e-03 1.333550274399079028e-01 -3.357357185900776142e-01 1.953284992731523506e-01 -6.440282700674032634e-02 8.107453891362982612e-02 -8.492402910643652089e-03 1.553286279256304581e-01 1.850772707704629316e-01 -7.278467428679993856e-02 2.703357964161728355e-01 -1.412005338319650971e-01
-4.289232473679750052e-02 4.243656733153580718e-02 1.588270873693413965e-01 7.669640614789287325e-02 -7.823610434092176380e-02 3.556408394550443219e-01 -1.864681745630516196e-01 -3.623343323712456265e-01 1.905208439796413911e-01 2.189175572056034358e-01 -5.356251989134140634e-02 2.632037206869939916e-01 7.781438783520781832e-02 2.330354989491445761e-01 9.669716185741411563e-02 7.864167465656872469e-02 1.955595924983927481e-01 -1.888386561620828130e-01 -1.007483707723600408e-01 -1.316847296487204666e-01 -1.147706772122815827e-01 -2.888990461226777495e-01 -1.128000258889692159e-01 7.793861242340251183e-02 7.756291687576429006e-02 -3.382504015945821396e-01 9.867864430827220923e-02 -2.406574692006849814e-01 1.697163588040332405e-01 2.480005859071084465e-02
1.000162106202093643e-01 2.080722261400676787e-01 -2.406346690529220511e-01 -6.576819956079252294e-02 9.378072867351422426e-02 3.347872731682056957e-02 -1.246198120866110343e-01 -3.643110925895698959e-01 -1.038129861324944558e-01 4.791672058730369471e-02 -1.387066616462392377e-01 1.281689642753610081e-01 3.614661832320859025e-02 1.755351557935627693e-01 -5.154905268654553785e-01 7.054471700622949072e-03 -1.728476104541130376e-01 3.284079285044087526e-01 9.742195453819256848e-03 -8.789855457194954702e-02 1.812847677267484525e-01 -1.633033081809816267e-02 -2.865459263665960377e-01 1.268796782878915397e-01 3.534794809756068579e-02 5.299544543490708470e-02 -1.535245293968262592e-01 4.910375669009909433e-02 -2.633094778476446352e-01 -5.836664683096583206e-02
1.314851959656643532e-01 8.077444489799924174e-03 -2.189856358355552757e-01 2.798049187964386508e-01 -8.818600991705130565e-03 2.224019498268931666e-02 1.041130837340859816e-01 2.351556134119134056e-01 -5.029766553793030281e-02 2.167391900670841420e-01 -1.784835970925672255e-01 1.545740236528396760e-01 -1.750332814566561979e-01 5.415663130216265275e-02 -7.268866707489343715e-02 -6.814751930180325268e-02 1.434971643826540855e-01 1.460722422664636477e-01 -4.062393768802703420e-01 -2.722698097368040498e-02 2.760067943641055788e-01 -2.493967863034057542e-01 2.346629240153207396e-01 -2.519846709443831489e-01 -1.517576324674776711e-01 1.333135529523298002e-01 1.022502555307648886e-01 -1.677443966974087874e-01 8.537203137917373508e-02 -2.993525093348778365e-01
1.102856424364350059e-02 -1.849543360169705608e-01 1.076444902662583719e-01 9.386798535081362915e-02 5.652332280628554750e-01 2.329564017628417416e-01 2.751783334293169125e-01 1.262037139741194469e-01 6.082771181955309858e-02 -1.952640131621806163e-01 8.973564556453751673e-02 -7.354205389713100449e-02 8.603630601275573386e-02 1.172519122959032323e-01 -1.510461551335371688e-01 1.168978277417830752e-01 -1.484164369131488193e-01 1.385115999427391498e-01 -8.046679104869121357e-02 3.764639559841720384e-01 6.456778613453846571e-02 -2.047622094181980879e-01 -1.540041907269743340e-02 1.663904817438924544e-01 -1.405271984860347600e-01 -2.122655172776362342e-01 -3.328478173729882555e-02 -7.634904024338531880e-02 1.181533371766287782e-01 1.334557377586009785e-01
-4.168140935779189316e-01 -1.031638266498050571e-01 -2.710570962727533173e-01 -1.791886445707640552e-01 -1.222196189204708128e-01 -5.599426761178646211e-02 7.971995114477974098e-02 -1.526842166083098862e-01 2.233245982898184878e-01 -2.872878129583411044e-01 -9.494878656492970748e-02 3.150065954378644673e-02 2.490191767193297434e-01 -1.639877685673609697e-01 2.981191933442716574e-02 4.961626218957147089e-02 2.144183322346404075e-01 2.295076999559644282e-01 2.684337007802530262e-01 4.771352224842811962e-02 1.891582324456431707e-01 -1.665825262087434755e-01 7.458905735074977672e-02 7.373841993442523113e-02 -2.771050713293222653e-02 1.736381318010353780e-01 1.310999278297667568e-02 -2.995345877678232127e-01 2.009827678639633519e-01 -1.375300369733311878e-01
1.174563330158519096e-02 3.088144630625047626e-01 -2.594276852556444135e-01 7.099814551526761885e-02 1.781063973987778992e-01 2.860029872883862456e-01 3.098321521696474901e-01 5.237289156542032642e-02 1.006713481717092101e-01 3.948728475921458453e-02 -3.030282090684658161e-02 1.359202130686782972e-01 -4.063553173626067994e-02 -1.019747267575975003e-01 2.053906940857234686e-01 -1.383330469012697128e-01 -1.963059590829966117e-01 4.659975232354995889e-02 2.553950072938394045e-01 -3.742791229726776803e-01 -4.668520842821433092e-02 1.473283994270237762e-01 -8.227476797423532995e-02 -2.158915558403589063e-01 -2.479857657966540452e-01 1.249998527747558322e-03 5.482198913023630937e-02 -1.500744882465303853e-01 1.966867725886255192e-02 3.236357027650731966e-01
-6.463953553586745948e-02 -2.852007611734045378e-01 1.734898137462118906e-01 1.292217185480477037e-01 8.012121004013210424e-02 -3.640861390236711098e-02 -7.884463662248225591e-02 -3.592545053792955967e-01 9.153839340958640214e-02 1.304404177802396259e-01 -6.115465482098172631e-03 -1.618398431190475051e-01 2.550580953192941314e-01 -2.567697966345258709e-01 -7.519695028456292729e-02 -3.505674962502841052e-01 -7.359258026290424470e-02 6.051394988344083875e-02 -1.993760030597490074e-01 9.173552023256448251e-02 -1.277053454413103750e-01 2.467051045142868992e-01 -8.898232795549064836e-03 -2.683825205101940670e-01 -2.913270481443900883e-01 -1.749743383630006366e-02 6.955870985492214331e-02 -2.523997427397484117e-01 -2.224184682586015094e-01 -6.150561760347551116e-02
5.172290999865659655e-01 -1.925879362921010043e-02 3.067667255158327763e-02 5.688667194997930332e-02 -1.274013518866383143e-01 1.614258789840896380e-01 1.201583648522383946e-01 -1.635250633674204535e-01 2.491567254334725590e-01 -3.156578915419497866e-01 1.828534723779938198e-01 -5.442586600013733095e-02 -2.878643871780125485e-01 -1.564884573611807494e-01 -2.853297705578088928e-01 7.423525597117844148e-03 2.252784150457277923e-01 8.518525549851395373e-02 1.855490266228541629e-01 3.662758087298628035e-02 -1.209073771862228530e-01 1.406750392663892735e-01 -9.477359536656957892e-03 -1.771142035982444796e-01 1.112216274263506388e-01 -6.942248930927795436e-02 1.007923237490704477e-01 -3.154751897853398657e-02 1.841466493815032135e-01 -1.887340406645178215e-01
-1.339316267776198208e-02 5.363205371419094147e-02 6.123482109080138902e-02 2.058007756884618067e-01 1.372204035996073546e-01 8.248985398238050520e-03 -1.183750114622738742e-01 -4.807595590812946407e-02 -1.381489127563328978e-01 2.030841849600464599e-01 -2.620634346511508533e-02 4.961477155889509189e-02 2.147253379260357642e-01 -9.281547552805047285e-02 -9.155706359053922272e-02 1.354366956106130837e-01 3.891539203499479269e-03 2.215403959398341838e-02 3.647326689032058811e-01 1.704318181377807717e-01 3.401532981728514482e-01 7.490248500682969435e-02 2.702311126398883045e-01 -3.013632816500462219e-01 3.911272172376870082e-01 -1.207540293555122296e-01 3.514228201752468417e-01 5.851591852964963675e-02 -4.749855087465230941e-02 1.619027306646235453e-01
-1.112408851618494759e-01 1.102637565442885770e-01 1.427495990562673844e-01 6.973276224283359026e-02 1.060390318003973376e-01 -3.363432958009172219e-02 -2.976501041267862885e-02 7.026595938551755127e-02 -3.288659045071040676e-02 -1.337278944943689207e-01 3.610610316991738622e-01 4.016688131711763643e-01 -1.655046238280867901e-02 -3.728465193889295981e-01 -4.275301575380437841e-02 1.465203969575421261e-01 3.734017693138108052e-01 -2.155358719471336688e-03 -1.728446291375439203e-01 -3.018955059151093648e-02 9.080072105729382337e-02 -7.043416395645459016e-02 -2.537279355661991587e-01 7.684042377577683658e-02 -1.398796883439101801e-01 1.304708340949292111e-01 2.126072500845413993e-01 9.445442643178618425e-02 -3.131495329386408399e-01 1.276442209063295696e-01
-7.728584695127943549e-02 -3.820277554813401588e-01 -2.320358191671027526e-01 -3.565421609507314626e-02 -7.988063101181949732e-02 2.449750533420534115e-01 -1.233739218907597551e-01 3.336024653698777681e-02 6.824200034151135796e-02 3.868286404139963108e-02 4.556414072807258298e-01 -1.059009852734406759e-01 1.005496244530175443e-01 2.168811016567884740e-03 -2.143874469573374963e-01 2.062196104190868740e-01 -2.490139066199914264e-01 -2.026404841667847900e-01 -5.027247410612329520e-02 -2.755022841268732203e-01 1.279460463446132658e-02 -2.415715611584695333e-01 4.255327301538276014e-02 -2.794687401898995893e-01 5.058143736578742111e-02 2.018644792170134206e-01 -1.027494427304082858e-01 9.359378743705669412e-02 -1.182402688755928265e-02 6.294792003495577881e-02
1.014543333061987684e-01 -3.481952539129148927e-01 -1.246570908426829771e-01 3.825061607849481460e-01 7.854707589086058414e-03 -2.343257478632987476e-03 -7.242161486193091080e-02 2.639125916781608905e-01 1.183634184172047271e-01 2.027974954136913255e-01 -3.881493122967397819e-02 -1.441135305604906817e-02 1.952439907128826480e-01 -7.538112825134380551e-03 -1.811781515606688750e-02 1.770579670422875451e-02 2.128430521329626179e-01 1.399859702809856318e-02 9.475880996930020894e-02 -1.810445620433869529e-01 1.973842391412720387e-01 3.794273020972043220e-01 -3.485272631514748087e-01 2.857618968000110171e-01 5.745983343704533924e-02 -2.792835208648345585e-02 -1.625725562002687530e-01 -1.653097757706357279e-02 1.785041992271505784e-01 5.029208560072175559e-03
1.932799395027953726e-01 5.523918018608156739e-03 3.528186396459771501e-01 2.470250310654157067e-01 -1.046896483225213947e-02 -1.505596137195109110e-03 -1.777920924771431987e-01 -8.371814824745289763e-02 -1.616457843041009812e-01 -2.278266943407909750e-01 4.539352718268403752e-02 -3.977428751421005493e-02 -3.375825773755283116e-02 -1.764057805443639826e-01 3.697015958918699607e-01 -3.465808331796012276e-02 -3.572380764159738264e-01 2.016574436989017893e-01 5.531344265683858785e-02 -1.578861718957066673e-01 2.408917750884497222e-01 -2.646545412094195027e-01 -1.948475694091016952e-01 1.819657561475425747e-02 1.499734711478114269e-01 1.828444408369474805e-01 -1.161743733502847292e-01 -1.865461053604131059e-01 8.091228208157992541e-02 -1.147020229296726868e-01
9.622447119179027009e-02 -1.390847207325307533e-01 2.652245437779990889e-01 -5.501629202321072637e-02 -9.796936989798468720e-02 -2.393564239459686216e-02 1.041409738632449039e-02 1.795511636772762487e-01 -1.575164724155394547e-01 1.546334358542904575e-01 1.077668609358150079e-02 -4.031602188493894207e-02 3.500492876281721677e-02 3.081588652661762517e-02 -1.707589907777025406e-01 1.921673957471520811e-01 -1.596173841071350796e-02 1.712708167850548469e-01 3.905059351466536044e-01 -3.250013196600619603e-01 -1.205091894907685673e-01 -1.296405338234967453e-01 2.387891383829102432e-01 2.403736071583486844e-01 -3.912666050962976261e-01 -1.389058558968472301e-01 1.815967210609765736e-01 -1.356444987529147883e-01 -2.042296596738674974e-01 -1.935770569464830559e-01
-2.151919033562671724e-01 -5.407879493319473624e-02 -1.469771393180099341e-02 4.763533640594700413e-01 -2.663326201097054521e-02 -3.393623806283768696e-01 -5.071714032620847079e-02 -9.736685723682439453e-02 -3.918620769881583227e-02 -2.119748590786827147e-01 2.017305677057515401e-02 1.883223443569532196e-01 -2.376586331735293656e-01 2.156845987571321954e-01 -7.244125471418798312e-02 7.057733276791498811e-02 5.984548356608686975e-02 -1.206720615120133872e-01 2.565723160547689896e-01 5.581546179731435020e-02 -8.524658042253704937e-02 -6.854918429235314081e-02 4.382961469618548017e-02 -2.556390951515374876e-01 -1.815951247896437637e-01 -1.695414895883464168e-01 -3.928469911062248965e-01 -4.495376910652065100e-02 -9.211598836593175299e-02 8.518687477829003929e-02
-8.353438915773749029e-02 2.202603120414720339e-01 3.236874403469896383e-02 -2.855284792777793013e-02 2.929224922095253758e-01 -1.889765790333455542e-01 -1.571369518755250660e-01 5.202635504952637935e-02 3.221519174242973849e-01 -1.301474063064184949e-01 3.480900507958827883e-01 -1.928057419755672408e-01 -7.530123804025776191e-02 3.793157600308973976e-01 4.113343298149222532e-02 -9.271428835084920272e-02 3.351532616834652922e-02 -6.279917120605595093e-02 -8.387661910075734639e-02 -2.463300750237766013e-01 2.167476621225859212e-01 2.066439718003262038e-01 1.660451760016335432e-01 8.315072330226430664e-02 1.210477295493230243e-01 -7.156265577686634835e-03 1.236580659421279288e-01 -2.766482193392245104e-01 -1.659150625234177556e-01 -1.543569962291989339e-01
-1.699054816761237305e-02 -1.487753513260824390e-01 5.535343783990739897e-02 1.372934162254530188e-01 -3.301691116581643715e-01 1.526358500994193512e-01 3.825715137614518202e-01 -1.009847374691562882e-01 3.082846968809319771e-02 8.022055967215784011e-02 1.831051935152600285e-01 1.702997847239876017e-01 -4.694371154172886917e-02 1.406288782926285452e-01 1.177021925753359982e-01 1.618578758594055311e-02 -3.347273450325575356e-02 3.066274728769172175e-01 -1.218135582085608931e-01 7.997413681307098676e-02 -5.039577861872542724e-02 1.523716140760832949e-01 2.904171258277039591e-01 2.123023574730946439e-01 2.961741058566868534e-01 1.137498959376432028e-01 -1.456024763395660504e-01 -1.487075203014196489e-01 -3.147503243139923024e-01 2.149369044127139028e-01
1.950962885614405257e-02 2.235901546096111803e-01 9.330921029522647181e-02 -2.096227719179483695e-01 -2.591804672892215611e-01 -8.663249250856490391e-02 1.246341689511119843e-02 3.649510557605559757e-01 1.272694676880390119e-01 2.198438164999888811e-01 2.318488023711853252e-01 1.578355529242736754e-01 1.546922545071967581e-01 1.671067370637623756e-02 -7.615297413806121352e-02 9.331114425350663100e-02 -1.948045345529931249e-01 6.193349463689772072e-02 6.209343364894037709e-02 3.306691694659607550e-01 2.662751943707440411e-03 4.410876755565435597e-02 -3.073449823817712145e-01 -2.554604329831480780e-01 7.253747473246459875e-03 -1.544529380921182693e-01 -1.594471335745517859e-01 -3.506550475588377513e-01 2.887591527456799599e-04 -1.345272798678123216e-01
5.975066900710770956e-02 2.227755929761200127e-01 -4.401325204151349674e-02 2.498112176242434646e-01 -1.629232446609692742e-01 -7.264575140486418184e-03 -7.757528134431933287e-02 7.767741315160933691e-02 2.070494268371571023e-01 -8.781857066883722029e-02 2.370928083174664303e-01 9.131449785578168998e-02 4.470572227000142451e-01 1.083870016438112510e-01 3.697960501979415116e-02 -3.754884363086614107e-01 -5.295267637170901487e-02 2.143148137559114930e-01 3.235253178060230883e-02 3.041064298063578947e-02 -1.062408877813066227e-01 -1.732477558953409436e-01 1.461287047208684464e-01 6.816390791053360265e-02 -1.150052385251891934e-01 -9.620121647975861390e-02 2.363423265419243441e-02 4.655618082140706715e-01 8.462358230133032455e-02 -9.875831928261184778e-02
-2.199873925602188751e-01 -6.743456817191502417e-02 2.915247729715439995e-01 -1.150823295705841603e-01 6.855235613328358735e-02 3.709431884586629480e-02 4.207717236683494733e-01 -4.757476470336149434e-03 -2.900323189416129654e-01 -9.121803650086254822e-02 1.531179284390586995e-02 -2.657453693495773900e-02 1.822273894551303675e-01 2.578237665778750909e-01 -1.648206385625059639e-02 -6.399696135520545337e-02 2.272242380304799747e-01 1.312996875085283011e-01 -4.396635961449325836e-02 -2.995508544374488880e-01 3.747678640760733048e-03 6.597267286958925780e-02 -2.239329657495505999e-01 -3.529487329694687148e-01 1.739890817624074326e-01 -7.246136183377331619e-02 -4.302903471997556600e-02 1.713812406868735205e-01 7.005619459019105100e-02 -2.387050390275038958e-01
4.979488350118458501e-02 1.230441510331936605e-01 1.338860678842091756e-01 -4.758207665651916635e-02 2.055790845978657522e-01 2.404205125768023588e-01 -1.590588609363233763e-01 -3.100400864304729900e-02 2.786444517021736678e-01 2.340366141602926719e-01 -7.876754090923977769e-02 -1.940600974717689997e-01 -3.041056181338966293e-03 1.546005921866788063e-02 2.561051818504489486e-01 2.964073509569827847e-01 2.906484367019799286e-01 2.292282756846286129e-01 1.175733909939525729e-01 1.033658935343292756e-01 -3.085132738786876619e-02 -5.572956336610235782e-03 7.070337316140895556e-02 -1.905336535831136102e-01 -1.146745113487050438e-01 2.377651466979080197e-01 -3.818042598490609119e-01 2.053729862304351506e-01 -1.851282154771785871e-01 -1.008355759433504917e-01
-8.803684918406781690e-02 -8.894756503762800415e-02 2.264325887791802938e-01 5.124904117626961214e-02 2.089918466476078929e-01 -2.473552628357144345e-01 5.853131088078645378e-02 1.254763411057212008e-01 3.502523225917484329e-01 2.106657801663455454e-01 -1.624676848694032172e-01 1.610541888465930327e-01 -1.116118204123685287e-01 2.971718978091075769e-02 -2.291019245571606355e-01 -1.649441204638798508e-01 -8.155765260429616303e-02 7.175857408893351885e-02 1.273086710243705733e-01 -6.779134000625873513e-02 -3.614828421870256436e-01 -2.112113058770591356e-01 -1.001048691228359905e-01 -6.850242079790641418e-03 2.710298197993961655e-01 4.095473585092903601e-01 1.358736161061452341e-01 -1.564909432782192640e-03 9.051125158985909303e-02 9.048224438477635301e-02
2.846770950849173559e-02 -3.151083194027919365e-01 -1.233777339166029358e-01 -1.428616492973844576e-01 7.269198359997636194e-02 -1.228966723847171455e-01 6.687935282920397240e-02 -2.499522514461277323e-01 5.105205965121334399e-02 2.105663143295375128e-01 2.152550892701134422e-01 2.748443132989146775e-01 -2.537778334921979018e-01 2.308088496467367023e-01 3.350638929456055681e-01 -1.371987432610085418e-03 -1.634839951915880440e-01 7.754636739798981271e-02 1.804521174374698333e-01 1.892237778490574729e-01 1.458752311850378958e-01 9.041588655038464151e-02 -1.636790800831759984e-01 -9.595526544163131277e-03 -1.910368003026028383e-01 4.122367166779196401e-02 2.719362661146651483e-01 2.323586972042930854e-01 6.906782802582032976e-02 -2.231873213100486475e-01
