# CEC 2010 F13 permutation vector 0-based (D=1000)
671
174
109
716
296
447
876
410
83
510
219
795
248
801
318
797
64
713
176
807
663
752
63
656
820
451
661
164
738
173
462
794
761
326
972
767
859
356
126
274
621
623
313
939
459
48
855
744
213
403
692
540
594
555
345
466
639
982
449
874
454
684
953
535
359
979
711
142
805
582
434
132
780
678
551
980
295
562
49
691
908
394
786
974
155
792
882
316
769
333
681
679
33
228
699
199
628
348
754
186
742
15
992
906
949
170
40
58
912
165
79
677
796
714
307
927
915
672
118
305
440
86
614
340
592
443
461
703
954
382
265
861
472
685
725
735
460
463
475
485
67
790
875
385
550
894
521
904
435
279
914
557
198
712
721
361
596
743
822
130
180
889
275
645
107
161
437
439
147
193
647
654
739
334
215
708
250
156
577
57
706
989
13
943
184
918
37
122
18
841
263
520
948
916
19
300
175
687
506
144
136
552
571
181
787
986
406
836
651
384
323
314
160
930
336
981
477
486
73
327
620
567
283
884
195
768
167
212
707
745
919
633
262
329
729
941
205
286
242
495
696
553
885
852
480
697
946
98
297
191
31
872
404
429
785
75
88
62
834
772
764
931
133
925
358
354
608
260
259
488
686
76
734
380
363
343
453
590
664
364
566
112
901
256
36
337
814
342
630
642
793
168
151
600
240
622
701
387
719
732
913
179
514
929
897
717
545
108
85
408
390
668
446
789
258
669
154
683
997
280
800
740
515
457
962
777
700
467
12
288
817
615
349
99
138
432
613
610
648
129
282
871
396
848
556
682
69
474
304
444
490
34
115
177
933
231
612
424
960
990
821
537
659
580
442
249
583
883
675
653
16
880
367
720
383
650
196
775
728
670
362
609
575
988
959
185
484
543
127
71
765
224
21
534
121
423
934
306
910
921
216
970
632
975
89
812
192
833
163
227
376
420
9
264
113
503
80
100
881
106
72
936
483
568
278
261
957
415
169
351
35
379
489
374
818
782
201
853
611
452
886
20
478
430
491
28
905
597
724
530
631
748
563
536
522
978
658
923
391
203
468
995
26
0
30
292
428
825
845
226
414
44
726
24
497
779
887
229
101
321
357
781
695
141
322
8
117
749
65
246
806
513
892
397
187
233
942
255
641
116
239
481
751
864
595
94
4
966
667
570
319
587
496
77
456
303
418
222
436
499
504
791
273
784
150
146
810
347
599
607
858
25
680
464
932
91
417
207
301
412
917
956
605
837
968
124
234
220
879
585
47
52
320
60
291
5
804
45
640
830
626
110
868
524
559
102
646
572
718
135
528
66
518
629
398
388
68
838
898
92
425
97
81
839
809
309
829
773
325
823
890
235
602
727
27
828
206
360
352
17
23
377
783
254
799
517
652
849
140
617
547
940
188
842
182
899
846
756
214
344
977
172
832
870
285
103
487
243
145
903
441
51
183
153
509
844
603
549
104
450
370
770
533
433
857
375
816
137
311
178
218
529
698
355
217
405
847
131
689
593
197
616
542
270
774
581
373
877
411
353
527
332
606
469
747
409
891
644
902
236
6
819
494
722
7
826
266
938
41
148
976
252
662
389
690
268
438
586
70
84
660
368
479
59
238
241
811
757
46
157
269
525
584
95
523
105
561
973
223
753
407
114
232
951
840
947
401
211
928
284
998
541
999
935
1
38
539
746
287
637
324
341
74
381
247
346
251
856
365
548
865
987
909
878
907
10
56
272
991
350
96
470
601
162
419
619
42
869
431
330
643
338
392
546
416
400
14
422
386
924
702
538
519
399
230
710
558
448
688
618
694
93
328
665
576
604
952
815
862
190
803
771
758
498
257
963
413
277
730
2
831
149
11
501
588
152
87
310
827
54
635
372
402
143
204
544
636
565
627
944
22
39
715
366
299
507
589
808
512
476
369
194
221
704
676
993
289
649
984
655
245
564
560
281
378
298
159
43
896
624
850
526
82
709
638
737
888
421
473
945
911
693
873
166
123
3
339
965
253
158
465
759
120
964
866
505
657
573
776
741
426
119
502
967
937
813
851
961
290
458
996
731
125
32
733
574
926
763
922
723
293
955
208
569
824
445
393
202
798
128
969
189
61
209
237
985
139
835
315
860
994
271
55
666
331
516
598
750
308
531
500
778
455
788
335
802
532
867
579
294
673
843
427
511
50
578
920
493
895
762
492
276
90
674
863
554
244
312
755
371
971
893
900
950
471
482
634
395
591
854
53
760
508
267
983
171
302
225
317
200
111
766
625
134
705
210
736
958
78
29
