# CEC 2010 F13 shift vector (D=1000)
-1.6839989800000001e+01
-9.8563404100000000e+01
-9.6842881599999998e+01
9.2932412799999994e+01
-9.8214785100000000e+01
4.3664902900000001e+01
5.2997385100000002e+01
5.3644246600000002e+01
-7.4476453199999995e+01
-1.1205279700000000e+01
5.2248787700000001e+01
-9.0288639799999999e+01
3.7447145599999999e+01
-5.0791656999999999e+00
-3.7168952500000003e+01
-7.6079574100000002e+01
-8.9909527699999998e+01
7.3486753600000000e+01
-9.6439429700000005e+01
-2.7599575999999999e+00
5.8878701299999996e+00
3.2055789699999998e+01
6.4129228699999999e+01
8.6180807099999996e+01
6.1365093600000002e+01
4.0037406500000001e+00
2.1855564500000000e+01
-2.5038188600000002e+01
4.9597677699999998e+01
3.3172738500000001e+01
3.1425118699999999e+01
9.7915748100000002e+00
-5.6045124899999998e+01
-5.5590775000000001e+01
-6.3637825300000003e+01
6.5582601999999994e+01
-7.1601150700000005e+01
4.7236009099999997e+01
7.6451027300000007e+01
7.0171866499999993e+01
-4.5033256799999997e+00
-7.2777978399999995e+01
6.9814293199999994e+01
6.4035493299999999e+01
-3.0745467399999999e+01
-1.5878604500000000e+01
1.5686203100000000e+01
-3.8191325700000000e+01
-5.8405378700000000e+01
5.7561025700000002e+01
-2.6292490900000001e+01
2.1494312099999998e+01
3.2997583800000001e+00
-6.2654353999999998e+01
7.5277518299999997e+00
8.7728552999999998e+00
-5.0534052799999998e+01
4.1280732399999998e+01
-2.6892828600000001e+00
-8.2723758699999994e+00
-7.4213311099999999e+01
-7.4529089999999997e+01
7.6556856900000000e+01
8.7440029899999999e+01
-9.9764849900000002e+01
-9.2026535999999993e+01
5.2407951600000002e+00
3.2136716100000000e+00
-4.3666992700000002e+01
1.5373802700000001e+01
-2.9640027600000000e+01
8.2873746199999999e+01
-5.0435290700000003e+01
1.9108228000000000e+01
5.4540729200000001e+01
-6.2485461600000001e+01
-4.4512722599999996e+01
4.8493636199999997e+01
3.7973123200000003e+01
-4.5873113099999998e+01
-7.4440842300000000e+01
2.4645015799999999e+00
2.4391666300000001e+01
-5.0084303100000000e+01
5.7247070899999997e+01
4.3918475299999997e+01
2.8172004800000000e+01
-5.6842814300000001e+01
6.3145885700000001e+01
7.1010439800000000e+01
5.2536177700000003e+01
-7.4225457300000002e+01
5.4444750499999998e+01
-7.0977936400000004e+01
3.0336693100000002e+01
-3.2859495099999997e+01
-4.6796385999999998e+01
9.4050612400000006e+01
-4.2736023500000002e+01
-3.5441478799999999e+01
2.0178894499999998e+01
5.2995687799999999e+01
9.8016026600000004e+01
-1.8778678599999999e+01
1.4926711100000000e+01
7.5069098499999996e+01
-5.9117473799999999e+01
-3.7088651700000000e+01
-7.2059802800000000e+01
-9.3528546099999996e+00
1.0867756600000000e+01
-3.6620143100000000e+01
2.8690571500000001e+01
5.7007679199999998e+01
-5.8872351700000003e+01
-1.5419182899999999e+01
8.0182273199999997e+01
-3.1666858399999999e+01
2.3639963300000002e+01
-1.6658639800000000e+01
-9.9241935999999995e+01
-1.5144257400000001e+01
9.2242446799999996e+01
-7.3913224800000004e+00
-8.6810523700000005e+01
-7.2729518400000003e+01
-6.5276371999999995e+01
8.7556137600000000e+01
3.4095851300000000e+01
7.1194632900000002e+01
-4.2678418300000001e+00
-1.8314304499999999e+01
-4.2152153100000000e+01
1.2799296900000000e+01
1.6337892900000000e+01
9.5445710700000006e+01
-1.3236081799999999e+01
1.6454414900000000e+01
-3.5504192500000002e+01
-5.5619740499999999e+01
4.3501928499999998e+01
5.4678946099999997e+01
1.7670527000000000e+01
4.3693991099999998e+01
4.5032900300000001e+01
-4.1285846300000003e+01
-5.1447171400000002e+01
-2.8376766499999999e+01
5.8202900600000000e+01
5.8981146600000001e+00
-1.8410202600000001e+00
5.1680124700000000e+01
2.8395043200000000e+01
-9.6646247599999995e+01
-2.8369097499999999e+01
-2.8023537999999999e+01
-6.5066789299999996e+01
-3.3994449199999998e+01
-5.5377083300000002e+01
8.3152797699999994e+01
-7.5689501699999994e+01
-4.8121873600000001e+01
1.3308775700000000e+01
5.1977989200000003e+01
-6.6365886799999998e+01
-1.0887914800000000e-01
-2.6690619200000000e+01
7.6788630800000007e+01
-5.2615755900000003e+01
4.6846781900000003e+01
-1.8121878299999999e+01
-8.2288669799999994e+01
-2.1622368999999999e+01
9.5314491099999998e+01
1.4972875000000000e+01
7.8917806400000003e+01
-4.1844492700000004e+01
4.3792192600000000e+01
-9.3315861099999999e+00
-5.4071886800000001e+01
-8.8991877700000003e+01
1.7477973400000000e+01
-2.2812457299999998e+01
-2.6356838400000000e+00
8.9149401699999999e+01
-4.2023027399999997e+01
2.5230998300000000e+01
4.8090448100000003e+01
-3.8619698499999999e+00
-4.1842951999999997e+01
5.0558883399999999e+01
1.5544886999999999e+01
-7.4816369100000003e+01
6.7888065699999999e+01
-9.5458347599999996e+01
-5.5244384300000000e+00
-7.1584776500000004e+01
-7.5657334500000005e+01
8.2998508400000006e+01
1.5050124100000000e+01
-5.3396528900000000e+01
-9.7326087500000000e+01
8.1099132100000006e+01
6.6895600900000005e+01
5.2722524900000003e+01
1.1691211800000000e+01
2.2712145700000001e+01
-7.6517797999999999e+01
-1.1666182800000000e+01
-6.7030119099999993e+01
-7.7781827399999997e+01
-4.1944904200000003e+01
-9.3680315300000004e+01
-4.2859712199999997e+01
3.5549727200000000e+01
8.0530894500000002e+01
-7.1853748999999993e+01
1.9096560400000001e+01
9.7728540699999996e+01
-3.4778744300000000e+01
-3.4814333800000000e+01
-1.3563800199999999e+01
-5.5402777200000003e+01
-4.0943891899999997e+01
-1.9414981800000000e+01
-5.9640239399999999e+01
-4.1376098300000002e+01
-2.8845325299999999e+01
-9.5669769200000001e+00
-6.8734235699999999e+01
-1.2808034700000000e+01
-9.2778672999999998e+01
-1.5728878800000000e+01
6.3268981099999998e+01
2.3560285100000002e+01
-5.6631830299999997e+01
-6.2481130000000000e+01
-5.1172521199999998e+01
5.4168979899999997e+01
-3.0960268299999999e+01
9.8016958400000007e+00
2.7712541600000002e+01
4.6790507900000001e+01
3.6657055999999999e-01
-8.3360994800000000e+01
8.1370520499999998e+01
5.4814950199999998e+01
9.4362676200000006e+00
3.8226461600000000e+01
-3.6015118200000003e+01
-5.4363184799999997e-01
-2.0740166400000000e+01
4.8585659700000001e+01
6.5768591099999995e+01
-5.0100032300000002e+01
6.1621901299999998e+01
-1.9984490200000000e+00
6.4983517199999996e+00
1.4913806700000000e+01
-2.0225387800000000e+01
8.4080235099999996e+01
-9.8868510799999996e+00
4.2357881800000002e-01
8.7852200800000006e+01
9.6286871500000004e+01
7.1527474200000000e+01
-2.6899442100000002e+01
6.6853725900000001e+01
1.5381591700000000e+01
-2.1832333899999998e+01
-2.5646939300000000e+01
-3.6075290299999999e+01
3.0802043099999999e+01
8.1076614599999992e+00
-5.0544146699999999e+01
2.3905925400000001e+01
9.6464123999999998e+01
9.7120628600000003e+01
1.3979213100000001e+01
6.2266401700000003e+01
4.0918163399999997e+01
1.4465542900000001e+01
1.7326179700000001e+01
1.6302813600000000e+01
1.6668713799999999e+01
6.0693337800000002e+01
-6.8187586999999994e+01
-5.7595937399999997e+01
-9.4601564800000006e+01
-1.3489538000000000e+01
2.8891884200000000e+01
2.9736833000000001e+01
2.2087844100000002e+01
-5.7175355199999998e+01
3.3518500799999998e+01
-4.8943884799999999e+00
-3.4693699100000003e+01
7.6179176999999996e+01
6.7162432300000006e+01
9.0706372799999997e+01
8.9417230599999996e+01
1.4506668599999999e+01
-6.2238822399999997e+01
5.8589179500000000e+01
-3.5333499500000002e+01
8.3148862999999995e-01
6.5636035699999994e+01
1.2107415500000000e+01
8.6167574000000002e+01
-6.0837280700000001e+01
1.2554829900000000e+01
9.5534780699999999e+01
9.4723624799999996e+01
-2.3466685399999999e+01
-1.8929763699999999e+01
-7.1172045199999999e+01
1.1753790100000000e+01
1.2831364100000000e+01
-4.7733649100000001e+01
5.9594956000000003e+01
-3.9029264699999999e+01
8.2412839099999999e+01
1.1305973500000000e+01
-3.8288227200000001e+01
-1.8248934100000000e+01
-9.8838087299999998e+01
8.2028263899999999e+01
-5.4182461699999998e+01
-4.2905234200000002e+01
8.7000535200000009e+00
-5.7479715000000002e+00
-2.7509900300000002e+01
-4.7991871499999998e+00
-2.8356267899999999e+01
-4.4318945100000002e+00
-5.8616656900000002e+01
1.4456214299999999e+01
8.0290089299999998e+00
-3.5284320999999998e+00
-5.9221486499999997e+01
2.9972614499999999e+01
5.1608940300000000e+01
8.1466309600000002e+01
-1.4783918600000000e+01
-1.2936617500000001e+01
5.9067729100000001e+01
9.5684710300000006e+01
-2.4204954699999998e+01
-2.3494153099999998e+01
6.6819205000000004e+00
-7.1232560999999999e+00
-6.0795854800000001e+01
-3.9581851000000000e+01
-6.4976831300000001e+01
-3.9356442199999996e+01
3.9106631499999999e+01
1.2468836100000001e+01
-1.4726572500000000e+01
-7.1478410499999995e+01
-6.2580957200000000e+01
-3.3095042200000002e+01
2.9778698800000001e+01
6.4447390499999997e+01
-3.7588382799999998e+01
4.1155247000000003e+01
-2.4275268000000001e+01
6.4955124600000005e+01
4.5603508400000003e+01
3.2242524500000002e+01
-2.5257727899999999e+01
2.0594988300000001e+01
-4.1610413899999998e+01
-6.4929829999999995e+01
-4.3391700499999999e+01
-5.4302483299999999e+01
-3.0574769900000000e+01
6.3102925900000002e+01
5.4696498299999996e-01
1.2971583499999999e+01
-6.9669212400000006e+01
3.9756042000000001e+01
1.0286528600000000e+01
4.3128090700000001e+01
-5.4364783299999999e+01
-4.2189602499999999e+01
-8.2945569399999997e+01
-1.7066534000000000e+00
-5.1386923099999997e+01
-6.0986526699999999e+01
-1.2896286399999999e+01
1.9391948999999999e+00
4.6653439399999996e+00
-5.4879695900000002e+01
9.5748414999999994e+01
-3.7801953400000002e+01
2.2258572900000001e+01
-3.6434215600000002e+01
3.3159807600000001e+01
-7.2360153999999994e+01
-3.1067228900000000e+01
4.2889192500000000e+01
-2.4087243999999998e+01
5.7173564499999998e+01
-6.4729926899999995e+01
-3.2496621099999999e+01
9.0407063900000004e+00
1.6180845099999999e+01
-5.8107028600000001e+00
5.9087174300000001e+01
8.6953435700000000e+01
-1.0889316400000000e+00
7.6425725099999994e+01
-5.3917237800000002e+01
-8.1973524400000002e+01
4.2050954599999997e+01
1.8502456299999999e+01
-1.7970769399999998e+01
-8.9924341699999992e+00
4.6725458300000000e+01
-1.5429184700000000e+01
-5.3419048199999999e+01
-9.8478057600000000e+01
2.0828297899999999e+01
6.3187517200000002e+01
1.0566286900000000e+01
-1.5416546900000000e+01
-1.5481640100000000e+00
1.1449519400000000e+01
6.0298610900000000e+01
9.4703677600000006e+01
-8.1299743199999995e+01
-1.4999317000000000e+01
-2.4458723299999999e+01
-3.7333402999999997e+01
-1.7128353100000002e+01
-2.1105009500000001e+01
-2.9287651900000000e+01
-3.9826086099999998e+01
-2.3213603899999999e+01
3.6819727100000001e+01
-9.3643462900000003e+01
3.7692799899999997e+01
-2.8164351199999999e+01
-4.8099638200000001e+01
1.5808808600000001e+01
2.1636536599999999e+01
6.6352119500000001e+01
4.0578620700000002e+01
2.2376309599999999e+01
-5.7076574500000000e+01
-8.3609033700000008e+00
4.7080039599999999e+01
-3.1306530100000000e+01
-9.3622851999999995e+01
-4.4246237899999997e+01
1.9175519600000001e+01
-2.2198660700000001e+01
-6.8862052300000002e+01
8.5764297099999993e+01
5.1100722400000002e+01
-1.7276569899999998e+01
-3.6573796500000000e+01
7.7596824900000001e+01
-2.4762733600000001e+01
3.1541677700000001e+01
8.4979781900000006e+01
-4.7997209300000002e+01
-5.7534251200000000e+01
-7.1532640599999993e+01
4.4559553500000000e+00
-2.1052739500000001e+01
1.3401861900000000e+01
7.7714244300000004e+01
-1.0582403599999999e+01
-1.2574176700000001e+01
1.2366625500000000e+01
-5.1811590099999997e+01
9.1595938000000004e+01
1.7037987300000001e+01
9.6508127099999996e+01
2.9931253900000002e+01
1.2447099800000000e+01
9.2535557999999995e+01
-6.5027705999999995e+01
-9.7554185300000000e+01
1.8206191199999999e+01
-4.4134433500000000e+01
-4.4340690400000000e+01
5.8560619500000001e+01
9.0902358699999994e+01
8.0379826500000000e+00
-5.1439387400000001e+01
3.0342425400000000e+01
1.5083145099999999e+01
-8.8638957300000001e+01
-6.4168649599999995e+01
3.4651213400000003e+01
6.1263406000000003e+01
-4.0789750099999999e+01
1.5265524400000000e+01
-4.5236769099999998e+00
6.0856614599999999e+00
-1.6288029699999999e+01
-9.6844501699999999e+00
-7.7039071399999997e+01
-4.9323461899999998e+01
-7.0142629499999998e+01
-3.1190467300000002e+01
-4.1366763200000001e+01
7.3063286199999993e+01
7.7026138700000004e+01
-6.7059355999999994e+01
2.5484184200000001e+01
-4.4850116800000002e+01
1.0815942600000000e+01
9.0009350600000005e+01
1.4207657600000001e-01
9.8065467200000001e+01
3.7339787500000000e+01
-3.0809833999999999e+01
-2.8267391199999999e+01
-6.0323798699999998e+01
-2.9086696600000000e+01
-1.6684007500000000e+01
-8.7859647400000000e+01
-3.1945407100000001e+01
-8.6597330200000002e+01
3.8086139200000000e+00
6.2250962999999997e+00
8.7507607100000001e+01
-9.2253753500000002e+01
-1.0275866199999999e+01
2.4693838299999999e+01
7.5260860800000003e+01
-4.2233475700000000e+01
5.2523307500000001e+01
-9.2931200200000006e+01
5.7522567899999997e+00
6.7035057699999996e+01
-9.7686008000000001e+01
-3.2757918300000002e+00
-6.1630338500000001e+01
-4.0020237000000002e+01
5.9712697700000000e+01
-7.1407177099999998e+01
-2.4591828700000001e+01
-4.7687464800000001e+01
-2.3942346600000000e+01
9.0961156299999999e+01
2.5264313500000000e+01
-1.3599722500000000e+01
2.8028998500000000e+01
1.8616305900000000e+01
-1.8004324400000002e+01
4.4458362399999999e+01
-1.8569465099999999e+01
2.6111695300000001e+01
3.1647583300000001e+01
8.8644196199999996e+01
3.5473517200000003e+01
5.6780320900000000e+01
-2.4296405900000000e+01
-4.2323954499999999e+01
7.2417986499999998e+01
-5.8396797999999997e+01
-3.8234491400000003e+01
2.6010401900000002e+01
-7.9041918600000001e+00
3.7535717800000000e+01
6.2405657900000001e+01
-3.0777968599999999e+00
-5.6384853399999999e+00
-8.0729924299999993e+00
7.0446714600000007e+01
-5.9161163999999999e+01
-1.7852394000000000e+00
-3.4648008099999998e+01
2.9750421599999999e+01
8.1820779200000004e+01
7.4293904200000000e+01
1.5404721700000000e+01
-6.9156668199999999e+01
9.6254677500000000e+01
-1.1904427699999999e+01
-8.6098120199999997e+01
2.0419675599999998e+00
-7.7541854799999996e+01
3.5630281900000000e+01
5.0875126100000003e+01
-1.2493024300000000e+01
-3.3493667199999997e+01
6.9026377400000003e+00
6.2245831000000003e+01
-6.3531272000000001e+01
4.1599455499999998e+01
-7.8157545200000001e+01
4.2389126400000002e+01
-7.9616232100000005e+01
-6.1036923799999997e+01
2.3434516299999999e+01
-2.3480364200000000e+01
7.2109781899999996e+00
5.0560880200000000e+01
1.0142420000000000e+01
-2.4585270600000001e+01
-2.6933987800000001e+01
9.6583766200000003e+00
-5.2589952900000000e+01
3.5746664500000001e+01
-5.2434646899999997e+00
9.7878333799999993e+01
2.6696283200000000e+01
2.7428949899999999e+01
-6.3619404299999999e+01
4.4709043800000003e+01
3.2010805099999999e+01
-3.1752664599999999e+01
6.9044576300000003e+01
3.3399713700000000e+01
4.4541289300000003e+01
-2.4580596300000000e+01
-4.8070653999999998e+01
6.3247713400000002e+01
9.4713042900000008e+00
-3.5075682299999997e+01
-8.7284723799999995e+01
4.7826882099999999e+01
-2.5353332800000000e+01
3.2555536400000001e+01
2.2445524300000000e-01
-6.3934203900000000e+01
-2.2317608100000001e+01
5.4946809600000002e+01
-6.1946891200000003e+01
-5.9805348799999997e+01
4.9673144100000002e+01
-7.8890287299999997e+01
-9.1398864900000007e+01
-7.8376741300000006e+01
-7.4586654999999993e+01
-4.8198740800000003e+01
-6.5607560000000007e+01
-6.4589234399999995e+01
-6.9713450200000002e+00
-3.0660397199999998e+01
8.4157363899999993e+01
8.6582173999999995e+01
7.3531552899999994e+01
-8.8278477199999998e+01
-9.5026549500000002e+01
5.0757215700000003e+01
9.4811935000000005e+01
1.2496949300000000e+00
-6.3074395899999999e+01
7.2764786500000000e+01
-2.4419443200000000e+01
3.3101851099999998e+01
6.1236853400000001e+01
-7.0430854100000005e+01
-4.4428203199999999e+01
5.4393187599999997e+01
6.0187682400000000e+01
8.2691933599999999e+01
-3.9331930399999999e+00
-3.3933093599999999e+01
5.0810775800000002e+01
-2.5420791500000000e+01
-2.1186769200000001e+01
-2.1964381199999998e+01
1.8636394700000000e+01
3.1277494200000000e+01
-6.5517902800000002e+01
9.3207021600000004e+01
-7.2850704400000001e+00
2.7034607799999999e+00
-3.4481542900000001e+01
-7.4164024200000000e+01
-7.9494653600000007e+01
4.5784263799999998e+00
-8.5145703699999999e+01
4.8348835200000003e+01
-4.5717743300000002e+01
-4.5914258300000000e+01
1.4223720999999999e+01
-5.4297801899999998e+00
5.6602652800000001e+01
1.1025722300000000e+01
-4.6750472400000000e+01
7.3296648500000003e+01
-2.5386342299999999e+01
-4.8058398300000000e+01
5.6876940800000000e+01
3.3670012000000000e+01
7.3255452399999996e+01
-7.8440745899999996e+01
5.3987849600000004e+00
-3.3703605600000003e+01
-2.3512975000000001e+01
3.8139038399999997e+01
-5.9948384699999998e+01
2.5356437499999998e+01
-2.4099926799999999e+01
-9.0925197800000007e+01
3.1996610800000003e-01
-2.7428900200000001e+01
-8.5388943299999994e+01
-5.9580416800000002e+01
9.2539037500000006e+01
-9.2670922700000006e+01
9.0590735699999996e+01
-1.8901986000000001e+01
1.6277439600000001e+01
-3.5549602600000000e+01
-4.4343701600000003e+01
6.6264910700000001e+00
-7.2615639799999997e+01
7.8827729599999996e+00
-9.6990840300000002e+01
1.8197903099999999e+00
4.6101353199999998e+01
-2.3852886099999999e+01
-8.1801814299999993e+00
-2.2456387200000002e+01
-3.6059237299999999e+01
-9.2665649599999995e+01
6.0606963000000000e+01
9.6037541099999999e+01
-1.9701765300000002e+01
2.1785672500000000e+01
-4.0123784700000002e+01
-7.1571557600000006e+01
-5.3854425499999998e+01
5.5441631000000001e+01
6.9444273799999996e+00
-2.6888090099999999e+01
-1.7572527200000000e+01
8.4359421200000000e+00
1.7475822699999998e+01
2.3956768199999999e+01
-2.0567257500000000e+01
7.6230103600000007e+01
-2.6233186600000000e+01
7.1235706500000006e+01
-1.6271345199999999e+01
4.5247730500000003e+01
-5.8918119699999998e+01
-1.3198556900000000e+01
3.0993934299999999e+01
4.7783503500000002e+00
-5.5794694200000002e+01
4.1298992800000001e+01
-4.0623914900000003e+01
-2.0415670800000001e+01
9.2368673500000000e+01
5.5475604699999998e+01
4.3190485700000004e+01
5.4918644600000000e+01
6.8462744300000002e+00
8.8768429200000000e+01
-1.2171096500000001e+01
1.0924456899999999e+01
-1.9578772099999998e+01
-9.4673801400000002e+01
-5.8532546500000002e+01
-2.8404699500000000e+01
-8.1952968900000002e+01
-3.2481913599999999e+01
-6.0716779199999998e+01
5.1048006600000001e+01
7.3912905199999997e+01
4.5188662500000000e+01
5.9979874000000002e+01
-4.2938692899999999e+01
7.2649439700000002e+01
-9.5434466099999995e+01
2.7974637000000001e+01
-5.2467246299999999e+01
8.7158051200000006e+00
1.8813414699999999e+01
-8.3558587099999997e+00
-5.8026048600000003e+01
-1.4617294599999999e+01
5.5036195900000003e+01
-7.5992535500000002e+00
1.2876277699999999e+01
8.7620113899999996e+00
2.6286988099999999e+01
-8.3137019999999993e+00
-4.6624979400000001e+01
8.5945678099999995e+01
4.7230929099999997e+01
3.8616434300000002e+01
-6.3528909599999999e+01
1.7105962999999999e+01
6.2884945600000002e+01
8.8443319900000006e+01
-1.9504967799999999e+01
-5.4152656399999998e+01
1.3840031300000000e+00
-9.1682742099999999e+01
-2.8758811300000001e+01
8.5508753499999997e+01
4.8820105599999998e+01
-2.7427347699999999e+01
6.3164878799999997e+01
-3.1776083900000000e+01
6.8738297099999997e+01
-4.8441629599999999e+01
-6.7652065699999994e+01
-6.0947416700000003e+00
2.3455187800000001e+01
3.5750095600000002e+01
8.5195299599999998e+01
4.6218905700000001e+01
1.2750116000000000e+01
-3.1079681699999998e+01
2.2273514899999999e+01
-1.5148486300000000e+01
5.9247627100000003e+01
9.1460547700000006e+01
-5.7025594300000002e+01
6.4580703999999997e+01
6.1050399200000001e+01
8.6980972600000001e+01
5.7571640199999997e+01
4.9606858600000002e+01
9.6336192499999996e+01
9.7525608199999994e+00
-2.6689117299999999e+01
-9.3177921499999997e+01
-3.1954500199999998e+01
-2.6020222799999999e+00
-3.6433856900000002e+01
1.1382899399999999e+01
-1.5675836700000000e+01
-6.0631679399999996e+00
-1.8501865200000001e+01
8.0295856200000003e+01
4.5375294599999997e+01
-6.4185074900000004e+01
5.0981851100000000e+01
7.8236044000000007e+01
9.1460396700000004e+01
-8.1035589999999999e+01
2.5886216099999999e+01
8.6754492699999997e-01
-6.1356486099999998e+01
6.5126793599999999e+01
-2.6195661600000001e+01
-8.0582118899999998e+01
-5.5153064100000002e+01
8.5266970499999999e+01
-1.5396650700000000e+01
-4.1622889400000002e-01
-3.9119484600000000e+01
-2.5010930099999999e+01
3.4012179600000003e+01
-3.8108818300000003e+01
-6.5795924000000001e+00
-5.5351160000000000e+01
5.3350267400000000e+01
6.7872239600000004e+00
8.4722397200000003e+01
9.7688924799999995e+01
9.6972549500000000e+01
8.7333487700000006e+01
-1.7111968699999998e+01
-9.4572819899999999e+01
-7.9168061499999993e+01
-3.4571954300000002e+01
7.3691173599999999e+01
-2.2773193699999998e+00
1.2075122600000000e+01
4.6356083900000002e+01
1.3607072799999999e+01
2.7270583299999998e+01
-5.1690541699999999e+00
-3.3524642499999999e+01
-1.3496219900000000e+01
-5.1433062200000002e+01
-4.8484881799999997e+01
-5.9926870399999999e+01
9.6605522199999996e+01
-3.9054310100000002e+01
3.8074556399999999e+01
1.0060379700000000e+01
-4.5165472899999997e+01
3.7138407899999997e+01
4.1365485800000002e+01
-5.1639220100000003e+01
5.1770347100000002e+01
-9.1219124800000003e+01
-1.9802940299999999e+01
6.6698715000000007e+01
-9.2240106499999996e+01
-1.1660351499999999e+00
5.2098180800000002e+01
7.1776099599999995e+01
-2.0432727799999999e+01
7.2293574199999995e+01
-2.6017531900000002e+01
1.6701132500000000e+01
-8.8071787700000002e+01
-5.8993790300000001e+01
-4.6532103399999997e+01
3.4285491299999997e+01
-3.0441951799999998e+01
-2.3362147600000000e+01
1.4411002099999999e+01
-7.5435054300000004e+01
-9.0857160300000004e+01
-7.8821306100000001e+01
-6.8648768700000005e+01
-5.0863035000000004e+01
9.8227333200000004e+01
-9.8540378200000006e+01
1.4043506600000001e+01
1.9643663700000000e+00
-3.7240453899999999e+01
4.6254308700000003e+01
9.8961102400000001e+01
-4.1922180400000002e+01
-3.9571478399999997e+01
3.7463645900000003e+01
-9.4875917000000001e+01
-6.2889521199999997e+01
8.2682703999999996e-01
-1.1299123900000001e+00
-9.1330018699999997e+01
-2.6990551100000001e+01
1.8492066300000001e+01
7.2376879099999996e+01
-9.3871091699999994e+01
1.9328169500000001e+00
-2.7468258100000000e+01
-1.0045937199999999e+01
8.2947340199999999e+01
4.4477306800000003e+00
9.0304336799999998e+00
6.5125299499999997e+01
1.7514118499999999e+01
-1.8425427100000000e+01
7.9249310399999999e+01
9.8859770699999999e+01
-6.3634002799999998e+01
4.3337913299999997e+01
-3.7903023099999999e+01
6.4405912499999995e-01
-8.2239994699999997e+01
7.4994133899999994e+01
6.0206083200000002e+01
-3.8004675300000002e+01
-7.6977727400000006e+01
9.2669150900000005e+01
-6.7255415099999993e+01
7.4782285000000002e+01
2.7972288899999999e+01
4.3942718100000000e+01
9.6481781699999999e+01
-6.3151192799999997e+01
-8.3791219100000006e+01
-2.9992075900000000e+01
-3.6775435600000002e+01
-9.4883319799999999e+00
-8.2354552400000003e+01
-2.8696740999999999e+01
4.4680393799999997e+01
5.5178473699999998e+01
4.7948175900000003e+01
4.7635856399999996e+00
-2.2498924599999999e+01
1.4761533999999999e+01
5.5399017000000001e+01
2.4891585400000000e+01
-8.6670751100000007e+00
4.2709383500000001e+01
8.6048015699999993e+01
-5.7220934200000002e+00
-5.6837518199999998e+01
-1.6246242900000001e+00
-5.9076848599999998e+01
-3.1038729400000000e+00
4.2221030200000001e+01
-1.2472831800000000e+01
-2.3104147600000001e+01
3.0120228500000000e+01
-1.8621300300000001e+01
-2.5117752700000000e+01
5.8346461499999997e+01
-7.8145150499999998e+00
5.6381381200000000e+01
6.6690855400000002e+00
2.2585139500000000e+01
8.6745071999999993e+01
-4.2765185899999999e+01
-2.1830842000000001e+01
-3.5623468899999999e+01
6.9012128300000001e+01
-2.6744770299999999e+01
-1.2879937300000000e+01
