1.423879157536163120e-01 -2.332008739716472101e-01 2.337829976605897697e-01 -1.252177029641727279e-01 2.072920978209291387e-01 4.235785511487959176e-02 -2.941973971445136504e-01 9.484686793208828293e-02 -9.387317561057931248e-02 -4.481109284290439310e-01 -8.315544511971614816e-02 3.629766696922868789e-03 2.650941433002665729e-02 -1.930033509271477099e-01 3.850190227476177895e-01 3.301991388450293829e-01 8.472379459141531066e-02 -1.565342217679418779e-01 3.760093871193664200e-02 5.011294922025152747e-03 -6.626471346756208913e-02 6.635288170659066342e-02 -1.076022265891255769e-01 2.901609217666214005e-02 -2.082773723597833859e-01 2.778639048961596345e-02 4.098265203549165264e-02 2.641883499094851984e-01 -1.066921564379880033e-01 -1.469195248654207031e-01
-2.314452634276004811e-02 2.079537868819779090e-01 1.525200062077936569e-01 9.635534356260930244e-02 -1.218037079033934822e-01 2.808318444944043479e-01 1.566570666764350306e-01 1.777657560870437303e-01 4.332254024860917457e-02 -9.781362855939410017e-02 1.001323514268947779e-01 -1.715126884738006618e-02 1.086451718145632767e-01 2.517365001495180388e-01 -5.524004603177874034e-02 1.600408129275017188e-01 -4.317358576973078649e-02 -2.112093160975526407e-01 3.695702769528578790e-01 1.259824628608222953e-02 2.601917611503423711e-01 -5.356182656190507096e-02 -3.123714304245647777e-02 -2.920930711837300686e-01 -1.438126804921202595e-01 -3.050948602192840586e-01 -3.761799230563303564e-01 1.960965292628004952e-01 6.671893562396967459e-02 9.982470532775780669e-02
1.209874237086298460e-01 1.561048228596256526e-01 -2.503047793839971620e-03 1.914446065969115790e-02 7.670924683397223331e-02 -3.797287639315507363e-02 2.745033659925858252e-02 -1.897421766011268829e-01 -4.574747914415177030e-01 8.315776544617087263e-02 -1.230231839821946810e-01 -4.660036124626970033e-01 2.424452658364281421e-01 -6.104741381924234239e-02 1.225691999068625332e-01 -2.220497338265611242e-01 -3.054284793439160720e-02 -2.316084885033959651e-01 1.474413890587755460e-01 3.315646245325084007e-01 1.564677595900770476e-02 1.450158291918503817e-01 3.157645361265753320e-02 5.613685845776342914e-02 -6.423332743829635039e-02 2.497735397849487893e-01 -2.001954219626624898e-01 -9.715097756396659512e-02 -6.844813197803220617e-02 9.393494088460120628e-02
-2.292264339869217737e-01 -9.886607298043935399e-02 2.388888494603107204e-01 -7.253032290533613369e-02 3.169916029423979764e-01 9.745188612961526442e-02 6.105868728107391452e-02 1.954503911786630854e-01 3.702884097990846723e-02 1.759693502692611378e-01 1.015091995847058892e-01 -1.181598832814586553e-01 1.292018039726433865e-01 3.423770928379695627e-02 -1.239218419899407869e-01 2.624647245578619684e-02 -3.310755431875955779e-01 5.483054725282359571e-02 1.472338571418903841e-01 -7.939456144713095964e-02 -1.890734596645240184e-01 5.705439625851774776e-01 -1.951037017941361362e-01 1.890017539147924586e-01 1.405567647306710244e-01 -1.152881471341614811e-01 8.510392346220453652e-02 1.884376618227407915e-02 1.289535821127764936e-01 -4.801027871823771625e-04
8.899595297493947954e-02 5.179876843301165629e-02 9.637376795847146446e-03 -5.341442381217376134e-01 -1.634559373767705270e-01 9.305396117985058335e-02 2.542684655758320478e-01 1.105992893731471416e-01 7.892959740483587727e-02 -2.364798105968402842e-01 -9.242186964449044390e-03 -3.102626671773609651e-02 -2.968586787924985537e-01 -6.485528101190922434e-02 -6.335926761187216094e-02 -1.793065200787314628e-01 -3.014398363598272748e-03 -1.591349537768622924e-02 -8.628926977512800175e-03 4.284943611070448407e-04 2.261734218762940785e-01 7.669349917820250662e-02 -4.555242781459818424e-01 1.476053258021236825e-01 -1.309903449713208934e-01 1.122541075262521726e-01 -5.540618148089795914e-02 -2.549994374829720467e-01 -9.461161142891190423e-02 8.103479713143257879e-02
-1.326079906407390957e-02 4.168337451879532835e-02 1.984640570955558195e-02 -2.533553139632699347e-01 3.055375145956655270e-01 -3.279491664048554689e-02 -7.207371114406274648e-02 -7.229360103984124042e-03 6.125737443372465674e-02 1.123793190939606501e-01 4.145567664794860829e-01 -1.967935032500202353e-01 -4.090350277656867317e-01 -4.308004365715329548e-02 1.480730739005393926e-01 6.912606098781899633e-02 1.065662722319858646e-01 -2.224043837457823081e-02 -8.984786490176382978e-02 3.537077657093101735e-01 -4.297691464517097021e-02 -1.129380597044785106e-01 5.395528457281635604e-02 -2.807206219432337169e-01 2.312491113467336490e-01 -3.393182744982485566e-02 -8.739362052561244765e-02 2.747639622488837544e-02 3.243760372520116397e-01 3.744467056810433375e-02
-2.548768019184822764e-01 3.443241096451125638e-01 -1.306384458092330336e-01 -8.388126242825372225e-02 -1.389809479160293570e-01 -2.220196244581036302e-02 -2.674279249232955347e-01 -1.333385453965053036e-01 4.241662940268122600e-02 5.014362583955354197e-02 1.013629360432548830e-02 2.455544809694827080e-01 -4.989023622582871437e-02 1.324263419946253573e-01 2.729033387700975921e-01 1.637417700372399351e-02 -1.037210542475143632e-01 2.662548248171689447e-01 9.897703839782570623e-02 1.098658524772370415e-01 5.062350326780676313e-02 3.326925869921963375e-01 4.581953520564770871e-02 -1.371934420941568200e-01 -4.250736974692062575e-01 2.182518383193092493e-01 2.615894911161203637e-02 -4.927322802341597280e-02 1.987681554472568723e-01 -1.231246975051358550e-01
-1.962611602993207804e-01 1.623424135301206328e-01 2.889541414811619413e-01 3.271109386412334175e-01 -8.764709060848024924e-02 8.950521737412982237e-02 -4.667627099500144816e-02 -1.025839473246712152e-01 -9.042860038924856181e-02 -1.424741523825877876e-01 7.945875890889556037e-02 -1.019210307866662835e-01 -1.421183915701231815e-01 5.257958600578770819e-03 -1.783507930919754902e-01 4.698187774484943735e-02 1.540699675191806728e-01 -3.612972815494968626e-01 -3.787475203619382613e-01 -2.283264947939858125e-01 1.012847394928348410e-01 6.291067842537270693e-02 -1.183780740315518859e-01 1.057083177427794451e-01 -7.352347145527247940e-02 2.365997576186302798e-01 7.308837217030630939e-02 -3.313280968584600417e-02 3.995828823425336407e-01 -8.029036132380587207e-03
-4.311088818172139625e-01 9.231107617645500918e-02 -1.354089776061165873e-01 -1.646605649508490476e-01 8.017508281884919152e-02 3.145504021399891242e-02 1.794071932135380132e-01 -2.222493763533098243e-01 8.435940917803347316e-02 -1.965399595445419534e-01 1.630625936786566366e-01 1.318013206029599316e-01 1.589922964045129561e-01 -1.835098553864037141e-01 -3.372516336098578538e-02 8.188916682784142670e-03 4.258336230303650383e-01 -5.543321558754180090e-02 2.566363118204684768e-01 -3.124464820437377732e-03 2.354382257908046658e-02 3.869733550137176986e-02 1.882405027951440379e-01 3.513628300909668045e-01 1.998971895462302306e-01 5.618655160045150920e-02 -1.742229194420813754e-01 1.133466792650561217e-01 -2.929398046833509711e-02 -1.513781561482588633e-01
-2.057866818920193741e-01 -1.918619423962980852e-01 -2.870414382473647219e-01 2.458699067260265714e-02 1.754791784825862344e-01 2.406701826395022670e-01 1.631553849377391230e-01 -9.831414389257529113e-03 -2.019740396681033168e-01 -3.307523718764154158e-02 -1.278219930542870975e-01 1.007213359184667145e-01 3.269237954146725911e-01 -9.088102268787996707e-02 5.866493464466521202e-02 3.447320768280972506e-03 1.629366923330782257e-01 2.470316313225048022e-01 -3.140216361230227515e-01 2.137218574823956940e-02 -8.792594814412488247e-02 -6.351419600709999613e-02 -3.942380739148843016e-01 -2.751777041600421692e-01 -5.519293462610858070e-02 -2.475932931369303688e-02 -1.871075176163966569e-01 1.699839221992250488e-02 2.088903845958766936e-01 1.526628439078280275e-01
7.716480459869536068e-02 1.053413606933366192e-01 -1.591430975608806031e-01 -2.576199596657559668e-02 -4.572043808431332929e-02 3.109662948496794144e-01 -2.456584891454383635e-01 -2.058670097901675253e-02 4.289568688306644728e-01 -1.121809219328619503e-02 1.350826313284828051e-01 -1.936576756901729757e-01 3.372219983552460776e-01 -1.416206420802841592e-01 -2.103009947652484564e-03 2.110201480267171747e-01 -2.534239626245868293e-01 -5.269177035164853556e-02 -1.005462964386764219e-01 1.669990098040316229e-01 -7.285369300347914467e-02 -2.674350577260042328e-01 -1.457868533774071308e-02 3.265708750703923968e-01 -1.031643355811333734e-01 -4.482634342516146619e-03 -4.015633039980793378e-02 -2.451439524151583782e-01 1.223556914791509992e-01 5.635818766707240135e-02
-2.593951030144868719e-01 -1.022095330816105846e-01 -1.301044547721656452e-01 -4.606470922707061044e-01 -2.241263378656737637e-01 3.446551800344394706e-02 -2.013394035417258587e-01 -5.913148108214335945e-03 -1.131646277616792373e-01 -1.110481615832683844e-01 -6.255518091660422497e-02 -1.527971727901211441e-01 8.455588210048838038e-02 1.731574993366887319e-02 -1.667091153444596741e-01 -2.143747906847544016e-01 -5.907605861726229063e-02 -2.886715966827071433e-01 -7.475431106479367427e-02 -1.441079974555878329e-01 -2.503967759779177626e-01 -1.349948380002093627e-02 2.779495091700456277e-01 -1.795160674230383557e-01 -1.446759209119230782e-01 -2.454016856812830938e-01 1.984075246174471785e-01 1.243548643428005473e-01 9.287342564027539771e-02 1.934110161123381855e-01
-1.252957380949973028e-03 -8.416418173793298318e-02 -1.831151766195435182e-01 6.636508594486193076e-03 2.626320229920321436e-01 -9.144307014390481991e-02 -4.101115582464952003e-01 9.481925829032041009e-02 -2.026483916985260814e-01 1.946078024519922456e-01 1.976041021957962163e-01 1.840188033378235555e-01 -5.381860925065291151e-02 2.022617170601338776e-01 -2.458609865284857032e-01 -1.116688883493016371e-01 1.644419059190216914e-01 -1.800728998934978398e-01 -1.151991207206206486e-01 5.526219116812220583e-02 1.515703568510452237e-01 7.870774185120114202e-03 -1.427976307696898206e-01 2.383927619494818628e-01 -2.604824648483323180e-01 -2.791344479359861297e-01 -2.208951427718547633e-01 -1.104548972655373246e-01 -1.754456415252856338e-01 -1.505128787379153843e-01
-2.061386010231949784e-01 -2.618162414855690900e-01 -1.953929196231817544e-01 -7.739929144431788137e-03 4.925475667984276912e-02 1.150156010406614138e-01 1.287823955243753704e-01 1.365858262913598742e-01 -9.162148219948865191e-02 2.604319474885755659e-01 -1.898656977975375082e-01 -1.558056853485202675e-01 -2.619605985881093280e-01 1.864464504297888015e-01 4.528556035731096108e-01 1.674055681538211826e-01 -2.870046496803472028e-02 -7.315906583683014219e-02 5.805314960412208403e-02 -2.764193557916956867e-01 1.850613343070629246e-01 -1.147735862505043780e-01 1.919897505717735320e-01 3.026317560167133269e-01 -8.017592851981929225e-02 1.701604028644548849e-02 -7.370937090441911921e-02 -9.552636506672232408e-02 1.190236836403874704e-01 1.718436571263212698e-01
-7.318001346924939490e-03 1.150986632863207071e-01 2.790823251569545804e-01 1.134976286995789951e-01 4.788381500337304808e-02 -1.181798004365663610e-03 9.581029290738809351e-03 5.695707478664737561e-02 -1.484859671554860650e-01 -6.348423329299660023e-02 2.660436615135562399e-01 3.406515101597472617e-01 -2.040452662499356480e-03 -1.027365627856721420e-01 2.000607572213722873e-01 -2.905772727240602538e-01 -4.046301802714721840e-02 1.085154075335504620e-01 3.814674378634988483e-02 8.210711671771660225e-02 -1.306484999564879734e-01 -1.697867008270838862e-01 2.861396716924046943e-02 2.701110078692426919e-01 -1.256776884748022904e-01 -7.542840282031619548e-02 7.132434141093740854e-02 7.966735328095973789e-02 4.209742164493357128e-03 6.067615059829538637e-01
-3.561013404150538131e-01 1.725603100359577669e-03 -6.177247488304878076e-02 1.966073342043385408e-01 -2.388751685813179926e-01 -2.177551011169377437e-01 -1.638936563391180934e-01 3.893396219456893986e-02 -5.554675653621978654e-02 -3.885273491107535393e-02 -8.523204610370981038e-02 -9.874950063591668437e-02 -1.010202253813641399e-01 -2.009543172186619986e-01 1.921238298382984544e-01 -2.264709162485285532e-01 -2.520818568980985885e-01 -5.159176023190158861e-02 1.825546535547855620e-01 1.250610271904979975e-01 5.980128130624172422e-02 -2.611601349325007315e-01 -4.092487752832483228e-01 6.742820596440597669e-02 1.934609945408435616e-01 -2.351430935143788981e-01 4.452114346153999980e-02 1.229285761873366856e-01 9.366514423957537916e-02 -2.447286842181933542e-01
4.527617765835195013e-02 1.529840599059601597e-02 -8.191886775633093476e-02 1.500456638665779718e-01 3.194459295430934764e-01 1.491432952973924808e-01 1.914731558183203064e-01 -7.711544498277898840e-02 9.285391096774620046e-02 -2.199663658084807516e-01 -1.338267762687391296e-02 -5.064531295608537369e-03 -2.552684318974068889e-01 -1.079052020987872861e-02 -2.566396359533682642e-02 -3.565013432822343176e-01 -2.627530073028105373e-01 -2.810310249207725181e-02 6.836361033034094037e-02 -1.932243995518301560e-01 -4.042307495294640285e-01 -1.553278118096766691e-01 1.198371367594930487e-01 -3.232484634417030073e-02 -2.664916398788840235e-01 6.269843670160932247e-02 -2.696693620274731584e-01 -1.925740278713216486e-02 3.231198086032833344e-02 -2.957917869401801014e-01
1.839444491518029967e-01 6.597385922147657594e-03 -1.572462914962320935e-01 -5.798451651315239541e-02 1.432495753157769260e-02 -6.098731625397308537e-02 6.332855769898496079e-02 3.689088367019233150e-01 -2.093698938918259200e-02 2.447889178944127608e-01 3.037177168328334398e-01 -3.987998873218923102e-02 2.325154401103239898e-01 -5.787129867902101460e-02 6.740532955813298768e-03 -1.356090074696378323e-01 1.906718213512439697e-01 -9.259327424426926079e-02 2.910862612477125855e-01 -2.283682203555242596e-01 -2.669698074522373551e-02 -1.885821687312283779e-01 -1.472886709879163980e-01 -5.203780804795195974e-02 -1.705011764035419819e-01 3.391285200590218318e-01 2.909600477802789520e-01 1.657261695101057419e-01 2.021139935414691668e-01 -1.562647848005564166e-01
-1.158387101073342917e-01 1.890358861066932794e-01 -8.329848093096468842e-02 1.466178615478022085e-01 8.944052720795635236e-02 2.481564751478756992e-01 2.007584786809531174e-01 3.187838015790350754e-01 1.079002481746082209e-01 -4.723383659709329968e-03 3.202254839809547723e-03 -2.053215071286570437e-01 -2.845964709204950455e-02 -1.409519875636822683e-01 1.089570892129652357e-01 -2.149567813140774719e-01 8.985120061425230786e-02 6.046775536119851358e-02 -3.409340270817363128e-01 2.338001274780971694e-01 2.377162932158199404e-01 1.330097811177308464e-01 1.972237594284112217e-01 2.533617182018884154e-02 -1.649787336031067198e-01 -1.735972064328764886e-01 2.931501699478131218e-01 2.250035462007645704e-01 -2.534294693552695543e-01 -1.542844297577759261e-01
1.673447811667057861e-01 -2.311436039174628587e-01 -8.030825826562212888e-02 1.120520613073453381e-01 -7.304387927896488497e-02 3.421265976661707620e-01 -2.863031122900684400e-01 3.265871408615707988e-02 -1.093903497018086923e-01 -9.431374998703562218e-02 -1.542418547084987435e-01 -9.625924136522909236e-02 -2.346486449228156468e-01 -1.885354237407470268e-01 -3.468133164122121914e-01 -1.222384404333138608e-01 9.615957662703768227e-02 3.543665618485126179e-01 2.768516706096214031e-01 1.027511702465980364e-01 1.802827108692650337e-01 7.855045901421350840e-02 1.270667294589528651e-01 1.261700072456339305e-01 1.838870719936569822e-02 5.667776239980485548e-02 -9.142119396797321329e-03 1.697660284702076083e-01 2.888293354779046807e-01 7.586407204384193470e-02
1.384327718792545681e-01 -8.156160587580119081e-02 -1.630382885000814658e-02 7.862817174790716346e-02 1.328851851909246956e-02 -9.697868186331627324e-03 -1.726966863744059666e-01 -2.590571021241134808e-01 4.717737260472533722e-01 -9.566839476742554013e-03 -4.978270987176225404e-02 -2.324047937789048002e-01 5.141065796736778160e-02 3.749328134994366901e-01 2.270535618255644650e-01 -3.594891684050230407e-01 2.998770496380820383e-01 7.354833028033187607e-03 2.833098643714711349e-03 -1.090563661787555955e-01 -3.675766655532655691e-02 1.577937809548569381e-01 -2.229037755758011274e-01 3.152127621486319059e-02 6.124105854335664539e-02 -4.804480114775441096e-02 -2.701842451111824070e-02 2.334564870208354348e-01 -1.328583999799313152e-02 1.646092991141174522e-01
-2.136643888917233725e-01 -6.952105174126552156e-02 -7.206441726553478033e-02 1.738819525182929426e-01 2.957581733851593619e-01 -7.684176308361809205e-02 4.134212354416737928e-02 -2.096189529218244266e-02 1.060564659515085204e-02 -3.592082819911351366e-01 -2.955637539529658644e-02 -1.317757155546029624e-01 -4.932831818523794251e-03 3.080960321760058962e-01 -1.293058993711828641e-01 7.994391260432005819e-02 1.020231846817887811e-01 3.792509598632998885e-02 2.925243656995185626e-01 1.798629411114070209e-01 4.098611619123382344e-02 -1.420974816059053236e-01 -4.632208485047558527e-02 -1.051503470724195755e-01 -1.035695118967346340e-01 -1.045959256280333365e-02 4.642801744620129178e-01 -3.814179688503728238e-01 -3.760828992323226455e-02 1.224405651084816415e-01
-7.595416565216926708e-02 9.557564833931637971e-02 7.470355358860165940e-02 9.034644860044895032e-02 -3.030198580283189336e-01 3.736869928902951665e-01 -1.402872306279146219e-01 3.011125724469356779e-01 -1.167478094595718885e-01 7.442076238832263935e-02 -1.871867442776856127e-02 -7.204297345182970663e-04 -1.441391007616192876e-01 1.444959228382851346e-01 1.075820174814374475e-01 2.449104422784785864e-02 3.285513806842221829e-01 -3.220253222155690289e-03 6.944806238524563191e-02 1.016941276050933041e-01 -5.261406050504087162e-01 3.143358194178812876e-02 -7.085859684325537811e-02 -6.506153519131190922e-03 1.831648735906744874e-01 4.628339317003707376e-02 -3.720013658601011020e-02 -2.500283353743049664e-01 -2.038047804818759745e-01 -9.523806025089742722e-02
-5.348620106004806779e-02 -1.691181476222998747e-01 4.278401906333132998e-01 -1.460104288145529783e-01 -1.707462261639546286e-01 4.341944254116821000e-02 1.434929119643541529e-01 -2.815469222033712970e-01 -1.676543054541548006e-01 1.297120712203048698e-01 1.999911426088205324e-01 -2.671343230964399185e-01 9.199978464027973313e-02 1.647289001157117572e-01 -1.002003371856620938e-02 3.752390799472956479e-02 9.008605971310000571e-02 4.048360165665099153e-01 -4.711487843148606802e-02 -4.234066592200286944e-03 -2.923626435521565342e-02 -2.353055184075572848e-01 -3.769494050787887754e-03 1.199505387573615162e-01 -2.796157306087097560e-01 -1.743153088344666368e-01 4.242865781649063361e-02 1.289590000810095227e-02 7.031464704260101048e-03 -2.905464602998029111e-01
2.696673646044127626e-01 2.997800553628696685e-01 -2.137091478379753162e-01 -1.132266176744029518e-01 8.891412349063519682e-02 3.442899721629331111e-01 -9.201333677687361864e-03 -2.506311562115702829e-01 -3.477407625183260298e-01 -1.316318582481399158e-01 1.003690815030345851e-01 1.213458055113014050e-01 1.475367172282696440e-02 2.563235116178630979e-01 1.446208095684065886e-01 3.564982631035129492e-03 -1.620707027363961772e-01 -1.355220215258851066e-05 -2.739086239814683341e-02 -1.730237692253751292e-01 7.915333077546045371e-02 -2.606406399469767682e-02 -6.785954847323165395e-02 1.157174732337837991e-01 3.312800183204093196e-01 -1.654690788405029089e-01 2.933753926051574368e-01 8.341581359129691953e-02 6.631776966322598665e-02 -1.524293555419498625e-01
-1.335193336599451441e-01 1.555205208646851800e-01 -1.213571778036896254e-01 -2.161159430617422272e-02 7.272902121905405748e-02 9.137754782250175067e-02 5.602648947380269723e-02 -2.283310725493695181e-01 7.770303485310138536e-03 2.502398968045009275e-01 -1.159779310372199140e-01 -4.656689573482909045e-02 -2.598105556505626579e-01 3.661214508081654662e-02 -2.529846542398282438e-01 3.102215153684213522e-01 -6.773799986128088702e-02 -6.412538130405183445e-02 5.142965703982136511e-02 1.157349339990791925e-01 -2.006875200600695963e-01 -1.470221909513933223e-01 -2.560867676475023225e-01 8.300846124306278384e-02 -1.633212620127006964e-01 1.826472330422027612e-01 1.210579433944252575e-01 4.722032830023245031e-01 -2.783899968673561043e-01 1.795267325442660988e-01
-5.700726333353532682e-02 -6.149721706275596694e-02 3.428949048860154281e-01 -2.153792215381079567e-01 1.803363389095721525e-01 1.939483401932013962e-01 -7.526643763631446667e-03 2.377984454702888883e-02 1.186900704404673240e-01 2.027188936821565091e-01 -4.429705358526465075e-01 3.408447157330402044e-01 1.172161264606927517e-01 1.864678536597871583e-01 -1.866525358185230563e-02 -2.113301355888801969e-01 -3.204773599621600806e-03 -1.990985650653571970e-01 -7.781529413910307641e-03 3.011036753234470620e-01 1.047264141022889866e-01 -2.350579039464868458e-01 4.977176487950012163e-02 2.288074691526950297e-02 8.419664705099139113e-02 1.534032796700671719e-01 8.870187462946481360e-02 2.976003437035286414e-02 1.690906923704279530e-01 -1.719964798578578202e-01
-5.659518168216544354e-02 -9.866260483047453733e-02 -1.142116104712042751e-01 -3.722510679732908556e-02 -1.353827304310585566e-01 -2.015607126659474391e-01 3.535034936848769488e-02 3.154717602239310303e-01 -8.059200884769775197e-02 -3.249586002159069453e-01 1.137142214651794270e-01 -4.365589856263572127e-02 7.986522727015005207e-02 4.869497929938697567e-01 -8.439702516036760860e-02 1.898553491757921236e-02 -1.961692096498411642e-01 1.372103712135281650e-01 -2.146601879550650571e-01 2.202535807767910248e-01 -5.069124159362568827e-02 -5.140930335021407643e-02 8.211056593518674396e-02 2.068341604778715093e-01 1.329683281325989841e-01 3.096753528645913023e-01 -1.796558870345004721e-01 2.816189388526383341e-01 4.957868510660159989e-02 -2.712890520435010805e-02
-2.474358086540700830e-01 -3.011091559574342602e-01 7.840921709990321398e-02 3.383937991416760549e-02 -1.038327140151263685e-02 3.144031211286270611e-01 -2.011503087919282173e-01 -1.331004403561622529e-01 -4.725756015364710057e-04 2.391065003764490313e-02 3.456695844896603975e-01 2.641544996012771401e-02 3.007426929671296392e-02 -1.453028785331560678e-02 3.691410266583062399e-02 -1.524050428443400607e-01 -2.339187700614314414e-01 -3.067120253664288448e-02 -1.011910770688861016e-03 -1.231287966320632754e-01 2.640288450596586234e-01 -5.001234677519768301e-02 1.844350801736983209e-02 -2.604833578690660678e-01 1.435893780194287539e-01 3.700506189118521472e-01 -1.377823145523948863e-02 -3.192731259458411741e-02 -4.080929370882372953e-01 2.626032751684508754e-02
1.437058414163702724e-01 -4.541347247463771719e-01 -1.774442510416986973e-01 1.600677527323912386e-01 -2.830086811880255793e-01 9.085409146106378231e-02 2.995303106021150463e-01 -2.174498631456324438e-01 2.695673119800336831e-02 3.233619897317523834e-02 2.212307582993457977e-01 2.333398712696269917e-01 -5.830627531913220446e-02 2.042619151175248393e-02 6.865596164943225943e-02 2.026779143317166548e-02 -5.226880146328838350e-02 -3.195818629206756412e-01 3.401722158937609680e-02 3.692151371545792093e-01 -9.115864542483677335e-02 2.402223273325873876e-01 -1.631111659938862257e-02 4.659988232477729753e-02 -1.326047345547122225e-01 -7.456334592481932144e-02 1.455619432767449872e-01 8.854931327640364405e-03 1.243705155924008932e-01 -7.663235854850637685e-02
