2.555379715867831525e-01 3.287961025945313476e-01 -5.791805118035525668e-01 3.801199572825820772e-01 1.089080657119905482e-01 3.384031079610886339e-01 2.237067157044123761e-02 -4.388903853648713493e-01 1.585938195748107793e-01 4.469198635107754503e-02
5.771208414704673828e-01 -9.599234766328654939e-03 -2.039874219080433093e-01 -5.797775450523355856e-01 2.221599160515080329e-01 1.261234495334116745e-01 -1.583085258952157404e-01 1.087794565787624373e-01 -2.680532609729734395e-01 -3.392303876476356339e-01
1.518502783506354703e-01 -4.238351166131734682e-01 -4.346459161202543275e-01 -1.059301182273803821e-01 -6.397257899262810688e-02 -1.768191311356868134e-01 1.905842673439075707e-01 1.170016265304712338e-01 -1.766313515376621290e-01 6.932525878987340073e-01
3.097104501252935793e-01 5.092096166813540048e-01 3.656098304488542561e-01 -3.044226186096602449e-01 6.099876573933669943e-02 -2.775832866263680532e-01 3.115157781920747659e-01 -2.601117350305046094e-01 1.929376188623539434e-01 3.684329987242274673e-01
2.047130143722499795e-01 7.931816830490263925e-02 4.873456232982625869e-02 1.948293064947199671e-01 3.838469183608195223e-01 1.681248027206936890e-01 -2.179387085867363558e-02 6.951947857512735807e-01 4.782727690452402980e-01 1.527994866180957256e-01
-4.516971839724872040e-01 6.076345333514932001e-01 -3.037321939672799620e-01 -2.880924880289630896e-01 -1.670952332095829995e-01 1.492316134783543691e-01 -5.481597353210541923e-02 3.460720567425226157e-01 -2.328389336689246636e-01 1.559611512270619449e-01
-4.079716876100121237e-01 -3.331704326051872223e-02 -2.206771289580305440e-01 -1.273544471670703948e-01 7.685106063946322008e-01 -3.695092848728431245e-01 5.430097937749030906e-02 -1.671151563492854486e-01 4.123954441271843185e-02 -8.836905942676483161e-02
-5.921533956073175148e-02 -6.771968137241854424e-02 -1.570133357756021142e-01 -2.994126306302402618e-01 -2.188785686416694909e-01 -1.809722853265915699e-01 -6.655094815769736494e-01 -1.495239968604790692e-01 5.647099952020933067e-01 1.130929134346367604e-01
-2.119391596010838652e-01 -2.342753093532856656e-01 -1.097920611596596013e-01 -4.097671063574916395e-01 -1.320279183804672074e-01 3.902506995796907741e-01 5.599244043361604195e-01 -6.610472887251453433e-02 4.519031980419341288e-01 -1.685373549198290466e-01
1.478157078954704939e-01 1.295312266650728017e-01 -3.468677891669177948e-01 1.440159549670483874e-01 -3.158538265688028424e-01 -6.238100783996364251e-01 2.796908148260418558e-01 2.376517815155249347e-01 1.637024764895226026e-01 -4.121987915265031277e-01
