# CEC 2013 LSGO F07 rotation matrix (25x25)
2.8592480479048987e-01 3.3399437861944610e-02 -3.5202548620851470e-01 2.9488973563930290e-02 -9.1769328171412132e-02 2.1079134642276509e-01 1.4413208181268911e-01 -2.6340808345639022e-01 -1.6821429895620471e-01 -1.3083200330151221e-01 -7.1390235593386267e-02 -4.3543718921896672e-02 -8.7491151199577538e-02 1.9046779861818841e-01 -1.0711705788897320e-01 1.0328852897956189e-01 3.0412529756099371e-01 -9.4481551443397649e-02 8.3966313421902833e-02 -1.8392630046199379e-01 -3.6847620527063801e-01 4.2210822047417636e-03 3.4285762732865432e-01 -3.9204898762526190e-02 -3.6560554894600561e-01
8.3616511088362266e-02 1.6084928178638100e-01 -9.7834441877483941e-02 3.0046881693487772e-02 1.4104125749079749e-01 -1.7777857761626430e-02 -2.7496887908223921e-02 1.2420221389353631e-01 -7.6410568504812690e-02 -1.2649621185306351e-01 3.4175327750709961e-01 -3.1643915536943618e-01 9.1468464923484649e-02 -1.2522914258694109e-01 2.4119006531537729e-01 -7.5768846497146311e-02 1.3607852969050599e-01 3.4582536676494462e-02 -2.9006790690116829e-01 5.0601053729654316e-03 4.9091065109382659e-01 -2.3692341128749431e-01 2.5888753254844438e-01 -1.9496370537255661e-01 -2.9580611970870457e-01
-5.7160327731004802e-02 1.1223614298045009e-01 2.7053920770077172e-01 5.5724817599224219e-01 1.2999398954468619e-02 -3.8713532797153849e-01 -2.6750545548107761e-02 -5.4216744566002971e-02 2.9707681348926929e-02 1.9753643549030769e-01 -9.2556114563588476e-02 -7.8134890661596845e-02 -2.7966692558496897e-01 -9.9963780029620725e-02 -1.5517565706856440e-01 -2.3988118548625170e-01 2.4190718939904290e-01 -1.5983324659773959e-01 -1.5393546951338671e-01 1.9534825818894552e-02 -1.9975371660851729e-01 -5.2785262416729567e-02 -2.6147063324111111e-02 -2.4089930136265211e-01 -1.1300350789856030e-01
2.3339824098345299e-01 -2.9613785235624512e-01 2.4515483500862981e-01 -5.6974007346474037e-02 -2.1819662074759081e-02 2.5857071878039611e-01 4.8045279328712498e-02 -3.2186755249430613e-02 4.3944180571312452e-01 -8.1153992870156025e-02 7.7244497935707687e-02 9.0714687937632540e-03 1.6831937052866550e-01 8.8398249610741692e-02 -2.8242923946658510e-01 -5.3839653881651128e-02 1.3065330697590500e-03 1.8706623429487709e-01 -4.9019847219805748e-02 -2.0887372300439001e-02 -9.3674899139456674e-02 -3.6389161636709277e-01 -3.3355999288681083e-02 -4.6469391731198750e-01 5.6274925432065699e-02
2.1730188796245151e-01 1.6209037763995779e-01 -4.2010116999402902e-01 8.6592832333012432e-02 1.9634741889980281e-01 -1.7101905460038130e-01 -1.0157917182711400e-01 -1.5264821872372730e-01 3.6820771750176451e-01 -3.4585984875277538e-02 -8.2132852175960253e-02 1.6675987628521780e-01 -1.5986457783245750e-01 -2.0458803156407979e-01 2.6103194458517439e-02 1.0895436683040230e-01 -3.1824430139292958e-01 3.5925515374014338e-01 -1.5365458268551879e-01 9.9726372638447067e-02 -4.0181821639745922e-02 2.1882506553575909e-01 -1.3517369869974191e-01 -1.3451585449319661e-01 -2.0011569014942959e-01
1.0061281202744350e-01 1.7605174720927569e-01 1.2720464167816839e-01 -2.0016733609081999e-01 2.1029381450494941e-01 -3.8708853289479500e-01 -1.8602165889893599e-01 -1.9276379281393721e-01 -1.1980089537646640e-01 -1.0214089461943300e-01 2.9238029370537277e-01 4.1491181813384242e-01 1.5494706464411601e-01 -8.8524449763197427e-02 -1.5312822389014721e-01 7.4387971619174334e-02 2.3004449392047610e-01 1.7587436176733770e-01 -9.7990343626774251e-02 -2.3786997235418861e-01 -1.2692374019116789e-01 -1.7008175524098251e-01 1.6474262186232019e-01 1.5001461728203239e-01 2.2100540968633581e-01
-9.3035138527592279e-02 8.8790332893052375e-03 -2.2038188048429311e-01 -3.1205017891621771e-02 -3.7778388762752058e-01 -2.1670747655780351e-01 3.8966178905536189e-03 -2.5098132143049751e-01 -1.9046735652354549e-01 -1.4343592415623219e-01 3.5229188201156232e-02 -1.4085756920880160e-01 1.3617228110722510e-01 -1.0938640642890721e-01 -2.6619504303212649e-01 1.1899868476749820e-01 1.7759581494456211e-01 1.2325636312700509e-01 1.4711368147644241e-01 3.0151414720479069e-01 1.2359017638029160e-01 -2.8613377992515809e-01 -4.7484791505122897e-01 1.4915091059628080e-02 -1.1591379695494530e-01
-3.2932255881585271e-02 2.1253685978608311e-01 9.0315651069038411e-02 3.4562968868483718e-01 -1.8475961219332340e-01 2.1477976262548601e-01 1.0759678746513170e-01 -8.7967172105460248e-02 1.0554792995334780e-01 -2.7423695671889409e-01 1.5589988015179601e-01 2.4663847764779609e-01 4.7880867023658052e-01 -2.1204523172468609e-01 7.0971194755248532e-02 -5.8036811409687479e-02 -2.1706567402671931e-01 -3.2480435004187702e-01 -1.8045029150039221e-01 -5.4799327434645592e-02 -1.4460982951493609e-01 3.0513146128075749e-02 -1.1698098551954340e-01 1.5906150648018591e-01 -1.5306368913443119e-01
9.1993953879294099e-02 4.4974896179718549e-01 -1.4330323627969649e-01 3.7404141206088669e-02 -8.8382856944675625e-02 6.4989922530375444e-02 1.1898001289128700e-01 2.8670826772968511e-01 1.8433859314670151e-01 2.0179215923374509e-02 2.6880409699976821e-01 -2.0174334705102240e-01 -1.3038679299660011e-01 3.3462918040372452e-01 -3.6764136556114030e-01 -1.5522562779271570e-01 5.9528050743376301e-03 7.0676226030606942e-02 -3.9588540935804398e-02 -3.0359897747984732e-01 4.6925964415186837e-02 6.7339738821601020e-02 -2.4308757730055350e-01 1.9973732932550339e-01 1.3735019875528889e-01
-1.2533375367703590e-03 1.6354469821225770e-01 -9.6498250187097775e-03 -9.7329412469918206e-02 7.0321503259760457e-02 2.7817058506021491e-02 -1.3117275828883929e-01 1.9592587094870609e-01 -5.3301681452881881e-02 -6.8629967104767348e-02 2.9097964578939528e-01 -2.0855853017213311e-01 -8.5341193978025712e-02 1.1040758645745630e-01 1.0774721352942131e-01 2.7996520722037882e-01 -7.5120104312874858e-02 -1.2721196886183250e-01 -2.1141408731622999e-01 5.1908673501448654e-01 -5.2852414327388442e-01 -9.5299562101947038e-02 5.9720521382573971e-03 -6.6232246203780223e-02 1.6845881600752341e-01
2.4966813559166041e-02 1.1499657611409250e-01 8.5757693640346633e-02 1.3067049468743580e-01 -1.4950333307393079e-01 1.3346752330429371e-01 -7.4022997922043823e-02 -1.4078698319958310e-01 1.8210903910710641e-01 -3.2576789387494193e-01 -1.6947781826642319e-01 -2.0339766724334121e-01 -1.6540163898520360e-01 -3.0223176313397382e-01 -2.7806349338606068e-01 3.0661825716348479e-01 1.1250351443426940e-01 -6.7794519326917199e-02 -4.9858563448518599e-02 8.9760908232614803e-02 2.4188510939245511e-01 1.8112560861196261e-01 3.3274364396111078e-01 7.3350616225521123e-02 4.0203350654628350e-01
-1.2586394078269130e-02 -3.4631107651454181e-03 -5.2022707924777541e-02 -2.8874941212244187e-01 3.0515069680080792e-01 8.9428124781610357e-02 4.5089515150642501e-01 7.3467469195777402e-02 -8.7320311573751808e-02 -1.0524222767483080e-01 -1.4820965958050289e-01 -1.5172894327525371e-01 7.6184156216214619e-02 -4.2766511319901968e-01 -2.2408006916414550e-02 -2.0935019092590759e-01 3.0815614622233473e-01 1.4352308847148840e-02 -2.1969115077996071e-01 -3.6696804895671169e-02 -1.8767544736002389e-01 1.9428304613811870e-01 -2.6234414754815383e-01 -7.6126349869418727e-02 1.2183768269565040e-01
1.5003242220002089e-01 -4.6378483775787148e-02 5.7170786678298349e-02 9.6677137192913102e-03 -2.3089795308641031e-01 -1.4096803754567411e-01 9.6255684016845144e-02 -7.4893484074529670e-02 -2.4345367104141710e-01 -1.4729014634808699e-01 2.7851404809353147e-01 -1.5221869765717211e-01 -2.0736663455249391e-01 -1.9396041188429811e-01 2.3699923595770059e-01 1.3774823595568339e-01 -2.9981827820852353e-01 -4.8052185630822523e-02 2.1020506917448009e-01 -4.2792768185711028e-01 -9.0176877716814000e-02 8.4875681154416224e-02 -1.4138924002375999e-01 -3.8862386163510521e-01 2.0145566017646949e-01
-3.0384307692443319e-01 -3.1485837100148928e-01 -2.1679291166669140e-01 -5.7452985343657087e-02 -1.9561276765792121e-01 -2.8498344629403111e-01 1.8198267275904709e-01 3.0828413620861300e-01 1.2356550053795790e-01 1.3189099324052131e-01 1.1872439807212430e-01 1.1989985069852700e-01 1.3556239674980750e-01 1.8579641984861759e-02 -2.3107546169564511e-01 3.8843992583268300e-01 4.9253971969681822e-02 -1.5830808398935001e-01 -2.9197599048722439e-01 -1.5384757167401539e-01 2.2623074413024621e-02 1.9598228017638611e-01 1.2617000874634129e-01 -1.5331373956065081e-01 -1.0824339682649660e-01
1.5346567572844461e-01 1.5341478985586560e-01 -5.6720543772347028e-03 4.3411707911412523e-02 1.5881960039540680e-01 9.7304324565757938e-02 -1.9184075947642859e-01 -9.3273913824822988e-02 1.3886196824763450e-01 4.6543377782270468e-01 1.9699926897622891e-01 -1.1714800860512110e-01 3.6799345092157548e-01 -1.0459467095823960e-01 1.0123260060426621e-02 2.1822836110238561e-01 2.7938778186244517e-01 -1.5881439628781210e-01 3.7017042143479939e-01 3.5718271081335212e-02 5.3328291617732178e-02 3.1408395951319612e-01 -1.0499900759010811e-01 -1.8335332454138961e-01 2.3546757638182831e-02
3.4610504300497691e-01 -1.9493818863538190e-01 4.9896555494889368e-02 6.7699798542049444e-03 -3.6291102949167309e-01 -3.3753411355377561e-01 -5.8333269162731877e-02 1.2863082510773469e-01 2.3554891586258650e-01 -2.6819896768116289e-02 -8.6318041549465194e-02 -3.1383527577199583e-01 2.7137445804629151e-01 -2.9513153337641790e-03 3.0526953636827431e-01 -1.5019027777163299e-01 1.4129534801101690e-01 2.1642812414642451e-01 -4.6602546598133107e-02 -1.4630837433836851e-02 -1.8526809799010840e-01 1.3862708563714890e-01 9.9527248778704905e-02 2.9538542406325868e-01 5.1534696446648078e-02
3.9395566451943370e-01 -4.7329703383008359e-01 -1.5242169053041699e-01 4.1441301840499922e-01 3.1030607565764828e-01 3.9568466930107328e-02 -3.4891579892428210e-03 2.4387256862526280e-01 -2.4424204392197249e-01 -4.4268481040299693e-02 1.8133185445579600e-01 3.0370805376787428e-02 -3.1791322256762733e-02 -1.1736537496061041e-01 -2.1181552648104399e-01 5.8644739160018472e-02 -4.7190469467059917e-02 -4.8469602104427349e-02 6.3789675681537081e-02 6.7937715424408684e-02 6.2415855666779603e-02 -4.6876669271535297e-02 -1.0560852604784750e-01 2.6721072738658302e-01 8.9778423251465636e-02
9.1261391961929159e-02 -1.1437025784088360e-02 -1.3466759310788249e-02 1.6282550045906399e-01 -2.4938700085732590e-01 2.1205449148647820e-01 -8.9652168860757595e-02 1.4247563810148720e-01 -1.2022554337390411e-01 -1.4524091454576810e-01 6.0648424352969757e-02 4.3621818541240642e-01 -1.3202345955444050e-01 1.9921551037544111e-01 2.6995681965922708e-01 -1.1582450311439179e-02 4.3507644489425401e-01 1.8512279981816249e-01 -1.7223129927167771e-01 1.2755639540427910e-01 1.3767219786105619e-01 2.6520792563097112e-01 -1.9754015099959121e-01 -2.2032438146893310e-01 1.5283232747469130e-01
2.1465325461474519e-01 2.6517911399804989e-01 -2.3504116131753561e-01 5.5099136737223199e-02 7.0496422280950169e-02 -2.2506073069653909e-01 2.8408716113982210e-02 3.2772849795341319e-01 -8.3466347231715560e-02 -1.1844435233914161e-01 -4.9933671700483861e-01 1.0981437369870770e-01 2.8074090739252572e-01 1.2834856314121301e-01 4.1463418809434743e-02 3.9928980628784472e-02 -5.3820858499775748e-02 -2.2918508593972650e-01 1.2851626429537880e-01 -7.7946518490139751e-03 6.8149195057477949e-02 -2.4804692089548511e-01 3.1799702286336093e-02 -2.8010271960806732e-01 2.5070747412122951e-01
-3.6408021747906777e-02 -2.9589493891357919e-02 -2.5259166556188711e-01 9.7122105832312969e-02 -3.0838471422148031e-02 -1.4453871386244160e-01 5.3884438957799774e-01 -2.5641378365052242e-01 1.7376067612111890e-01 1.1692943648138709e-01 2.8869278308107188e-01 1.3960862511775929e-01 -2.4454953924179072e-02 9.4050273055303404e-02 1.1819993020099670e-01 -2.5595444601503209e-01 -1.9376606018099530e-02 -6.7443334616729023e-02 1.7374952460314161e-01 3.0643875788187702e-01 8.7633286387472240e-02 -3.7705474062731691e-02 2.5183436530344427e-01 -1.4134965689743709e-02 3.3053569444706421e-01
-7.8940163320707496e-02 -7.2827313971232085e-02 1.7065403243482519e-01 -9.3286876970090790e-02 2.4652560412812660e-01 -2.6542200715106612e-01 -5.7197336095284844e-03 9.7256830180492401e-02 2.0402884079801301e-01 -5.9191255789329389e-01 1.1561246851507430e-01 1.9612800199648090e-03 -4.0527522475671970e-02 2.0565182114954519e-01 -4.0286535404600157e-02 -7.4763967452767879e-02 9.1321108741768089e-02 -1.7614986806098981e-01 3.8217136641049132e-01 1.2136879417570730e-01 3.8922647312783332e-02 2.8370337437653048e-01 -5.2108424818569657e-02 -5.8792280512559143e-02 -2.5512717289532560e-01
-2.8224783648032700e-02 7.5581791429048903e-02 2.9944155027850272e-01 2.6539395311020708e-01 2.3575171572119610e-01 -6.6783226014602279e-02 4.1118561192593112e-01 -1.8715116822493599e-01 -1.3078769433251489e-01 -2.4600201227399109e-02 -1.1942067905255950e-01 -1.5817139277544151e-01 1.8944302015931661e-01 3.5787110218883211e-01 1.0104046007116650e-01 4.4052256081750252e-01 -4.4669637352634628e-02 3.3902811658859988e-01 -1.0483276558335240e-01 -2.1348080451233830e-02 6.1259574676445792e-02 6.6490459946783362e-02 -7.5769173648038868e-02 4.0421138511162982e-02 -1.0203811290091090e-02
1.5921766564255779e-01 2.2515870992744411e-01 2.6670453565792901e-01 -5.9373175327462342e-02 -1.6739243988199681e-01 2.7403347442399969e-02 3.3727117822918801e-01 4.0014798028050502e-01 6.4863290801018630e-02 1.1933261145369950e-01 2.1845678126760859e-02 2.4049522045462920e-01 -1.9461367853016459e-01 -3.2866371467422739e-01 1.7610473439974850e-02 2.2554589036957851e-01 5.4348765950155531e-02 1.6840964760545399e-01 3.1363311364732321e-01 1.2983175025035071e-01 -1.6624973717186051e-02 -1.6384977779226581e-01 1.0812415576907940e-01 1.1355694702215299e-01 -2.7307602419682969e-01
1.7985021758119910e-01 -7.7374726717117454e-02 5.4566374068545816e-03 -1.2223812716598340e-01 7.7761558354247126e-02 -4.9635021174231922e-02 6.7060556814006758e-02 -1.7529991321455979e-01 3.5194860210603568e-01 3.8252454986903543e-02 -4.9297376460506623e-02 4.2286161927854858e-02 -2.8078818585636672e-01 6.6218991925039397e-02 3.0493887324219232e-01 2.7940317157518357e-01 1.9347593085143699e-01 -4.3926853896997942e-01 -1.5109733622728760e-01 -1.4513199879144370e-01 1.2690677301821840e-01 -2.8321269008277172e-01 -3.1428870647803631e-01 2.2296220859819979e-01 6.2795697693536186e-03
4.9331260323380149e-01 4.5629846775840928e-02 2.6064168307483948e-01 -3.0246761874890049e-01 -1.4089580972484009e-01 -1.2185022862181090e-01 9.8128002318045832e-02 -1.4164821514559489e-01 -2.2256677581381579e-01 1.3298705935493710e-01 -2.1977506973402609e-02 7.3431323888149116e-02 -8.8867708738429741e-03 1.2140512990145200e-01 -2.4590787785297641e-01 -9.2679059285452906e-02 -2.2014799905124871e-01 -2.4951036551319011e-01 -2.6639859074098982e-01 2.4004368697670031e-01 2.0673627329821920e-01 2.7191120304022071e-01 -3.2640630882003821e-03 -5.6533068392041037e-02 -1.2074961651113550e-01
