# CEC 2013 LSGO F07 rotation matrix (50x50)
2.1774671625490999e-01 9.7483650489104276e-02 -2.4045777229933941e-02 -9.6227255729536054e-02 -7.5690123950741137e-02 8.7416989152839727e-02 -9.0457488983110429e-02 8.2759810481398424e-02 1.8499512864700721e-01 5.0791532925501301e-02 7.3452297117832721e-03 -5.5010313875804337e-02 2.6916244390753702e-01 -1.7389000887968820e-03 1.9578460807620710e-01 -2.1277602631195970e-02 -1.0580836224340490e-01 7.0727452869758733e-02 -1.8732593460655059e-01 -1.0721355899134399e-01 -3.5148275128014307e-02 6.8658541058210273e-02 -1.0097460027764810e-01 1.6643843336748651e-01 6.6470343864182338e-02 -2.3945056423745820e-01 5.0576863827994110e-02 6.7211305547192318e-02 1.4292300570312741e-01 -9.7639864695524922e-02 -1.8689646130950269e-01 -2.2315183970348271e-01 1.6622221748541849e-01 1.7382724088234119e-01 3.2863645229371033e-02 -4.1977766188831818e-02 -4.3907278149988382e-01 -8.0462451660020723e-02 8.5582516688831156e-02 1.1746225822241620e-01 5.2310027692322653e-02 1.4496811094111139e-01 9.3922800426546230e-02 -2.2892601093988821e-01 -4.6567730041910033e-02 -2.6254429285509029e-02 -1.3890820336765430e-01 1.1904926321455930e-01 1.7162977941575119e-01 1.7816684329822050e-01
-2.8765411744269029e-02 1.2439367560662040e-01 -1.0070190806054720e-01 -1.0424920633098191e-01 -1.8869069777973549e-01 2.5812505347681421e-02 -9.1826663703948139e-02 -2.0324448057359071e-01 -7.8190648556619682e-02 1.4669292788239491e-01 2.9767616977980138e-01 -4.0572359538111287e-02 -2.2704904892440159e-01 3.3767891235122298e-02 2.5003778266156351e-02 1.4387687114575151e-01 1.1160102453810890e-01 -2.8523940953782370e-02 1.2133118559401530e-01 -1.3024163534499331e-01 1.5890414285733220e-01 1.1720987341938270e-01 2.6992136782974619e-02 -1.0111113469728340e-01 -3.8599745017875567e-02 -1.0703837111902760e-01 3.1263977815961191e-01 5.9911916186492213e-02 7.0549893371605721e-02 8.1701028045510257e-02 -4.7833884505288048e-02 -3.7481111672846117e-02 -1.5073074791564309e-01 1.6738177455436359e-01 -9.4646772330650955e-02 1.8187767100969102e-02 -7.6258089114684749e-02 -8.2743286839986052e-02 3.5480260592137169e-01 -9.8028809246035561e-02 -2.6094692430369060e-01 2.2091476432091220e-01 -1.6482738250057319e-01 2.2727677939167071e-01 -2.0393544352805229e-01 -7.7489709449825153e-02 1.5521331863698350e-02 -6.7337720024575914e-02 4.9650872865769823e-02 -3.8954930839453603e-02
1.1249971365368849e-01 8.7900726296488235e-02 -4.4230060805120777e-02 -9.8053371812714479e-02 -3.5013892378401362e-01 -2.1760036985271819e-01 -8.3219799210911938e-02 1.2775475701821200e-02 1.4210642060708569e-02 1.8836802510481870e-01 3.5288922970434849e-01 -3.9584436961151673e-02 9.9751926888247230e-02 1.3791838182480479e-02 1.3345219873637101e-01 -3.2184222143728540e-03 -1.3983283782574249e-01 -2.5801402803373209e-02 -1.6210369274281780e-01 -1.2926750714168980e-02 -7.6437388102166867e-02 -9.8502347475683663e-02 -2.0020383718880061e-01 9.4810616753409363e-02 9.4716856581603781e-02 -5.3057976689555801e-02 -1.2311460016965910e-01 -1.8690984515274899e-03 -1.9074452161597150e-01 1.5708094226316760e-01 -3.5078122178398077e-02 -1.3061298131067850e-01 -7.2681728762480774e-02 -7.7566569956415740e-02 7.4842620952577002e-02 -2.2458154052833890e-01 1.0647608405993091e-01 1.8321724784733481e-01 -1.8040385605475451e-01 9.1627567959230952e-02 -1.7291076294164159e-01 2.9586181342619089e-02 9.0195983884977404e-02 8.0179520221841244e-02 2.3508136788141271e-01 5.3272018736786983e-02 1.1499142665698170e-01 -1.7827927334909779e-01 -2.4893181556436161e-01 -1.4176148680822440e-01
1.3224823667499490e-02 3.6416225887927110e-02 -2.2985606142118309e-01 5.0376784317570728e-02 2.5492668024049470e-01 3.3697858448732888e-02 -1.0776003174227940e-01 -4.9178512991288947e-02 -2.0389926861422991e-01 -1.8122194167362729e-01 2.3217677166826209e-01 -1.5281114070345131e-01 3.4157748421304178e-03 -2.3775685704407190e-01 -1.4514239424277840e-02 2.2806729679566989e-01 9.1562717631007540e-02 7.8881070038052309e-02 -1.4309946231715159e-01 4.5929087635447841e-02 -3.6473042946611112e-01 2.0252861815314899e-02 -1.5889401654627520e-02 2.8752013044429110e-02 9.1576305103489658e-02 9.7930467403941637e-02 -9.3396412164883629e-03 -1.1278742035977180e-01 2.9521661158879747e-01 -2.6857454976411409e-02 3.4830330521258987e-02 -1.0562590798157349e-01 -1.0248455015340439e-01 4.6161559074288143e-02 -2.1886954752122270e-01 2.0460274162261971e-01 7.7175230217537230e-04 -1.2969072713044730e-01 -1.9676982541310950e-01 2.4697981910022801e-01 3.9248282128309740e-02 1.8464151594167541e-01 -3.8510916251676512e-02 3.8638848085525382e-02 5.6089866471346082e-02 7.5572029826483686e-02 -6.2887920714380499e-02 -4.1805655095197493e-02 -1.0807865821253620e-01 -1.2652037636173519e-01
5.7472076079067812e-02 8.1175138809117017e-02 5.1779186642198521e-02 2.6604174159718889e-02 -5.0447512093555929e-03 1.3390856015810690e-01 2.0852632504405511e-01 1.3703076761439880e-02 -1.1140602000713069e-01 -2.6945331246133720e-02 3.7878993714793641e-02 1.3724384433825679e-01 1.4031275057046930e-01 -8.3441013616468527e-03 1.8792200527465660e-02 1.3212828058290069e-01 -5.2382865951205393e-02 -2.0488366131790200e-01 4.1697466863350966e-03 -3.5052476923622722e-01 -9.9585339622252841e-02 -8.9190384213190480e-03 -5.9548566971920222e-02 3.4158506524961307e-01 1.2439505447203440e-01 3.6528518191119241e-01 6.5282852414188866e-02 1.2583199638371889e-01 8.2586296597628367e-02 7.3190923610187697e-02 5.2787915669053678e-03 2.1093700185338621e-01 1.9372405221688691e-02 3.5449016599507832e-02 1.1919542361440330e-01 3.4496386490249629e-02 -2.1752970034771801e-01 -7.0420135882260136e-03 1.6569659233775941e-01 -2.2163069992198270e-01 3.6149783397183902e-02 -1.0937029918438540e-01 -8.6113570052201188e-02 1.2955044096852270e-01 1.6449085836663541e-01 2.9262640836633019e-01 2.3240604786308100e-02 1.0150207964095399e-01 -9.1064978388640180e-02 -1.4254089626511490e-01
8.9688055935322503e-02 -1.5699753159555199e-02 -1.5629441567287419e-01 7.6871160020576146e-02 -2.1751963387479901e-03 -1.2247693489776960e-01 -2.7536021293585469e-02 6.0192057205009641e-02 1.0831613271953219e-01 -2.0721325005708660e-01 2.8571595878783401e-01 -8.2653130000621688e-02 1.4170810922873180e-02 3.4827813061512371e-02 -2.1629985776042021e-01 5.9211173528235170e-02 2.5932410536473000e-01 2.2111381810368941e-02 -1.5937065764452019e-01 -4.8304901097654430e-02 4.8015338407633598e-02 -5.3522778853172158e-02 1.5607534899194000e-01 -2.3257343634827540e-01 -2.5950426761558287e-01 1.0697654418489209e-01 -1.5390575793807729e-01 2.9365328766467701e-02 -1.0395852259973680e-01 2.0835803854483151e-01 6.0242588394470400e-02 -4.8529126137971092e-02 1.0732120974535880e-02 5.3362428902741073e-02 1.2668180913312091e-01 8.2649290976651996e-02 -1.9016749829944429e-01 1.4783504574421061e-01 2.4509337074830939e-01 2.6645137169314371e-02 4.8870653460693012e-03 -2.6899540176493669e-01 1.6890286092706761e-01 -2.2465006424199581e-02 1.3392202088401409e-01 1.2654361686173871e-01 -3.0005973354609561e-01 -1.0065536577373270e-01 7.8837052782525424e-02 1.3463641064739901e-01
-1.2457384203444800e-01 -1.2093927407148219e-01 -2.7539419994866709e-02 4.6262937139406489e-03 1.3470307250690919e-01 1.4841726533354641e-01 7.2609650585329436e-02 1.7871735305466749e-02 -8.6044070075253415e-02 4.4373623511568608e-02 -1.0222295714391870e-01 2.1661822496398570e-03 -2.2121660400045429e-02 3.1498209520184389e-01 3.3894110742435218e-01 -1.3803214580482720e-01 1.4436445172526641e-01 2.2510182863803971e-01 -2.7812100827937811e-03 -1.3605841736281410e-01 -1.3429388222805769e-01 -7.3193421134915157e-02 -1.4982662522108800e-01 -5.6315109979019617e-02 -8.5624481996529445e-02 -2.3146366005469091e-01 3.6526899002328278e-02 -3.9360102018200871e-01 2.3087888469726401e-02 2.6412405676231748e-01 -8.2906613784952149e-02 -3.8601600040858608e-02 -6.2706772342987341e-02 7.6901846116307390e-02 7.9759383445970264e-03 3.6801961318130773e-02 -9.4417543441255275e-02 2.4487754757966290e-01 1.8510725165498561e-02 -5.0162676430901651e-02 1.6089260809217690e-01 -6.3934843385673304e-02 -2.5034645804508809e-01 6.7186756577990697e-02 1.9309222238060201e-02 1.7119098742867611e-01 -2.7210975114382599e-02 -1.3888129292928550e-01 -6.5205446963655600e-02 -2.9316117343690141e-02
6.0546875221463799e-02 1.8726269130699100e-01 -7.9880135483139741e-02 8.3543504042508238e-02 1.6297724661868039e-02 -1.7091461815786591e-01 -9.2856264569561114e-02 -1.2145066266491020e-01 -4.0761977397055138e-01 2.7853384112271162e-01 -2.1465577309017289e-01 -6.6507198544170143e-02 -3.3486254752821583e-02 1.3261196128320360e-01 3.6831291294425292e-02 -2.0456863581768470e-01 -3.5447800456069878e-02 4.5045983709073457e-02 -8.8393059447300262e-02 -1.0330936881396501e-01 -1.2357208273180011e-01 8.5979641351142957e-02 -1.1772272630310350e-03 -2.4094183201716679e-01 -1.4483246668434821e-01 8.1063900159711016e-02 -5.4444967142551953e-02 3.4473967504882458e-01 2.1349222521320710e-01 1.4627802527907480e-02 -1.6798720299353639e-01 -4.1449075726676353e-02 4.6552628183002598e-02 1.7456579231702629e-01 7.9816924352280508e-02 -7.6494031108805025e-02 1.1994404570470869e-01 -9.4711233911949494e-02 -6.7033625476319372e-02 -1.1007099954225751e-01 1.5001977726800891e-01 -6.1077347240254910e-02 6.8201900727161355e-02 1.0911571494302970e-01 1.6715354806217869e-01 -9.7980817648113713e-02 -1.7196979159759890e-01 5.5432968659466959e-02 -9.0397093734571957e-02 7.3150833759924483e-02
1.5575153084449170e-01 2.8024397905275491e-03 -2.2480864905568770e-01 -7.7260670366177786e-02 1.0352104318195530e-02 2.3316351733985349e-01 1.0094234973070081e-01 7.5321461127739159e-02 1.1449818290907500e-01 9.2254818729079577e-02 2.8533242148912480e-02 -3.1758159627138002e-02 2.5065178310782910e-02 5.3854025590082642e-02 -1.9925186710338629e-02 -1.3110163593789559e-01 1.3377031837247080e-02 1.4441046647887940e-01 2.5539680449882879e-01 -5.8383341642538847e-02 -2.2102856222437761e-01 7.5464284382689775e-02 2.1404062287828129e-01 1.0970495893567710e-01 1.4417595899418659e-02 5.7107556899940008e-03 2.3702211683743260e-01 7.6856660572167695e-02 -1.1620031374145411e-01 -7.7460254220704447e-02 -1.1027336242311340e-02 -4.9524677834290293e-02 2.7481196351133869e-01 1.9260960106909869e-03 -3.4063548523787751e-01 -3.6852542301681002e-02 4.2615909513721573e-02 2.5173466481307780e-02 -1.5997038797171520e-01 -3.4429782523395548e-03 -2.2817882263679820e-01 -3.5400725078974188e-01 1.3142086225219671e-01 1.6721592420265019e-01 -6.9188344170787022e-02 -4.5836446911555612e-03 -1.0397619258237160e-01 -1.0912513029854770e-01 -1.8509151403441679e-01 1.1175710090566569e-01
7.2757421459608354e-02 -6.9319162835855055e-02 3.7129966932341191e-01 -3.8262255649567622e-01 2.2360519191653321e-02 1.0758380274670910e-01 -1.5998740171345549e-01 -1.8905811543234591e-01 -1.6032460633278281e-01 -1.0870072672083179e-01 6.6538909781875641e-02 -1.4345918908861199e-01 -1.4178515244144979e-01 -3.8416704022968290e-02 -6.7809000542742345e-02 6.4882935317566084e-03 1.3186448047324609e-01 2.3600747648555090e-02 2.6873269417421880e-01 -2.1478909367489671e-01 -1.6875544509623360e-02 -8.7558525401105883e-02 -2.7918511756414771e-01 -1.3915181747419819e-01 -2.5810436882999301e-02 1.0635793518338940e-01 2.0590372081200831e-01 4.3874035732815418e-02 -9.5383440803792602e-02 -2.3073376444126850e-01 -2.7649942979806351e-02 -1.9539804482282399e-02 7.3784657269187273e-02 3.5013972691517493e-02 7.9421839723736440e-02 -8.8400254683052397e-03 7.0845217885833964e-03 1.3231441183296641e-01 -5.7728303088601947e-02 1.9228560225845071e-01 7.6063905856422406e-02 -7.0346018300943100e-02 9.8296120575998902e-02 -2.4237010362782729e-01 1.2873644944422791e-01 6.9213651175352400e-02 -6.9314403676523986e-02 -5.7809458459228989e-02 3.1422042035631819e-03 -5.0604994623805202e-02
-8.9216242660471470e-02 -2.9606401663284648e-01 1.2737873358440810e-01 1.6529351003478701e-01 7.1525173096086164e-02 2.6518197247427430e-02 9.8714603167012090e-03 1.4784283322794539e-01 -5.7914435500104978e-02 -1.4428805126144759e-03 7.8019339012567357e-02 -3.3115868409264983e-02 -1.1949328191822570e-01 6.0354434555612797e-02 2.0504746899425181e-02 -1.8265008575620639e-01 -1.4706273638097961e-01 -1.1554384908963421e-01 7.4121386274701329e-02 -4.3473243011318309e-02 3.8589727795331701e-02 -6.3110226823991020e-02 9.1754205204453206e-03 -9.5252301079664883e-02 2.1096709025930019e-01 -9.5940639395849804e-05 -2.2501629763922029e-01 1.7145748253208329e-01 2.0167298026202471e-01 -1.5182563459663589e-01 4.7789457836389687e-02 -2.6803600073982442e-01 3.6984836823381481e-02 1.1782655370204920e-01 1.2957545013193079e-02 -9.1395949732121215e-02 -1.5465102165929631e-01 2.8517215673459231e-02 1.9573158091387549e-01 3.8129246321537041e-01 -5.5659056991712898e-02 -2.1281003397212300e-01 -2.4222354203581771e-02 3.1725587815436962e-01 -6.0842417315079757e-02 2.6045198357198339e-02 1.8595713163945160e-01 -7.8844845541169967e-02 8.4452331840118258e-02 -1.3158393948365821e-01
2.4751075785032889e-01 1.9122881723147520e-01 6.0460887607401238e-02 -6.8333786189255522e-02 2.7908910817309809e-02 -1.7225103811674380e-01 5.6803509249966383e-02 2.2696958020318549e-02 -9.8738485916780819e-02 7.8101562632458738e-02 -1.1506417457323370e-01 1.1166840220585510e-01 7.9364410837608354e-02 4.5196011673212397e-02 2.6609644261301212e-02 1.4121357764046150e-01 -6.5322160706407631e-02 -9.3678813677726930e-02 -1.1373748341311950e-01 -4.7929063250685681e-02 -7.0560501654032756e-02 -7.1725178321811939e-02 1.7539111543276140e-01 -3.8434727661276612e-02 9.8428021785577385e-02 -3.2725272903877028e-02 7.5864710434669733e-02 -2.7398141326879490e-02 -3.4719901162638950e-01 -1.2469006276026259e-01 -1.5482371340081930e-01 -1.0021125494680951e-01 -3.5319253286944963e-02 -1.8875467488276840e-01 -1.3503903484584089e-02 2.2789710045274181e-01 8.2509848279988612e-02 -1.7282844619742080e-01 2.5096626803993299e-01 2.4117828614783121e-01 3.1475264568880040e-01 -1.1189926638290471e-01 -1.9020439638441600e-01 3.7728778688245153e-02 -1.8638637290070509e-01 1.9364448418438260e-03 -2.8548769042046770e-02 -3.0571880679097402e-01 -6.6863544878015310e-02 -3.9800322123252047e-02
-4.8357962076488431e-04 1.7182677951744549e-01 1.2790860373296661e-01 6.3566877359456736e-02 2.3672384488292519e-01 2.5442354839161990e-02 -5.3532325053671469e-03 -5.8193000335842709e-02 1.0419025319082401e-01 1.6926398224093861e-01 1.8582148884640251e-01 -9.8634037932289545e-02 -1.6215262734195390e-01 -1.6095980251905961e-01 3.2949470655755819e-01 8.1549189571570938e-02 -2.3377086971492861e-01 -3.2372065366293151e-01 4.9819565059926553e-02 5.3943931881472000e-02 1.7356648306371891e-01 -1.7420369588478649e-02 1.0819986598890720e-01 -1.3018530438899981e-01 9.2828214256820502e-02 -2.0695002576819521e-04 -9.9478836573586429e-02 -3.4527385735512221e-02 -9.0933050296645640e-02 9.2614660984274289e-03 -4.3924043967216483e-02 1.2731376680669129e-01 7.8321087777394813e-03 1.4545064498342861e-01 -1.8952919797261389e-01 9.0008080359917267e-02 -1.1924721273106480e-01 2.8219821099759501e-01 -2.1153390060206609e-01 -1.3382924380485020e-01 1.7270516241550879e-01 -6.2073759005043957e-02 1.0474939921265190e-01 4.9089916890973993e-02 -8.0813275505901588e-02 -4.4678851080406951e-02 -2.7734924579673081e-01 8.0788920996183490e-03 5.8548969050631103e-02 -1.0447327824801531e-01
-4.4279458632897298e-02 -2.7952384294078741e-02 -3.8503372630055849e-02 1.3898053281784919e-01 1.1890864621292690e-02 -8.6527767051014601e-02 -1.4771632557093389e-01 1.6510693211999339e-01 1.7341223498743119e-01 5.5729597833389611e-03 -2.0400515993282700e-02 2.8626698600292821e-01 7.4641339773887372e-02 6.8725971684523129e-02 6.0310348728901071e-02 8.6850766839589380e-02 1.2698683857929480e-01 2.0028810291294641e-01 1.9123829075470969e-01 -1.5387912286356031e-01 -5.2442522655279399e-02 -8.1722215480449792e-02 -1.7296103180501771e-01 -1.1203550890299180e-01 1.7055141233091469e-02 1.3786917229409901e-03 -2.0486544843235580e-01 5.1083878533698543e-02 -1.9768332243381581e-01 -9.8470856353274933e-02 -1.3842341411112030e-01 1.1785490353665500e-01 -8.1544316266020322e-02 2.0416259503817979e-01 -2.0860136555017141e-02 -1.2453433439169480e-02 4.3741255811591891e-02 -2.4506391955830059e-01 -1.7554752614470481e-02 4.7183488498367732e-02 -1.6558178057705231e-01 -7.6185681154925021e-04 5.3184749990789256e-03 -4.9862557284489753e-02 -1.2703497998795121e-01 -3.0155955617608660e-02 -3.1079160863145311e-01 1.8169900577751799e-01 -8.0833028144885632e-02 -4.4065420729653859e-01
9.5025428148689917e-02 -7.0621988096559923e-02 4.7446272968772907e-02 3.4954682238363272e-01 -4.3852878048175482e-02 3.8033119025929277e-02 2.0283577068714889e-01 -2.8901523460127612e-02 -4.9379352509710789e-02 -1.6001208272545150e-01 -5.6569980764326719e-02 -1.2169425847067680e-01 -2.4288638348724301e-01 -6.9574494730745076e-02 -1.3185779754406840e-01 5.8640996253786118e-02 -2.7787991896770010e-02 8.2500243117250516e-02 -1.1377535318379250e-01 -1.3865064631645810e-01 -1.6254961834371129e-01 2.3472155302919150e-02 1.5338553943835479e-03 2.2484433375517171e-01 1.0308298132470610e-02 -4.1358763659479297e-01 1.2775407863507829e-01 2.1762505771148369e-01 -1.7137230585219251e-01 -1.1653596190681850e-01 2.5808301633372732e-02 -2.6291162022947612e-03 -2.9615523730606930e-01 1.8507711337705249e-01 1.3064882284644509e-02 4.1773057063397283e-02 -1.8558989911437130e-03 1.4974508778543810e-01 4.7328699257106182e-03 -1.3215593249957289e-01 5.7452527865659568e-02 -7.5867893861961910e-02 1.1240065466271799e-01 -1.2676558060502979e-01 1.2016791126441979e-01 -2.0345394339671760e-01 4.1764319461729427e-02 -8.7501209838202337e-02 1.1133401031274061e-02 -1.5111792844026181e-01
1.5861918887339241e-01 -7.9114507925752437e-03 1.0888006843397451e-01 -1.0338534961116050e-01 -2.3548622415383180e-01 3.2725909978744272e-01 6.1090108844157748e-02 -1.1403551613423479e-01 -2.4208801179743400e-01 -1.6752245827773929e-01 1.1944745266181089e-01 2.1400918547814260e-01 4.8351196793512470e-02 4.5703843269793059e-03 -6.8130698565829567e-02 -7.6655723933400852e-02 1.2025868638784210e-02 -7.4378024355891581e-02 -1.4306527619928949e-01 1.1065835817957390e-01 -2.0523223744873439e-01 -2.1624267345901141e-01 1.6485907829358379e-01 -1.2675859049673069e-01 -9.6392269240093767e-02 -2.1058876465285270e-01 -1.6337900404955910e-01 -5.2997750375177712e-02 -7.1044190306438840e-02 -2.0825044423582381e-01 -7.8584755098192446e-02 1.1095314799051810e-01 -5.3944068650304121e-02 -5.5783032371174171e-02 4.1269380605575681e-02 -1.4000270728572639e-01 -7.6845552708917986e-03 4.0387559587838594e-03 -1.5021482238213690e-01 -7.1947402329492524e-02 -2.1905249703964760e-02 1.0833617382899180e-01 -1.2641573844247061e-02 3.1165648645126942e-01 -1.0692127158378351e-01 1.4458860496912260e-01 -1.4116434825823759e-01 1.5584483304573099e-01 2.2562461078892210e-01 2.5770194572292290e-02
1.8037989899063769e-01 1.7571770341082840e-01 1.4926654920830630e-02 1.0760511584318910e-01 1.3311499289294040e-01 -1.9021532008000341e-01 1.1373997469304770e-01 -3.7482389724021098e-01 1.2394490470461640e-01 -9.7222714549472053e-02 -5.2420841511370317e-02 6.2964626670648810e-02 -2.7957081543838608e-01 1.7482336508410459e-01 2.0237989677853660e-01 -1.1404384187060911e-01 6.5548886689287697e-02 3.8196489674440590e-03 6.8204125339276722e-02 5.6502037380607231e-02 -2.2005965446973941e-01 -5.6720364310569871e-03 6.7268016877653394e-02 -6.4703771607256211e-02 -2.4181159564925250e-02 2.6187024023210190e-02 -1.3307619596440320e-01 -8.3052548544959567e-02 -8.3109450296364060e-02 -2.9525042296899021e-02 -2.4326565762536379e-02 1.5583097724190539e-01 1.5259733367863901e-01 -1.7850546402574319e-01 -1.5259141196561071e-01 -7.1129393171862690e-02 -2.5113467096825609e-01 -9.5310462273664437e-02 1.6672477197050611e-01 1.1738220496817919e-01 -1.7114093538332689e-01 1.2562106076532589e-01 1.2643115735183491e-01 -5.5899368133058278e-02 2.5174745220307682e-01 -1.5839753373760979e-02 2.3273286010957370e-01 1.0225381423990970e-01 4.2207011612145982e-02 -6.2862282049968396e-02
6.0024479334566151e-02 4.0447417701089332e-02 1.2102032010767050e-01 1.5178705757284519e-01 2.1979263945433630e-01 2.3034602275013810e-01 -1.1007431881063870e-01 -1.7624908889354771e-01 8.8843594617135299e-02 1.6642992395272049e-01 7.0439709280074286e-02 2.0211938501783042e-03 5.6843639118814057e-02 -8.8646291473585652e-03 -1.5623901158713180e-01 7.7863220358516574e-02 7.9056812662730763e-02 1.3583192030003549e-01 -6.1827502140229022e-02 9.9640863159584467e-02 4.1723646313658547e-02 2.3209618477087041e-01 -3.8727905272261352e-02 -1.0576802490192409e-01 3.4312730845855910e-01 -1.5018640644250081e-01 -1.8347860761475768e-02 3.7039419847507013e-02 1.3128853325293360e-01 2.9818444541837800e-02 -3.2156143644343221e-01 2.7811858936149479e-02 -1.6686564286304020e-01 -3.6381346682755461e-01 1.3090810274197390e-01 -6.7164491441596197e-02 1.0589749352109690e-01 1.3411031333300380e-01 1.6377931270944540e-01 -1.8215981909743491e-02 -8.4182750789564637e-02 -1.5340398939852051e-01 1.1283237463213620e-01 -2.8230551536402821e-02 -3.8386930551221027e-02 1.7186302771868289e-01 -5.0098355236269577e-02 1.4969617080202571e-01 -1.6682200572279490e-01 3.1984903035447702e-02
2.5688345288694481e-01 -1.0277809417680771e-02 -2.2851875135745101e-01 -6.5180519277494228e-02 7.6918165075403055e-02 1.8167262717314511e-01 -3.8794105684119208e-02 -3.0380390715291539e-01 3.5594239027080990e-02 -7.4791879896986824e-02 -1.1841586347730899e-01 -2.1418922203789009e-01 2.1267075164172961e-01 4.4687791315788261e-01 1.1188121500588960e-02 5.7129002794746378e-02 -1.0933230787427339e-01 -6.9769079936234546e-02 -1.0079006863337760e-01 1.4484340711343260e-01 1.8781939171157699e-01 -9.5574519617316028e-02 1.1209600740780171e-01 2.0542564181448390e-02 3.5377518154890257e-02 1.2339357284113020e-01 -7.7757608860131496e-04 -1.5143103275797589e-02 2.8663941119179359e-02 -1.3361427088752689e-01 2.6803733825957993e-01 -3.1817350095257171e-02 -1.2530669266155561e-01 2.1621431727614540e-01 9.3587466184197235e-02 -5.4501112872816178e-02 1.2133983010304930e-01 1.1236804038805570e-01 4.6119759721053602e-02 5.2111015357256249e-02 -5.9170021989786617e-02 -1.3370101585928331e-02 -1.2500087203560731e-02 -1.1485155616432720e-01 -9.7503351665959540e-02 -8.9651675689011411e-03 -1.0938835641723970e-02 6.7562739252532575e-02 -1.1680980728994320e-01 -2.5440935311170398e-01
9.7068424108307141e-02 -5.5935157753867447e-02 -2.7154789693535370e-02 -2.9475217815210682e-02 -1.0378574501631811e-02 1.4681284980475989e-01 -1.0520028805151470e-01 3.6873227837939349e-01 1.0080793231485340e-01 1.4919249121220171e-01 7.3388364206261422e-02 6.4818667026667665e-02 -1.4028857604041969e-01 3.7394647073046287e-02 5.2337985140286508e-02 -1.2328453324136179e-01 1.6628441448292569e-01 -7.4172896316383963e-02 -1.1246715067356169e-01 1.9717894470084571e-01 -1.3332155773372869e-02 -3.5617820654448529e-01 1.2209388682022521e-01 -1.3852639728380620e-01 6.7217992396876557e-03 5.6605376814163897e-03 2.2732821855399951e-01 8.0431410271766660e-02 7.5181054151621754e-02 -8.0123216390326962e-02 -1.3295244223389369e-01 1.0005819563704500e-01 4.2068003975660871e-02 1.3337178101567551e-01 2.8113922898151650e-02 2.6426166001079893e-01 5.0339929322611103e-02 2.5816557859326940e-02 1.3422935387247159e-01 -8.1272673706883569e-02 1.1320270716649980e-01 1.7627106864989259e-01 2.2866603545055150e-01 -5.2530982297621730e-02 1.2965602302174861e-01 8.4839141632053056e-02 2.7424264012469818e-01 1.0778821424936820e-01 -2.4257963006985439e-01 -7.5514991297392711e-02
1.5628977889653231e-01 1.1085488584801170e-01 -1.4214383550638240e-01 -1.0549574636485599e-01 1.4507861225635440e-02 7.2945674089036711e-02 3.4385828351893127e-01 -1.7353749661136609e-02 -1.7952487193751920e-02 -1.2712026092865461e-01 1.9541524758730808e-02 1.8371282531202121e-01 1.2824192033592990e-01 -2.9753207142625071e-01 1.0903563065294880e-01 -2.9160545633351570e-01 -1.0640121055102349e-03 -1.4525062151116441e-01 1.9668969497157371e-01 2.4501627687178149e-02 6.0848114301886802e-02 1.0618373986648590e-01 -6.9587791226907933e-02 -1.9494766008106601e-01 1.1068879189121331e-01 -2.0181820567635320e-01 -1.4027809429880000e-01 1.3039497869610309e-01 6.2415433530562968e-02 9.7148804038237321e-02 9.3149122546104260e-02 -1.5721528599199279e-02 -3.4376485510244269e-02 1.6960522907043829e-01 2.0920590392931791e-02 1.7002665165373551e-01 2.5768746879053028e-01 6.6844306220314800e-02 1.4339674869611060e-01 1.0418066272095790e-01 -1.4485163017477029e-01 6.1070682181463637e-02 -1.9763245298808060e-01 -2.2315764651115649e-01 1.5462152783241701e-01 1.1433881558387150e-01 -5.7790542182395842e-02 -1.8310784894918022e-02 -6.9182355191805475e-02 6.8163287730746883e-02
-8.8183525784569630e-02 1.1946979652123239e-01 4.8137977299278878e-02 -1.3924072141017431e-03 -3.9798166832792900e-02 -9.5570681260537943e-02 9.3650710926120775e-02 1.7885373216229131e-01 -8.4390680183866501e-02 1.4484866700364460e-01 -1.4517428627605800e-01 4.6104373513246963e-02 -9.2467378641819149e-03 -1.1534655493434250e-01 -1.2311720071431551e-01 9.8830934220184116e-02 -6.4838873220308263e-02 -1.9737696727951580e-02 -3.8777895419093773e-02 1.8458245663540879e-01 -3.0070248251705622e-01 2.4889395098206021e-01 2.2141700933102920e-01 -1.7736218593867209e-01 -1.0880453100142740e-01 7.0345218126626044e-02 1.9237125693833201e-01 -7.3569572824477028e-02 2.0820209650255848e-02 -3.5517181450427679e-03 -5.6206762874300136e-03 -3.2107091983417879e-02 1.4368911201434931e-01 1.0711330608347940e-01 1.7136557759995591e-01 -2.2028706241801990e-01 -1.1774185493529940e-01 3.2073544074884208e-01 2.3628433810481901e-02 7.9390776795542323e-02 -1.6644440724022100e-01 4.3546510942300470e-02 -7.7541488618241214e-02 -2.2851638016588899e-01 -1.4979894802956931e-01 1.7624568750936739e-01 3.8682271026707238e-02 -2.6691264294027212e-02 9.4724767210676172e-02 -3.3863689694745652e-01
1.3621041738071391e-01 -9.7865573540617284e-02 7.1321590530252568e-02 2.8460866434027271e-01 -2.6923471264971732e-01 -1.1703118233774069e-01 9.6896465960909978e-02 -7.0604629801149467e-03 2.0602203083658230e-01 -3.0762591303217079e-02 -1.9517235252374979e-01 -2.0012166748300991e-01 7.7394724407400362e-02 -2.4109356811752809e-02 1.5795980148164879e-01 1.6942387062911310e-01 2.5062801099420962e-01 -2.0950113523920599e-01 1.7816470107234719e-01 -2.2107003386867199e-01 -3.0354065429038530e-02 -1.5818532122108950e-01 1.0840799991211419e-01 -1.1516383194483530e-01 -4.1343378791576887e-02 4.2036261820239118e-02 2.6462513197171560e-03 -2.6295133978264391e-02 2.7384902375442371e-01 -1.8421639966999279e-01 -6.7371423867002039e-02 -2.5363564944387151e-01 3.5528896656937703e-02 -2.4937360229925909e-01 -1.8631183830505511e-02 3.7788944541867408e-03 1.2404722473961440e-01 1.4944182343512721e-01 -7.1479453075002905e-02 -1.1543009535763930e-01 -6.2271261100211153e-02 1.7418442082323929e-01 -8.3546525965042098e-02 1.3097602318298989e-02 -6.0335585747180974e-03 5.2644566917509669e-02 -1.3950505052551351e-01 -3.3914730072961433e-02 -5.7402242305969083e-02 9.8477727143122737e-03
4.6388917460942952e-02 -2.4563689667292299e-01 -1.6248083743242839e-01 3.0234557406606580e-02 1.8416059384675351e-01 4.2987188887260781e-02 5.1109990829909218e-04 -6.9607548048417650e-02 8.1486094723447353e-02 -9.5433441843869107e-03 9.3557605063441740e-02 -1.3059462537140210e-01 -4.3042041507422357e-02 -2.6374976262767852e-01 1.1278044193793450e-01 -1.5261467144513091e-01 -1.7372185940713750e-01 -9.8137738433107163e-02 -5.2150707685733218e-02 -6.0671611455814740e-02 -1.3796158686760149e-01 3.4823425505824991e-02 -1.1842263715197890e-01 -7.0252888613067527e-02 -1.0225613970061991e-01 -3.6861761427761881e-02 2.0226834149420700e-01 -1.4744019023797039e-01 -1.7991963960783969e-01 2.5547585616689589e-02 1.4726664864073999e-01 -2.0277829913562931e-01 2.0413422914876481e-01 -1.4550154276900770e-01 2.3215469672476149e-01 -2.0913276324405911e-01 1.8280397154831141e-01 -2.2381371372630590e-01 2.4675035774437701e-01 -1.8613619902138340e-01 1.6375037237464540e-01 6.8184806152161964e-02 1.0641766313206300e-01 1.1943613792458120e-01 -1.1288751533094041e-02 -5.4496505517773889e-03 -1.2808493319365721e-01 1.6104197757628921e-01 -1.4823400437702460e-02 -1.8607102128403749e-01
-6.4565759918413471e-02 -3.1373900489410772e-02 -2.5392753626836211e-03 -1.6199085252037859e-01 -4.5572786977473953e-02 4.7465513950794687e-02 3.1949944027022892e-01 1.6536048378819770e-01 -2.3664678150199911e-01 1.2589731978543181e-01 1.0865127871044131e-01 -2.8050488241577642e-01 -7.9017586099487863e-02 1.5319144161025211e-01 -1.8279804697343111e-01 -6.0165629698014561e-02 1.6522382200268940e-01 -2.1255960672641830e-01 -8.7982219885026927e-02 8.2016053007296467e-03 -6.0465185487930100e-03 -9.2090379122728078e-02 -6.1364326658965927e-02 -2.1538424160874380e-02 1.6480262288042799e-01 -6.3944182937671432e-03 -2.1381267506720841e-01 -1.0412216252446360e-01 -1.5280242859600999e-02 8.8478204725497139e-02 -1.1391480326134711e-01 -1.1385171315889120e-01 2.6214608167147092e-02 -1.0118826313944550e-01 -3.1263093836810391e-01 -1.4435339303122030e-01 -5.3152182563812177e-02 -2.1003233812808880e-01 7.6555141700508519e-02 -1.8333300386708429e-01 -1.5932822246483212e-02 -7.4555877989959302e-02 -1.9208300845948951e-02 -3.4346880500903332e-01 -8.7493025727720650e-02 -1.0942118565738450e-01 -5.7298421699749989e-02 1.1128289198804830e-01 -2.8417333971506411e-04 -1.4001856620193659e-01
2.0576489286904521e-02 -2.1234052347195931e-01 -2.5320976912679038e-01 -2.0641762447814391e-01 -6.1507542029554788e-02 3.9667420250683788e-02 -1.0441690478230491e-01 -4.8949867007682127e-02 3.3423625155806887e-02 -4.0326951662234968e-02 -3.2420535637815290e-01 2.2452876933831439e-01 -1.7261876211380290e-04 -8.8182128095300599e-02 -1.8434230549383840e-01 2.3654306728504729e-01 -1.3987140034063361e-01 -7.1730778529100217e-02 6.6280347702995610e-02 -2.1754716989959219e-01 -4.2880521188942797e-02 -4.3739582103326638e-02 5.2132327786407917e-02 -2.5105593719640512e-01 1.9852844626157601e-01 -2.8350903910840840e-02 -4.6324838073654832e-02 1.9005695924385169e-02 -4.7791411443625642e-02 2.4235800279968250e-01 3.6500947014048808e-03 -3.6371135506821882e-02 -1.1697133629847770e-01 2.1691391210547559e-02 -2.8944549438752770e-01 -2.0975525533571659e-01 -1.1626518583820680e-01 1.8547965891788179e-01 7.2645814897236732e-02 2.2977129414509471e-02 2.1070367939351611e-01 1.4965624906154171e-01 1.8183193082323729e-01 4.2130877011548419e-02 9.1089408176735304e-02 -5.6119633303352311e-02 7.0371928738970219e-02 5.1022169505991311e-02 -6.0124434163343538e-02 4.7117180407234178e-02
2.2148665004017160e-01 -3.1279325710160802e-02 1.3569006432860031e-02 1.3417044007626591e-01 -1.8845499583875289e-01 1.1258662407146951e-02 -4.3061274102535108e-01 5.7332289796314058e-02 -2.5885821944601289e-01 -2.0791218691589791e-01 9.0038806564005924e-03 1.4501676755431281e-01 -8.5113462981599372e-02 -8.3552823340611836e-03 1.3294786435678940e-01 -2.5738647448729868e-01 5.6082242705816472e-02 -7.5217377812152028e-02 -5.1242831093279963e-02 -9.2315554969456023e-02 3.5650018890482263e-02 1.1868525681393870e-01 6.3233664080851695e-02 1.0945187700699130e-01 6.1560060744785192e-02 2.5369463009920209e-02 4.9472120222289903e-02 5.5218673000671237e-02 2.1598944181159981e-02 2.8183839744886569e-01 1.4114291701612930e-01 -3.0712258857813531e-02 1.1062182699156441e-01 -2.5024534356901212e-01 -1.0958743011951599e-01 1.7983738645193029e-01 -6.3156552254294094e-03 1.6757429555182640e-01 -2.3291849918341680e-02 3.5943484594722019e-03 -1.0698635688162600e-02 -1.0529689415178831e-01 -5.1555177916452727e-02 -1.6978678148737661e-01 -2.1892334701770799e-01 -1.2751186486469790e-01 9.2188145428293532e-03 1.9041903500412299e-01 3.5728531280998697e-02 -1.7457882113976531e-01
1.7253637679298930e-01 4.4097905985232402e-02 -4.3305725764575122e-02 1.0816618198027921e-01 -1.8466265541900129e-01 1.8500286161262300e-01 1.8618325070295109e-03 1.5717006015326589e-02 -3.1202480145394670e-02 -9.5074959144369614e-02 -4.1250609692044048e-02 -2.0168669221911109e-01 1.3559718645148519e-01 -3.1439560569861569e-01 1.6934048786212441e-01 1.4644568475145009e-01 1.0018575312994700e-01 2.6774416139141319e-02 8.6505893285985583e-02 1.6276244335495399e-01 1.3569490832914061e-01 5.9625048182765282e-02 -7.6607849900636418e-02 -1.0543723302565650e-01 -2.8538655520718970e-01 6.7865422212756044e-02 -2.6635344009691132e-02 -7.7742614826611295e-02 -1.7152751009379460e-02 3.8522908088310097e-02 -2.3437516318614310e-01 1.4134149693321321e-01 -6.8204030785449815e-02 8.6218763212206173e-02 -6.6994036097210705e-02 -2.2636129281932810e-01 -9.1456639076740398e-02 -7.7596783565708802e-02 4.1449365211159370e-02 1.2663922060292421e-01 1.6117050446751879e-01 -3.1539733938231868e-01 -1.6310130852411611e-01 5.0374804913070233e-02 3.6346466699723447e-02 -1.7213540529092761e-01 2.9531791482172920e-01 1.4373787017374870e-01 -1.2509426840385249e-01 -6.4769148812878041e-02
1.7685624520937701e-01 2.1267495928830479e-02 8.9948578223836631e-02 -1.5435583415591900e-01 2.0456422541819391e-01 -1.5973827276741140e-01 3.8211810593019938e-02 8.5144608006416447e-02 2.3580723857872690e-01 -1.6179664175036809e-01 -1.5775662879391150e-02 4.5784205423398512e-02 -2.0684360077886091e-01 1.3380471991706860e-01 4.5498328884032834e-03 1.2206786128308481e-01 -5.6395922007713047e-02 -1.1605725704959950e-01 -1.9907385429653071e-01 -2.1990616719897320e-02 -4.6213708701440259e-02 3.3311341650875612e-02 -2.0490665095890581e-01 3.9914655719268798e-02 -2.5795486298291909e-01 -1.1451560354952000e-02 5.9744442812348801e-02 2.3470171340847221e-01 3.5751071427987363e-02 1.3062615317489079e-01 -1.4530753675312341e-01 -1.8121895433110069e-01 -8.3092493880093876e-02 7.3885962247026635e-02 -2.2095771499941899e-01 -8.0168264660709129e-02 2.6749525166474181e-01 2.4374118007361101e-02 -1.0140625003618900e-01 -1.0704825698881900e-02 -3.7688351609197833e-02 -1.1155541547858470e-01 -1.2448032830173100e-01 5.2575010403902903e-02 -1.6802784783258201e-01 3.0512232971178949e-01 1.4226236624367039e-01 2.3845733474265271e-01 1.2057185991515330e-01 6.3858791523525305e-02
8.9568521779941374e-02 8.7552619487100081e-02 7.3068601977990151e-03 -4.5190041622201242e-02 1.6577560775539979e-01 -6.6802013159909773e-02 -1.4472618341208640e-01 2.1324073624549930e-01 -7.4658324885909483e-02 4.8100819409707452e-02 -1.1535160496071410e-01 4.5469716235947227e-02 6.7424023655273946e-02 -1.1476324104511900e-02 -9.0828836618561448e-02 -1.1353166929220010e-01 8.0408067946849709e-02 -1.4327492650598039e-01 3.7413397222772191e-02 1.9399399111371959e-01 -4.6079583225804237e-02 1.3996332557606500e-01 -2.6692630637928222e-01 8.3177932088398365e-03 -1.1918795635102070e-01 3.7844931872489912e-02 -1.7873052882434241e-02 -5.4396653624819727e-02 -1.6883151086634121e-01 -3.3170038577978939e-01 2.0480000374191781e-01 -1.8438658284760900e-01 -2.7208407231151749e-01 -1.0950438208115500e-01 -1.3877117475821771e-01 2.2198516697547379e-02 -2.8863287806339621e-01 1.9196808389551409e-01 1.1742912107243500e-01 -1.7408725331435621e-01 -1.1721790483333761e-01 5.1947689260780368e-02 -1.5658635786081179e-01 1.7465069831926980e-01 1.2995820075563261e-01 -8.6260669798288045e-02 -9.4381582447752660e-02 1.1390668822753150e-01 -2.0677374832429640e-01 1.0897180185816130e-01
7.7622558145467091e-02 -4.9679165488063087e-02 2.4411413550708780e-01 -1.0135627661988079e-01 6.0720427618405300e-02 8.5592738198780993e-02 -1.0070328905876159e-01 -1.2416686911120101e-01 5.0332264095916041e-02 -1.6235813178703229e-01 -1.4931541554217509e-01 -1.4212851690125469e-01 -4.3229145860235053e-02 -1.4160425278123140e-01 -1.1255936601756469e-01 1.0235790024114949e-02 -4.5350934776590440e-02 6.3708882721980803e-02 -7.2224182234516418e-02 2.7966280097828488e-03 -7.2910656652955971e-02 3.2968321704381361e-02 2.2155120051096610e-02 3.7344758283605140e-03 -4.5008232648736553e-02 -9.0310980018921169e-04 -3.7433938146029921e-01 5.1031668231092141e-02 -8.2799803520140144e-02 1.4033906528892379e-01 -1.1391557297483140e-01 -9.1550870024869779e-02 2.7192970221557461e-01 1.9064143303290951e-01 9.2601435392578868e-02 1.5081565202879771e-01 -1.0106275611537500e-01 -1.6021281061029839e-02 2.9914795262911381e-02 -2.8484325319052850e-01 -1.5378131447274851e-01 1.5499972982279800e-01 -4.1062233803056729e-02 7.5768994858964836e-02 -2.5106890812739008e-01 -2.2122770110164131e-02 1.1710505314412351e-01 -2.1873788103832509e-01 -3.9208335930111282e-01 -6.5443443743183980e-03
2.3527008897425629e-02 -1.1544299621488539e-01 -8.4525371176791889e-02 1.6650912971358279e-02 -3.4957580193450449e-01 -1.5362371207667200e-01 -2.8245854010570531e-02 1.7558950941559029e-02 -3.6001218834239991e-02 -7.6125018659701574e-02 -4.0893618068281783e-02 -1.1171315727263430e-01 -1.7234501374248259e-01 9.0713359813975741e-03 7.2844947628346368e-02 -7.5330749036230743e-02 5.5696186275774901e-03 1.1524766880934850e-01 -7.8978990470971080e-02 3.3539384442184857e-02 1.1417190325210580e-01 4.2994956362535530e-01 -3.8496266498374378e-02 2.2507764962198279e-02 1.6490797663760759e-01 6.3794924816964596e-02 -1.1827678700023110e-01 -2.1005255421900770e-01 -5.4601927865170187e-02 -3.0917257376838880e-01 -1.1775649392260861e-03 1.1640209290792709e-01 3.1476602548004988e-02 1.8067363639014869e-01 -1.7643288082943179e-01 5.4167753210655423e-02 1.0325881995058921e-01 -1.6781016730142269e-02 1.0083263231139419e-01 -8.0431023434868368e-02 1.9406224549707249e-01 8.7559374009848322e-03 1.5785742486603610e-01 2.6737472988216281e-02 -3.0605416950347991e-02 4.2986645164677401e-01 -1.8803581274198969e-02 9.9085180083418219e-03 -3.2930904940255412e-02 4.2675369698063487e-02
-5.0162071816105887e-02 -1.5318998383142779e-01 -1.7747315132229080e-01 -1.3491327179443141e-01 2.3704748890403061e-02 -2.3308769124668491e-01 -7.4025910797440295e-02 -8.4345818876336479e-02 9.5593680541203957e-02 -1.0305981276162469e-01 1.7306067701430750e-01 8.4025563387072816e-02 -2.1224522535939169e-01 4.0177278126830009e-02 -1.2038933659990880e-02 -2.1796133243145079e-02 1.6499709834664320e-01 -1.3928142839463750e-01 7.3190620758118816e-02 4.3248108528934931e-02 -1.2724941372883389e-01 1.6600057387486131e-02 2.3994590411005831e-01 1.4427873221256329e-01 2.4759904568652200e-01 -1.5556534313332180e-02 -9.3508670300264634e-04 -7.9438420197590152e-03 -2.4389347641383851e-02 -1.1766312619402131e-01 -1.7281518286614639e-01 1.0859519054121259e-02 3.6580912516753737e-02 1.5578986433038711e-01 2.9394851608165012e-01 -1.7043849408264700e-01 -4.6759573931963137e-02 7.2451757039062467e-02 -1.2103348063057630e-01 -1.2597078812265751e-02 1.5493641927041521e-01 -8.5060299926118493e-02 -3.7648750681360499e-01 -6.7484781302901004e-02 -8.0283804500505280e-03 -1.5908088059401959e-01 -4.1713639988535063e-02 2.2182246029614289e-01 -2.0930669396057319e-01 1.9252853489371780e-01
2.0515039573627061e-01 1.3952995500039231e-01 -8.3157761137453587e-02 1.2079470261619669e-01 1.4327262311045280e-01 -7.3557675298096370e-02 6.0986127245092350e-02 1.4223179250990431e-01 -1.6898189081293710e-01 -2.5173206581367441e-01 -7.5925805296614066e-02 6.7599474071562207e-02 -7.4287156579262090e-02 5.6267499182038709e-02 -2.0831794873063361e-01 -1.0658077368641081e-01 4.7404187743144022e-03 -1.3389013143187539e-01 1.7424496912781309e-01 8.6193514610224897e-02 2.5128884171511739e-01 -3.0969954119521251e-02 -1.1948051836076250e-01 2.5247680948036222e-01 1.6369777159640900e-02 5.1345478186169753e-02 1.0446540811676940e-01 -2.8319551120162900e-01 6.4030394694755174e-02 9.5529755863212870e-02 -3.9134881956693518e-01 -2.9983502522029790e-02 9.0471406060938023e-02 1.0642374289864960e-01 7.6031773885321841e-02 -1.6691197141445979e-01 8.5472084539834625e-02 1.0195326072902910e-01 1.1275766440488361e-02 1.0908329230276000e-01 -3.7150178794956037e-02 1.9610325413671689e-01 2.1419687579824750e-01 1.5955113056980921e-01 -6.2962895325915803e-03 -7.8924851102428445e-02 -1.4221668366793930e-01 -1.4018988260069021e-01 2.1549379980886511e-02 -3.9094582392526757e-02
-1.9298117800702130e-02 -6.5671623012097599e-02 1.9137327419281749e-01 -1.3046982443375980e-02 -2.4016087837199499e-02 -7.7102373532532409e-02 8.1029559318324118e-02 7.6003749545064919e-02 -2.3703634990173200e-01 3.2028253187288899e-02 -2.5187146525364600e-02 -5.1411343764058523e-02 6.9490101550586353e-02 1.4728904247538849e-01 1.2324803225151010e-01 4.4599130488154742e-01 1.3610224413624400e-01 -3.5331453701744141e-02 1.7711430010620921e-01 2.5237807022959258e-01 -2.9348917861793319e-02 7.7926200864295136e-02 -8.5520677764430279e-03 1.4068637106342541e-01 2.3139287587651769e-02 -2.8379547692188212e-01 -3.4981689284356098e-02 9.4127993470312185e-02 -7.7933671164257978e-02 1.7956432054318280e-01 2.1550755194294111e-01 -1.2107923981444269e-02 2.9884588331128720e-01 6.4582555310060616e-02 2.0510338012820890e-02 7.1615580577230206e-02 1.0315243061649880e-01 3.1517164885730767e-02 1.3297394260718101e-01 1.4989054816942760e-01 3.3658160897045007e-02 4.1062158183613792e-02 1.3018428385741879e-01 1.5845635666339339e-01 9.5598427708256273e-02 -7.1434129395995232e-03 -1.1707114653645380e-01 2.9101804719692409e-01 -1.0827554151493490e-01 7.6456412718159616e-02
-1.4306011651178141e-01 2.1629140948859881e-02 9.0052606790087961e-02 8.3646411479685157e-02 4.1541562469007261e-02 1.1350977440238730e-01 -3.5645278096606309e-01 -1.1357940938746371e-01 -3.0888107189744250e-02 4.8623792137794032e-02 3.5064828273982718e-02 2.1253699390058589e-01 1.0826703486987850e-01 2.4340533371643599e-02 6.9189648075887927e-02 3.9902530334406647e-02 6.7074215566027939e-02 -3.2607030404506820e-01 2.0328771699899251e-01 8.3652590060296378e-02 -1.4438024466474461e-01 4.6119749464531623e-02 1.8998769822170569e-01 2.0813168983917141e-01 -1.6381667263852831e-01 -9.4413581019192769e-02 -1.1462458050446710e-01 -1.1605867152290120e-01 3.1530639756877067e-02 -6.7029491244652399e-03 -3.6505977874576830e-02 -2.3458204119808651e-01 -1.3631844533810680e-01 1.7599170695562910e-01 -8.4913818775499611e-02 -1.3607824990128259e-01 1.3679730431003859e-01 -1.8793276525085290e-01 1.1706228892593480e-01 -1.4596970588202240e-01 1.8990529798069360e-02 -1.4125225902805039e-01 1.4278909458940151e-01 -2.2629535754501140e-01 1.4005670539929599e-01 1.5131313933658400e-01 9.4976994863595024e-02 -2.1527081236626999e-01 5.7089401043985133e-02 4.8132828979048962e-02
-1.7881771758445991e-01 5.0282235888177720e-02 -3.0231381786541311e-01 -1.3889915897208721e-01 9.2441911977086205e-02 1.6885814725050080e-01 -2.0512472864015769e-02 2.2118058536466051e-01 -1.5792087101916810e-01 -1.3413615125185191e-01 -1.3899482977906830e-01 -1.2577364802853849e-01 -2.3029798964078990e-01 2.6733932215181559e-02 3.1016543459415752e-01 1.0600339912891160e-01 8.9316346525861161e-03 -1.4738299183161929e-01 7.2900888310121160e-03 -1.3809713641454971e-01 1.0796874920652730e-01 8.4564151441272245e-02 8.0197329054576896e-02 4.8375685453191583e-02 -1.5081544626803450e-01 -9.7373175607020857e-02 -1.2728340019225179e-01 2.1251044983475359e-01 -9.7025500396378125e-02 -8.4039703211187242e-02 -3.3910066287552332e-02 1.0584288741714799e-01 -1.3702929046860970e-01 -2.6891678638915179e-01 2.4097750775635260e-01 -1.0150829110465100e-01 -9.2454488719370009e-02 -7.7230377881194370e-02 -6.9675679664032444e-02 1.4227615761610429e-01 -1.5248796228508049e-01 7.5829529187266861e-02 1.6218980394291749e-01 -8.7409250117202741e-02 -1.2293061755607430e-01 1.5185065865793290e-01 -1.3419856383364790e-02 -1.0424215907819800e-01 -1.4804214746525771e-01 7.1170799768386223e-02
-5.5540665312874812e-02 2.4665829007252121e-01 6.5605462052374412e-03 1.0971336196496230e-01 5.1714770599236353e-03 1.9702853671059530e-02 -1.9401853951693179e-03 -1.3268048703496249e-01 -6.6182772265088244e-02 1.3876582590869360e-01 -2.3504922307272799e-01 1.5649826595168750e-01 -2.1228424698142351e-01 -2.8434728861561009e-01 1.2966460354665459e-02 3.9605437001013703e-02 2.4728593574346880e-01 9.6666713150914355e-03 -3.1952392279054981e-01 -1.1006433981692040e-01 1.8627617596071000e-01 -3.0567724079524738e-01 -6.5036254473934005e-02 5.0573994979189942e-02 1.4236865826355860e-01 -3.0031617671971381e-02 6.4488903553701335e-02 -1.9485493777349999e-01 -2.2134601339685100e-02 -4.2516125900648689e-02 2.5524981387792528e-01 -1.3688876471137190e-01 1.0568955490616540e-01 1.6701967735448059e-01 8.2944632796566973e-03 -1.6099431230806410e-01 1.2433545442922720e-03 -4.2973583982519672e-02 -2.7014855351965818e-02 1.0691549216245699e-01 -1.6733785549939381e-01 -1.9943929905165381e-01 4.8041949122763418e-02 -6.9142871581061912e-03 -1.0041497281343070e-01 1.1349911253889820e-01 -3.0779044697707411e-02 9.1829779155802649e-02 -1.2520211386778771e-01 1.3363763247043989e-01
-5.1192023638513023e-02 1.5453595767246739e-01 -3.6856108937234990e-04 -2.8396425564933170e-01 -9.3564996560981550e-02 -1.5958080405604841e-02 -1.7206063026487911e-01 8.8914858512949710e-02 9.9843030530797072e-02 -3.8911114268496423e-02 -3.1319743425619517e-01 -3.5000671587272469e-01 -9.2190624961960815e-02 -1.3224797896743609e-01 4.4783358060548131e-02 -5.9765355524614240e-02 -5.5516835920844700e-02 5.7454993761303072e-02 6.0456261675980207e-02 5.3218380794147702e-02 -1.2678802495152949e-01 -1.1531019054192609e-01 1.6834321964567181e-01 1.2194064556723699e-01 1.9542689407331940e-01 1.6854844998318609e-02 -5.9733094302319149e-02 -1.1047856226144730e-01 -4.2878550765093199e-02 1.3556954596968701e-01 -1.2372960078388499e-01 -6.4230123986957655e-02 -1.8832512245548261e-01 3.3090951649952613e-02 1.1079744182451789e-01 2.0052364032384290e-01 9.3847856554480594e-02 -2.6008951989622942e-02 1.1085657766129919e-01 -2.6290190128587829e-02 -2.0062610941796211e-01 -1.5573493853494549e-01 -2.7790630714283750e-02 1.8450434578669089e-01 2.4159024565968909e-01 -1.3064575516008969e-03 -9.3011507517196071e-02 1.6644355193959989e-01 2.9379054543261313e-01 -1.0714004810250780e-01
2.7708681428649662e-01 -3.0326744337823508e-01 -1.0307675704267530e-01 -1.4533477240585849e-01 1.9004804881164861e-01 -2.4173848723776820e-01 9.9291239044495883e-02 1.6626749166868821e-02 -2.8018576274991519e-01 6.4926343816619117e-02 4.2854544421988001e-02 1.6763162901230810e-01 8.9311267561472896e-02 -1.0120580383865641e-01 2.4054915483307071e-01 2.2208652820859659e-01 3.4902653679401353e-02 1.5107464030609399e-01 5.6229339985692768e-03 -8.7913162247542694e-03 7.5323102614534940e-02 -2.1593671743181209e-02 1.5996523947363051e-02 -7.0259847470117959e-02 7.4431529514680905e-02 4.5489750670976707e-02 -3.3381565424203521e-02 -1.1590365097206970e-01 5.2934782897241718e-02 -1.3495923889440969e-01 -8.0174696288104794e-02 -6.8316820457276578e-02 -5.0725003067993109e-02 2.0582194484276260e-02 1.2801091054383720e-01 1.1244523533034070e-01 -1.2107994564297640e-02 3.6877202804486968e-02 -5.1676792159427970e-02 -2.9729133185210599e-01 -2.5376411605686500e-01 -1.8374823489486081e-01 1.8029547925383599e-01 -4.6274629099324498e-02 -5.9615614823611093e-02 -1.0349449903448819e-01 2.0836732603611571e-01 -4.4702093490345790e-02 2.1929546418959109e-01 4.2845052438476403e-02
4.5991981441437207e-02 -6.9854128413422645e-02 8.1798870526927359e-02 7.4909658700678075e-02 1.7126425975801429e-01 1.1567143662407239e-01 -2.1880522838269659e-01 2.2368250077961080e-01 -4.8586196165249701e-02 -2.9170570328262150e-02 3.4421285515073591e-02 -7.0913010892901085e-02 4.0203147067285998e-02 5.7825971486278438e-02 5.8740994663984613e-03 1.2898624052174329e-01 -8.2024982255110471e-02 -4.6246531857789257e-02 -2.8921713443699187e-01 -2.7933795055450228e-01 7.5481433947284335e-02 8.9910270364327874e-02 1.1622589230193180e-01 -8.4926656475406703e-02 2.4296137092931241e-02 -5.4128986677338391e-02 -3.3342855181521178e-02 -1.0584910604565589e-01 -6.9698365130414761e-02 -1.5343388707248770e-01 -3.1471113264857707e-02 2.6437519822580152e-01 2.5651906164987609e-01 5.0141427031578797e-02 -1.4604287989998960e-01 -1.5167325267322279e-01 2.5448918596788039e-01 5.4458677541490412e-02 1.2402926221202649e-01 1.7001553800352748e-02 -2.3523509173693150e-01 8.5838696031044437e-02 -2.8518951427828831e-01 -3.7472773326994148e-02 3.2773662925892721e-01 -1.3798091360148670e-01 -2.0117050114227038e-03 -6.9893437431193278e-02 7.8830110876456833e-02 9.9055258131900761e-02
-6.3077731088396302e-02 -2.2423717649435559e-01 -1.7394231517726810e-01 1.7802664421871169e-02 -9.7970249750952115e-02 -3.8382872053109973e-02 -8.4542241161555884e-02 -1.3954443274401299e-01 -2.6102255728637828e-02 7.6184268031470007e-02 -9.2408901129831605e-02 1.0062004655350291e-02 -9.5393741590776945e-02 -1.1053229162064231e-01 7.3789634558555542e-02 5.1448779284944721e-02 -1.3049048101138330e-01 -1.2878507137116630e-02 -4.9937489005589218e-02 3.1112546055426837e-01 -1.7410364761151381e-01 -3.0209813080572973e-01 -2.8692619833507838e-01 2.0006512021551670e-01 -6.4090580803883357e-02 7.0191004120304712e-02 -3.4862836115404743e-02 1.6781729293067901e-01 1.2147620647636770e-01 -6.1347886036006487e-02 -1.1619014655154759e-01 2.6893693687409120e-01 9.3585685414261516e-02 -6.6357812654889867e-02 -1.3219391059446589e-01 -2.4837477038344651e-02 5.4236452185448043e-02 1.8242423707323480e-01 3.1876318474529841e-01 1.2079811915036060e-02 -7.7393840670705552e-02 -7.6609572304193560e-02 -9.9789421562669123e-02 -1.2515066085169621e-01 -1.1781256534898600e-01 2.4869620449696332e-03 -2.4751873745120570e-01 -1.9226186556093561e-01 5.4838714013934947e-02 8.9064044542681992e-02
-2.0646019979859601e-01 -3.0331784351512150e-02 -1.4589081595128300e-01 -1.0222010388847610e-01 -1.5418129352468191e-01 2.4636781971048571e-01 1.3260500138955211e-01 -1.5215017150304189e-01 1.1730814061020320e-01 7.7719924213064076e-02 -4.3258858465176131e-02 2.4544801253210011e-01 -1.1957750028127789e-01 7.6848693092175971e-02 -2.2199984180740331e-02 1.0875498309535510e-01 6.1894747556141168e-02 -2.0620661579427049e-01 -2.3346003259921480e-01 -3.6127196575159573e-02 -1.0749701301865110e-02 2.5684873084740462e-01 -1.6532856500956380e-01 3.0131898439530989e-02 -1.6271627487147991e-01 9.4016601496771005e-02 -9.3213190341651625e-02 -1.0545710683130100e-01 1.4169239872407200e-02 -1.2270899228754920e-01 -1.8623276289498369e-01 -1.9869248191061961e-01 1.6252876054070031e-01 -2.8494316290249670e-02 7.9339884693735513e-02 3.4798113868512909e-01 8.8794446834917523e-02 1.2487525441419570e-01 -3.1788085788470317e-02 1.1439794317076470e-01 -2.5746933540490971e-02 -9.8859279891992766e-02 8.5825590040898042e-02 6.3261317572671311e-02 1.2651859752414621e-01 -3.0201016244735779e-01 4.6728744816537928e-03 5.5730299278717657e-02 3.2348120240234257e-02 -1.3659126796651991e-01
-2.4183852331522049e-01 7.8956614755372537e-02 1.7857437655048261e-01 8.5618013865442391e-02 -6.6137277084620166e-02 6.3035124867575503e-04 8.4293065523972491e-02 4.1610977909942982e-02 -7.6098747226925091e-03 -3.3803202115327963e-01 1.6241905840121178e-02 -2.6330867198872891e-02 1.8774278719018919e-01 1.0659681786234970e-01 2.6625608365605780e-01 -4.6137110375173547e-02 4.8378872871032672e-05 -1.0611537288573220e-01 -1.3947469313472291e-01 2.0696438640778879e-02 -2.8077698809986462e-01 3.8658361427541893e-02 -8.8124191913386676e-02 -2.0647521571211910e-01 2.1798110108685470e-01 2.5808430783672370e-01 1.9105126641080669e-01 -2.2902407108875859e-02 -1.1053209253005150e-01 4.7265132244355787e-02 -4.7225855939789792e-02 2.0955190767577229e-02 -1.6722957293948901e-01 1.3976207522668979e-01 -6.9885979707376509e-03 -6.4034977739503410e-02 1.1732894665625310e-01 2.6685457835224469e-02 1.2091149085853151e-01 5.5225659703045590e-03 -1.2232295877578800e-01 -1.4155068446061901e-02 2.2757994832224859e-01 4.1319894424240158e-03 -1.9847245469344590e-01 -2.2672777632233360e-01 1.8427459551787421e-03 1.9498893880117569e-02 -6.9122372684088482e-02 2.7219534788595939e-01
-2.4565199274736330e-01 4.1302161810803650e-02 3.3244699052470503e-02 1.5431808142147760e-03 5.8869278055683483e-02 -7.8209664142334431e-03 1.0569034682284940e-01 -8.0855674414974807e-02 -1.5863297450046979e-01 -3.5390560839096481e-02 1.3158588079113151e-01 3.7950377137095127e-02 7.4558862969114667e-02 -1.0685566898984450e-01 9.0370617421295971e-02 -6.1354422913570912e-02 -1.4035122445547610e-01 3.6129812573043962e-01 2.2887634464371909e-02 -9.8777292716037676e-02 1.5819527324515589e-01 -1.4954606021116351e-01 2.9322048395074668e-01 1.9635552397046499e-01 -1.8809885007649521e-01 1.7733123055873959e-01 -9.5076307889311901e-02 5.9707895442739432e-02 -1.4180371389455260e-01 -1.2207379375964970e-01 -1.7556840510999169e-01 -2.8516542380512500e-01 -3.5538495323265633e-02 -4.1383681414024598e-02 -1.7854024250014561e-01 -1.7994192925588359e-02 1.0669046622104100e-01 2.6268204590817867e-01 2.0577528831899081e-01 3.9323385662169960e-02 3.4247833945603622e-02 1.6440973192756050e-01 3.6071219426802520e-03 -9.1741385729933345e-02 1.6226871230234030e-02 2.0098340762938340e-02 5.9847895153530657e-03 2.7518624397725078e-01 -9.9350127168773242e-02 1.0811126366729540e-02
2.8269097006606150e-02 -4.7782864496684813e-01 1.4980320880920600e-01 4.6676274664876637e-02 2.4169314901178109e-02 -1.0575722227342250e-01 5.8009412752225382e-02 -1.7352962653560161e-01 -5.8404128273836953e-02 2.0535008778026689e-01 -1.1786830691989431e-01 -7.2236190150564206e-02 1.3201968995383920e-01 -8.6586417325331497e-02 -2.7328188593418960e-02 -1.7717044773217300e-01 3.0225310871481739e-02 -2.2395252844958710e-01 -1.4905914320910860e-01 -1.9558954884982400e-02 7.2514446688319897e-02 7.9924078691238451e-02 1.5297926479470891e-01 7.7229164085003479e-02 -1.4722068817599671e-01 2.6291513185321580e-02 1.7511935681823010e-01 -5.2566901356647537e-02 -1.6728788391372729e-01 1.5766075218617009e-01 -1.6481956665096931e-01 1.1755857228245020e-01 -1.9695435594344071e-01 8.1238171929022357e-02 -7.3272969346281400e-02 1.3102584115609550e-01 -1.2577412882800271e-01 -1.2483482915523700e-01 -1.2681307055434310e-01 2.7072127178646183e-01 -2.3786191126943809e-01 8.6229392917353737e-02 2.2589676988287011e-02 -5.9462513201790392e-03 3.5751370032788131e-02 1.1660098501208260e-01 -1.3551560491449149e-01 1.0240474204652190e-01 -1.2526309933430099e-01 4.7733255320259793e-02
3.6170890438265990e-02 -7.5582312506505406e-02 2.1126471036791061e-01 -8.0631471608784103e-02 -1.4022750542087220e-01 3.4950551196755268e-02 8.1915847032628081e-02 6.6208663059739603e-02 5.0385980870228083e-03 -2.3413896414753449e-01 -2.1064944897262600e-02 2.1540790460907169e-01 -2.3332753671796139e-01 6.7174514217240536e-02 1.1401368457051590e-01 1.1746140059614600e-01 -3.2726717270215572e-01 1.4459059357828191e-01 -9.0452133676759014e-02 2.0828607658899681e-01 1.5985692854025710e-01 1.4012643896187870e-02 1.2431566031076099e-01 -1.0698990804658100e-01 -9.5044977819494295e-03 2.6940882712590129e-02 1.7832411130298029e-01 -5.2145124806046578e-02 2.4078385245471051e-01 4.4779526799800767e-02 1.2164260874960231e-02 -1.5455887807772559e-01 -6.8447329409668425e-02 -8.6808763845449735e-02 -3.2314131048138427e-02 -6.0550418659007572e-02 -1.2028654851916150e-01 -2.4096832192924561e-01 -1.9757130561384430e-02 -8.7014826433481296e-02 -7.6686551392367103e-02 -1.2974736802896861e-01 -7.9647639457457328e-02 -8.4013064647155966e-02 2.6276752039708628e-01 -2.6280031333428631e-02 -2.9476070648215102e-01 -8.7082024353925577e-02 -2.6118335573822682e-01 -6.9844071391412327e-02
-1.0464617393022180e-01 8.5180354804718639e-02 9.4638521525522171e-02 -2.9065431933426727e-01 3.7072313657769231e-02 -2.9801780170114900e-01 1.4856652436243050e-02 -4.6959790289931953e-03 6.9619296538432004e-02 -8.2508227002370024e-02 3.0446257220011180e-02 2.2127714674082771e-03 1.6742703737944509e-01 -5.3684306882195360e-02 -5.7680236380874148e-02 -1.1172813245057150e-01 -4.1154653146115702e-02 -8.1975762601145252e-02 -6.8182326616994346e-02 -2.1369379626911580e-01 -3.6823573038967598e-02 -1.2668217740064410e-02 9.5481136425427826e-02 7.4896709850899468e-02 -1.9850524680419959e-01 -3.1349043048547859e-01 -1.6321967942914871e-02 -1.7596696857940999e-01 3.9442172926727309e-01 -1.3280021340121559e-01 7.2106908290137453e-02 2.7626557980595079e-01 -4.9995810661939227e-02 -6.2112411764529182e-02 -6.4692276552147807e-02 -6.0090701859260732e-03 4.7578344164577901e-02 7.1059955515039783e-02 1.5407730310436171e-01 3.7809535666326277e-02 2.1175309461523340e-02 -1.8239235386788771e-01 1.9959299173818959e-01 8.6112735335456006e-02 -1.3347664489867450e-01 -1.2997405348031371e-01 -8.6304410827011790e-04 5.8857611023388642e-02 -2.3535501510403201e-01 -1.4970405561911529e-01
-5.7978543662109749e-02 -6.9428819507300413e-02 9.1419598845736999e-02 -2.2046066688890931e-01 1.1196470934111551e-01 -1.0236911569005460e-02 4.5186264583921450e-02 -4.6567333349711082e-02 9.6593510755434223e-02 -8.6454192040099062e-02 -8.1564456129565269e-02 6.9612070736556619e-02 1.2447928065404951e-01 -9.9335157292136780e-02 1.9902556272647251e-01 -1.1418082724877160e-01 4.9442551926708322e-01 7.0255649213822866e-02 -2.2506303194952049e-01 1.5806851588679380e-01 1.3754349927233181e-01 1.3616627519209229e-01 1.0243587182974689e-01 1.2827091108554731e-01 1.1757416405697189e-01 4.7584523768533192e-02 5.0743877159016529e-02 3.0806518279475908e-01 1.4216528609684990e-03 1.6985420496075841e-02 1.4748091349282341e-02 -1.1090092242318069e-02 2.0465209354317941e-02 -3.1951985188037317e-02 -1.2727797729578971e-01 -2.3854231916473681e-01 1.0751938438998600e-02 3.6326359668465050e-02 2.5042689511487050e-03 -6.3175725371217850e-02 1.2715506229212689e-01 9.3015234487206527e-02 1.4299437949724120e-02 1.5871685206468761e-01 1.0097376565242359e-01 -6.9157200981276201e-02 -8.2520007192441153e-02 -2.5687907712419938e-01 1.1464047244800050e-01 -2.7739703558529871e-01
3.4036153649598411e-01 -5.3372289743526348e-02 1.9050749838017611e-01 -8.5092519020330090e-02 -1.0183183569641470e-02 1.7337287955360131e-01 9.5733516353775902e-02 1.5824649127050799e-01 1.1273439747999441e-01 2.8665496179164612e-01 3.8925159988197233e-02 6.2121004334263229e-02 -2.5625901392064032e-01 -3.2933923710446407e-02 6.9794249678224465e-02 -2.2491560925061152e-03 6.9196018539720003e-02 1.3147466986369011e-01 2.4888131482651898e-02 -8.0050559720098780e-02 -1.6732451469163220e-01 1.2912855589118011e-01 8.7312351752888373e-02 1.7201821418152360e-01 -9.9152863044820100e-02 2.5524085077989339e-01 -2.3200279152647851e-01 -1.2077082880522780e-01 1.2863640456321329e-01 1.0073961548936390e-01 2.0098685214218681e-01 6.3756488120402036e-02 -2.5272998965092430e-01 4.6493832567225432e-02 9.2680261434045660e-02 -1.3392012687172439e-01 1.5374604039745041e-01 1.9767730721004032e-02 1.1401370786127030e-01 1.5712419831395960e-01 8.7781609911020353e-02 1.3192285594753589e-01 7.4648673131658544e-02 -2.9486671886998009e-02 -1.1377955472235780e-01 -2.0860267647563699e-01 -1.1605815944635980e-01 -2.5826257142398789e-02 1.8022393241185930e-03 1.3985726315582159e-01
