# CEC 2013 LSGO F07 permutation vector 0-based (D=1000)
806
224
55
110
980
116
970
802
798
490
673
118
566
498
912
860
911
998
841
414
113
336
522
115
844
764
736
272
99
927
700
690
206
752
775
811
185
182
624
292
915
61
85
445
450
680
318
885
319
933
975
65
756
575
843
577
653
126
73
779
579
307
40
13
383
558
696
220
273
175
265
7
916
939
999
831
403
125
139
423
640
819
954
675
871
533
136
417
781
935
341
830
987
215
219
542
899
638
141
102
254
280
238
924
543
770
148
405
605
44
429
476
824
902
651
430
908
415
267
992
24
496
324
27
778
263
945
612
547
884
510
708
329
895
693
304
438
957
731
520
719
794
418
886
705
836
846
600
906
745
226
959
875
163
426
511
990
359
550
228
257
465
737
81
367
576
546
358
544
561
325
880
366
758
252
665
698
744
392
331
560
728
966
91
762
268
48
360
521
186
427
464
461
387
177
302
161
603
978
129
856
683
408
131
928
111
913
376
352
595
597
306
410
851
692
262
720
459
821
655
21
159
751
201
469
108
703
107
50
334
446
227
863
606
678
726
460
557
229
235
114
184
664
439
354
818
419
515
170
4
385
754
545
153
390
599
604
46
862
284
8
270
11
211
42
602
654
264
713
346
766
568
451
820
792
395
881
261
976
670
872
809
123
548
155
39
470
234
77
554
617
391
944
76
294
25
49
402
855
648
620
691
732
501
687
87
298
608
245
869
755
898
858
909
82
835
607
164
958
165
601
541
817
104
891
549
750
146
37
634
380
815
674
905
441
677
447
483
372
527
861
989
707
409
43
269
344
826
103
580
313
203
472
173
661
339
406
977
753
240
249
564
621
567
721
623
932
773
166
386
29
951
47
425
243
828
596
742
63
763
212
176
570
398
315
594
903
299
922
582
137
842
371
626
120
901
643
784
310
68
420
117
994
481
923
38
894
232
421
768
205
18
523
641
672
435
303
157
233
981
293
914
503
209
647
178
370
540
152
782
198
351
305
870
921
145
524
6
83
70
436
689
106
513
962
504
877
528
780
614
619
140
66
295
143
30
237
873
248
378
500
659
317
399
95
868
485
961
967
213
637
191
443
486
124
78
15
84
236
920
832
646
225
801
878
343
94
519
86
362
509
183
532
253
361
615
943
704
187
174
369
747
188
668
411
434
444
789
852
724
89
712
72
60
997
827
904
537
440
514
810
241
448
308
660
695
644
839
222
516
684
19
492
162
991
314
795
75
10
618
584
300
97
581
786
62
535
733
857
80
743
156
194
517
0
204
449
833
838
636
741
297
251
676
562
574
616
181
105
454
337
384
58
278
26
814
275
475
800
822
942
658
478
663
88
879
479
69
697
101
639
22
502
282
760
389
774
761
749
799
588
287
667
592
14
925
722
455
202
250
525
199
345
611
397
365
335
9
893
16
433
119
787
487
133
965
738
381
138
711
748
837
158
645
518
883
368
688
859
823
609
93
710
769
396
729
90
327
531
867
223
907
632
340
847
971
529
642
474
296
244
54
569
918
169
715
242
988
468
573
171
866
217
214
968
556
910
499
853
122
848
657
926
382
467
373
482
984
453
388
539
650
730
36
718
587
79
480
598
200
864
555
679
734
552
940
432
783
196
494
589
553
357
256
144
230
488
982
816
424
342
149
986
279
428
23
777
431
458
290
192
283
150
33
288
506
1
374
840
53
333
631
218
956
28
3
571
442
505
949
813
462
682
477
484
946
788
466
328
179
735
473
452
347
538
471
723
260
437
934
151
825
167
281
950
656
974
953
266
805
400
993
948
363
323
195
491
172
876
892
563
379
685
92
888
276
67
613
56
829
109
727
714
309
964
134
849
320
332
180
512
671
746
887
51
35
422
32
132
930
804
356
845
404
208
463
338
739
702
772
394
289
530
316
456
882
364
686
985
917
2
31
955
286
34
412
127
740
995
662
130
239
793
652
776
803
630
508
890
311
5
71
996
312
865
20
969
759
551
791
255
355
64
493
938
785
210
694
952
189
277
98
628
593
407
96
796
112
919
941
897
330
142
586
979
629
874
350
767
247
285
375
790
771
207
669
590
717
321
100
936
808
635
578
591
377
259
231
457
929
963
507
973
649
681
41
812
326
834
349
565
701
583
416
625
393
258
716
960
709
585
160
193
413
59
706
274
765
154
497
947
889
221
190
937
121
353
725
972
348
147
17
526
757
572
622
401
534
536
135
52
45
57
495
322
128
797
168
12
291
850
197
271
246
610
74
666
896
854
489
699
807
627
216
301
983
931
633
559
900
