# CEC 2013 LSGO F07 shift vector (D=1000)
1.4167100682925200e+01
-8.0889499232936799e+01
-5.3067489265556347e+01
-6.2727983746993509e+01
-7.9086811741447633e+01
-5.1589404242074004e+01
-5.1140315156809592e+01
1.4760663268804519e+01
-5.0969824329143052e+01
-7.4037583020134363e+01
5.7024409759147510e+00
-8.8869658897642765e+01
-5.5449596799283171e+01
2.2323276375840759e+01
5.6983590278169672e+01
-8.6090517114859722e+01
4.3100106935492718e+01
-6.5786084704343878e+01
-1.2573117039507229e+01
-5.4912540758978698e+00
5.1776687974428818e+01
2.5987075473123429e+01
9.3945064926403049e+01
-2.3726188775657882e+01
-4.4826570110429557e+01
-8.0954893307776715e+01
-1.6185636018811870e+01
-5.8922930091463641e+01
1.4478616144359510e+01
-7.0700519928234854e+01
3.0428065375664321e+01
-5.2642094630785943e+00
7.3731988449278646e+01
1.0753398690773359e+01
2.2499601405124841e+00
2.2226625679247260e+01
5.6954282746849003e+01
3.8140424711590747e+01
4.6335000437430658e+01
-3.4072959550837083e+01
7.2784043035585206e+00
9.0484983438449362e+01
7.0744768512523166e+01
-4.4118312123517718e+01
7.0039097053607492e+01
-3.9591076699932039e+01
-3.1321460328908660e+01
-9.7017974120443622e+00
4.5711016044710213e+01
9.1307456851948515e+01
6.2223681352585388e+01
-2.6686835027685341e+01
2.6243136541765640e+01
2.1149221950831091e+01
1.6691776098872531e+01
5.7399735940681630e+01
-9.0573884523953865e+00
7.9163565874278596e+00
2.7884918099618201e+01
6.5583859348966058e+00
7.7591675093921225e+01
4.6944381039203677e+01
7.9574182359413541e+01
-7.0447113683177038e+00
3.6587590481385760e+01
-6.5842170055073765e+01
-6.7003604909234895e+01
2.8137137551482269e+01
1.0583673726808909e+01
-2.3868185461476379e+01
9.9894478588622320e+01
-1.0619347108347069e+01
6.4536803595839146e+01
1.4748113770210580e+01
2.4505264525157941e+01
2.2540257250934790e+01
4.2936315449624388e+01
-8.4491685049397191e+01
-4.3937144018055712e+01
4.9529154114590277e+01
6.5110370207483186e+01
-4.8001293454593066e+00
-4.5773805459376710e-01
-8.1450910835475199e+01
2.1272847469650799e+01
3.4904998677431998e+01
5.6015658367769120e+01
8.7803766214207343e+01
4.9131471050069308e+01
-1.3104344864055300e+01
-7.7921022051146622e+01
6.0362320555519958e+01
3.1492362106607810e+00
2.6037735114008861e+01
-2.7175532339134371e+01
3.2544625184070107e+01
-3.6169009313857607e+01
4.5638903037860921e+01
3.3050587213835357e+01
-5.3749285764726629e+01
9.9468728634601462e+01
4.4200210800907293e+01
-8.7128568149362422e+01
-2.1459580809850522e+01
-1.7926345423002061e+01
-2.4626760907003320e+01
2.0275187599735791e+01
-5.0640885355300071e+01
-1.0058965869034351e+01
-6.7955432153444079e+01
-4.4769900126624570e+01
6.9538423355944161e+01
2.7115482737038310e+01
1.7793507357769300e+01
9.3307933682833067e+01
5.1902576651938951e+01
-2.1454426846655061e+01
-5.4851231734908801e+01
-4.5633931618324397e+01
-6.9813461978538967e+01
3.5693100570848877e+01
8.4798436881041383e+01
9.9773868541928294e+01
-2.7524987429973621e+01
1.1644015219824480e+01
8.2379408727584945e+01
-1.5351186655765680e+01
-4.4415739661522927e+01
-8.6970767800322989e+01
1.7344747626844072e+01
1.6688017882319400e+01
6.0331206831640969e+01
-4.8996697438926958e+01
-4.4129703342819333e+01
-4.1137511849535237e+01
-4.3866336937257152e+01
2.0478193215332951e+01
2.4293171948660689e+01
4.4756869259801149e+01
-7.4551485679092096e+01
-6.8735298129085464e+01
-5.5837915586512047e+01
6.5117644496554433e+01
5.8646800414557610e+01
-5.7372718377128720e+01
-7.3014502973607719e+01
-7.1906198060278243e+01
-3.5252882276833937e+01
3.0776026775625610e+01
6.4420664057064940e+01
-2.6075210376484250e+00
3.9773060049932987e+01
4.0232639774117239e+01
-6.4310105733085194e+01
9.9546014184130698e+01
7.8852997083404105e+01
7.8573170862384814e+01
-9.4787670702267292e+01
8.9572717502628436e+01
6.4466859980372419e+01
-2.9290793416744751e+01
7.6383617798221223e+01
-4.9970279529342196e+00
-2.1143847389001198e+01
-4.4449387548058091e+01
2.6214123828603849e+01
-7.2820971204922131e+01
-4.5353767411601062e+01
-1.5771065041130649e+01
-1.3703315515066119e+01
-4.4377334686657179e+01
5.3131182228127258e+01
8.7431795398586409e+00
6.8163756751161003e+01
-3.3623639147857247e+01
6.1916157310271540e+00
7.2537709801720254e+01
7.9295742307378871e+00
8.0396406681688617e+01
-7.9496068090462259e+01
-3.2106763471284680e+01
-1.9217551642792699e+01
9.5141208691778573e+01
-1.9862876950884552e+01
-7.5624129807276248e+01
-5.8875711161837721e+01
2.1995863880784359e+01
5.2868843330144797e+00
5.0466109552109828e+01
2.0800746471122240e+00
4.6952190244626646e+00
5.5022531732685962e+01
-4.4977203228122233e+00
-2.3564769338813910e+01
-3.0526704995680490e+01
1.8284216463957200e+01
-4.1884628513859212e+01
-6.5796010393752704e+00
-3.2285713445371378e+01
-2.7461104608066578e-01
-6.6850482846216224e+01
1.2901171012985250e+01
1.5943494073558011e+01
-1.2632121066948731e+01
-2.6887896371861039e+01
-1.0664666345589090e+01
-7.7632468681297865e+01
-5.3398357176704600e+01
7.0314026696065753e+01
-6.2518109349320277e+01
6.3217331369383338e+01
5.7323477588712258e+01
-3.9342597152363908e+01
-1.7984578229428081e+01
1.3936087317696339e+01
-7.8017780001220984e+01
5.7033191684940747e-02
-5.2533430815227653e+01
-1.6370800908537600e+01
8.9132341550907284e+01
4.5661433686877828e+01
-3.1877024644444450e+01
-3.3838455293228029e+00
-7.6318404262781186e+01
-1.8609009577566491e+00
3.9620616638689377e+01
7.3460386048372754e+01
-5.5771046401343582e+01
6.0561850837758193e+01
6.2526076858189903e+01
-8.4566792247780242e+01
-6.2024968322978722e+01
6.4879747718444392e+01
7.3787466470696245e+01
4.1548217612073387e+01
2.9863295562802370e+00
1.2807035433233380e-01
-5.9365441583530377e+01
2.3744891612140929e+01
3.4842307443987721e+01
-4.8211901684454979e+01
-3.8072682728740531e+01
5.2286233027957003e+01
-3.6300986159270963e+01
-4.6793372313359063e+00
-9.0347195851633600e+01
-5.8975418132629777e+01
4.7080146932900469e+01
-2.5073151494350551e+01
1.3246244194544341e+01
-1.0302388897078000e+01
-4.8996773731313761e+00
6.3729066741772492e+01
-9.2854857340430968e+01
9.5498792694520446e+01
3.6199779402890037e+01
9.8041107213713559e+01
-3.7248660068617269e+01
6.9179122836597273e+01
2.7992546613081899e+01
-5.2245121345932738e+01
6.5798819262639341e+01
2.6512134745811249e+01
-1.1661576593995640e+01
-6.7681299354312074e+01
-1.4217812396671009e+01
-1.1890862957919699e+01
-3.2282047618039030e+01
-3.4320205816705993e+01
1.4161256801129451e+01
-2.8030523632278570e+01
9.8205734223822034e+01
7.3186153448987142e+01
1.8619746489267559e+01
-3.0347841076812468e+01
8.9527131137832612e+01
4.5208943588786788e+01
8.3786474794629768e+01
-3.0491512308926481e+01
-1.0115650674165961e+01
-1.6152016680083690e+01
7.8496837366190677e+00
-6.2479941969209783e+01
6.5479723527703129e+01
-5.1972400553903263e+01
4.2077202297490706e+00
4.1330377047983822e+00
5.6855551795864322e+01
6.6278930859682021e+01
-1.0290203372361161e+01
5.7269030888333539e+01
3.3153183479238443e+01
-4.5629430213440379e+01
1.6937094072522779e+01
8.2165487602341045e+01
-9.0152402897002432e+01
-5.9559077644881562e+01
2.3947487082476300e+01
-3.2211743521601363e+01
-2.6521748637513131e+01
-9.8426460002345664e+01
2.1178275452506409e-01
8.5835732904668594e-01
5.1325541691954278e+01
-5.5496838980652754e+00
5.4176749173177354e+00
-2.5666463649639699e+01
1.1982647267691009e+00
2.8167990640237330e+00
-3.4594060765609591e+01
-8.6468830044444857e+01
5.4209988612770957e+01
-8.0214174476356220e+01
-4.5774126374856891e+01
6.6424090478151967e+01
-8.6360321846468764e+01
5.4295883279120254e+00
-4.3030534667727437e+01
1.3111232766739009e+01
2.0887432670680312e+01
9.4091441577299619e+01
5.2815249133604937e+01
2.7961018241338952e+01
5.9924555247761937e+01
7.0767423856716496e+00
-4.3656329330382668e+01
-8.3871749655603267e+01
-6.5732907439456000e+01
-1.5976024467483990e+01
-7.7247840317494072e+00
1.4976407416573560e+01
-4.3468029309099393e+01
1.9631421155512289e+01
-6.3503144248730642e+01
8.5481039552465845e+01
-9.9284822712878778e+01
-1.8679203571573350e+01
-4.0908904820665612e+01
-5.0239876619787452e+01
-3.3202090359082909e+01
6.3713727211446198e+01
6.6461329541055420e+01
3.3366834006286993e+01
-1.8411810746992980e+00
-8.1277050127468527e+01
5.0722762932090461e+01
7.3921351651924581e+01
-7.9621711820185652e+01
9.3788126256623457e+01
-4.2714073101244317e+01
-3.2806145366451700e+00
5.2939444259595497e+01
4.2825898962737497e+01
4.1389194573477779e+00
3.2006233876892900e+01
5.6524139180822573e+01
6.6800889660910623e-01
-8.6368563547739843e+00
9.5904145829620461e+01
-5.8580644658003202e+01
-7.1727429749483022e+01
-5.7416256780531441e+01
7.0873886392581142e+01
5.4791965409540431e+01
9.7870560932233843e+00
1.6117773167907689e+01
5.6604417585977409e+01
-6.2083365568533733e+00
4.2893256375328207e+01
1.9813648952312771e+01
7.5295476408503859e+01
6.5462332317781531e+01
5.4796938964414032e+01
5.0449616135853859e+01
-5.0034820519557243e+01
8.8682917013013011e+01
-6.4178786046172760e+01
9.6662711493625125e+01
-9.4310756437217378e+01
-3.1512060280806679e+01
2.5761959419264951e+01
4.9266590234056693e+01
9.3977319820210013e+01
1.6401699330023071e+01
-9.2506514698054659e+01
5.3476920056647877e+01
-4.0776010437968097e+01
-9.2047801069755465e+01
-4.5699702102367070e+01
5.3099678962492987e+01
3.2111840192757832e+01
-5.1727580690129749e+01
-6.1162756473431500e+01
-9.5202077184720267e+01
2.1336230490794470e+01
3.0890246591187012e+01
-8.0427337915382608e+01
-9.0275589480269787e+01
-8.9493906736742616e+01
-8.6691053783897047e+01
8.6192352440406168e+01
6.4429766246155509e+01
-1.4886791676413020e+01
-2.6233814784972559e+01
7.5626361144798111e+01
-2.3608129927523400e+01
3.3987399507275192e+01
-2.4398574578393589e+01
4.2055671841943187e+00
-2.0583290489771091e+01
-1.0535421856150171e+01
-6.7916628405271467e+01
8.7671852257341669e+01
-4.1261509584066239e+01
-7.2179115174156948e+01
9.6932859814238217e+00
-3.5733452039176917e+01
4.8844484785991922e+00
-7.3724591050505012e+01
4.6937283361649499e+01
6.8102346512588440e+01
-7.4482197900161964e+01
-9.4062659090151413e+01
-1.3522266970953281e+01
-9.4458337669177610e+01
-3.0285593631495762e+00
1.1454001245238860e+01
-8.6898778644540215e+01
-2.7917970104323249e+01
-7.9682546367957855e+01
-4.7128658054914617e+01
-1.9025822962167972e+01
-8.0514705041940928e+01
-2.2759607053580140e+01
-1.6603290243415749e+01
2.7773736397288371e+01
9.6620999701439175e+01
-6.7924314978126048e+01
6.9964429407322839e+01
-3.9213274421774862e+01
2.7907590589478549e+01
5.8949690822806289e+01
5.9924695003397296e+01
-7.5668312732101882e+01
-4.9766582818085780e+01
-3.0561778626959550e+00
8.2478374495214140e+01
-8.2522254524849544e+01
-9.7933977886900635e+01
4.6658131283531858e+01
6.1635218602189186e+00
-9.6452763788570522e+01
-3.8854166141901672e+01
2.9241071943562090e+01
7.8453622064388384e+01
-5.7418577738850097e+01
-2.0000766989694249e+01
4.6254509066546937e+01
6.2690103655567327e+01
8.5432533654194970e+01
-7.1172237752840857e+01
5.0700735753295923e+01
2.6286853209430021e+01
-5.0307751630689090e+01
-8.5150832119280565e+01
-6.9456724697720858e+01
7.8359805727042215e+01
3.2776855991476559e+01
-2.5321469986256560e+01
-1.3885472367128550e+01
-3.2284120409729802e+01
-3.4292799222363627e+01
4.3958053013611163e+01
1.8800363480040129e+01
2.1140300979423110e+01
3.7325596299545658e+01
-4.7583030949389297e+01
-4.1822893508746994e+01
-7.2243522609980772e+01
-5.3636546564810473e+01
-7.8208898406547675e+01
-4.9593721096234248e+01
6.2585975583020343e+01
-6.2050145425985278e+01
4.4865681077926869e+00
3.9912297890535449e+01
-7.4220888913721197e+01
-1.0581155268389120e+01
8.3947390155310373e+01
7.8327748344916515e+01
6.5698185669386859e+01
1.1209882310574409e+01
5.0744029950919391e+01
9.9935935154162951e+00
2.8894847804399131e+01
-4.0806875827615727e+01
4.1921280690632408e+01
-4.0187451278847227e+01
-8.6904139056561093e+01
-6.4977903247917340e+01
-6.4800955690310884e+00
-2.8525574237924118e+00
-6.2140980296177581e+01
2.3525931595708219e+01
-2.5244848983507939e+01
1.9184237400520331e+01
3.3339581858484777e+01
-7.8087888981936899e+00
1.2357019709986290e+01
-7.3861369923165014e+01
7.7517587674718541e+01
-5.3356061226054130e+01
2.8671674234564289e+01
6.6858428975085531e+01
7.8674979122107530e+01
-6.8941629590084602e+01
-4.4504470037633830e+01
9.8917223360323035e+01
3.6392967982962517e+01
-1.6904758249676139e+01
-4.5747383922275233e+01
3.7659099172252489e+01
-1.4511671605722080e+01
9.0683795626468509e+01
-3.2549254411652377e+01
-3.3580466691320552e+01
1.1241296312662509e+01
-1.7006667796955909e+01
6.3036202340290536e+01
-3.3180717230219528e+01
-6.6726601633078261e+01
-6.4021366988871463e+01
-3.5585658076548590e+01
-5.2439633646957112e+01
2.6021802002000372e+00
3.5536639015203413e+01
-5.1162626522842118e+01
-9.5005079425519810e+01
6.4151934446838936e+01
-5.5243787222278904e+00
-1.2744404988801771e+01
4.7423969419050799e+01
-2.8990690681585601e+01
1.7713294323110251e+01
6.1287664402642903e+01
6.0762599207072078e+01
-8.7795766222965170e+01
4.2095611725955337e+01
4.5216970697356480e+01
1.1021614346803180e+01
-6.2647517734472693e+01
4.7050970352697327e+01
5.1309741336220817e+01
-2.6279191729795489e+01
-6.7385118493366875e+01
6.8700988638246141e+00
-2.3928268027052809e+01
5.0106332505998999e+01
3.9089484523541458e+01
5.2154313089264839e+01
-5.3122522795976423e+01
6.7313249174399076e+01
7.6197704513548558e+01
1.5534754765330449e+01
1.5641803125720040e+01
-1.9183302999285640e+01
9.6501311046695633e+01
-8.0644486379245194e+01
3.6307428464290908e+01
8.9817990761483664e+00
-6.8896105365992511e+01
-6.5526973717343751e+01
-1.3533371008533980e+01
5.3391063102018990e+01
7.9529028285808195e+01
-6.9013663542111829e+01
-5.0680061867507497e+01
-7.5767577547281391e+01
-6.5998112312190699e+01
-5.5043701775186179e+01
-1.5892515715327200e+01
-1.0849552687086179e+01
-6.2527710444413501e+01
-3.6003538582549432e+01
-2.2894206139885501e+01
-3.9688442198279830e+01
-2.2345356746301839e+01
-7.0750655903307219e+01
7.4791251342716180e+01
-7.4214306790300071e+01
2.2176006816842278e+01
3.9844478898082507e+01
5.3201426467505812e+01
2.5100292524388610e+01
7.2176885131218299e+01
-7.5788547802249553e+01
-6.0926460131714720e+01
-6.2135955272400693e+01
6.1176072023469841e+00
2.5833039539818550e+01
-8.1541445982828876e+01
-1.3059852615350890e+01
-9.3890305526748765e+00
9.6638919476999661e+01
2.2434396611228969e+01
-9.8974872430869866e+01
3.6593082429626371e+01
-5.5711407830685758e+01
4.4450421283686367e+01
9.3916306015925343e+01
1.9185638920338889e+01
8.6161427375159576e+00
-9.6141869965107801e+01
5.2378664466473360e+01
-6.1150891929123127e+01
-6.6888613486563946e+00
9.1774292565024155e+01
5.8058497107244399e+01
7.7265516375783498e+00
-1.9517993722613351e+01
-4.0771725968466022e+01
3.5680968171875733e+01
3.1335950617145581e+01
9.6442602585838131e+01
-5.8935378519057437e+01
-3.6267126966737258e+01
1.4309804881989660e+01
2.6546514660072550e+01
4.6209986116338897e+01
9.4446425777108857e+01
4.4599810190751249e+01
5.7527023286447957e+01
-2.9351336310451231e+01
-2.0165013043059311e+01
-9.5461164395518409e+01
4.6059356620729261e+01
7.6117709246082910e+01
-1.4370711920251329e+01
-9.2129136727688064e+01
4.2531310043274049e+00
-8.8576219042213594e+01
-1.4947775637435830e+01
-4.1702734108171107e+01
-2.1016787023814562e+01
1.2950781118699661e+01
4.9948892229435813e+01
-2.0106361131138499e+01
2.2169306536921301e+01
-2.3907635501721991e+01
-8.6577459651204620e+00
-5.3155070339739993e+01
2.6112822053284859e+01
4.4200211080067682e+01
-7.3571293799231128e+01
-4.6815233961554043e+01
3.0357168632493172e+00
-4.9607230416710777e+01
-2.6324403481939939e+01
-5.6049079390471810e+01
-3.3687105753698809e+01
-4.6940118842496560e+01
9.3568229299776391e+01
3.2095998979866769e+00
3.2877315317587723e+01
1.0296580620054870e+01
-8.7873384817230018e+01
3.4123842892745053e+01
2.5355648261866999e+00
-3.3391274349832351e+01
-9.0580288658878999e+01
9.5493358838979077e+01
3.9331932011202122e+00
-9.4550532730501615e+01
4.2911831018669908e+01
1.4014875937902779e+01
-2.1380302836784420e+01
3.6211134881511427e+01
-4.5989870180077077e+01
2.5165556611595289e+01
-5.5136827118471032e+01
3.7228061669658970e+01
-1.7699187996658779e+01
-9.1982400007966987e+01
5.1153820582819677e+01
4.7005048840286690e+01
-3.8635696537657971e+01
7.6311006185460769e+01
-7.1602672484541401e+01
-5.9615105499847758e+01
-1.0392461813608470e+01
3.2356217424200700e+01
7.3022255278500140e+01
-2.8195557794774640e+01
-8.9284134350155554e+01
2.0126281761496269e+01
2.2194153949068330e+01
3.7391061174714167e+01
8.1965555703693482e+01
2.5061634002727370e+01
1.3980802516366460e+01
-5.8248811360763099e+01
-3.6165012108985053e+01
-9.1042533906342058e+01
-7.3814657986198441e+01
-2.9274220422907010e+01
4.5551537539608740e+00
-2.4516169696031952e+01
-2.5873164038489261e+01
4.4132940142346193e+01
-1.7659657723331449e+01
-1.0130612658887600e+01
-2.5930939621956210e+01
-4.4907869086963302e+01
6.2866827654238158e+01
-1.1787027918728420e+01
-1.5142925883083921e+01
5.2723475987242473e+01
-7.7108389516985616e+00
-8.4719831747064873e+01
-8.1532485954112673e+01
-4.4900627307658908e+01
8.0451290705557028e+01
2.1086438745368859e+01
6.5795763086537619e+01
-5.8227292445727741e+01
-8.3690318412637112e+01
3.7316044079091547e+01
9.6553190086614222e+01
5.7628595010375641e+01
3.1933175197126719e+01
6.3689714983762791e+01
2.7359694114264929e+01
3.7930746926945083e+01
-6.2903804195635701e+01
-6.0051184237378678e+01
-1.6564499534722309e+01
-8.3075348971074447e+01
8.8132858810019144e+01
9.5550893228712880e+01
2.0015751872299340e+01
-5.0006230277145768e+01
1.0343509991131761e+01
5.0360863053965467e+01
-4.1128205621363833e+01
8.9476644295445013e+01
-9.7205056812921597e+00
6.4461883747991394e+01
-4.4059330484545853e+01
6.9353445225160897e+01
-7.3414040212071754e+00
-5.5705187367649707e+00
5.5043135804012408e+01
4.0517197662979179e+01
-4.2825458709647947e+01
-1.4856844406648680e+01
4.9258975128184240e+01
-9.9004261466800443e+01
1.7018988884542420e+01
9.2255222699436132e+01
2.4976792738273900e+01
-9.5420400889133333e+01
3.6682449812187258e+01
-6.4758884437557796e+01
4.7657074415382311e+01
1.5489154313242640e+01
-8.3732642068080082e+01
-8.5728858084959342e+01
-4.3774130918148160e+01
-5.8046119844140676e+01
6.5780229175013094e+00
-6.1738893671246657e+00
-9.7582035295535619e+00
3.8590461840786581e+01
-6.4545675523059259e+01
7.6047340048646632e+01
5.8857335441571287e+01
-8.6390794353954277e+01
6.6830400297983800e+01
-1.3471932094685000e+01
3.9262691037447102e+00
-8.0356251986555222e+01
1.7820495042510359e+01
-7.3535848188848874e+01
-9.4474983318230912e+00
-4.2865993505680542e+01
5.6535791821936421e+01
7.0387090011950262e+00
4.5150071094396758e+01
5.2627582653862177e+01
-7.4399457519945784e+01
-4.5654793816787356e+00
-6.2768997809221602e+01
9.6893306194935590e+01
-7.0856416218142840e+01
-4.9795888279391454e+00
7.6821842446104228e+01
-8.2171925284436789e+00
-8.1950334433733030e+00
-5.8402480130190661e+01
6.1089018944789323e+01
-1.1876681911830961e+01
-6.4424077381420419e+00
2.9089429527208239e+01
1.2103830652011821e+01
-9.3394335800635048e+01
7.6988355228696932e+01
-2.8594988819376251e+01
-9.3036594203724079e+01
-2.8534703819794789e+01
7.9209563656682136e+01
-5.3536817131396383e+01
-1.2712055366780080e+01
5.7999597642887800e+01
6.1542179060690131e+01
-6.4574254293071860e+01
-1.8995571833436191e+01
-5.7673638990473819e+01
1.9865068560863861e+01
8.2435146656086459e+01
4.7695399749437279e+01
2.5269521621820250e+01
-2.4417767046991070e+01
8.1478725133917777e+01
-9.1408000537134740e+01
-7.4465378714245247e+01
1.7619939594473330e+01
6.6147322746417274e+01
-5.0354563693130516e-01
6.7393217459149184e+01
1.1391666753085429e+01
-2.0216230057182120e+01
3.6277146368511112e+01
-6.2616350582243477e+01
1.0547480585641390e+01
1.0558165161956580e+01
-4.6103314636923002e+01
8.0087476998485258e+01
1.9706009330881159e+01
6.9261333564837940e+01
-1.1822013427559630e+01
-1.7623893160901819e+01
-9.5244354555861364e+01
-9.9071553713656442e+01
-9.0542177031169473e+01
3.4386917415348329e+01
-1.1999803983783959e+01
-8.9474465260978931e+01
7.4426500095439337e+01
-3.0970803818888680e+01
-5.6244028370109042e+01
1.2729972760858230e+01
2.1416125174392469e+01
-5.0701641927337224e+00
2.2236474224749919e+01
3.9405372899517552e+01
4.1265683155851249e+01
-1.0476933079033139e+00
2.1196751605107320e+01
-3.4946900261682160e+01
4.9095236101831922e+01
5.2347854150989527e+01
-1.8095464006374431e+01
6.2351509422594390e+01
6.7105537343000705e+01
1.0741874198657371e+01
9.6380399801142431e+01
3.9142853006763943e+01
-8.9131002712177443e-01
5.8629916465597489e+01
8.5960958183624953e+01
3.2080141403059812e+01
1.6670860351574710e+01
8.0316985534330797e+01
1.8854060743781560e+00
3.5459496387307028e+00
3.8093535862608377e+01
-2.6101614029614719e+01
-7.5001331385393286e+01
6.1869360903886971e+01
-9.8021782904482876e+01
5.4278484263484517e+00
-4.4659407257642279e+01
7.9249985031121781e+01
-6.4938077539531463e+01
-6.0333905117392703e+01
6.1424896081443308e+01
4.0448078097850548e+01
-7.4291097652176390e+01
1.0091418187739221e+01
-3.4671801293204241e+00
-2.9863101823612759e+01
5.2140291045276843e-01
-7.3936540399022007e+01
-3.5249604742013581e+01
-1.9124852860928780e+01
-5.9996278503482927e+01
-2.5779802251656580e+01
-9.1548989545538333e+01
7.6498747876210814e+01
-1.4526850824728490e+01
4.5247488990758526e+01
-8.3536171609955204e+01
-3.7380365025073587e+01
7.9729491621790643e+01
5.7227749248587543e+01
2.6527202180881432e+01
-8.5566212368991785e+01
-9.0098508504026213e+01
7.9281062323479654e+00
1.4182418353947110e+01
7.9983785663578701e+01
-8.6948586807220465e+01
-7.9813790846882506e+00
7.4533543560749067e+01
-9.8185434023403360e+01
-8.8741335323424025e+01
5.1210355674135080e+01
-5.0969044852901657e+00
-1.1915747960222950e+01
3.6378068539997940e+01
-7.2863903006129647e+01
-3.7354450301961421e+01
5.7709267973506982e+01
6.7772047199168568e+01
-2.4342499519241461e+01
4.9750149334300247e+01
-1.4970199240266350e+01
-8.9114862400347548e+01
8.3838834504502472e+01
-9.0118881506610322e+01
-3.8365710917946430e+01
4.1202395128615677e+01
6.6213214637531266e+00
7.4848288305460528e+01
-6.3282370344197822e+01
2.4690382420376209e+00
-3.5912908344965480e+01
-5.7719078981101980e+01
7.6294294865595020e+01
8.3066569773942362e+01
-3.2198993280231797e+01
5.9750688851132118e+01
-5.8021444865750567e+01
-2.3952782547283711e+01
-7.9660544699888618e+01
2.0284651869735648e+00
-6.1654041420808973e+01
-1.2993664063601109e+01
-3.9397258771012872e+01
-6.6488420671293298e+01
-1.0553832492004109e+00
6.7886731542608842e+01
5.7112835270282503e+01
-8.3602620432345262e+01
-9.0877481018032867e+01
-1.3036477656216141e+01
6.8927052760650881e+01
-2.5526550368799100e+01
-5.1561571276399462e+01
3.7111803594963618e+01
-6.4755842183233057e+01
-8.4371684985229493e+01
1.7814319017242070e+01
7.7027197629344613e+01
7.9735960955594038e+01
5.2137147604686760e+01
-5.6345749810287252e+01
8.8279678390830973e-01
3.4135585285506053e+01
9.8575739402200028e+01
5.2766469752960163e+01
-2.5931670155609162e+01
2.6268419633597730e+01
2.0256898302787820e+00
7.3347143592209136e+01
5.5913137872545590e+01
-1.3330545442587310e+01
-6.9991043048911834e+01
-8.1357847048171621e+01
7.6177176460188690e+01
-2.7130849959517231e+01
-2.4034078984100219e+01
-8.6237787837842419e+01
9.9253737446822939e+01
-8.8686461462914465e+01
-1.9981171807063820e+01
-7.6096148156515838e+01
1.0915182022935859e+01
1.9292542417369631e+01
-9.4652983848367839e+01
1.2808015983384331e+00
-3.1897364570274402e+01
2.7611284919566419e+01
7.3756280330184026e+01
1.4466989387999440e+01
2.1864611544646330e+01
-3.4438689195768838e+01
-2.9037063823824781e+01
1.1898715699403200e+01
-9.5244595510550340e+01
