# CEC 2010 F09 rotation matrix (50x50)
-1.3482943600000000e-01 -8.3790866899999997e-02 2.7284858600000000e-02 1.8403554999999999e-02 -2.1163213100000000e-01 -4.0394477000000001e-01 2.1483183400000001e-02 -8.4537960399999994e-03 1.0352197200000000e-01 -2.4387365200000000e-01 -4.2212851500000002e-02 -1.8998408999999999e-01 1.2729148800000001e-01 -5.2323506200000001e-02 -8.6042425199999995e-02 -1.6455353700000000e-01 -2.1171267399999999e-01 -8.2438632599999995e-03 -5.3842965100000001e-02 -8.4166636399999994e-02 1.4114757500000000e-01 -5.3224914999999998e-02 -2.1362658199999998e-03 1.3395702200000001e-01 -1.5014792900000001e-02 -1.5033840400000000e-02 -2.5440188799999998e-03 -2.4347826800000000e-01 -1.3836960900000000e-01 2.6531095599999999e-02 -4.0969038899999997e-02 6.7988714399999997e-02 -1.5180514100000000e-01 -1.0164768900000000e-01 -6.8420786499999997e-02 -6.7946489900000004e-02 -1.1291696100000000e-01 -2.2853248600000001e-01 -1.6481907600000001e-01 2.3895464799999999e-01 2.2651079300000002e-02 1.4515597099999999e-01 1.4509518399999999e-01 -8.7419994600000002e-03 3.7689897600000000e-01 5.6543385500000001e-02 1.4974642499999999e-01 -9.1319878699999996e-02 -7.4078708900000003e-03 1.0756014200000000e-01
1.7444389099999999e-01 -7.3176562200000003e-02 -7.4421577599999997e-02 -2.5102171600000001e-02 5.3069945500000002e-03 6.5881040299999999e-03 -3.9153602000000003e-02 -9.0483813599999997e-03 3.3586392299999997e-02 1.9533732900000000e-01 -2.0184532899999999e-01 2.7537361399999999e-01 -2.3758985799999999e-01 -1.3081997900000000e-01 1.2644267600000000e-01 4.8186451300000002e-02 1.3646054099999999e-01 5.7327542800000002e-03 -4.1213809300000001e-02 1.4339849900000000e-02 7.2765670500000004e-02 -1.2387604400000000e-02 9.7970083499999999e-02 -4.4819047200000003e-02 -1.1065004900000000e-01 1.4994127099999999e-01 -1.1517431800000000e-01 -1.1732100800000000e-01 -3.3606664300000000e-01 1.2580788600000001e-01 2.6492387800000000e-01 -5.0338464899999996e-03 -1.7202010500000001e-01 -1.6157566700000001e-01 -2.4221430399999999e-01 1.1628652800000000e-02 -1.0325230700000000e-01 6.7916565200000001e-02 -1.2897975400000000e-01 -9.6425375800000008e-03 -1.8805510300000002e-02 2.2336857800000001e-01 -2.9772744099999998e-01 9.9614163500000005e-02 1.9261108400000001e-02 2.6424393600000001e-01 1.7339055900000000e-01 8.0522103700000000e-02 3.4936094000000001e-02 8.3686247500000005e-02
-8.1491049200000006e-03 -4.5912957099999999e-02 -3.2845037799999997e-02 -5.9433611300000001e-02 9.8741261400000002e-02 -4.9440238900000003e-02 -7.6509562700000006e-02 -4.7878379800000002e-02 1.8729623000000001e-01 3.8381375799999999e-02 -5.9324964100000002e-02 -1.0957088399999999e-01 1.1396115900000001e-01 -3.2130414299999999e-01 1.5670299400000001e-01 6.6179131799999999e-02 -1.1290208500000000e-01 3.8879323799999999e-01 1.4665346700000000e-02 5.0366042100000001e-02 7.8896908299999999e-02 -2.1094470800000001e-01 1.0953061100000000e-01 -1.2278414200000000e-01 -9.7645986300000001e-02 -1.8635263099999999e-01 5.7195462299999998e-03 -1.8744015000000000e-01 1.5005798200000001e-01 -8.0779946800000002e-02 2.1004959600000001e-01 6.1815570500000000e-02 -3.1847057200000001e-02 -1.9097203600000001e-02 9.8172353399999995e-02 7.3768756099999999e-02 -1.2357176300000000e-01 6.1693422099999999e-02 -1.3261846599999999e-01 -1.3020058400000001e-01 -1.0023950399999999e-01 7.7559577800000001e-02 1.7574221900000001e-01 1.5522655500000000e-02 -3.3886511000000002e-01 -2.3327401200000000e-01 2.0885982900000000e-01 -1.3599077200000001e-01 1.4921610099999999e-01 -6.2269927699999998e-02
-2.7196959700000001e-01 -5.4817238800000001e-02 -9.0002852899999999e-02 3.0955183600000002e-01 -1.3499902400000000e-01 1.2310833000000000e-01 1.2078116100000000e-01 3.1708753800000003e-02 -1.8833286699999999e-01 7.3207115500000003e-02 -1.0915582600000000e-01 -1.6386562500000000e-02 7.6625099200000005e-02 1.0950756700000000e-01 5.9660414899999998e-03 -5.9026321800000003e-02 3.6181098699999997e-01 2.1527845500000000e-02 2.1692144199999999e-02 -1.4691348300000001e-01 1.9129114000000000e-01 -8.7880001099999994e-02 7.8403066100000002e-03 -2.1415970400000001e-02 1.5238673300000000e-02 2.6245482099999998e-02 2.8592591899999997e-01 1.9017977699999999e-01 -3.9843947600000000e-03 8.6107218299999996e-02 2.3836793400000000e-01 2.6414752400000002e-01 -9.9609401500000000e-02 -1.3319960700000000e-01 1.3583753800000001e-01 -1.1504650700000001e-01 1.1411581699999999e-02 -1.3228513500000000e-01 -7.8944593800000004e-02 -1.9502216100000000e-01 -2.4478379500000000e-01 -2.8899993499999999e-02 8.2129620400000006e-02 1.0433155000000000e-02 6.7268202900000004e-02 -1.3980030600000001e-01 7.1484804499999999e-02 5.5919884300000000e-02 -1.9717769600000001e-02 1.5185021200000001e-01
-9.8459352999999999e-02 -1.0690783399999999e-03 -1.0096437599999999e-01 -4.5028796199999999e-02 -1.2194362800000000e-01 -1.0049740300000000e-01 4.2486014500000002e-02 1.4701847700000001e-01 -2.0595564999999999e-01 -1.3853868699999999e-01 -2.2825733400000001e-01 1.0094594599999999e-01 -1.7054015700000000e-01 3.7146891899999999e-02 -5.1917163699999998e-02 -2.4701825600000000e-03 -1.4743469600000000e-01 -2.3721215300000001e-01 2.9210697000000002e-01 1.9027774600000000e-01 -5.2838916099999999e-03 -1.0800589300000001e-01 -1.5681250599999998e-02 -1.4862526700000001e-01 -2.1983110800000000e-01 1.6812121899999999e-01 3.0193037900000001e-02 1.8910933999999999e-01 -4.1192281800000001e-02 -1.0286809299999999e-01 5.3842302600000003e-02 -4.0300980399999999e-02 1.4290874500000000e-01 4.6159249700000002e-02 -2.7501729600000002e-01 6.5059430299999998e-04 -3.1209516999999998e-01 2.2827949900000000e-01 -7.7900204599999995e-02 1.0474372500000000e-01 -8.8578799900000005e-02 -6.3272682100000005e-02 2.3057484300000000e-01 -1.7634537799999999e-02 -4.2900136899999997e-02 -2.5131754499999998e-01 9.2175832600000004e-03 -5.5319648899999997e-02 -1.0813222200000000e-02 -1.0325277600000000e-01
1.2426431300000000e-01 -1.5652079499999999e-01 7.5007235800000004e-04 -6.4563011899999995e-02 -2.6562713399999999e-01 2.6811352300000001e-02 -3.8403637900000002e-02 -1.2049969299999999e-02 -1.4032821600000001e-01 -1.4062406199999999e-01 1.6015325699999999e-01 -2.6534346800000001e-02 -5.6562834899999997e-02 -2.0221511300000000e-01 4.5203517200000001e-02 1.6491773300000001e-01 2.3182273900000000e-01 1.5245826800000001e-01 1.2214114000000000e-01 1.0456463900000000e-01 -5.9744246199999997e-02 1.3511473399999999e-01 -3.4097256700000001e-03 -7.0679826099999996e-02 1.3637188600000000e-01 -1.3604792100000000e-03 1.4857315099999999e-01 -1.0016371900000000e-01 -2.0065852600000000e-01 3.7278390899999998e-03 -6.1926924400000000e-02 -1.8357533500000001e-01 -1.1285919300000000e-01 -7.7912252500000000e-04 2.0600785399999998e-02 -6.1717039899999999e-02 2.1799487000000001e-01 1.2521084299999999e-01 -5.7355785200000004e-03 -6.4710328799999994e-02 -7.6315447900000000e-02 1.9885691000000000e-01 6.7672851100000000e-02 2.6738893100000000e-01 1.7042817199999999e-01 -2.2588468700000000e-01 -1.3301288400000000e-01 -2.6265260099999999e-01 -2.5448671699999997e-01 -2.1978628700000000e-01
1.9261730099999999e-02 1.9534948799999999e-01 7.7080143300000001e-02 -1.7889394500000000e-03 -8.4251961200000006e-03 -1.8061309000000001e-02 -1.2720621300000001e-01 -1.5094585899999999e-01 1.6323437199999999e-01 1.7367350200000001e-01 -5.2400048099999999e-02 3.8621229600000001e-02 8.7240877699999997e-02 5.6261588699999997e-02 -1.6904898199999999e-01 1.3720278100000000e-02 1.7917082000000001e-01 2.6346870800000000e-01 2.5460149200000001e-02 -2.1093810099999999e-02 -1.2523523700000001e-02 6.0463020499999999e-02 2.2516885800000001e-02 8.0095726600000004e-03 -3.0978733700000000e-01 2.8764596399999998e-01 2.2193862000000000e-01 -1.6808355500000000e-01 1.1000148899999999e-01 5.1879449399999999e-02 -1.3299972800000001e-01 1.0384140700000000e-01 -3.1275538300000001e-03 1.8443843300000001e-01 -1.9771387900000001e-01 -2.4627572600000000e-01 1.0495471300000001e-01 1.4471173100000001e-01 -2.2434406500000001e-01 3.2050225799999998e-02 1.8507413200000000e-01 -1.4990037800000000e-01 -1.2206632600000000e-01 -1.7636782900000000e-01 1.8498953800000001e-01 -2.1017965399999999e-01 -4.2871514500000003e-03 1.7870439400000000e-02 5.3736603600000002e-02 -8.7531700200000007e-02
7.0450633400000004e-02 2.8045930600000002e-01 -3.4102622800000003e-02 -9.3436076000000007e-02 -8.4118901600000004e-02 -8.0786357700000005e-02 1.6194764700000000e-01 5.5968688599999997e-02 7.7695541199999996e-02 -5.4118093600000004e-03 -3.5110668299999999e-03 -7.8215934200000004e-02 -1.2185272000000000e-01 1.3506712400000001e-02 2.4316638800000001e-01 -8.4570063000000001e-02 1.3753103500000000e-01 -2.9563467300000000e-02 -5.8135073600000003e-02 8.0434665799999999e-02 -2.5316063100000002e-01 -2.0879384600000001e-01 -1.7199614599999999e-01 -2.0846488099999999e-01 -9.6322438200000006e-03 1.2707146000000000e-01 -7.5939390600000004e-02 -2.6626887599999999e-01 -2.1818610200000001e-02 -5.7086819400000002e-02 -2.5320716399999998e-01 9.6167798400000004e-02 1.0561043300000000e-01 -1.2012014200000001e-02 1.0904451699999999e-01 1.1503640599999999e-01 -2.9663161000000000e-02 -1.7170093600000000e-01 -2.7873794600000001e-01 -8.0924326500000004e-02 -4.0720713800000002e-01 -7.0316974500000004e-02 -5.2415410599999997e-02 3.8074227500000002e-02 2.2611589099999999e-02 1.7236806399999999e-02 -1.8259735099999999e-01 1.5632905999999999e-01 -6.0677525599999997e-02 3.7316257499999998e-02
-1.9784340700000000e-01 -9.1941309099999993e-02 1.3157770499999999e-01 1.4478154300000001e-02 -1.4831079599999999e-01 -7.8818461300000003e-02 -1.5444091099999999e-01 -6.2690836400000000e-03 -2.2039867399999999e-01 -7.6703820600000000e-02 -8.4650933499999997e-02 -1.3465314400000000e-01 -3.8578538200000001e-01 -1.2641404100000000e-01 -7.5624389599999994e-02 -1.8936378600000001e-01 7.5062713300000000e-02 -5.6023653800000003e-02 2.2786579000000001e-01 -1.1448298300000000e-01 -8.1173061899999996e-02 -1.0836117900000000e-01 1.7820001999999999e-01 3.8562126100000003e-02 -3.7073789199999999e-02 -2.3090016699999999e-01 -4.6381907999999999e-02 -1.3860183200000001e-01 6.1299355799999997e-02 1.0144541800000000e-01 -2.2193753999999999e-01 8.9874770399999998e-02 -1.6995366400000000e-02 5.0518483199999999e-02 -4.0696999400000003e-02 3.3297057999999999e-03 9.9021369200000004e-03 -1.0579329699999999e-01 3.6029388599999997e-02 -3.5892895300000000e-01 1.8300227599999999e-01 -8.5983582399999994e-02 -2.1192207800000001e-01 1.8859964100000001e-02 -6.1072198899999999e-02 6.9161725800000004e-02 2.2015019699999999e-02 1.6232542900000001e-02 2.1935788700000000e-01 -1.8539946400000001e-01
1.1000671700000001e-02 2.3331270800000001e-02 3.8973930299999998e-01 5.9394253100000002e-02 -5.3769142600000000e-02 1.0931117500000000e-01 1.1743045300000000e-01 -2.2646400000000000e-01 5.1958781900000001e-02 -4.7483771200000002e-03 -9.7541416500000006e-02 1.1045722900000000e-01 -3.8968488000000003e-02 3.2266187699999997e-02 -1.5288002900000000e-01 9.2975717099999994e-02 7.8479986399999993e-03 -8.5477870600000005e-02 9.9969320400000006e-02 -1.1980090100000000e-01 1.6645884200000000e-01 -1.0167368900000000e-01 1.1112859200000000e-01 1.1574103099999999e-01 -5.1535217000000001e-02 1.8810804100000000e-01 -5.2059814899999999e-03 -8.9433029100000005e-02 2.4516469400000001e-02 -2.4706587099999999e-01 2.6698848100000000e-01 -1.4566779999999999e-01 1.6750480800000001e-01 1.1082506600000000e-01 1.4632441900000001e-01 6.7301468200000006e-02 8.2890004399999995e-02 -2.2882713900000001e-01 -8.8211445700000002e-02 1.0667567200000000e-01 -1.6806958100000000e-01 -2.2450033500000001e-02 8.5291366899999999e-02 1.5018118300000000e-01 4.9051472299999998e-04 2.0787107099999999e-01 -8.4884817700000004e-02 -8.1687352300000002e-02 1.2957775699999999e-01 -3.6349776900000003e-01
-1.3083634999999999e-01 4.1851590600000002e-02 -6.8230022799999998e-02 -2.0818781900000000e-02 5.7691304899999997e-02 -5.4055237900000001e-03 -6.4824108699999994e-02 -5.0063280199999997e-02 8.8126001100000004e-02 -1.3682193200000001e-01 -3.7999038899999997e-02 9.6050982800000004e-02 4.8994010800000001e-02 1.6062456200000000e-01 -2.3880526799999999e-02 4.4299539700000001e-02 -2.6226308600000000e-03 -1.5938252699999999e-02 2.2832317499999999e-01 -3.8798521099999997e-02 -1.4187762700000001e-01 1.2529705499999999e-01 5.6700512100000003e-02 -7.7713081800000000e-02 2.6310710300000001e-01 3.1154626800000002e-01 -1.8516379699999999e-01 -1.6234805899999999e-01 2.7090799999999998e-01 -2.0526347300000001e-02 3.3562286199999999e-02 4.0505985500000002e-01 -1.6109346599999999e-01 -1.1202244200000000e-01 1.4865979700000001e-01 -3.8601632300000001e-02 -1.8151346800000001e-01 1.7861074900000001e-01 1.6992434600000000e-01 -1.0638194500000000e-02 -8.2530265600000000e-02 1.0428368100000000e-01 -1.4313793100000000e-01 -1.7560883100000001e-02 2.1003925600000001e-02 1.1837551200000000e-01 2.5968241199999999e-02 -3.2615966899999999e-01 -6.7351321000000006e-02 -1.1273831199999999e-01
2.4455500899999999e-01 -3.5672788400000000e-01 1.6834758499999999e-01 6.7636536799999994e-02 1.8210033100000000e-01 -2.5374504400000001e-02 7.8638367599999995e-02 1.1580896400000000e-01 8.9629300600000003e-02 -4.8023630400000003e-02 -1.2608198600000001e-01 -4.0619686299999999e-02 6.0024531100000000e-03 2.4561213700000001e-01 1.7965056300000001e-01 9.3753134599999996e-02 1.4955368499999999e-01 4.6560436199999999e-02 2.9094493100000000e-05 6.1125505900000002e-02 -1.5759475600000000e-01 -2.9663204300000001e-01 -3.6888311000000000e-02 -2.4216711300000002e-03 -1.0432665800000000e-01 1.7523749599999999e-01 -7.2327512299999994e-02 -1.7533908399999999e-02 1.5297929299999999e-01 -7.5419581700000002e-02 -7.0351149900000007e-02 -7.2263150999999998e-02 -4.9910869699999999e-02 -5.6046284900000000e-02 -3.2232126299999997e-02 -1.0636996300000000e-01 -8.7547054400000004e-02 -2.1857065200000000e-01 3.0424383300000002e-01 -1.4666235399999999e-01 1.7824075100000000e-01 1.4386168299999999e-01 1.0707981900000001e-01 5.6987377399999997e-02 1.9801330200000000e-01 -1.7953090699999999e-01 1.2212027100000000e-01 1.5395398599999999e-01 -1.8770549799999999e-03 -6.0971289700000000e-02
9.7303270799999994e-02 -1.3414780500000001e-01 5.9885659899999999e-02 3.1080631300000000e-01 2.4546384099999999e-01 -1.2720190300000001e-01 -1.0679143900000000e-01 -1.0302715400000000e-01 1.8721298400000000e-01 -2.4034756099999999e-01 1.0866747099999999e-03 -1.2783621500000000e-02 -2.6688173100000001e-01 3.0833981800000000e-02 1.4530355800000000e-01 -2.2233379800000000e-01 6.2161879900000001e-02 4.8191940199999998e-02 5.9676920699999997e-02 -7.1897705199999995e-02 1.4424106200000000e-01 1.8300042300000000e-01 -1.8654967300000000e-01 -5.2599003100000000e-02 -8.3616401600000001e-02 -3.5706480800000003e-02 1.6629907999999999e-01 -9.7625381100000005e-02 -1.1718766500000000e-01 -9.5526964100000000e-02 5.8811655999999997e-02 -3.3801415100000003e-02 1.8556910400000001e-01 -1.6969256899999999e-01 3.5085879299999997e-02 -1.8373746699999999e-01 -7.6558256199999994e-02 8.4204377999999996e-02 2.3313191600000002e-02 -1.8135290700000001e-02 1.3536216300000001e-02 6.7319216799999998e-02 3.3939222900000003e-02 -1.9461035300000001e-01 -1.5626342100000001e-01 4.5133152800000000e-02 -3.9730972700000000e-01 -9.9877093500000000e-02 -6.5748832699999999e-03 9.1590314100000000e-02
1.9328745400000000e-01 2.4166200400000001e-01 -6.0461350300000001e-02 1.9069068400000000e-01 -1.3524563800000000e-01 3.0098200100000000e-01 2.1503657300000001e-01 1.3063709000000001e-01 1.6630962799999999e-03 7.5673448099999999e-02 -1.5820053300000000e-01 1.5865474700000000e-02 -3.1935297199999997e-02 -1.1391632900000000e-01 9.5517378599999994e-03 -1.1647380200000000e-01 -2.5252408699999999e-02 -1.0377448300000000e-01 -9.4184736199999994e-03 2.3050370399999999e-02 -2.1855275600000001e-02 -8.2598611500000002e-02 -9.4704860299999999e-02 5.6493408200000003e-03 -2.3852488400000000e-02 -2.2201269999999999e-02 -1.6488950699999999e-01 -2.4621015699999999e-03 -4.9147726199999998e-02 -1.5137472299999999e-01 -5.6773106699999999e-02 -1.1124071500000000e-01 -3.6119150799999999e-01 1.1053583200000000e-01 1.7655571600000000e-01 -1.5453064399999999e-01 -4.8984141000000002e-02 -1.0863196699999999e-02 -1.2270377000000000e-01 -1.3655633300000000e-01 2.9390838499999999e-01 3.2540192900000001e-02 1.8797702899999999e-01 -1.9783800400000001e-01 3.0208286500000001e-02 6.4560516999999998e-02 -6.1994800099999997e-02 -3.4452249699999998e-01 8.7391949600000005e-02 6.8807294000000005e-02
1.2362753500000000e-02 -1.2484047700000001e-01 -8.5448187400000000e-02 -1.3257711699999999e-01 -8.2037133700000001e-02 -4.6139488700000002e-02 -1.0213699599999999e-01 5.9760673399999999e-02 -8.3639441100000003e-03 1.5650359799999999e-01 -3.4042485700000000e-02 -2.9750615899999999e-01 1.0279442599999999e-01 1.9437861900000000e-01 7.1162463300000006e-02 -8.4029702400000003e-02 -8.7979307699999995e-02 5.7430907800000000e-02 -6.2105193800000000e-02 8.6619863000000005e-02 9.2539461200000006e-02 -1.6718350600000001e-01 -3.8224132000000001e-02 -1.6151505399999999e-01 9.2927360799999997e-02 1.7125393899999999e-01 1.2668397100000001e-01 1.9382728399999999e-01 2.9172614400000001e-02 -1.0091208800000000e-01 -1.0738613399999999e-02 -1.1211422400000000e-01 1.3377649100000000e-01 -3.1344424500000002e-02 -1.1429489200000000e-01 -2.2516945599999999e-01 9.2708217499999999e-03 -1.4135798699999999e-01 -1.1300868900000000e-01 -2.3073394399999999e-02 8.8858202700000000e-02 -1.2571014000000000e-01 -2.8380210400000000e-01 3.1209309699999999e-01 -1.4716077100000000e-01 1.7180936399999999e-01 -6.4711239700000006e-02 -4.0827633499999999e-01 8.3334334600000004e-02 1.1574901600000000e-01
4.8673544100000000e-02 1.4533923500000001e-01 -1.2045114100000000e-01 -1.4948353200000000e-02 -1.5316862300000000e-01 1.5570881500000000e-01 -1.2508137300000000e-01 3.0012645700000002e-04 -1.1920558300000000e-02 5.2790256500000000e-02 1.1353347900000001e-01 -7.0614357099999997e-02 -1.8135067200000000e-02 1.5727103600000000e-01 4.1138713100000002e-01 -2.9010178500000000e-01 -7.5093443800000007e-02 1.4532465100000000e-01 1.2780149199999999e-01 -2.8769276199999999e-01 3.2490396100000002e-01 -1.7500602500000001e-01 -2.4447347899999999e-02 1.4741531499999999e-01 -7.8986281800000002e-02 1.1774616000000000e-01 -1.5367720100000001e-01 -6.4694076899999998e-03 -1.5194290699999999e-01 1.7243585900000000e-02 -7.2855817899999994e-02 1.1389676300000000e-01 4.9406072000000002e-02 2.0588954900000001e-01 -1.2182566800000000e-01 1.1118714500000000e-01 1.3507387800000001e-01 1.0387038400000000e-01 2.8027089100000002e-01 8.8309257599999996e-02 -4.6630971399999999e-02 5.2894505100000003e-02 8.7734400700000006e-02 1.5543078700000001e-02 -1.2554827899999999e-02 -2.5306843400000001e-02 6.0285999299999997e-02 -1.0759053100000001e-02 -9.3759893600000005e-02 -1.2523632800000001e-01
2.3561232299999998e-02 1.0333227000000000e-01 -2.4615711900000001e-01 1.0483755600000000e-01 -2.8816754500000000e-02 -1.3595154900000000e-02 -1.0559047900000000e-01 -2.0271986600000000e-01 1.2560249100000001e-01 4.1564437399999998e-03 -8.0885486199999995e-02 -2.5105073800000000e-01 9.4857057300000006e-02 8.9812154199999994e-02 -1.5488357400000000e-01 2.7143475800000000e-01 2.2011605800000000e-01 -3.0958753800000000e-01 1.6312488500000000e-01 5.6460813499999998e-02 1.2608818799999999e-01 -1.7576912700000000e-01 2.2771547499999999e-02 -1.5861594400000001e-01 1.7997044000000001e-01 -5.4735129299999996e-03 7.5762986500000004e-02 -1.2796631500000000e-01 -1.0225606499999999e-01 -2.7065639100000000e-02 -1.1794142600000000e-01 4.0851007199999997e-02 1.0402767600000000e-01 4.8571605800000001e-02 -1.0003990200000000e-01 7.9405515699999998e-02 1.3237743699999999e-01 -6.4155976599999998e-02 -2.8584156300000000e-02 4.7384704700000002e-02 2.0984635200000001e-01 3.3929040300000002e-01 1.0352179700000000e-01 -1.3236028399999999e-01 -2.6129027999999999e-01 6.4938700200000005e-02 6.4189316499999996e-02 1.2291246700000000e-01 -4.8816201699999999e-02 -1.6694176000000002e-02
-3.5907755100000001e-02 -1.6635268700000000e-01 -2.6270940800000000e-02 3.8410845300000003e-02 -1.5743277300000000e-01 8.8602126500000003e-02 1.5548846099999999e-01 -1.4185190100000000e-01 1.0583910400000000e-01 1.0691031099999999e-01 -3.6256723300000002e-02 -2.2744621200000001e-01 -1.8905730200000001e-01 -7.6432137700000000e-04 3.4075414599999999e-02 -7.0677487900000002e-02 -1.8415685200000001e-01 -7.3402215500000006e-02 -4.8025591100000001e-02 3.3522064200000000e-02 -1.2994742800000000e-01 9.7013077099999998e-02 1.4162646300000001e-01 -2.6244368000000001e-01 7.5623999299999994e-02 1.0557315600000000e-01 -1.7901324100000001e-02 -3.7701951499999997e-02 -2.1078979300000000e-01 -2.3354997899999999e-01 5.5750841799999999e-02 8.9270570300000004e-02 -1.0765856200000000e-01 -1.6553536999999999e-01 1.5164693100000001e-01 -7.4735410899999993e-02 2.8639948300000001e-01 1.3609072000000000e-01 1.7085004000000001e-01 2.5584056599999999e-01 -7.3958133900000004e-03 -1.5455921700000000e-01 -8.9155891099999995e-02 -7.0621666000000000e-02 2.3041393199999999e-02 -2.4513588900000000e-01 7.9933464400000001e-02 1.6956294999999999e-01 3.0383779500000002e-01 -3.0760343400000000e-03
2.3943279500000000e-01 9.1439154300000006e-02 1.5497470999999999e-01 -2.7898498700000000e-02 1.2868856500000000e-01 -1.2247953800000000e-01 -2.7353906300000003e-01 5.9825011700000001e-04 -2.6730885300000001e-01 -5.4035581700000003e-03 4.9250942499999999e-02 -8.3343934600000006e-03 -5.2098586500000002e-02 6.0813121499999997e-02 -6.8681305700000000e-02 1.7921492900000000e-01 -1.4016408299999999e-01 2.0754503299999999e-01 1.3781329300000000e-01 6.2703464599999995e-02 8.4396343200000001e-02 -1.5619514800000001e-01 2.0175036199999999e-01 -2.8920807599999998e-01 8.5298823700000002e-03 1.1468030400000000e-01 1.0862387300000000e-01 1.0464878599999999e-01 -1.9582685300000000e-01 1.0744982900000000e-01 -6.3367103399999999e-02 3.9412082600000002e-02 -1.9121209300000000e-01 -1.0036477700000000e-01 1.2533067800000000e-01 1.1716520599999999e-01 7.3003470099999995e-02 -1.3467681900000000e-01 8.1484167100000005e-02 -1.0695728800000000e-02 -9.0449552300000000e-02 -2.3025723800000000e-01 1.8353781199999999e-01 -3.0065450199999999e-01 7.9482165300000004e-02 2.0363717200000001e-01 -2.3272069100000001e-02 -5.8624098600000001e-02 -4.2733591400000000e-02 8.8295328600000000e-02
-2.3792197900000001e-01 -2.0757182599999999e-01 1.1171362400000000e-01 -3.0595221099999997e-01 2.8008088399999999e-02 -1.5805459999999999e-01 2.4554284800000001e-01 2.9561121499999999e-02 1.6153848799999999e-02 2.6462051199999997e-01 -1.1717766300000000e-01 -4.5309125399999997e-02 2.3724960500000000e-01 -1.5641907899999999e-01 9.2598373799999995e-02 -1.2457834900000000e-01 6.3746713299999994e-02 -2.6857379899999999e-02 2.7088653299999998e-01 5.3195454400000002e-02 -5.8521580400000002e-02 2.3159066100000000e-01 -1.2844241900000000e-01 -1.3975261600000000e-01 -2.0088822500000000e-01 4.5782012599999998e-02 3.1168569100000003e-04 -3.5570776899999997e-02 -1.2707138600000001e-01 -9.0085200899999995e-02 8.4638659399999996e-02 5.7793209599999999e-02 2.2338845900000001e-02 1.6187207600000000e-01 1.3601073500000001e-03 3.3246339499999999e-02 1.6405083300000001e-01 -9.1546296099999994e-02 1.6168947200000000e-01 -1.6596454799999999e-01 5.4617663699999999e-02 3.5300646200000001e-02 8.9180341499999996e-02 -2.0426907799999999e-01 -4.6635886900000000e-02 2.1848189600000001e-01 -4.5475319299999997e-02 -2.4560843100000000e-02 -1.9150243700000000e-01 6.2093233900000003e-02
-4.6570470699999998e-02 1.3257752800000000e-01 1.5082559200000001e-01 -2.2937255300000001e-01 -5.2388445999999998e-02 2.6212975399999999e-01 -1.9543369399999999e-01 -1.4571429500000000e-02 2.5582699700000000e-01 -2.7759101700000000e-01 -1.6983018699999999e-01 -2.4894204900000001e-02 -1.0623669900000000e-01 3.6044393700000003e-02 1.9566861199999999e-01 1.1712079800000000e-01 1.9451018899999999e-02 -8.8879008999999995e-02 2.1735340400000000e-01 -3.1526419500000000e-02 -8.3059209300000006e-02 1.2647812000000000e-01 1.7322744400000001e-01 5.7490261000000004e-03 -2.0478780900000000e-02 -1.2878647900000001e-01 -3.7511042600000002e-03 7.6956494799999997e-02 2.5689802800000001e-02 6.4938008800000002e-02 1.7638293999999999e-01 -2.3304084300000000e-02 -1.1143109900000001e-01 1.7393110500000000e-01 -6.5600824500000002e-02 -7.2608939900000002e-02 2.5151838700000002e-02 -3.3964175400000002e-01 -8.4271263299999996e-03 1.3559453399999999e-01 -1.9706634700000000e-02 -4.5249315300000002e-02 -1.0653805199999999e-01 -9.1746542700000004e-04 -2.4273353200000000e-02 -2.1604994699999999e-01 -5.1262255999999999e-02 -2.6233604300000001e-02 -1.2105747900000000e-01 3.5190542499999999e-01
-1.4088695800000000e-02 -1.2240966400000001e-02 2.3663499700000001e-01 -2.2773122200000001e-03 -1.9706751900000000e-01 3.5406534500000003e-02 -1.5266646800000000e-01 -2.2229738099999999e-01 -1.1242046000000000e-02 3.0516007299999998e-01 1.3539339100000000e-01 -4.3666185699999999e-02 1.3350110900000001e-01 1.7622613200000001e-01 3.8542158200000003e-02 1.0601237900000000e-01 7.4903400999999994e-02 -1.2688221899999999e-01 1.4604992300000000e-01 1.9568530600000000e-01 5.4669746100000000e-02 -1.5774261500000001e-02 -2.6487032700000002e-01 8.4003528999999993e-02 -2.5129270999999997e-01 -1.9991644200000000e-01 -1.2617318699999999e-01 -2.4310297299999999e-02 -1.5837508199999999e-02 1.1775030800000000e-01 -3.2153098400000003e-02 6.1744295599999999e-02 -1.2947523200000000e-01 -2.7857628000000001e-01 3.3519877099999998e-02 2.4820670100000000e-01 -1.8368167399999999e-01 2.9256097100000000e-02 6.0844601999999998e-02 8.9273299900000005e-02 -8.1916323100000004e-03 4.9814950599999998e-02 -4.9235734300000000e-02 4.1385259200000003e-02 3.8401042800000000e-02 -1.5100320100000000e-01 -2.2227760899999999e-01 -1.3736375800000000e-01 2.1648097199999999e-01 7.6876241900000003e-02
6.8510036600000004e-02 -3.9082986300000002e-03 -6.9536867800000001e-03 9.8748051599999997e-02 -2.4920742100000001e-02 -2.0603349900000001e-01 1.1229658100000001e-01 -1.2134056000000000e-01 2.2601087300000000e-01 2.0512458400000000e-01 -1.1521786500000001e-02 1.8870931099999999e-01 -2.5715003900000000e-01 -2.3718521000000001e-01 4.4474475999999999e-02 5.0001005299999998e-02 5.8411506899999997e-03 8.5552423700000005e-02 1.9818734800000001e-01 -1.3120348700000001e-01 2.6607473500000001e-03 -6.0899895400000001e-02 -3.0306924000000002e-01 -1.9763263100000001e-02 3.2031616899999998e-01 3.1928248899999997e-02 1.9099593400000001e-01 2.3985279400000001e-01 7.8201994399999999e-03 2.3387817299999999e-02 -6.2630734699999996e-02 9.8810362999999998e-02 5.8360002899999999e-02 1.1749353300000000e-01 7.3665814999999996e-02 2.6651784000000001e-01 -1.2967672399999999e-01 -1.4596768299999999e-01 1.8831969600000002e-02 1.2997593399999999e-01 2.2781091100000000e-01 -1.6655206000000000e-01 -5.1377555999999998e-02 7.5119431099999995e-02 9.4617401099999998e-02 -1.1350926200000000e-01 1.3730245899999999e-01 -8.0657897500000006e-02 -5.3557724600000002e-02 2.3947595700000001e-02
8.1762793400000006e-02 1.4691601500000000e-02 1.3629728999999999e-01 -4.4531277300000000e-03 -1.6488161100000001e-01 1.0917273600000001e-01 1.6851163699999999e-01 3.9172048100000002e-02 1.9950217100000001e-01 -1.2518291700000000e-01 -5.0311200899999999e-02 -1.1111774000000001e-01 -1.9311502200000000e-02 5.0621382800000003e-02 6.3194966599999999e-02 2.7029921299999999e-02 -1.4580423000000001e-01 -7.3198517300000002e-02 -5.8453261600000000e-02 5.3170862800000003e-02 1.5528164500000000e-01 2.2771717699999999e-01 -3.2542681699999999e-02 1.8794688200000000e-02 1.2178427500000000e-01 2.3331485199999999e-01 7.0690192799999996e-02 -3.8767919800000001e-03 9.4448713099999998e-02 3.2679322599999999e-01 -1.8582274800000000e-02 -1.7089647299999999e-01 1.7409533499999999e-01 -2.0278817399999999e-01 -1.8348250299999999e-01 2.7524389700000002e-01 1.2270590600000000e-01 2.6555025999999999e-02 -3.5158385000000000e-02 -3.9380914099999997e-01 -7.9253114499999999e-02 -1.3578502399999999e-02 2.1685052900000001e-02 -2.3490810300000001e-01 3.4213708199999998e-02 -6.2973474500000001e-02 1.9853066000000000e-01 -1.4126171400000001e-01 1.3455193900000001e-01 1.9090495600000000e-03
7.1038363500000007e-02 2.3122435499999999e-01 -7.9338735400000006e-03 -5.0139391100000000e-02 -8.2819358999999995e-02 -1.2847269300000000e-01 2.9951344099999999e-01 4.1027266299999997e-02 -6.1679022000000000e-02 -6.6446250499999998e-02 -2.6551346199999999e-02 -1.4510387899999999e-01 -1.6176878200000000e-01 -5.2063578600000000e-02 1.2198766500000000e-01 2.6840354900000002e-01 5.3559677700000002e-02 2.1362514399999999e-01 1.3614382600000000e-01 2.4984907100000001e-01 1.0660237800000000e-01 -1.4344564299999999e-02 -1.7811859900000001e-02 2.3327607400000000e-01 -1.2767061399999999e-03 -1.0473474700000000e-01 -2.1766667600000000e-01 9.3931745900000002e-02 1.0102251800000001e-01 8.9156809000000004e-02 1.5377572700000000e-01 2.5977704099999999e-01 1.9191999500000001e-01 -2.5809052500000002e-01 -6.3511200200000006e-02 -2.7687041600000001e-01 1.9273236599999999e-01 5.7670468199999998e-03 1.9231180500000000e-02 8.7333021699999999e-02 1.7422838199999999e-01 -1.0702632600000000e-01 7.7241137099999996e-02 2.6249899600000001e-02 6.1375537700000000e-03 1.3337836900000000e-01 -6.9890474300000005e-02 6.1307928400000003e-02 -1.8409202900000001e-02 -3.9523144099999998e-02
2.6545709899999999e-02 1.5520978599999999e-01 4.5273922600000002e-02 -1.9472777199999999e-01 -1.9595700399999999e-01 1.2311020900000001e-02 -2.3093199599999999e-02 -2.1468448800000001e-01 1.2998876100000001e-01 -2.6090544399999999e-01 -1.6313379400000000e-01 2.4789438400000000e-01 7.9203150299999995e-04 1.1398299600000000e-01 -1.3601640600000001e-01 -2.5801299700000002e-01 6.3696942800000003e-02 1.4979012400000000e-01 -3.2596741800000001e-01 1.8490582400000000e-01 -1.0322607200000000e-01 -5.5381071800000001e-02 -1.1088586900000001e-02 -1.3727593699999999e-01 -1.1385443200000001e-01 -1.3444222600000000e-01 1.4990349400000000e-01 2.6588025500000001e-01 -8.1456962399999999e-02 -1.4394441699999999e-01 -2.0952543200000000e-02 2.6521444900000002e-01 2.4524236200000001e-02 -9.3456966799999999e-02 -4.1811572900000003e-02 1.5862736299999999e-01 9.1788002100000002e-02 -2.9235014199999999e-02 1.5924116799999999e-01 -1.0549874800000000e-01 1.2651697900000000e-01 1.6776888100000001e-01 8.5269577900000004e-02 8.1198211500000006e-02 -2.9640243500000000e-02 8.4942635000000002e-02 1.3187613200000000e-02 -5.2587303400000000e-02 2.1099909899999999e-03 -7.7034143099999994e-02
1.1873587200000001e-01 2.6976423399999999e-01 -5.7486436199999998e-02 -1.4316529600000000e-01 1.4559644799999999e-01 -1.7757749900000001e-02 6.2370398700000003e-02 -1.8559454000000000e-01 1.5109559300000000e-02 -1.1205907599999999e-01 2.3185157900000000e-02 7.1646199700000001e-03 1.5315026400000001e-01 -2.1018763800000001e-01 -4.1434791700000001e-02 -9.6656038799999996e-02 -1.3080398800000001e-01 -2.4758555500000001e-01 9.1402934599999999e-02 -7.9221334599999998e-02 2.3690261600000001e-01 2.9638672899999999e-02 -2.1167983200000001e-01 -2.1432159800000000e-01 -1.0091813199999999e-01 4.1909958300000001e-02 1.0086153300000000e-01 -2.2834338400000001e-02 2.1627158099999998e-02 1.9333731200000001e-01 2.3969978099999999e-03 -8.2421229700000001e-02 -2.2497703299999999e-01 -1.7599707800000000e-01 4.6715936499999999e-02 -2.9053224700000002e-01 -7.0949651399999994e-02 -1.1250752000000000e-01 2.2237297400000000e-01 -1.3287101200000001e-01 -4.5503250899999997e-03 -1.2514629699999999e-01 -6.6617899499999994e-02 2.6518876800000002e-01 -4.5547038999999997e-02 -7.6694551000000000e-02 3.9981222499999997e-02 1.8379196500000000e-01 -1.4854133500000000e-02 -2.0583993800000000e-01
2.1302911199999999e-01 -4.7288043199999998e-02 2.3533714100000000e-01 6.4563722200000007e-02 -2.0314942799999999e-01 -7.2124454199999993e-02 -2.5449905400000000e-01 5.3587044499999999e-05 8.6654923800000005e-02 3.5882202299999999e-02 -1.1844760800000000e-01 -2.0270838999999999e-01 -7.0652022199999998e-02 -1.4164197500000000e-01 -1.3971542000000001e-01 -1.0974736200000000e-01 1.6478592600000000e-01 -1.7250237900000001e-01 -1.4536629400000001e-01 2.1233843099999999e-01 1.1133237200000000e-01 1.9682260800000000e-02 -5.7996866000000001e-02 8.1819885400000000e-02 4.1752003300000000e-02 9.2372566599999997e-02 -7.9003656600000000e-02 -1.0868108700000000e-01 8.3365770000000006e-02 -1.1594702300000001e-02 9.2561539100000007e-02 9.1641494200000007e-02 3.9806386100000000e-02 2.0403703100000001e-01 1.4671756300000000e-01 -4.0570133299999998e-02 -6.8893625999999999e-02 2.8780611900000003e-01 1.5196563199999999e-01 -7.1409116499999994e-02 -6.8099119000000000e-02 -2.5256422099999998e-01 1.4975569000000000e-01 1.7713683399999999e-01 -4.7216548900000002e-02 9.8882377899999999e-02 1.6309277500000000e-01 9.3250215100000006e-02 -2.1136927200000000e-01 2.5755444900000002e-01
6.8753371699999996e-02 -7.4562430400000004e-02 2.3348412900000001e-02 -2.1112344199999999e-01 -3.9239815900000002e-02 -2.1037759200000000e-01 1.6934225899999999e-01 -2.1295658900000000e-01 6.5958690400000006e-02 7.4237566599999999e-02 1.3284751500000001e-02 -1.0635853500000000e-01 -2.1782468099999999e-01 3.2356803600000000e-01 9.4433291099999997e-02 1.3563991200000000e-01 1.5805494000000000e-01 -6.4973689299999998e-02 -1.8540400000000001e-01 -3.2415468900000000e-01 7.8434870700000006e-02 1.4384137499999999e-01 8.0267180899999999e-02 -2.6911028999999997e-01 -7.6187317599999999e-02 -2.3794877800000000e-01 -1.5879035200000000e-01 1.6410090299999999e-01 8.5106288099999997e-02 1.6628494199999999e-01 -2.2728509599999999e-02 -6.9867408500000006e-02 -8.0501086900000005e-02 1.5715264100000001e-01 9.8935360299999997e-02 -1.3135312699999999e-01 -1.3576514300000000e-01 1.5899482400000001e-01 -1.5650629899999999e-01 5.4331193700000004e-03 -4.1623842699999997e-02 -6.9827815599999999e-03 1.6263641000000001e-01 -3.8878459900000002e-02 1.9975547300000000e-02 4.6901676599999997e-02 1.0274483700000001e-01 -9.7068622399999999e-02 -4.9420077600000001e-02 -1.1628663500000000e-01
-9.8066918700000005e-02 1.6793060700000001e-01 1.6568624700000001e-01 -2.3348094100000001e-02 1.9384287300000000e-01 1.5967471699999999e-01 6.1609804900000002e-02 -3.0305047599999999e-02 -1.2307695000000000e-01 3.2783923399999998e-01 -1.9035855900000001e-01 -1.5767130100000001e-01 -1.2808446900000001e-01 1.2108465500000000e-01 -1.4034990400000001e-02 -1.6334060000000000e-01 -1.1053120499999999e-01 3.8502619500000002e-02 -1.5227435200000000e-01 5.7122444499999999e-03 -1.9544462000000001e-01 8.4238233199999998e-02 1.4062710900000000e-01 3.9894703500000003e-02 2.0330435199999999e-01 -1.1631954900000000e-02 1.6994292499999999e-01 -2.5587275300000001e-01 -1.4589282700000000e-01 2.4445833100000000e-01 6.0061592699999999e-02 4.6381951499999997e-02 7.7413510500000005e-02 -1.2637256099999999e-01 -1.1240035800000001e-01 4.0732412299999997e-04 -1.8324595699999999e-01 -8.2585984099999996e-02 5.9032259300000001e-02 9.4601484000000000e-02 1.4213981600000000e-01 2.8680959799999999e-02 2.7644772899999998e-01 1.5375413800000001e-01 -7.5741815399999995e-02 -1.0704126700000000e-01 -7.0744603000000003e-02 -7.4507252199999999e-02 -2.2832244800000001e-01 -1.0062438400000000e-01
-1.1328490300000001e-01 -8.1733878100000004e-02 -2.3186111600000001e-01 2.5853598500000002e-02 2.1787266900000000e-03 1.3184568199999999e-01 -1.0052942500000001e-01 2.6249807200000003e-01 2.0310155999999999e-01 6.6466679699999998e-03 2.1405205300000001e-02 1.9117742300000001e-01 -1.0558491200000000e-01 -6.7089557800000003e-03 -4.4890391000000002e-02 2.3639568599999999e-01 2.7802132000000000e-02 -1.3865071200000001e-01 -7.3976114699999998e-02 -1.3226836100000000e-01 -1.0079905500000000e-01 -4.8753823100000003e-02 -1.2047411399999999e-01 -1.0528278500000000e-01 -2.8174947299999997e-01 -1.2088752899999999e-01 1.2041723400000000e-01 -2.6447482999999999e-01 -1.9989119199999999e-02 1.5684228100000000e-01 -4.9057799100000000e-02 8.1168692200000003e-02 1.5949327299999999e-01 -6.3103975800000003e-02 6.1178587699999998e-03 -2.5307469799999999e-02 1.9843750299999999e-01 -4.8284770900000003e-02 1.9293006100000001e-01 9.4373245100000003e-02 -2.5344244599999999e-02 -2.3313132700000000e-01 2.4470298900000001e-01 1.5769942600000000e-01 6.8905819800000004e-02 1.7684195000000000e-01 9.8378536700000005e-02 -2.6072268799999998e-01 1.3029798200000001e-01 1.9952261100000000e-02
5.0801932500000001e-03 1.9915939599999999e-01 4.9397993699999997e-02 2.6667363599999999e-01 4.1401649499999998e-02 -1.8444323800000001e-01 -2.8054535600000000e-02 2.6227956699999999e-02 1.8387412700000000e-01 1.6034416700000001e-01 1.7868148500000000e-01 1.6275682000000000e-02 -3.8176226799999997e-02 1.0533039800000001e-01 -2.8000853599999997e-01 -6.5362447800000001e-02 -5.5293630699999999e-02 4.2669123900000001e-02 1.6609931100000000e-01 -1.8488218300000001e-01 -1.4483681300000001e-01 6.1062284299999998e-02 8.0928760000000002e-02 -7.8547325299999998e-02 -7.8695612900000003e-02 -6.4050900899999999e-02 -3.2074741699999998e-01 9.3868601300000007e-02 -4.1985352300000001e-02 -2.4417618799999999e-01 4.4603190299999998e-02 -8.4701909800000003e-02 -3.2352580700000001e-02 -2.0527180700000000e-01 -2.6933853200000002e-01 1.0291801099999999e-02 1.9362435400000000e-01 -6.5934752200000002e-02 -5.1740622899999998e-03 -2.3257340300000001e-01 -9.7233224800000004e-02 -2.5344199500000001e-02 7.3141397400000002e-02 1.9010599100000000e-01 -4.9577817699999999e-02 -1.2971323600000001e-01 1.0916194500000000e-01 -6.4185119200000001e-02 -2.2395435299999999e-01 1.3095132400000001e-01
-3.4868336299999997e-02 2.1291776000000001e-01 1.2364619500000000e-01 2.6918156900000001e-01 -8.5083057800000000e-02 -2.1957783800000000e-01 -3.2442209399999998e-02 5.8542765400000002e-02 2.7056720800000000e-02 1.2749548099999999e-01 -1.5494798700000001e-01 1.9611219399999999e-01 1.6330438799999999e-01 1.8379419399999999e-02 3.1209454399999997e-01 -1.1626180300000000e-01 1.2084483200000000e-01 -1.0707698900000000e-01 2.9412522900000002e-02 2.2767399699999999e-01 -1.3174350499999999e-02 1.7890581799999999e-02 2.1253614300000001e-01 -8.2957185599999997e-02 8.1209309699999996e-02 -2.7543239700000000e-01 1.3102147100000000e-01 -2.1589227700000001e-02 1.3097053700000000e-01 -1.7053783100000001e-02 -1.0720434299999999e-01 -2.5316121400000002e-01 6.3674527100000003e-02 -5.4362186100000001e-02 -2.2366437300000001e-03 -1.3672579200000001e-01 5.6512098199999999e-02 2.0168457700000000e-02 1.8078011599999999e-01 1.9361401100000000e-01 -1.4032572500000001e-01 -1.7104001700000000e-02 -1.5836169300000000e-01 -1.4579753700000000e-01 3.4074725600000001e-02 5.3739190300000003e-02 2.3343200400000000e-01 -1.2126079700000000e-01 -4.9702571600000002e-02 -1.4980977700000001e-01
-1.9065178999999999e-01 4.6435841600000000e-02 -1.2370428000000000e-01 8.8074466599999998e-02 -1.8138695199999999e-01 -1.2362112500000000e-01 -1.9015778600000000e-01 -1.2636692199999999e-01 4.2759211300000002e-02 5.3861177900000001e-02 -8.7110383900000005e-02 -1.5216866900000001e-02 -8.2731143100000001e-02 -4.3768452100000001e-02 2.1068292599999999e-01 1.3367191200000000e-01 -6.1441248800000001e-02 7.8529543699999996e-02 -1.9553423600000001e-02 -2.6028227500000001e-02 -1.9702322899999999e-01 2.3554581599999999e-01 5.6709807700000003e-02 2.6335270999999999e-01 -1.8552993800000001e-01 3.3364877300000001e-01 7.6621405000000004e-02 2.0011591500000001e-01 5.6809176599999997e-02 2.7748981000000001e-03 -2.3836783900000000e-01 -1.9423502800000000e-01 -1.5959542400000001e-01 -1.3739777400000000e-01 2.0199769400000001e-01 -3.7820385800000002e-02 -3.4071212500000003e-02 -8.8070272699999994e-02 -1.4996109400000001e-02 -1.0382054100000000e-02 1.9305591699999999e-02 7.5639690499999995e-02 2.3485337100000001e-01 1.2645139899999999e-01 -2.6273667200000000e-01 1.5187767899999999e-01 3.7150224400000001e-02 1.4169923900000000e-01 2.4763905199999998e-02 -1.8294405399999999e-03
-1.5810421199999999e-01 -3.4104407100000000e-03 -3.0210911400000001e-01 6.7483486900000002e-03 7.7352288500000005e-02 1.2204420500000000e-01 -7.5538018799999995e-02 -2.8041559399999999e-01 -7.9233747399999999e-02 -2.1510926199999999e-02 -1.3078809999999999e-01 -1.2388024600000000e-01 -3.2099868900000002e-02 -8.8873308299999995e-02 1.4523891999999999e-01 1.2866571399999999e-01 1.0048643500000000e-01 1.4341349000000000e-02 -1.7530619700000000e-01 4.9493275099999998e-02 1.7470652300000000e-01 1.0035189600000000e-01 7.5775649900000006e-02 -2.1628345100000002e-02 -4.6573805500000003e-02 -4.0478693699999999e-02 -8.9024974399999998e-02 -1.0560147300000000e-01 1.0810024100000000e-01 -3.6112540300000001e-01 1.6171770200000001e-02 -1.2520296800000000e-01 -1.6728273400000001e-04 -1.4800712599999999e-01 -1.4104738600000000e-01 2.3713275500000000e-01 -1.5635819200000001e-01 -7.8337965499999995e-02 6.2207390000000001e-02 -1.1631394800000000e-01 1.0229315700000000e-01 -3.2933402499999997e-01 -2.9608454900000001e-02 -5.9084198800000001e-02 3.0982707100000001e-01 3.3355466200000003e-02 -5.5764509499999997e-02 -2.6370643600000000e-02 -2.1841109200000000e-01 -5.9658950000000002e-02
-2.3776952100000001e-01 -3.7020642800000003e-02 1.8952975000000000e-01 1.3593334800000001e-01 5.0124079000000002e-02 3.9771895699999997e-02 1.5933299200000001e-01 -1.6788669600000000e-01 -3.9513122499999997e-02 -1.4559693100000001e-01 -1.8379705700000001e-01 1.1912074000000000e-01 1.1071935300000001e-01 -2.2352235299999999e-02 1.1773902200000000e-01 6.9493162600000003e-03 -4.0591617400000002e-02 1.1785657200000001e-01 8.0551721800000003e-02 -8.5024757000000006e-02 3.0104946300000001e-02 -2.0280227400000000e-01 2.4289376699999999e-03 -2.3385162800000001e-01 1.1344607600000001e-01 1.5182044200000000e-02 -4.5534569900000002e-02 -6.2516979299999997e-02 1.9029889600000000e-01 1.4053306900000001e-01 -1.1808924699999999e-01 -1.5901874299999999e-01 -1.5153210000000000e-01 8.6910686099999999e-03 -1.7632698299999999e-01 1.1618306300000000e-01 2.0126775000000000e-01 3.3005306200000001e-01 -5.6685854600000002e-02 7.3854955500000000e-02 1.1860063799999999e-01 -3.7998701699999998e-02 1.2473452300000000e-01 2.6494316800000001e-01 3.2604319299999997e-02 1.5356255399999999e-01 -2.0189450200000000e-01 1.1125594699999999e-01 5.6631427999999998e-02 2.9047293600000001e-01
7.4141278199999994e-02 8.2500887900000000e-02 1.1765709900000001e-02 5.1043572000000002e-02 -4.4770365399999998e-02 3.0961733400000000e-02 4.0861133300000002e-01 8.9061594699999996e-02 -1.2943497300000001e-01 -1.8232560900000000e-01 9.6398099000000001e-02 -1.1540425800000000e-01 -7.2139135300000004e-02 1.4391946600000000e-01 -1.8330242099999999e-01 3.0186253100000001e-02 1.5665533100000001e-01 2.2873006800000001e-01 7.5682072099999997e-02 -8.7433933499999998e-03 1.0247362000000000e-01 1.3296186400000001e-01 5.7079344700000000e-02 -5.4327546499999997e-03 -2.4415294000000001e-01 2.2439822900000000e-02 1.7215185699999999e-01 -2.0318718299999999e-01 -2.0916736499999999e-04 -7.8818262000000000e-02 -1.3169231100000001e-01 -1.0941534500000000e-01 -9.6474948800000002e-02 2.5106080999999999e-02 4.0575395899999998e-02 2.2024732399999999e-01 -1.9711478099999999e-01 -2.6542953099999999e-02 2.0108107800000000e-01 1.9681936000000000e-01 3.5588424100000002e-02 -3.9274896300000001e-02 -2.1264373900000000e-01 8.7236712199999997e-02 -2.8050199199999998e-01 3.7713523600000000e-02 1.9557740100000001e-01 -5.9093316999999999e-02 -6.1003925700000003e-02 1.8259281899999999e-01
-1.0203660400000000e-01 -4.9284280499999999e-02 -6.2958997000000003e-02 6.1116091700000000e-02 2.1065635599999999e-01 2.2853052200000001e-01 5.9446450099999999e-02 -1.9469086599999999e-01 1.7361847200000000e-01 -9.5245407800000001e-02 1.0940757000000000e-01 -9.2399900300000004e-02 1.0037835400000000e-01 -1.2936645499999999e-01 -7.4873599499999999e-02 -2.1295240400000001e-01 1.9175509600000001e-01 7.0200398900000002e-02 1.9537405899999999e-01 1.8336774500000000e-01 -6.4913472500000000e-02 -6.2386655100000001e-02 2.1828708699999999e-01 -4.2565036600000002e-02 -1.0836116699999999e-01 6.0899781799999997e-02 -2.4042717000000000e-01 2.0928453899999999e-01 -2.5543063100000002e-01 2.4998527200000001e-01 -1.7501987199999999e-01 -8.9442279299999997e-02 2.8954466699999998e-01 -4.1743542000000002e-02 2.2738280999999999e-01 -3.5256953299999998e-02 -1.4975174799999999e-01 3.0649945400000000e-02 -7.6354459599999994e-02 6.1187439699999999e-02 9.5337810999999995e-03 -3.8721878000000001e-02 3.4237129999999998e-02 7.6231318699999995e-02 1.7484183800000000e-01 5.6675348500000000e-02 1.6683721200000001e-01 -8.3788281100000001e-02 1.5727071400000001e-02 2.2892711900000001e-02
9.1629008299999995e-02 4.7071286400000002e-02 3.5495801299999998e-02 -1.3987458999999999e-01 2.7056184400000000e-01 -8.2919342100000008e-03 3.5251993900000000e-02 -1.9307284599999999e-01 -1.4157173600000000e-01 -2.9192294899999999e-02 6.2188500600000002e-02 -1.9423016800000001e-01 -7.4793323999999994e-02 -2.5078729300000002e-01 3.7353881300000000e-03 -1.0437701800000000e-01 3.0056554000000002e-01 -1.2111696399999999e-01 -5.1757619499999998e-02 -9.3215014400000004e-02 -1.9751710800000000e-01 -5.8257041300000000e-02 -9.0700102199999993e-02 2.0895741200000001e-01 4.5233546800000003e-02 6.0792069099999999e-02 7.6719698200000006e-02 1.3924656299999999e-01 1.1825286500000000e-01 -7.3441852399999993e-02 -3.6845481800000003e-02 1.3379030300000001e-02 -1.5159981000000000e-01 -3.3123938899999997e-02 -3.6145323899999998e-01 -1.0688728800000000e-02 9.7649045200000006e-02 1.1054788899999999e-02 1.0710900800000001e-01 1.7234754799999999e-01 -2.7539148899999999e-01 2.8456003399999999e-02 1.4441198399999999e-01 -9.8495827800000005e-02 -2.1675410999999999e-02 5.9891712700000002e-02 1.1947903999999999e-01 -2.2882394700000000e-01 2.4924032700000001e-01 8.1157524900000000e-02
-2.6253550200000000e-02 -4.4701988400000003e-02 2.8618161800000003e-01 1.5039081300000001e-01 -2.0493094400000000e-01 1.2547054099999999e-01 1.0054103500000000e-02 4.9207169799999999e-02 -9.0740116800000006e-02 -2.9532851700000001e-02 4.0240700000000001e-01 3.4770181800000001e-02 7.9206131599999993e-02 -3.2471934699999999e-01 1.7982599099999999e-01 7.2827640599999993e-02 2.9117096200000001e-02 -1.4849727900000001e-01 -2.2028194000000001e-01 -1.4185922600000000e-01 -1.7287898300000000e-02 2.1216575500000001e-02 1.5064890900000000e-01 -2.9954898899999999e-01 -9.8076047900000005e-02 1.6092226500000001e-01 -5.3863725100000003e-02 6.5416250800000006e-02 1.1117727199999999e-01 -2.6345610500000002e-02 -3.8763421300000003e-02 2.2274542899999999e-01 1.3328606600000001e-01 -8.4413938100000002e-02 -1.7900844299999999e-01 -6.2212192999999999e-02 -1.7097193199999999e-01 -1.2302593400000000e-01 -3.4030546900000000e-02 1.1178510899999999e-01 2.0605638000000001e-01 5.0803114199999999e-02 1.6989936600000002e-02 -7.5351341500000002e-02 -1.1620333500000000e-01 2.8838800800000002e-02 -7.4716812699999998e-03 -4.4369236799999996e-03 -1.2270069000000000e-01 -6.4480103300000001e-03
-9.2232502399999999e-02 8.9033289700000004e-02 1.2771144800000001e-01 1.2240390600000001e-01 1.9154660600000001e-01 -4.8769304100000001e-02 2.9634104000000001e-02 1.8284498699999999e-01 1.1600755500000000e-01 -1.5973502899999999e-03 -2.5586411700000000e-01 -3.1845076700000002e-01 -5.7860777100000003e-02 -1.8448935499999999e-01 -3.7739976299999999e-02 1.6931135200000000e-01 -1.1727311400000000e-01 -1.2059757600000000e-01 -1.6563420300000001e-01 -1.2230003500000000e-01 1.2257731700000000e-02 -1.6629272800000000e-01 2.5447588699999999e-02 4.7980191399999997e-02 -2.8643126699999999e-01 1.6531692300000001e-02 5.5655617700000000e-02 2.4633321000000000e-01 -1.7482619500000001e-02 7.9551689800000006e-02 -5.7211958899999998e-02 9.4923938299999996e-02 -6.7330234200000005e-02 -2.4114316300000001e-02 1.4182202699999999e-01 1.8533057900000000e-01 1.3649425500000001e-01 1.7980454100000001e-01 4.8415039899999998e-02 5.5154574900000003e-02 -5.8828837100000003e-02 1.7116048300000000e-01 -2.9307817700000000e-01 6.9089326499999996e-03 8.7589706700000006e-02 -4.6683956399999997e-02 -1.2993961600000001e-01 -1.3222492799999999e-01 -2.5999964500000000e-01 -1.3486239899999999e-01
-1.2284081299999999e-01 1.1675819599999999e-01 -1.7355255999999999e-01 -1.2800417300000000e-01 -6.8183223400000006e-02 -1.5944978700000001e-01 -7.6684651199999995e-02 5.6926304399999997e-03 -1.1771547600000000e-01 6.9481602200000006e-02 1.1569998500000001e-01 4.5300621999999999e-02 -2.2558571699999999e-01 -6.2048732799999999e-02 -1.3717146000000000e-01 -2.2265320499999999e-01 1.2673134500000000e-01 9.9339893500000002e-03 -9.7213850000000004e-02 3.1341274500000002e-02 2.3490003200000002e-02 -1.5363992800000001e-01 6.1707321500000002e-03 -1.3079590499999999e-01 -7.5806402699999997e-02 2.0555835400000000e-01 -1.3017949700000001e-01 -6.5541113900000003e-02 3.2280784600000001e-01 1.8824541100000000e-01 3.2205736099999999e-01 -3.0492096299999999e-01 9.0725464199999994e-02 -5.6271476700000003e-02 2.1466349800000001e-01 8.7645427499999998e-02 1.5479156299999999e-01 -9.9748359199999997e-02 1.3188243399999999e-01 1.2815215399999999e-01 1.3670596500000001e-01 1.9476468799999999e-01 -1.0230868400000001e-02 -1.2693497400000001e-01 5.2354047399999999e-02 -1.4167318700000001e-01 -9.8236501800000001e-02 -5.7727080000000000e-02 -3.1021978400000001e-02 1.2479549600000001e-01
-2.3200619100000000e-01 -5.5602585500000003e-02 9.7474202600000004e-02 -1.5861152300000000e-01 9.6587420899999998e-02 2.6619384900000001e-02 1.0563907900000000e-01 -1.3889042600000001e-01 1.2882745700000001e-01 -2.7599719700000001e-02 3.8316201000000000e-01 1.2810758500000000e-01 -1.9406653200000001e-01 1.4534154399999999e-01 1.1440741500000000e-01 -8.8389188500000004e-03 -8.8663304600000006e-02 -2.1196975800000001e-01 4.1328131300000003e-03 1.8465065000000000e-01 1.7119934800000000e-02 -3.5351703000000001e-01 3.2826547599999999e-02 2.2937032299999999e-01 -2.5665206699999998e-02 2.0105457000000000e-02 2.3090088000000000e-01 -7.6219264800000006e-02 -5.7582207599999997e-02 -8.4073537899999995e-02 3.3412742000000002e-02 -3.4045410900000003e-02 -1.8545906400000001e-01 -1.0315837999999999e-01 6.3321247100000005e-02 -7.8631660899999997e-02 8.9846204200000002e-02 1.6289930300000000e-01 -1.4567908800000001e-01 -1.1401658300000000e-01 8.9425851200000003e-02 -1.0617306700000000e-01 -2.9645578600000000e-02 -1.0422763700000000e-01 -8.9388519000000000e-02 2.3009319699999999e-02 1.7377441499999999e-01 -5.3983817000000003e-02 -2.8088432099999999e-01 3.3031910400000003e-02
-5.7941418900000000e-02 -1.3029702600000001e-01 -7.3686049900000003e-03 -7.6858901399999999e-02 -2.1525872700000000e-02 -2.0074584500000001e-01 4.8082359599999999e-02 1.4376070799999999e-01 1.5069503800000000e-01 -8.9984969900000003e-02 -1.2105465300000000e-01 1.5685663100000000e-01 1.7415033199999999e-01 -2.1732156700000001e-02 -6.1320477300000002e-02 -3.3985875600000000e-02 2.9787453800000002e-01 -4.0258629499999997e-02 -1.7042447699999999e-01 -4.9854918400000003e-02 1.0785556300000000e-01 -1.0064318500000000e-01 1.3484411299999999e-01 1.3622241099999999e-01 1.3531961200000001e-01 1.2449017900000001e-01 -2.4814496100000000e-01 -5.9140669399999999e-04 -2.1947219200000001e-01 1.3540836500000000e-01 -7.6577577399999999e-02 -2.5595097500000000e-02 -1.7048916000000000e-01 -9.6943068899999998e-02 -5.6682850700000002e-02 7.1698180400000006e-02 3.1280903999999998e-02 -7.3102717799999994e-02 2.4279164700000001e-02 8.4801930900000003e-02 5.5675729100000002e-02 -3.6130005599999998e-01 6.2154154400000002e-03 -9.1439551499999994e-02 -3.4339483999999998e-01 -2.1544083600000000e-01 -2.3457971899999999e-01 -8.7393808599999998e-02 -1.5432825600000000e-02 -1.5873124999999999e-01
-3.4424360799999998e-01 2.1471921299999999e-02 1.2076665700000000e-01 -4.4820322900000001e-02 -1.2053864300000000e-01 1.4483330000000000e-01 7.6727397800000000e-03 -4.1375017000000000e-02 1.1413967699999999e-01 9.3829754500000001e-02 -2.8662938999999998e-02 4.1058603800000003e-02 -1.7679574600000000e-01 -8.5828717499999999e-02 -2.2011373500000000e-01 2.1306228699999999e-01 -6.2124256099999997e-02 2.4722353399999999e-01 -1.5111905700000000e-01 4.9436116699999998e-02 1.4955991099999999e-01 -1.4791820500000000e-01 -2.0523464899999999e-01 -4.9908963600000002e-02 1.4876602200000000e-01 1.8502456999999999e-03 -1.3391320700000001e-01 2.0400470899999999e-02 -1.0803123400000000e-01 -2.0418166799999998e-02 -1.9958625699999999e-01 -1.5099030899999999e-01 2.2474546400000000e-02 6.6658076299999994e-02 -1.1744649100000000e-01 -3.1282181900000000e-01 -1.8847916900000000e-01 -4.2923945300000002e-02 2.9916226899999998e-01 -3.6311714299999999e-02 -2.6123011099999999e-01 1.2906970600000001e-01 -4.6651406499999999e-02 -1.9804483900000000e-01 -2.0129230700000000e-02 1.3609688300000001e-02 -2.1647393599999998e-02 2.0466944800000001e-02 -2.6310711000000001e-02 5.2737025500000000e-02
-2.9845493699999998e-01 1.7836047499999999e-01 1.8934321400000001e-01 1.0052875600000000e-01 1.4190052300000000e-01 -4.6037353899999996e-03 -2.0136762100000000e-01 1.9152404000000001e-01 -6.7111657500000005e-02 -2.0662326500000000e-01 7.5674263300000003e-02 -1.7093874800000000e-01 -3.4298470999999998e-03 1.2884250100000000e-01 1.1075604999999999e-01 3.2982263499999998e-02 1.6626376800000001e-01 9.9832486799999995e-02 -7.2676968900000000e-02 9.1062604899999997e-02 -9.3361778000000006e-02 1.0725528199999999e-01 -4.2179840000000002e-01 -1.5984374900000001e-01 5.8624589599999999e-02 4.7394955400000001e-02 -1.2202481900000001e-01 2.6135722600000001e-02 -1.9455023799999999e-01 -2.3721087900000000e-02 2.4412138100000000e-01 -9.5560981500000003e-02 -1.1707838600000001e-01 8.3075757400000005e-02 -4.9731920800000001e-03 8.4655752299999998e-02 3.0079974100000000e-02 1.1826007800000000e-02 -1.1840666200000000e-01 5.7906269500000003e-02 1.6878103400000000e-01 -7.2336031800000006e-02 -1.3623695300000000e-02 1.5998768500000000e-02 -1.7976178600000000e-02 5.0898520699999998e-02 2.6663776800000000e-01 5.2993928699999998e-02 1.0544983900000000e-01 -2.2820175800000000e-01
7.6104205400000000e-02 1.1339954200000001e-01 5.9483881900000000e-02 -1.2402333500000000e-01 -1.9011841500000001e-01 -3.6021651100000003e-02 -3.0698707600000000e-02 -1.3776607399999999e-01 -1.5930212999999999e-01 -1.1413791600000001e-01 -1.3875453800000001e-01 4.5314933500000004e-06 2.3344417600000000e-01 -2.0008373600000001e-02 2.8641926900000000e-02 1.2557357399999999e-01 1.8475296600000000e-02 1.8168647300000000e-02 3.1442758199999997e-02 -4.3829166700000000e-01 -3.3260915099999999e-01 -2.0012569699999999e-01 -1.0677718200000000e-01 1.0932756500000000e-01 2.2850692999999998e-02 -1.8708807500000001e-02 3.6258918299999998e-02 -6.4598656300000001e-02 -2.0805961300000000e-01 -5.7751028699999998e-02 1.4388831299999999e-01 -1.6089310300000001e-01 2.8949923700000002e-01 -2.1090509800000001e-01 1.3581586600000001e-01 -8.5819408900000005e-02 -1.0541916400000000e-01 2.0866497800000000e-01 8.3296801500000003e-02 -8.4078779800000003e-02 1.0809532400000001e-01 -8.8838865000000003e-02 -1.1543991100000001e-01 -1.4530216500000001e-01 -1.2038578300000000e-02 -2.7901451800000001e-02 9.7062712300000006e-02 -2.8932369199999999e-02 -4.3741135500000000e-02 1.3667300199999999e-01
2.1145961800000002e-02 -8.0469246600000002e-02 1.6422773299999999e-01 -2.8423375699999998e-01 9.3695103000000002e-02 1.9520302500000000e-01 -1.4718895300000001e-01 2.0229843800000000e-01 -9.4131439600000005e-02 6.5169143999999998e-02 -1.9744755800000000e-01 1.0441359400000000e-01 -7.0050719299999994e-02 -2.0498588799999998e-02 -7.0070996299999994e-02 -1.1502945600000000e-01 1.0091944799999999e-01 5.9297403499999997e-03 8.8734187399999997e-02 -1.3505178900000001e-01 2.7197011500000001e-01 9.0381928500000000e-02 -1.3521630000000001e-01 -3.0165274900000000e-02 5.1024219900000001e-02 -3.1788788900000003e-02 -6.5820772900000005e-02 1.4751558500000000e-03 1.4514265600000001e-01 -2.0906834699999999e-01 -3.1759621999999998e-01 6.3090874800000004e-03 8.1374173600000002e-02 -3.9391689099999999e-01 1.4636275200000001e-01 -2.2975723900000002e-02 1.3669589100000001e-01 2.2271098400000001e-02 -2.4781272800000001e-01 1.8248366599999999e-01 4.1289031200000000e-02 8.2864451899999997e-02 5.0217760299999997e-02 -1.6426140299999999e-02 -3.6141356600000001e-02 -6.5796820600000000e-02 2.1629074000000001e-01 4.6391610799999997e-02 -1.1749613000000000e-01 2.6719010200000001e-02
-4.5974094100000001e-02 1.7050011900000001e-01 2.6342234100000000e-02 -2.1426576300000000e-01 -8.0870576999999999e-02 9.1894532700000000e-03 -2.2076688899999999e-02 3.7280344700000001e-01 3.4620826700000001e-01 8.1167362000000007e-02 1.6586939400000000e-01 -1.5391314300000000e-01 5.1356166100000001e-03 -3.2322000900000002e-02 -3.3646979200000003e-02 -4.7082578500000000e-02 2.0196460899999999e-01 2.8930180100000001e-02 1.3977135600000001e-01 -1.0995199300000000e-01 3.6265325199999997e-02 -4.0517115499999999e-02 2.2283254000000000e-01 -1.8060291799999999e-02 1.2195629900000000e-01 -3.0901283400000000e-02 2.3370511199999999e-01 9.3036496100000005e-02 1.8949909000000001e-02 -1.4637550999999999e-01 9.0684014199999996e-02 -1.2489671800000000e-01 -8.2974470800000005e-02 -1.5538592400000001e-01 -3.2609601699999997e-02 6.7103023700000000e-02 -2.4620475800000000e-01 1.9519654500000000e-01 8.8179963200000003e-02 -3.4271564999999997e-02 5.9677482400000002e-02 2.4278595500000000e-02 1.1187024399999999e-01 2.8975404999999999e-02 1.8442826400000001e-01 1.7867230500000000e-01 -2.0307920800000001e-01 1.9607046600000000e-01 1.7791832099999999e-01 -6.4043069999999994e-02
1.3633514099999999e-01 -2.5501125400000002e-01 -1.1473474400000000e-01 1.0054506000000001e-01 -2.3693464900000000e-01 2.3577097999999999e-01 -2.8806091200000002e-02 -4.3205951100000001e-02 1.3604038099999999e-01 -1.6220477899999999e-02 -4.1672672000000001e-02 -1.3850680300000001e-01 2.2814478199999998e-02 1.0485095000000000e-02 -1.4427794099999999e-01 -1.7711359500000001e-01 -5.5097991899999997e-02 1.4607451900000001e-01 1.3807819900000001e-01 -1.7605611399999999e-02 -2.2806194299999999e-01 -1.1118717700000000e-01 -1.7734706200000000e-01 -4.1600502400000003e-02 -4.0767416299999998e-02 -1.1918541500000000e-01 2.0764115199999999e-02 5.9707766299999999e-02 2.1279378500000001e-01 1.8158287700000000e-01 1.3265499000000000e-01 -8.5329236000000003e-02 -1.5807942899999999e-01 -1.3172839700000000e-01 -1.4587222899999999e-01 1.3990881000000000e-02 -9.2969774399999996e-03 -3.8481098700000001e-02 -9.5309871399999996e-02 2.0404948500000000e-01 -1.0175409000000001e-01 -1.3525284600000001e-01 -3.4288628000000002e-02 -1.8718141699999999e-01 -1.0509563000000000e-01 2.2976625800000000e-01 -9.1798127100000005e-03 1.3226712800000001e-01 -2.9512126300000002e-01 -2.6907524500000002e-01
