# CEC 2010 F09 shift vector (D=1000)
8.9243165300000001e+01
1.8331014500000000e+00
8.8813315900000006e+01
5.3313276999999999e+01
-8.2424489899999998e+01
8.2244136400000002e+01
6.1200270500000002e+01
2.9259445599999999e+01
-2.7229283400000000e+01
-2.6854070799999999e+01
-4.8842042499999998e+01
1.0448557800000000e+01
-4.3098337600000001e+01
-1.0647077299999999e+01
7.0888241500000007e+01
-1.5838769100000000e+01
5.8491346499999999e+01
-3.2060936300000002e+01
-9.8110159300000007e+01
-1.1119142699999999e+01
2.2919232000000001e+01
-5.0674611400000003e+01
-1.5191960499999999e+00
-2.2979441699999999e+01
-5.6925317100000001e+01
-5.1603921200000000e+00
-2.3279206200000001e+01
1.3561823199999999e+01
1.1093203800000000e+01
2.2122752800000001e+01
2.0771803100000000e+01
-6.8953468000000001e+01
-7.0679060600000000e+01
3.8318100700000002e+01
7.2194831899999997e+01
-2.7956054200000001e+01
-4.5182215300000003e+01
7.8106738100000001e+01
-5.1635885999999999e+01
-9.0560820399999997e+01
8.1482399999999998e+01
9.5100689900000006e+01
-6.8013756900000004e+00
-1.3901634600000000e+01
-4.4444284900000000e+01
2.7171175200000000e+01
-6.0973448900000001e+01
8.0284857299999999e+01
5.9769274899999999e+01
7.5725167700000000e+01
-5.5963399899999999e+01
-3.2392860300000002e+01
-5.8153391100000000e+01
3.9302609699999998e+01
-2.6815156300000002e+01
-3.4764921400000000e+00
7.8481815600000004e+01
-2.3517890099999999e+01
-6.8145577399999993e+01
7.1599246899999997e+01
2.5881024500000001e+00
-5.7226326000000000e+01
7.2797667899999993e+01
-9.7425162099999994e+01
2.1411068700000001e+01
-1.4832376700000001e+00
-9.1502063699999994e+01
-2.3883918000000001e+01
6.7096326599999998e+01
6.2470945100000002e+00
3.9636054700000001e+00
-2.3248424700000001e+01
8.5634554199999997e+01
8.7333608600000005e+01
-2.9627676000000001e+01
4.5515606499999997e+01
-1.2783382800000000e+01
-9.0116889800000006e+00
9.4813971199999997e+01
6.5137623500000004e+01
-2.2096797200000001e-02
1.2629724400000001e+01
-7.6448053200000004e+01
4.3404718500000001e+01
-5.3741295500000000e+01
8.5628946099999993e+01
8.6505705100000000e+01
9.9324139400000007e+01
-7.0052147800000000e+01
8.2788798600000007e+01
2.9460939000000000e+01
2.9978839300000001e+01
7.8957129600000000e+00
-6.3972795900000001e+01
-9.9172141499999995e+01
-5.3722354500000002e+01
9.7399270000000001e+01
-6.4924909099999994e+01
-5.5346738799999997e+01
6.6369160600000001e+01
-6.8584578600000000e+01
6.7806104399999995e+01
-9.5095403399999991e+00
7.6232501799999994e+01
-1.9437980799999999e-01
-7.6080440100000004e+01
4.2261624400000002e+01
-6.6814772599999998e+01
1.3419424299999999e+01
1.0446030300000000e+01
7.4391335300000003e+00
-8.7928816100000006e+01
1.6455688299999998e+01
-9.8852979199999993e+01
-6.4842059800000001e+01
9.3098766499999996e+01
4.9312559999999998e+01
9.9943226899999999e+01
6.0752083900000002e+01
7.1895403799999997e+01
6.2112467100000003e+01
8.4422739399999998e+01
4.5201240900000002e+01
5.9463436799999997e+01
7.4974925799999994e+01
2.8662802200000002e+01
7.5483054100000004e+01
-4.8823155800000002e+01
-3.7380586800000003e+01
-5.6510695200000001e+01
2.8816677700000000e+01
9.3584357800000006e+01
2.8019749800000000e+01
-1.1178671500000000e+01
-1.6670853699999999e+01
5.0967951300000003e+01
-3.7074748399999997e+01
-4.3427275399999999e+01
6.0537557300000003e+01
-6.4065367100000003e+01
7.1704057399999996e+01
2.4526099500000001e+01
-2.9065419899999998e+01
4.1239097999999998e+01
-3.9304214999999999e+01
3.2114408099999999e+01
-3.0210420099999999e+00
4.1271578599999998e+01
1.4189806799999999e+01
-4.7740436900000001e+00
-2.8198709300000001e+01
-8.8024082500000006e+01
1.0361729700000000e+01
-1.1593428299999999e+00
-6.7270180999999994e+01
8.7847323200000005e+01
3.0803619900000001e+01
-8.9638611200000000e+01
-3.5044404399999998e+01
-2.5563532200000001e+01
2.0856308400000000e+01
1.7134838800000001e+01
1.8063824799999999e+01
-6.3595888800000004e+00
-6.5350992800000000e+01
8.8300427600000006e+01
2.2940322399999999e+01
1.5539288800000000e+01
-3.9094976099999997e+01
3.2817357700000002e+01
7.5068746599999997e+01
-4.4679284199999998e+01
-6.1606431100000002e+01
-4.3658313499999998e+01
-6.0075848499999999e+01
5.5893786800000001e+01
9.1849050099999999e+01
4.6855393599999999e+01
-7.2614077100000003e+01
-2.6033283999999998e+01
5.5562135099999999e+01
6.0236137900000003e+01
2.0609318299999999e+00
-3.2313538800000003e+01
-6.8209057000000001e+01
8.0389344000000005e+00
4.5713761400000003e+01
8.0029328699999994e+01
-4.7157349900000000e+01
9.9140591700000002e+01
-5.2316692400000004e+00
1.2568348300000000e+01
-1.8504458799999998e+01
-3.1615316700000001e+01
1.0433755500000000e+01
5.2047310000000003e+01
-6.7263769900000000e+01
3.8606982199999997e+01
-5.6990129799999998e+01
-4.5693324199999999e+01
-5.7849071700000003e+01
9.5896850200000003e+01
8.8414137299999993e+01
-3.4815300400000000e+00
-7.2446733300000005e+01
-5.5239980899999999e+01
-5.9117259199999999e+01
-5.1929280499999997e+01
-5.8755608600000002e+01
1.3691300099999999e+01
-8.8721379299999995e+01
-2.1525800600000000e+01
-9.9960669400000000e+01
2.5580036700000001e+01
1.5955812000000000e+00
-8.6871218600000006e+01
2.8119846899999999e+01
-2.1369407700000000e+01
-9.4312338999999994e+01
4.1406041799999997e+01
-8.9511246100000008e+00
-3.6174143899999997e+01
-9.5536432899999994e+01
6.7848404599999995e+01
8.7296291999999994e+01
6.1988858000000000e+01
2.5940366000000001e+01
-7.2542699200000001e+01
1.3095444700000000e+01
5.9750680400000000e+01
-3.5181753499999999e+01
-7.8922322100000002e+01
-3.7579573100000001e+00
-7.5809520100000000e+01
-1.4006586600000000e+01
-6.3957754700000002e+01
-6.2063454699999996e+00
8.8404231100000004e+01
6.8528797999999995e+01
-4.3762218900000001e+01
3.5541916100000002e+01
3.7018381200000000e+01
4.2264744000000000e+01
-6.0657947899999998e-01
-5.6386902700000000e+01
6.4731116000000000e+01
5.2993960100000002e+01
2.1870460699999999e+01
2.7239383700000001e+01
4.1774982500000000e+01
3.8603633500000001e+01
-3.0828649500000001e+01
3.7016765700000001e+01
-7.1401104200000006e+01
-6.7500696899999994e+01
-5.8432267400000001e+01
4.6655021800000000e+01
5.6604403400000001e+00
-1.7637260099999999e+01
4.4310281400000001e+01
1.4389119000000001e+01
-2.5757932900000000e+01
-2.4829050300000000e+00
9.3219345500000003e+01
-5.1809163599999998e+01
5.6110948499999999e+01
-6.3806967299999997e+01
-1.0307722300000000e+00
9.1350978699999999e+01
-2.4837406099999999e+01
3.1882478500000001e+01
-9.3692327800000001e+01
6.6306237300000006e+01
-1.7077086900000001e+01
-8.2788116400000007e+01
7.5143637900000002e+01
-7.6591241299999993e+01
6.6889132700000005e+01
-7.0508802099999997e+01
6.9068032700000003e+01
-4.7712337699999999e+01
-3.5940748999999997e+01
-4.5998827700000000e+01
-1.0219891400000000e+01
-3.4679266200000001e+01
-7.6180405300000004e+01
-3.4680824100000002e+01
-4.5612736499999997e+01
3.8925416100000000e+01
9.8358590299999999e+00
3.2807812200000002e+00
-2.1289276800000000e+01
1.5309346800000001e+00
2.3346216900000002e+01
9.1648735900000005e+01
-6.6697482500000007e+01
2.5141279699999998e+01
-9.2830474300000006e+01
6.1482518900000002e+01
2.8205482700000002e+00
3.0442990099999999e+01
-2.7642939399999999e+01
1.9968707899999998e+01
-3.9960970000000003e+01
5.5696087800000001e+01
-9.1525884800000000e+01
5.9791442600000003e+01
-3.0596463000000000e+01
7.4146773199999998e+01
-1.7685531100000000e+00
1.7879560699999999e+01
1.2043654999999999e+01
7.8527589100000000e+01
-1.3739943900000000e+00
-6.3941475500000003e+01
-3.8824381000000002e+01
7.5859994900000004e+01
-4.2736246500000000e+01
-1.5057632000000000e+01
3.3578049999999998e+01
-3.3226080799999998e+01
5.5811953199999998e+01
2.7533944699999999e+01
-5.1925041800000002e+01
8.5013056399999996e+01
-7.5711385000000007e+01
-8.7742814199999998e+01
-6.0780465100000001e+01
-8.2075849899999994e+01
8.3612155999999999e+01
-1.7370269700000001e+01
4.9990508800000001e+01
1.7705898300000001e+01
3.8558081000000001e+01
-3.9157720300000001e+01
-6.4335527099999993e+01
9.0552755500000004e+01
-1.6405910800000001e+01
-2.9893840200000000e+01
4.9886319400000003e+00
-2.1051257799999998e+01
4.1488411300000003e+01
-6.3547064599999999e+01
-1.5758688400000000e+01
-2.1795433200000002e+01
-7.3581951900000007e+01
-9.7903045000000006e+01
2.0636304800000001e+01
6.7538220300000006e+01
-3.4188811600000002e+00
2.8591942700000001e+01
2.2779858800000000e+01
-8.7211292200000003e+01
-9.3358507900000006e+01
-3.5545159300000000e+00
-3.3390638000000003e+01
4.3612887299999997e+01
1.3956677300000001e+01
4.4955896299999999e+01
-8.3938359599999998e+01
-2.2380300800000001e+01
-2.9887254500000001e+01
3.9115226499999999e+01
-8.4993868300000003e+01
-7.0984217200000002e+00
-7.0951976200000004e+01
-6.3132831799999998e+01
-1.1304147400000000e+01
-2.5443542300000001e+01
5.2307915299999998e+01
1.7576486400000000e+01
5.4639700699999999e+01
-7.3327006600000004e+01
9.9575582600000004e+01
-5.2057308000000004e+00
3.2721112200000000e+01
-4.7695620400000003e+01
3.4145229000000000e+01
-4.1152779500000001e+01
7.8036424400000001e+01
9.9598968400000004e+01
7.9032873899999998e+01
-4.9812178600000003e+01
4.6402812900000001e+01
7.7661537699999997e+01
5.3737217599999996e+00
-6.4607648800000007e+01
-3.0624944100000000e+01
-3.1740614099999998e+01
-4.4846000500000002e+01
-6.1341173699999999e+01
6.0649105800000003e-01
-7.8151967700000000e+01
2.6489164000000001e+00
-4.2435413899999999e+00
1.3575036100000000e+01
3.1144248800000000e+01
9.9681012699999997e+01
1.6137910999999999e+01
2.0996739699999999e+01
-1.7081236400000002e+01
8.2936289399999996e+00
4.6835273500000000e+01
-4.0559919600000001e+01
-5.8763006300000001e+01
4.2960076500000000e+01
-6.3357508400000000e+01
6.5497797199999994e+01
-4.9033364700000000e+01
2.6601917900000000e+01
-7.0705085800000006e+01
3.5871219100000000e+00
-4.0096739700000001e+01
9.4969209500000005e+01
8.3439286399999997e+00
-1.9357637400000002e+01
-3.9413058499999998e+01
5.5470418199999996e+00
1.3800046399999999e+01
-9.0644040000000004e+01
1.5591837600000000e+01
-8.1882269199999996e+01
2.9150743500000001e+01
2.0698700100000000e+01
8.7949182199999996e+01
8.2797567700000002e+01
3.4145112900000001e+01
-3.1470762000000001e+01
8.0913808700000004e+01
-9.7575771099999997e+01
1.5676543499999999e+01
7.7131143300000005e+01
5.1030028400000003e+00
-4.0544722899999996e+01
-9.9794283900000007e+00
7.6229131100000004e+01
6.7632119700000004e+00
-1.0731054600000000e+01
6.6233487299999993e+01
-4.6615350599999999e+01
-9.2990496399999998e+01
5.8200660399999997e+01
9.2506748000000002e+01
4.0919164100000003e+01
6.2588187699999999e+01
-4.4048183299999998e+01
4.9410654100000002e+01
4.9076426200000000e+01
9.6639752699999999e+00
-9.2784599799999995e+01
-3.0980742500000002e+01
-1.5107349700000000e+01
-8.2802348400000000e+01
4.6256625600000003e+00
-6.7425822699999998e+01
-1.2941783400000000e+01
8.0358678999999995e+01
-3.8304824699999998e+01
8.9815476099999998e+01
4.4015099100000000e+01
-6.9681705600000001e+01
8.6537359800000004e+01
-1.0153297900000000e+01
-2.9231078900000000e+01
4.1474291399999998e+01
-1.4724771799999999e+01
7.0080507799999996e+00
-3.6052256300000001e+00
-6.0894914399999998e+01
7.5843539100000001e+01
4.2778049799999998e+01
2.9214140000000000e+01
2.4262706800000000e+00
8.6260623299999999e+00
-5.0305196799999997e+01
9.8618825000000001e+01
-7.7403615599999995e+01
-5.8171835600000001e+01
5.4191108500000000e+00
-2.9309647099999999e+01
6.1463304399999998e+01
-8.6589031700000007e+01
8.4359795199999994e+01
2.9478468599999999e+01
3.9698752399999996e+01
-4.0766073499999997e+01
2.5056242900000001e+01
-5.0599671299999997e+01
-1.2279237600000000e+01
4.0815533799999997e+01
-1.3947383600000000e+01
-4.1477162200000002e+01
8.5440654300000006e+01
9.5126132100000007e+01
1.9982594800000001e+01
4.7999352199999997e+01
-1.5327058400000000e+01
3.4830382800000002e+01
-7.0393851200000000e+01
8.1549834600000004e+00
-6.8854997600000004e+01
-1.7707841899999998e+01
-7.9955038099999996e+01
4.3760878699999999e+01
-4.6288272900000003e+01
-5.3654409500000000e+01
-8.2125248200000001e+01
-7.8576769299999995e+01
-3.7513369400000002e+01
-2.7746257600000000e+01
-2.3714848799999999e+01
-5.1754879400000000e+01
-5.1735136500000003e+01
-1.9956947599999999e+01
-8.7261691400000004e+01
2.2088920999999999e+01
-9.0421531400000006e+01
7.2195211099999995e+01
3.7663822000000003e+01
-5.9934759300000003e+01
-3.7002300300000002e+01
-2.6051048899999998e+00
2.7377776399999998e+01
-6.9896306199999998e+01
5.2807385099999998e+01
-8.4251955699999996e+01
5.6800142899999997e+01
8.1567628600000006e+01
3.8917396300000000e+01
2.7846430000000002e+01
6.2608828199999998e+01
-4.4736610900000002e+01
-6.6586529400000003e+01
8.0321996999999996e+01
6.3339469200000003e+01
-5.7846937199999999e+01
-6.3919082400000001e+01
-7.6033333099999993e+01
5.0372236000000001e+01
-5.6761253400000001e+01
-6.8014018699999994e+01
8.6731988099999995e+01
4.8585618400000001e+01
5.9176195499999999e+01
4.7435020500000000e+01
6.8519076799999993e+01
-4.4262851599999998e+01
-8.8970026500000003e+01
-6.0556146699999999e+01
-2.7379785900000002e+01
7.2435997200000003e+01
-3.8153115100000001e+01
-8.5803113199999999e+01
2.9370636699999999e+01
8.3288945400000003e+00
9.8608425499999996e+01
7.0055880000000002e+01
-9.8152481799999993e+00
8.6365022800000002e+00
-7.7190165300000004e+01
-7.3836551299999996e+01
-2.3745997200000001e+01
5.8433702699999998e+01
-7.3232030899999998e+01
-3.4135372500000003e+01
-1.4158977999999999e+01
-9.3373513599999995e+01
-7.1396349599999994e+01
-9.6397394500000004e+01
3.1270203899999998e+01
9.8567966200000001e+01
-2.6264195099999998e+01
-2.8350540700000000e+01
-2.1907134200000002e+01
4.0711699400000001e+01
-1.7344871200000000e+01
4.9992624100000000e+01
-4.7014891200000001e+01
-6.8364767499999999e+01
-1.9967694600000001e+00
-5.0863034100000000e+01
-3.2963459100000001e+01
1.2753509100000000e+01
-3.1870087600000002e+01
3.3856654700000000e+01
-3.3569665999999998e+01
-9.7474649099999993e+01
-2.9937976499999999e+00
-9.2541566599999996e+01
-3.0348875600000000e+01
2.3057994099999998e+01
-1.8036957199999999e+00
3.3304606499999998e+01
-4.2116649199999998e+01
-7.6094438600000004e+01
-3.4384230000000002e+01
7.1546155499999998e+01
7.1486102799999998e+01
9.1455817400000001e+01
5.7709516000000001e+01
4.0792572999999997e+01
-7.0652377000000000e-01
4.5767249999999997e+01
4.3603358700000001e+01
-8.9353453999999999e+01
4.0335240499999998e+01
-3.9703170499999999e+01
-3.4115256000000002e+01
8.0738535400000004e+01
-6.1945802899999997e+01
-1.1044136500000000e+01
-1.0135931800000000e+01
-1.6119057200000000e+01
-6.2295769399999998e+01
-8.3669561500000000e+01
-6.2817284000000004e+00
-6.5867431199999999e+01
-2.5685645200000000e+01
-8.9200550599999993e+00
-2.4814910500000000e+01
-9.1369511299999999e+01
-8.6834962300000001e+01
6.0802945399999997e+00
-6.1210143600000002e+00
-3.5511326099999998e+01
-6.9780744499999997e+01
1.2532785199999999e+01
-7.5455131300000005e+01
5.9303949400000002e+00
1.5605875299999999e+01
-3.0341269500000001e-01
1.6121844700000000e+01
-4.2092191800000002e+01
2.4656766000000001e+01
5.8106738200000002e+01
-2.0350018700000000e+01
5.2375028499999999e+01
5.4998940500000003e+01
8.6553233100000000e+01
1.3940479399999999e+01
6.2356642999999998e+01
-9.5560826500000005e+01
9.7262983199999994e+01
5.3823791000000000e+01
3.5024266799999999e+01
-3.5345307200000001e+01
-4.2492549599999997e+01
6.4632223100000004e+01
-2.6502460200000002e+01
-5.7268360000000001e+01
3.8736132499999997e+01
3.7416246999999998e+01
4.5624448800000003e+01
4.7214908000000001e+01
-6.4760066100000003e+01
1.9662622800000001e+01
-1.3185532800000001e+01
5.3025430299999996e+01
3.7970411900000002e+01
6.9613664600000007e+01
-5.1776531499999997e+01
5.5057372999999998e+01
-1.2664736299999999e+00
-6.7361360199999993e+01
2.7694342500000001e+01
9.8384060800000000e+01
3.9401441499999997e+01
-1.3456948199999999e+01
7.1404260699999995e+01
5.6479478100000001e+01
2.0596614899999999e+01
-4.2467529300000002e+01
-4.7319696299999997e+01
-3.4215712699999997e+01
-2.7504159999999999e+01
2.5293337500000000e+01
3.4468770300000003e+01
-1.5462784000000001e+00
2.6321196300000000e+01
6.6826639600000002e+00
-5.4818023099999998e+01
-6.8970413300000004e+01
-8.3982028300000007e+00
1.9289188299999999e+01
-5.8363531000000002e+01
-2.8343236200000000e+01
6.1502380299999999e+01
-9.7583764900000006e+01
9.0510062399999995e+01
-9.8920639100000002e+01
7.5739573600000000e+01
7.6129583999999994e+01
3.1161382400000001e+01
1.5291789600000000e+01
-3.1855744699999999e+01
7.7407085800000004e+01
9.5703486299999994e+01
-8.1461435399999999e+01
1.4926507700000000e+01
-5.8201182199999998e+01
-4.6024009800000002e+01
-3.9704528800000000e-01
9.0580838400000005e+01
4.0970215799999998e+01
4.8340617399999999e+01
6.0758645000000001e+01
-3.8988521599999999e+01
-3.1529268800000001e+01
-7.8133649399999996e+01
5.0359819600000002e+01
6.8434836700000005e+01
1.1624064300000001e+00
-8.0680953000000002e+01
1.8890048300000000e+00
-2.3063175699999999e+01
-4.6080611599999997e+01
2.1208768200000002e+01
-3.9843902800000002e+01
8.3331602399999998e+00
-9.0089325200000001e+00
-7.6794099900000006e+01
7.6288117799999995e+01
-6.2705104400000003e+01
-2.2294563199999999e+01
-2.2248614199999999e+01
-6.5200128699999993e+01
2.2050843599999999e+00
-4.2475291900000002e+01
-5.3840798100000001e+01
7.0141384099999996e+01
5.0049892800000002e+01
8.7914728199999999e+01
2.9342353100000000e+01
8.6162377000000006e+01
-6.7406518800000001e+01
7.9581145000000006e+01
-4.0649708699999998e+01
1.6535906600000001e+01
9.9887317600000003e+01
-2.9648970000000001e+00
1.4425619500000000e+01
9.2186860300000006e+00
6.8021596100000004e+00
-9.6915744999999998e+00
-1.5855119100000000e+01
4.2717261200000003e+01
-1.6855378600000002e+01
-6.8077594200000000e+00
9.8478960000000001e+01
9.1434593599999999e+01
4.7997912700000001e+01
8.0557036400000001e+01
6.2622732499999998e+01
6.8165515299999999e+00
-3.6862330499999999e+01
-8.9856880100000005e+00
-8.7139868300000003e+01
9.2307617100000002e+01
8.0857259499999998e+01
-3.5750180800000003e+01
-5.7792693999999996e+00
-7.2463244399999994e+01
1.2657295700000000e+00
-8.3864539800000003e+01
9.3075131399999993e+00
7.9609934199999998e+01
-9.3322468000000001e+01
1.3771707800000000e+01
6.4235966500000004e+00
4.2264220299999998e+01
-2.5760264200000002e+01
2.3849816199999999e+01
-1.4952637000000000e+00
9.3461501400000003e+01
8.7244700399999999e+01
7.5368622099999998e+00
-4.3791342000000000e+01
4.2730542700000001e+01
-8.3118097399999996e+01
8.6159169100000000e+01
-1.0632307400000000e+01
-7.8173657100000000e+01
-2.2064971100000001e+01
-2.1105048700000001e+01
9.7719478499999994e+01
2.7015657099999999e+01
8.7551475600000003e+01
4.5609036799999998e+01
-9.6869667100000001e+01
-1.0903188399999999e+01
-9.4156164500000003e+01
1.9583575600000000e+01
5.0050284599999998e+01
3.1881118699999998e+01
3.8740788999999999e+01
-7.0817626700000005e+01
-9.8362174400000001e+01
5.6846749299999999e+00
4.9211587500000000e+01
-3.5191558499999999e+01
6.4694417700000002e+01
-7.5916009799999998e+01
-2.6721069100000001e+01
-9.7028534200000003e+00
3.3703202099999999e+01
1.3032403800000001e+01
-6.4936217200000002e+01
-4.7670642499999998e+00
-6.4916378399999999e+01
7.4414502200000001e+00
-2.0686389800000001e+01
-6.1209994299999998e+01
-4.0586966500000003e+01
5.8724879600000000e+00
6.1838683000000003e+00
-8.3844292899999999e+01
1.2108727300000000e+01
-2.2809324900000000e+01
3.3839074599999996e+01
-6.0337978600000000e+01
5.8685857300000002e+01
5.2260517800000002e+01
6.5010858999999996e+01
8.3246160099999997e+01
1.4677352100000001e+00
7.7753319899999994e+01
2.2727949700000000e+01
1.2680002099999999e+01
5.0712935000000002e+01
-7.6606667500000000e+01
8.7165357799999995e+01
5.0778061600000001e+01
2.4735733400000001e+01
-6.4891392999999994e+01
-4.8020969399999998e+01
2.8059484099999999e+01
9.3967902899999999e+01
5.2627255799999997e+00
-6.2684196200000002e+01
8.4537765600000000e+01
8.4470693899999993e+00
-5.5498627200000001e+00
5.6664989499999997e+01
-2.8006127800000002e+01
-8.2288819700000005e+01
4.7609292500000002e+01
-6.6223744499999995e+01
4.2823558599999998e+01
-5.3582528799999999e+01
-3.4106202600000003e+01
2.7666034400000001e+01
1.1879132400000000e+01
-8.7044477900000000e-02
-1.1607502300000000e+01
-3.6853091800000001e+01
2.6924912800000001e+01
-5.1712327000000002e+01
-2.4196846699999998e+01
7.0347421299999993e+01
2.2793462600000002e+01
4.6692349299999997e+01
7.9378201300000001e+01
3.9041579700000000e+01
-5.8100570800000000e+00
3.1940716800000001e+01
-1.5669910900000000e+01
4.0428504599999997e+01
-3.8059507099999998e+01
4.4849903500000003e+01
7.4694262600000002e+01
5.0217362000000001e+01
3.5252422299999999e+00
-2.8838351299999999e+01
1.9570124700000001e+01
1.1293979800000001e+01
8.5767986500000006e+01
1.4621830100000000e+01
8.2087827399999995e+01
-3.4298312400000000e+01
-4.0129954099999999e+01
-7.0074992100000003e+01
4.4050847300000001e+01
-1.5982580700000000e+00
-9.9423087800000005e+01
-6.8488765500000000e+00
6.9553077700000003e+01
4.3156030399999999e+01
-4.5640260099999999e+01
2.4793266400000000e+01
2.3166669500000001e+01
-1.0152895800000000e+01
9.5418108799999999e+01
3.2890694199999999e+01
7.2664494800000000e+01
8.4265175900000003e+01
2.3992436600000001e+01
5.9101541500000003e+01
9.2367027800000002e+01
-5.5533689899999999e+01
8.6420819300000005e+01
-3.2234768500000001e+01
5.3334565300000001e+01
-8.1731924599999999e+01
9.3655810599999995e+01
-7.1890108499999997e+01
-7.9559066999999999e+01
-2.7346504500000002e+01
-4.6055509299999997e+01
1.0923131600000000e+01
2.1555350799999999e+01
-4.3007717100000001e+01
6.0612469500000003e+01
-2.8837621100000000e+01
7.9096536200000003e+01
7.0236405099999999e+01
4.5811179799999998e+01
-4.0331455800000002e+00
3.2580591200000001e+01
8.0562975800000004e+01
1.5350557500000001e+01
-7.4622340600000001e+01
8.7587670299999996e+00
-5.1551926100000003e+01
-6.9814997800000000e+01
-6.6514442100000002e+00
1.6780703899999999e+01
7.9715812600000007e+01
-2.2120234700000001e+01
-7.6394883500000006e+01
6.8960813599999994e+01
-9.9076545300000003e+00
2.4682339599999999e+01
-8.6128205500000007e+01
8.3092291700000004e+01
8.4074983200000005e+01
-2.9906130900000001e+01
4.9825150299999997e+01
3.6125592900000001e+00
8.6591869399999997e+00
-5.9547547299999998e+01
-5.5191046900000003e+01
2.5289398700000000e+01
6.9538228999999996e+00
-9.5067691999999994e+01
-9.4672850699999998e+01
9.2489728299999996e+00
4.9325382400000002e+01
4.2810461300000000e+01
9.9204184799999995e-01
-9.6293685999999994e+01
-5.3706014199999998e+00
-8.7895188199999996e+00
3.2862468300000003e+01
1.5920685199999999e+01
1.8702212400000001e+01
-1.7574503000000000e+01
-8.7175663200000002e+01
-9.5403037200000007e+00
7.8421325800000005e+01
-5.7265143799999997e+01
2.5907009300000001e+00
-6.3021648200000001e+01
2.7487425800000000e+00
-3.2434401899999997e+01
-8.3369326999999998e+01
-7.3663636999999994e+01
-9.4683686899999998e+01
-1.5813595800000000e+01
7.8626464799999994e+01
3.3253939899999999e+01
1.7656371700000001e+01
-6.2888513000000003e+01
3.3678253200000000e+01
1.9519155900000001e+01
6.9950478699999996e+00
3.8342835800000003e+01
7.6062228399999995e+01
6.5565613499999998e+01
-9.9430106199999997e+01
4.9180044599999997e+00
-4.9960078000000003e+01
6.9228058200000007e+01
-7.2660052600000000e+01
3.2298798099999999e+01
-7.7657760499999995e+01
9.9097253799999994e+00
9.7903949699999998e+01
-9.8205993399999997e+01
-4.1985098000000001e+01
-2.0977486299999999e+01
-4.7667418800000000e+01
-8.2808203100000000e+01
-3.1216956900000000e+01
6.7250478900000005e+01
-4.8028734399999998e+01
-7.8866752300000002e+01
-4.9966252099999998e+01
-4.7217300799999997e+01
2.1058643199999999e-01
-6.6823789500000004e+00
