# CEC 2010 F09 permutation vector 0-based (D=1000)
887
811
323
960
716
326
454
775
119
674
25
435
367
83
681
322
112
868
94
417
780
937
803
334
733
101
693
516
147
145
504
850
901
677
848
576
719
655
833
853
35
43
924
72
785
131
745
222
687
768
389
317
680
647
166
80
50
494
114
706
858
557
909
345
277
154
113
604
3
813
522
670
358
939
889
866
931
982
895
979
355
821
111
946
406
398
390
528
723
746
585
879
908
510
261
812
612
259
936
628
965
310
728
986
530
239
545
855
704
256
26
974
194
910
580
881
933
622
427
202
21
581
328
485
637
684
595
484
643
68
348
646
571
542
305
210
978
961
867
950
109
465
216
300
17
175
247
73
549
383
984
989
116
195
396
973
439
4
805
252
845
941
15
242
696
512
155
159
52
815
250
161
685
228
592
199
473
645
472
563
594
144
476
280
694
187
56
1
57
213
446
153
350
710
892
748
690
839
292
488
191
344
825
518
466
240
970
703
262
381
468
797
918
385
944
789
878
84
42
401
741
311
618
10
403
303
338
659
683
508
436
31
962
347
744
949
490
284
629
731
87
483
926
776
754
712
211
426
686
130
899
230
523
453
32
636
100
796
709
501
359
387
735
330
747
561
635
149
353
104
983
695
940
182
429
673
276
295
972
804
844
283
51
761
874
467
890
234
902
343
431
428
641
170
34
553
470
137
13
792
721
915
364
758
503
314
896
957
95
82
838
142
588
382
471
496
225
173
443
369
325
898
642
285
534
865
23
871
519
477
977
298
814
743
626
377
61
859
737
0
606
274
192
912
462
172
313
278
55
514
423
526
139
913
304
851
125
407
254
574
28
730
611
297
556
790
464
829
77
740
591
233
987
911
419
395
152
495
336
491
312
193
596
405
802
927
209
106
533
584
527
907
806
657
959
732
156
205
96
565
559
548
539
223
402
679
648
875
20
86
146
521
900
268
751
640
992
39
189
558
269
766
884
479
543
830
255
227
893
764
75
370
535
782
569
434
573
121
22
938
258
237
375
133
63
19
475
603
837
616
916
266
110
668
724
458
835
178
489
331
273
371
221
883
67
27
200
5
399
212
888
93
8
980
306
136
272
649
98
126
380
58
332
678
102
169
236
947
498
33
45
37
586
697
244
85
634
729
872
307
800
129
713
368
794
537
841
715
408
410
702
891
532
337
342
352
602
171
66
985
208
241
9
361
942
360
70
885
393
81
843
739
271
478
53
820
547
493
206
725
788
639
253
749
930
610
281
319
767
827
619
520
540
854
421
245
997
617
589
996
186
440
134
29
422
486
430
691
698
165
201
567
963
176
544
870
614
738
224
246
379
956
438
455
623
231
267
425
127
79
108
552
487
627
265
162
388
18
633
934
923
945
726
132
779
624
770
204
346
577
578
808
672
409
587
120
593
324
550
903
861
675
765
122
876
424
750
621
59
135
570
801
700
605
217
290
664
374
638
316
207
452
515
727
517
665
2
48
826
88
682
64
869
783
625
971
600
993
507
386
755
906
615
99
411
707
929
590
460
480
315
444
238
7
12
575
282
329
62
177
769
71
822
174
998
714
880
964
921
976
999
294
78
554
40
415
89
416
967
138
667
877
932
817
188
74
286
54
190
688
529
824
418
197
164
296
513
384
608
662
777
653
181
469
711
198
661
566
378
394
905
660
243
564
445
807
717
613
203
16
791
275
320
442
321
509
335
831
772
650
41
948
318
354
11
935
447
759
235
215
620
631
651
630
308
226
920
376
357
787
799
91
583
105
816
852
809
928
365
492
249
143
90
180
502
97
506
279
461
148
784
356
699
351
798
762
291
644
414
44
167
720
860
437
582
862
856
432
391
995
288
988
373
229
654
736
953
975
232
157
676
184
160
810
251
150
757
128
47
448
917
141
482
541
327
894
597
38
151
756
560
966
289
372
958
990
922
340
601
220
994
449
823
834
505
392
656
904
742
363
218
301
196
847
863
773
551
919
882
734
293
107
692
457
786
536
497
793
572
955
752
864
954
270
525
183
49
562
124
708
840
969
722
118
609
500
302
499
689
781
65
339
76
412
857
546
117
531
163
60
828
168
463
846
115
568
819
968
185
36
450
842
219
818
753
774
607
341
333
991
538
897
400
441
795
886
771
524
943
248
763
873
92
701
397
778
669
140
214
632
14
257
666
451
599
658
456
849
952
579
413
433
260
46
349
598
652
981
420
404
103
832
760
123
951
158
718
555
474
179
263
362
287
481
264
671
69
24
836
511
663
309
30
925
6
459
914
299
366
705
