# CEC 2013 LSGO F05 shift vector (D=1000)
2.4234801518236062e+00
-3.1400051817263521e+00
2.0398240929053362e+00
3.9182451317405520e+00
6.0534767165512748e-01
-7.6276222473773081e-01
-4.3778353771128300e+00
5.7646382833448861e-01
-3.3138035849750822e+00
-3.8185335708889050e+00
1.5974714400950620e+00
3.3553728314720139e+00
-3.5593385035938763e-01
-1.4545531164524079e+00
-2.9577323004987992e+00
-4.6900046839495158e+00
-2.7671723132313599e+00
-4.3891270087975096e+00
3.0023189316161911e+00
4.2158958172039656e+00
1.8796608639310810e+00
-6.5338105205146424e-01
1.2131059195896550e+00
-4.1340645232322917e+00
3.4516458310139231e+00
2.2420455282301650e+00
-5.6789426405466992e-01
1.7477273123483630e+00
9.7031864767564713e-01
-1.9509735002734709e+00
4.2788172070746970e+00
1.7552694172728520e+00
-1.0627699307933129e+00
-4.2387243298771909e-01
7.4945200329212380e-01
-2.5386361816359688e+00
1.1183704330396260e+00
3.1008599928179681e+00
3.5279469860682640e+00
4.6711615851862751e+00
-8.9699826259182491e-01
4.0706377214443759e+00
3.1461464901682147e-02
-2.3035787478773191e+00
3.7758797718790760e+00
1.5074658243859909e-01
2.6098034138832588e-01
2.3980788775229189e-01
-3.7865894303773251e+00
1.7656022392867201e+00
-2.9059943351392259e+00
-2.7911881457799498e-01
-2.5450889150445688e+00
-3.2648939053800068e+00
-3.3656300972115361e+00
4.4819483549845240e-01
-1.8308843333961839e+00
4.0178983784575824e+00
4.9807646139289563e+00
2.7270043145217970e+00
-3.5484652278834221e+00
1.6321809675215471e+00
1.4607091029761561e+00
-2.7984086030706918e+00
-1.7607256036764261e+00
2.9315282152434402e-01
-3.3989764094997752e+00
-3.1089415376392191e+00
-2.1557757961788679e+00
-9.7704802398590807e-01
-2.2271770382118290e+00
-3.7636708659583258e+00
-4.0725862367347716e+00
3.4332802885462952e+00
-2.5100323429792848e+00
4.4285264648597158e+00
2.8372931380587141e+00
2.1464343203336291e+00
-4.1290973182652584e+00
-4.2486303599587103e+00
1.9074802945495639e+00
4.8976413217154589e+00
3.5287118183457369e+00
7.1898714121693597e-01
4.7109116480740472e+00
-2.2535265973638232e+00
-2.8164336744465461e+00
-2.0460403255421360e+00
9.7887640412673421e-02
4.5429966971031561e+00
2.6669190650515300e+00
4.4127773706531714e+00
-2.1560618387742418e+00
3.6279823195947678e+00
1.3331863290177950e+00
2.3572095898546652e+00
-3.0429600762550360e+00
-2.8525179819508941e+00
4.2997533624116908e+00
3.0645530135431720e+00
1.4170907800645800e+00
-1.3734899867146511e+00
3.1329349564625519e+00
2.7308842243378151e+00
2.4217939773709962e+00
2.9261351105721389e+00
3.4924253681942941e-01
4.8425641041319167e+00
-2.8644041604546771e+00
1.2317550048518600e+00
-3.9847059975811359e+00
4.8274463583750489e+00
2.7809586651339462e+00
-7.4989470316897444e-01
-3.2504730159035322e+00
-1.7450693243279380e+00
-1.1511837417159501e+00
4.3768033337457286e+00
7.6230861523712257e-01
8.6102249279582166e-01
2.0157059107171098e+00
4.5879396308565346e+00
2.0940310580678250e+00
4.3025391421495494e+00
-3.0849828332106961e+00
-1.0185660277854960e+00
-1.3170569537913450e+00
-1.6039856874947289e+00
-4.2924694046380738e+00
-3.8300574870361079e+00
-2.6999473246552841e-01
1.2738182670284570e+00
-1.7668198154271630e+00
1.9005798467418740e+00
-1.2466333020085649e+00
-4.5418275045914989e+00
-9.5299548905802034e-01
-3.3502912111579791e-01
-3.9257337475569791e+00
2.8626445780361340e+00
9.5881954251790591e-01
2.7106558875529911e+00
-4.4456327957079163e+00
3.6077900176124631e+00
-3.2050043786991940e+00
-1.4866989013439971e+00
7.3229641492745290e-01
4.0237921578907114e+00
2.6645109968645011e+00
-4.4919307764003999e+00
-6.9235466267028201e-01
-1.8388544413587471e+00
2.3701448661984932e+00
-5.3694761996903062e-01
-2.9191549837736082e+00
4.2256568200496876e+00
2.1858372636839669e+00
-8.6672747754329005e-01
-1.8117043350215109e-01
1.9867196408022589e+00
-3.5331967450584751e+00
-3.4342420932949329e+00
-2.2569251647048350e-01
2.8181608687445698e+00
3.4343949648054761e+00
-3.7500521796082649e+00
-3.4681244392427120e+00
3.1949793554803190e+00
2.1730115948205400e-01
-1.7474019357798249e+00
3.0102347831312888e+00
-1.0823527957205621e+00
-1.8759636378570921e+00
2.3942764580001401e+00
3.3364459990154129e+00
-3.5233391936068812e+00
-2.7580342351894660e-02
6.4335252155537537e-01
-4.4513030511611777e+00
4.8545209970294350e+00
3.4565762231335619e+00
1.9927572784998970e+00
6.0250452788262632e-01
-4.5068715928724137e+00
3.9960907995521202e+00
1.1250594146008870e+00
-4.6549013539620763e+00
1.8710845919821120e+00
9.8912086368010255e-01
-6.9132501997759110e-01
9.1696727695940672e-02
-2.0984946329630111e-01
-4.9410396336223306e+00
-1.8879054729533580e+00
2.4152130792252229e+00
-3.9269453129362608e+00
-9.4623420949792825e-01
-7.4338768827180612e-01
-1.1560821614120720e+00
4.4757568707168138e+00
3.1646947208142069e+00
-1.8571671992791610e+00
-3.8597716888658149e+00
2.8386116728870370e+00
4.4508427441098428e+00
-1.9994549734759219e+00
2.7168162574664212e+00
-7.7403178015961882e-01
-1.0544599389600131e+00
4.3060165282794900e+00
2.8374452760333302e+00
-1.1394142351134950e+00
-1.9545525967517769e+00
4.9586051638519792e-02
-2.9941999510317969e+00
7.1478438712469228e-01
3.1120688765579971e+00
1.6853562643476661e+00
-3.3748961284796080e+00
2.4800955715794348e+00
-1.7244272618107570e+00
-1.6948567274792901e+00
-1.9575878928594890e+00
-1.9917651856566471e-01
-3.0197708967174770e+00
4.2732219482611420e+00
-7.8394191726294016e-01
-8.1058644416770465e-01
-1.1810072534257381e+00
-1.0319556444295330e+00
-2.6727412229017440e+00
-1.0044675966421570e+00
-2.9418941134435359e+00
-2.8049554332118070e+00
-4.4421637860533734e+00
3.2048014528823558e+00
-1.3634362752050271e+00
-3.4467540043684303e-01
-4.8937583394257436e+00
-2.6555065885218250e+00
-2.0639759313056532e+00
2.5666122962415510e+00
3.6885682070763139e+00
8.5466926043037095e-01
-3.0741682430259529e+00
-1.0882315757910881e+00
-1.1329449016049180e+00
-3.4964130326638552e+00
9.7123655913869666e-01
1.9603976096200491e+00
2.7360163531398540e+00
2.8244448255234960e+00
1.1393143476150489e+00
2.3356977078402021e+00
1.4269514883641070e+00
2.6922389365686522e-01
8.7917347242941180e-01
-1.5641712151607610e+00
4.4606976858078360e+00
-3.4292026479347899e+00
4.5541527520568819e+00
2.7206607544761678e+00
-3.1430023837773602e+00
-4.9526477122708732e+00
2.9185626586336348e+00
-1.4129879294862451e+00
3.7134061192423951e+00
-1.8557735612140711e+00
3.0221560028196559e-01
-1.9878178216406239e+00
4.3678802263152043e+00
4.7506012631150668e-01
-2.2597594392369169e+00
1.9171868198665181e+00
-7.1909263474204055e-01
-2.0949653384661602e+00
3.3006858172286191e+00
-1.4177141642978051e+00
-6.7415149578699540e-01
-7.7061722390749798e-01
-4.2232428653915779e+00
-2.7390290742474539e+00
-1.3405543804957250e+00
1.6202213892841140e+00
2.1368984783769700e+00
-3.3990704316823002e+00
-3.2016046030782341e+00
-1.3817372550425120e+00
3.5728452220424658e+00
-1.8192899425496789e+00
5.6810216556332682e-01
-3.0291976220831831e+00
4.6369256673746060e+00
2.4283046739444551e+00
9.1841620848857697e-01
4.0485913426778328e+00
5.8606934603300842e-01
1.2485124890702080e+00
2.2337482863174181e+00
2.9296434440970560e+00
1.2853386581619040e+00
-2.8282913164314061e+00
3.2556587054348212e+00
3.2774111723185588e+00
-1.9794262938762139e+00
-7.6727560487673152e-01
1.2829201516178110e+00
-2.2879897740712432e+00
-4.9774460905192299e+00
4.3677188182216381e-01
3.6094472617989748e+00
4.5212189490920363e+00
2.7063394565150789e+00
-3.8966415670707000e+00
3.8143772116945363e-01
-2.8284347841916451e+00
1.8107201254849839e-01
3.2429322822707891e+00
4.9262239104163441e-01
1.6052265167534649e+00
-3.1413931442751859e+00
2.6694534612188492e+00
-2.1094670342724581e-01
1.4823934065052320e+00
1.0542926323388280e+00
3.7835008624240900e+00
3.4529406420340512e+00
3.3694322884680958e+00
-1.2902370517427750e+00
-1.5976209593545070e+00
4.1859210571799066e+00
-3.6946353306513391e+00
-4.5217142192723578e+00
-1.4634655315288201e+00
-4.8386011018169803e+00
1.8208687813533799e+00
-4.1348561601419531e+00
-5.7215094217266216e-01
3.5367793258744880e+00
-4.7593800503395911e-01
-4.7468058327886968e+00
6.4972305604435165e-01
-6.0136349976681147e-01
-2.1898027020498489e-01
3.5549686332890471e+00
-2.6688539065238661e+00
3.9477569155800758e+00
-2.4367056123803028e+00
-3.4753503326298478e+00
1.9971292523627600e+00
-4.0813771250202064e+00
-3.4702640229882720e+00
-4.8873068012367957e+00
4.1621219004735022e-01
1.8326133503485700e+00
3.5989856219977141e+00
-5.4361423970617628e-01
-7.7413385716442629e-01
-1.2869900708810611e+00
4.0824792576259339e-01
-4.6892259780836856e+00
-1.7092452886635630e+00
-2.5635550874668720e+00
-2.7500627551041421e+00
-1.0423785564706061e+00
3.0767001131117420e+00
1.4806946101334009e-01
-4.0512217067228679e-01
-8.0936956481521161e-02
1.5854308181051679e+00
2.7469143246707981e+00
-9.3258040349242988e-01
4.0019357930586299e+00
2.2160372806085089e+00
-4.7071959239696746e+00
6.6255537612206916e-01
3.8273866562469818e+00
-2.6775054976202539e+00
-4.1101180040944367e+00
-1.6352002848491640e+00
-1.4387392244502459e+00
3.7702262698711859e+00
-1.5489908921061051e+00
1.3034683843596001e-01
-1.9656060109776019e+00
-5.1919599299134034e-01
-2.9163911943192322e+00
4.6837882714526016e+00
3.8878409866303931e+00
3.9627615578251019e-01
-1.4392617706472590e+00
3.0646232471271340e+00
3.3409896478957363e-01
-3.2628704249144760e+00
1.7561809134346831e+00
-7.9154664080058879e-01
-4.7142805151710734e+00
-1.8567810902761690e+00
-4.6386604677789256e+00
4.3331671306436386e+00
-3.1028848181160611e+00
3.4983364823933711e+00
-1.3226941977985121e+00
-4.6635780635658683e+00
-8.1440327223047726e-01
-4.2942752032511171e+00
-7.2441469546129011e-01
-1.1411097994053360e-01
-5.8421591404156636e-01
2.9437302471326748e-01
1.0831969118081470e+00
-2.6863530272563709e+00
-3.8355848309354492e+00
-3.0271305137954729e+00
-3.7298383002101132e+00
1.7987151668275161e+00
3.7621117485726951e-01
1.9244795787170790e+00
-9.2934309050625585e-01
3.2206041904427209e+00
1.3495125192443440e+00
9.6951287654490104e-01
-9.8148533369239455e-01
1.4890757681187430e+00
-3.5695836476820380e+00
3.8785078745773588e-01
3.2657872574247659e+00
3.7364925757749812e-01
2.1795610195365658e+00
-4.5703545497336648e+00
5.0918759875997155e-01
-4.9542876929816160e+00
-9.6395744826746621e-01
2.4863150419245350e-01
-1.4220639488299180e+00
2.8274345193134480e+00
3.8019157429242858e+00
2.0973556798903612e+00
3.1276169584937832e+00
1.1449821919589640e+00
-5.2710949833416376e-01
-8.3092010014308748e-01
8.7340569367263449e-02
5.5257629165802535e-01
-2.1519962834392952e+00
4.1129582743202926e+00
-4.0836236608548644e+00
1.4399247154688659e+00
1.0736196394927580e+00
-2.9765908223671222e-01
-4.6200044323181610e-01
-2.4815362710208650e+00
-4.6677092225425456e+00
3.8926432345751660e+00
5.4180115378130234e-01
-4.7095704657561814e+00
-1.4040921924128680e+00
4.1742773834096578e+00
4.6600468088898737e+00
1.5543061457296341e+00
-1.3772121218547630e+00
2.8178698072554429e+00
-1.3781258312309511e-01
-1.4052926974718620e+00
-4.4950320124514000e+00
-5.7743023565589091e-01
-1.6337731509108420e+00
2.5277978317652492e+00
4.4611514628068143e+00
-4.5294505576388842e+00
-3.6549950813822701e-01
3.6187129449790878e+00
1.2857244436653081e-01
3.7073833271247540e+00
3.1199328133970812e+00
1.6672282839364430e+00
2.4888020641843611e+00
-2.1112440282396219e+00
4.4839853996153861e-01
4.1166519793697436e+00
2.8608819901234921e+00
-4.1753500275727404e+00
2.7675217238126848e+00
1.2319485246051800e+00
-2.9219451615953531e+00
3.2627958252428448e+00
1.5723699207288351e+00
-2.7024720779026228e+00
3.9698194186723521e+00
1.1224259927724480e-01
-4.3037784659175582e+00
-4.5746696542254348e+00
2.7462682871961791e-01
2.9832464319492940e+00
2.3649978890017751e+00
4.7619538497364360e+00
3.4923294714633019e-01
-2.3832664055052750e+00
-1.9720166756045781e+00
-1.6830453252272390e+00
1.8493637351326240e+00
-1.6228038354133401e+00
2.2922908127116521e+00
4.8118461826742749e+00
6.3317707513050225e-01
5.1688020093805065e-01
3.6590655141641188e+00
2.5108335488008842e+00
3.2320236855194771e+00
-4.5431961236673031e+00
-4.8218472585511822e+00
2.2244994149112891e+00
-2.8405262698636369e+00
1.3767719584094040e+00
-1.4460471762348470e+00
3.3888272631463980e+00
-3.6548038022854218e-01
3.4901593816886671e+00
-2.6314158296585410e+00
-2.1542023457160968e+00
1.5887015686507560e+00
-2.0015916824746398e+00
-4.2181205405926114e+00
-3.5548416479528360e+00
8.0828889128662096e-01
-2.6121792789933131e+00
-2.3786005505376000e+00
-3.9301486926260849e+00
-5.9547772192400639e-01
-1.5653068951537441e+00
-1.6529585716788739e+00
-2.3914354208681292e+00
2.8396679925660879e+00
3.9190302322552641e+00
1.7893376819276079e+00
1.0731918673733380e+00
3.8973676848641481e+00
2.0697938583396538e+00
1.4442560646389960e-01
-2.5275150794928241e+00
-6.6071569781297190e-01
-9.6273092813200578e-01
8.1537030002786448e-01
4.7359506586841240e+00
-1.5724539544017710e+00
2.4691394151855648e+00
-4.3859911778662779e+00
-8.9942386746712977e-01
-6.0079253248102804e-01
-2.9703499101142672e-01
1.0400800416934990e+00
-1.8143065354296530e+00
-1.1612075602709311e+00
4.4825659053191336e+00
1.3936250065711320e-01
-1.8574467283614819e+00
4.2491270746583591e+00
7.5481518088223135e-02
-3.6005996908989428e+00
8.0959007194194266e-01
3.9395295536080690e+00
2.8261036193163140e+00
2.0049354112002180e+00
2.3006704839553009e+00
-1.1515764840573219e+00
2.8941215013845119e+00
-3.6654169341466449e+00
-1.6861170667082170e+00
-2.4635141884014580e+00
-2.0087529563742761e+00
-4.3990957961137989e+00
-8.3175388108416293e-01
3.7041246782563069e+00
2.1164073474829692e+00
2.6236688690391872e+00
1.3651202947766179e+00
-4.0632562668586534e+00
4.8427983677093103e+00
-2.6349410294950970e+00
-2.7680342625214380e+00
-4.7427937079150029e-01
1.7232360926096131e+00
1.5836421317340990e-01
-3.0434948017477859e+00
3.4845675868120689e+00
2.0281355882887002e+00
3.9121853973532219e+00
-3.2620885380527009e+00
-1.4137476755592380e+00
-2.3124796955601732e+00
1.6323952459137010e+00
8.9957481117333482e-01
-2.1913667657122562e+00
1.7520460122233630e+00
-3.9523101770289908e+00
-2.3874270385836209e+00
-1.6005500903808529e+00
-1.5732563824530450e+00
4.7735518222858309e+00
2.1887579306081020e+00
2.3472685574310241e+00
1.1131517975487280e+00
4.7883407722066442e+00
2.4752574780796759e+00
2.0629265374644841e+00
4.7210068185258507e+00
-3.9091680263368200e+00
8.7339535030517712e-01
-3.5116319914714511e+00
-1.7980245949531419e+00
3.4390681989373171e+00
2.8963271163863480e+00
2.8872920528828541e+00
-3.9071593106874491e+00
3.2415235797596180e+00
4.8280244949191546e+00
-4.2704797371996408e+00
-2.2826369012733978e+00
-3.5492644669862381e+00
-2.4799752783991411e-01
-4.7232332816788496e+00
1.8550782678231750e+00
2.1597299874694942e+00
3.2111145273443048e-01
2.5290429222234558e+00
-3.2452235819831148e+00
3.0284861827738840e+00
4.3213910439365941e+00
2.9313386312270229e+00
2.4942552090612810e-01
-3.9363222708558112e+00
-1.3187720260535349e+00
-3.6816683207613061e+00
3.1703597299662678e+00
2.7755610556327430e+00
1.7263693718629880e+00
4.8094316223736993e+00
-2.2274453245184240e+00
-3.1609006632159260e+00
-2.0242140623764082e+00
-2.6938154345068521e+00
1.0173818850481411e+00
3.9359900639425232e+00
-1.5837464432767521e+00
4.0763250809459777e+00
-2.9013760272443800e+00
-3.9220310344439970e+00
-8.8785514197932125e-01
4.2466216217500614e+00
-3.3095486151456228e+00
4.0093081478237202e+00
-3.7263225561144342e-01
7.2495184087055886e-01
-4.1996546479473622e+00
-1.3793478285873501e-01
-4.1923666915220483e+00
-4.9628352179731772e-01
1.1769779650869541e+00
4.5105224068419734e+00
2.5168382475603752e+00
3.9488760541034740e+00
1.3771154997629920e+00
4.2248623235078639e+00
4.2212514981989173e+00
-1.5315250815525490e+00
-3.6454535515342190e+00
-2.2048451311726618e+00
-2.9180169958006559e+00
1.2259158518855211e+00
-2.7207522969710118e-01
-9.4030177752748179e-01
-4.1670300366750510e+00
6.1537207620884560e-01
-1.2352367610199200e+00
4.2146198736887019e-01
1.2759178820232500e+00
2.0733190941361679e+00
1.8574730778237181e+00
3.6612283896569888e+00
-3.5315288656116117e-01
-4.4528662169718434e+00
2.4312156929735180e+00
9.7757991144368095e-01
5.6988835899847201e-01
4.9639922956035090e+00
1.9243834990386888e-02
-2.2730831544841729e-01
4.4036888831068541e+00
-3.1160569628032748e+00
-3.5869514181704312e+00
3.8384512981605972e+00
-1.7104970709089340e+00
-4.3747828873568189e+00
3.1341937437057950e+00
1.0175004121375670e+00
-4.6070374276228776e+00
1.1990514432687260e+00
-2.5028551173532461e+00
1.7421301977539960e+00
-3.1656673075550268e+00
-5.6580253617446341e-01
4.6064979556054437e+00
-4.7065537023946034e+00
4.0701909377388121e+00
-5.0433170117383319e-01
-2.7044261973443268e-01
-4.3599314518503061e+00
1.6798720874872901e+00
1.7217100442981150e+00
4.1216393443646950e+00
4.0623732490854190e+00
-2.6056665528887550e+00
-3.8772268620068089e+00
1.0268269249911250e+00
3.1089878269477640e+00
-1.9960000196534360e+00
4.7911811617507620e+00
2.7177038818475499e+00
1.7620074977334070e+00
2.4186840969750172e+00
9.9829743586108988e-01
1.5460129765650310e+00
-2.4113712330438868e+00
2.5353395590985123e-01
-6.1894196482899189e-01
-4.9045727341964573e+00
-3.2391969789439230e+00
1.5255760927138991e-02
-2.8650858139105400e+00
-1.9266082031993850e+00
-1.0872977924289620e+00
3.0459251052721448e-01
-1.3327904232579790e+00
5.6038132191201573e-02
-7.8731348950975355e-01
2.3819091673844381e+00
-2.0989771615023209e+00
1.1449384887782510e+00
4.6914075697756346e+00
2.6486769195314048e+00
-4.3699189580856794e+00
-1.8216908559242060e+00
-4.5182761996747338e+00
-2.6339584655781341e+00
-1.4023539155120990e+00
-7.9534221936635130e-01
-2.3408561297226371e+00
1.2956000186619050e+00
1.4110025092632661e+00
2.3888075470333678e+00
-3.3051469208778919e+00
-9.9994501643714861e-01
-6.6903928912342381e-01
1.7329069337282730e+00
7.5855670030862399e-01
6.8218060288612048e-01
4.0857660646342211e+00
-2.7706122001956501e+00
-2.6648919831699192e+00
1.9301738598131031e+00
-3.7060089839995340e+00
-1.5302696291178981e+00
2.3112172879720401e+00
3.2025961181810652e+00
3.9533561061035982e+00
2.3865614663052299e+00
-2.0574474337959150e-01
-1.2969779346409980e+00
-3.4502938987187730e+00
-2.1235297972472331e+00
-4.1379044833210482e-01
2.5178454546420612e+00
-1.4381688155133550e+00
-4.3280679286504797e-01
2.2572120828997830e+00
7.9485599942970120e-01
-1.0376152661882780e+00
-6.6633648875751095e-01
3.0425139449763932e+00
-1.5830946614720229e+00
2.6122361952953441e+00
2.5778485892028269e+00
-3.5451821782532029e+00
1.5639081295408039e+00
-4.2322349611738558e-01
2.6412247508631748e-01
2.6501345436233850e+00
-3.7504625567662360e+00
4.8466784483075792e-01
3.1717066499831792e+00
1.9309271756294739e+00
2.0436901179701659e+00
2.0030609490772000e+00
1.0691840748847630e+00
3.1810899990638108e+00
-2.2314164206810352e+00
2.5055100822076448e+00
-3.9708811987728793e-01
1.3493259157024551e+00
2.9238953307840401e+00
-2.2009242228012922e+00
3.4503541510902900e+00
-3.6751778237652538e-01
6.4116003216543027e-01
9.2265371753272041e-01
-1.9050228429562549e-01
1.8663494697685870e+00
1.5928993322359991e-01
-6.7371080132578420e-01
-4.6052881577121667e+00
1.1654002820646101e+00
9.0457283363267404e-01
1.9390874835793031e+00
-2.3101081620712018e+00
4.3465890100670608e+00
4.0129657826226506e+00
-7.5284099212455169e-01
-3.8385088570181720e+00
3.7939661931662649e+00
3.7312336388319882e+00
-2.2553863247983030e+00
4.7585722823543204e+00
-8.7969417213603407e-01
-2.5150649646570300e+00
-9.6793942533033295e-01
2.5698394205006720e+00
-2.4940526966027341e+00
-2.6724531014540269e+00
2.6214235036485900e+00
2.2374482417386798e+00
1.1018844668556020e+00
-2.9351017847750231e+00
2.0965313115215381e-01
7.9145178741467748e-01
-2.3467145116260708e+00
3.2527819020637172e-01
1.3930821920940870e+00
4.0008264803726240e-01
-1.5547451275891990e+00
-3.2094835796095018e+00
2.0239259532323062e+00
-2.6096271280900050e+00
-4.4875572418672593e+00
-3.4987334067758109e+00
-6.1135040093203274e-01
1.0691103353535509e+00
-6.1955104014953177e-01
-4.6219475895807687e+00
-2.4927496886000879e+00
-4.3097162715308617e+00
-2.5407728579213309e+00
3.3413505773132210e+00
3.0765494081610960e+00
-9.9544709069816206e-01
-3.8325568791497122e-01
-2.9611301937373908e+00
4.7717084575987728e-01
-8.6276006325791343e-01
3.2285668972834319e-01
-7.7001915618764571e-01
4.4474379438724396e+00
-2.9237795071163490e+00
8.9376471560992399e-01
-3.8111205375103419e+00
-2.4227724548526930e+00
-2.1001966019335869e+00
-2.3751166861395498e+00
-1.9676089859872199e+00
-3.2119901971462852e+00
-2.6463887456791850e+00
1.4272623811176619e+00
-9.2496111913402923e-01
8.2731507860414488e-01
-1.5826682542833590e+00
-4.7904283270019139e+00
1.6750845637638361e+00
-6.2295389999350004e-01
7.8371075638356347e-01
-4.3009043933533944e+00
5.7819112666679628e-01
-3.2851938190925161e+00
-2.5689741698412001e+00
-4.1910079747302129e+00
1.1258134924818419e+00
-2.1941147303757700e+00
3.9835938255423708e-01
4.6603045603434721e+00
-3.9541711631984682e+00
1.0493774388661251e-01
2.1887926229527661e+00
-6.9012562907366359e-01
1.9420939841743770e+00
-2.7046630516654249e+00
4.3524751224197624e+00
3.8955125763325871e+00
-1.7608037936019409e+00
2.4817872745105212e+00
-1.9176229936228759e+00
-2.3401841885348640e+00
3.8946982536616468e+00
1.5502617247201880e+00
8.7887260041115733e-01
-4.0415085992029951e+00
1.4707236543721589e+00
4.1222274950193114e+00
1.3150860867935499e-01
2.7194009605411651e+00
-3.3399445051002719e+00
3.9607946200343109e+00
2.2615291169385521e+00
-2.0565575676953038e+00
-1.7413850653243830e+00
2.2451446949707559e+00
1.1073295814571369e+00
4.2854610335670760e+00
-1.9803972291394640e+00
-1.3388413941317550e+00
-2.3671234825557379e+00
7.4079752986671954e-01
-1.4809013372221549e+00
-1.9380964616675820e+00
3.6486464328934600e+00
1.5921459665672459e+00
3.1357471241934030e+00
-1.2251608707751480e+00
8.4743388437391387e-01
4.2284233259400326e+00
6.5450952207765822e-01
2.5058506725775920e+00
1.5824028902289460e+00
-9.9657803905196585e-01
3.3644897809213119e+00
6.3955504133310370e-01
-4.7768552721828321e+00
1.2309565137341720e+00
-1.8150546743855791e+00
-9.9876117992955246e-02
3.4422309293772342e+00
-1.1037559395639100e+00
1.5531976512722490e+00
-4.1383867830021348e+00
-3.9643783227200990e+00
-1.0773834755519900e+00
5.4401356646573973e-02
-2.3701411165486670e+00
-3.1296518270927798e-01
-4.5262192389791780e+00
-2.2311952360343552e+00
-1.3234149334175840e-01
6.9398690783808714e-01
-1.5628472474781749e+00
-4.2330267191335249e+00
-1.2470450529370201e+00
7.8675080454521940e-01
-7.9327209697915191e-01
3.2213503632270069e-01
1.0296497054520310e+00
5.8847614663078074e-01
-2.3138906616211892e+00
-6.4616890992641629e-01
-3.1532949140668411e+00
4.7863167094714463e+00
4.2434723193723602e+00
1.1798146325753951e+00
-3.3129653711598461e+00
-4.1928987185278306e+00
1.4495435599348769e+00
-3.2764822208539259e+00
-2.7740551554634058e-01
1.7921721014897660e+00
1.8595728166165131e+00
2.0422297391022570e+00
1.0237141859986780e+00
8.1296870466969007e-01
-2.6394582739731689e+00
-3.8475520598294080e+00
8.1709643065872983e-01
1.0317237105255459e+00
3.8638640258619268e+00
-1.0862056317646380e+00
1.0069437115113140e+00
-4.9522989975691019e+00
-9.3965075022678191e-01
3.0876231507690539e+00
3.1969401080021531e+00
-2.7650662349329919e-01
-4.3841219888263492e+00
2.9489435669812631e+00
-2.7579126782181089e+00
-1.9644216065166640e+00
-1.8482386035271550e-01
1.0356504765477941e+00
-2.0084966498180630e+00
-5.6910049837943433e-01
2.4970096239830719e-01
-1.2555060749221381e-01
1.7728533995248330e+00
-1.4443323413071649e+00
4.5076059545701428e+00
-4.5841811496634941e+00
