-3.833960471454544994e-02 -1.293874948802114233e-01 -7.480406847536856529e-02 1.967725605843337056e-01 2.798229503872334267e-01 -8.519464788058475624e-02 -3.373345434527030839e-01 -1.615266275883800728e-01 1.740970949023022962e-01 2.255773722162291231e-02 -2.962865735102774289e-01 -2.808112954124073468e-01 5.657077917562988723e-02 1.973955202636201722e-02 -1.455570174863434207e-01 2.787320385981391646e-01 1.211889442302653969e-01 -2.119801586064434529e-01 -6.276846073484773636e-02 -9.554760207264707816e-02 -1.458091524835243569e-01 -3.957977909258204169e-02 3.513910672999319140e-01 1.050126423220374139e-01 9.952132563646447216e-02 -1.654790725055771683e-01 1.222581803989491595e-01 9.323713997703138301e-02 -2.389321151020362966e-01 2.531074127535529183e-01
2.958231729614843042e-01 -2.883681085042063413e-02 -7.086442382870393464e-03 -4.697496582666602777e-02 -2.604433224204260044e-01 2.874854588993125404e-01 -4.031725789152737494e-01 -7.632637672017235364e-02 -1.181487349495324163e-01 4.642449684996421966e-01 2.955881545428826751e-01 2.955558619443857810e-02 1.064100117832422060e-01 -1.228441954136732794e-01 -6.050854347448121617e-02 6.929369786412777066e-02 1.157719778613038736e-01 -1.133259448617345982e-01 -1.227561186010150684e-01 2.285736300342932903e-01 4.293857192485175944e-02 -1.628355639617193873e-01 2.135922249066128306e-02 -1.054084735338406062e-02 1.405325481049860513e-02 -2.457897509319933449e-01 1.058065293585132294e-01 6.729285415649777224e-02 1.967410926095248813e-01 -2.036699064137265439e-02
1.859267028708465243e-03 -8.732314397487458968e-02 1.870923287047759898e-01 1.119964608448119070e-01 1.324757756546084686e-01 7.783809206039857265e-02 -1.055183090475453472e-01 -3.671635812008755551e-02 -1.666037206018335104e-01 -6.375056312720009388e-02 8.829378185137083668e-02 -2.294644542032416024e-01 -7.498818586131915376e-02 -3.336780587251704788e-01 -2.388698799631123332e-03 -2.204642905376778539e-01 1.396775769794205702e-01 2.904878885338900707e-01 -6.865893218532019560e-02 -3.535552518640948105e-01 -3.757117781447719129e-01 2.849202308184991539e-01 2.557781612982684347e-02 6.783817188540758325e-02 2.016755712625390440e-01 -1.129138010622426080e-01 7.157414331154912657e-02 -2.978637752736202141e-02 2.739965537880745816e-01 -2.349004687455829299e-01
-1.301942104887267582e-01 2.304031829412615251e-01 1.953017328244091855e-01 1.738321941593387043e-01 2.263065996088638177e-02 1.535171746241303370e-01 -5.230734177609812630e-01 -1.056676734745382873e-01 7.409614044582292502e-02 -1.228685332121416396e-01 -4.712245832751572883e-03 -6.025636198270060279e-02 -9.536800818821840331e-02 -3.791619490281256805e-02 2.478478113425043039e-01 -4.702428693904112805e-02 -1.344858875489746697e-01 1.231690064313361588e-01 2.394828341861168775e-01 1.394665718148852540e-01 1.040364072011072810e-01 1.434478348511496748e-01 -2.706006902359474053e-01 -3.408824913932882450e-01 6.121796497457125674e-02 2.484883435560071921e-02 -6.172584882288827818e-02 1.384441784370668838e-01 -3.059811037679979751e-01 -4.986950026893675197e-02
1.348907566258309397e-02 1.599020392045354677e-01 1.641058618939971736e-01 -1.065555555270870404e-02 -9.684020458782637009e-02 -2.358922913798709164e-01 1.790844226881329049e-01 -1.341950038348315999e-01 1.412389552358471190e-01 4.527390812614921489e-01 -2.879745128174273083e-01 -2.192236880034034718e-01 -3.806653541649526185e-01 1.827170618027159354e-01 1.658005130987550979e-01 -1.853930008532305440e-01 2.251716052751738806e-01 1.042480869659387632e-01 7.073585163770730599e-02 4.868162658375962265e-02 8.897763428520889806e-02 -1.202556897775576422e-01 7.018506241539994479e-03 1.137804759715922154e-01 7.046342132780218648e-02 -1.791948661297441958e-01 -9.991868738153562857e-02 1.989935153609011242e-01 -7.378482780868601994e-03 -2.121587202573881614e-01
-3.510632080980788383e-01 2.681346967454385083e-02 -2.325247803691709303e-01 2.124644886607692795e-01 3.230061257900142258e-02 1.322016935870503895e-01 -1.297034269958476094e-01 -5.572572419170988833e-02 6.779659452450020884e-02 6.590763322167117466e-02 2.366036190192620792e-01 1.367098339050670242e-01 -4.782450105798945889e-02 4.957101290566868351e-02 3.280448720871037560e-02 -3.243800286498068064e-01 1.320112070577042773e-01 -1.851216846564754936e-01 2.809892425483124234e-01 7.105202005011482247e-02 -1.746053414318479435e-01 -3.726995738021053606e-02 1.964586162265929137e-01 2.991013469770429922e-01 -1.669036592142024156e-01 -5.770117967043694729e-02 -3.766957674914829801e-01 -2.625956949006644781e-01 -3.773466515582474951e-02 -6.799517042912681108e-02
1.622138475427213067e-01 -2.833988575643612284e-01 3.262539239873842312e-01 -3.710331115987554329e-02 -1.547729595231821589e-02 -7.019077927130977328e-04 -1.260167946906281533e-01 2.178342211836730227e-02 2.311121434091317206e-01 -1.092059261128728032e-01 -3.342352176977851641e-02 1.619164884410205507e-01 -2.374463329465451578e-01 8.455239346251071375e-02 2.424939954769019523e-01 -2.803689095048966240e-01 1.680438758291696588e-01 -1.511374746878340336e-01 -1.405471928859056419e-01 4.628704975652142561e-02 -6.977494367489070481e-02 1.737825753521694550e-01 -1.370293457101091072e-01 1.413991580421150029e-01 -3.421770447850918107e-01 2.560944364367161163e-02 2.056448694139491606e-01 -5.203531089206913512e-02 8.409706876389300145e-02 3.983944859577854825e-01
-1.848144831780305364e-01 -1.547301408775899889e-01 -2.787042509375347588e-01 -6.901326148445270647e-02 -8.416499120083516250e-02 -2.373145890381251621e-01 -1.345260895955572855e-01 -1.343013060339769693e-01 -2.933559325126087192e-01 6.200129692988830959e-02 8.540595468948494751e-02 -1.427486848555774568e-01 -2.540590145713451584e-02 1.793115745979113329e-01 -9.870557438771880576e-02 -2.940423076543760561e-01 -1.555787150871235369e-01 -1.042428296124941339e-01 -1.117151798740907559e-01 -5.874994011417719771e-03 1.319707686223489940e-01 3.550602798184159248e-01 1.789540730549472880e-01 -1.716933242139338511e-01 -1.997715788529172143e-01 1.229928303110640608e-01 2.427494938527913204e-02 4.368288895283694573e-01 1.182809316349195394e-01 1.854285705325829300e-02
4.410004905483661669e-02 2.210278474935521709e-01 1.054849651274472611e-01 1.716428691257279246e-02 1.719593339298146339e-01 2.644877182820659089e-01 8.961633593454865210e-02 -1.198028519470389353e-01 -4.688889032778126298e-01 1.711571895050309142e-02 3.837939900306541752e-02 1.372414414634249291e-01 -7.350306155588112733e-02 5.307797421366100554e-01 4.847823542223358984e-02 7.241232191189361442e-03 2.126317597723171304e-01 -2.910596272258136330e-01 -7.796382710805682681e-02 -1.953482388243886758e-01 -1.591475693556970994e-01 2.828141032727846116e-02 -1.024042759656782209e-01 -7.607284831702680605e-02 2.178297865460462612e-01 4.088764352463541973e-02 7.577708830670791540e-02 -2.032417373712836275e-02 -1.066222867522908097e-01 5.165582745158933675e-02
1.398713173396685383e-01 1.347848674388026080e-01 -7.243070425340654428e-02 5.020263292885650264e-02 -2.794553189055309916e-02 -1.706321910624768873e-02 1.270152734824300800e-01 3.511190085325131133e-02 -2.751161823260015460e-01 -3.992822474228658880e-01 7.351814180339985572e-02 -1.868358684332903363e-01 -1.280570729563828281e-01 -3.985944977036289250e-01 3.474329406695430555e-01 -5.534802415232700779e-03 1.663816969949238889e-01 -3.535105045345754982e-01 -5.054854112578226200e-02 1.720658282816155404e-01 2.120400716296540478e-01 -7.867445134652062411e-02 9.142002487323544480e-02 2.286626747535227266e-01 8.167358388545246928e-02 -6.048214394418999912e-02 -5.635840355959825798e-02 2.237248706516901386e-01 -6.614490104480416632e-02 -8.849017820062967873e-03
-1.420162056586055377e-01 -1.734972453117640812e-01 7.458657477121510837e-02 -7.740654839616528671e-02 -2.983410206227128936e-01 4.769668533924698722e-02 1.298194489110939542e-01 3.915215010813639096e-01 -2.606637436863304957e-01 1.222375461150843196e-01 -1.493155133142902435e-01 1.195126567319258898e-01 -2.006211109381795255e-01 -1.348491834428747760e-01 -6.533033944647145819e-02 -8.543627477321470362e-04 -1.752785359210498606e-01 -1.376584582531585263e-02 1.497418015471691233e-01 1.350350406838425332e-01 -2.714110363993447739e-01 1.691784057798435270e-01 1.048968836097831508e-01 -9.755609140165318049e-02 1.726848769706657016e-01 -3.403370998657254121e-01 -4.824411163534645525e-02 2.887675632380482318e-02 -2.884961387439298752e-01 2.610880791539597068e-01
4.403453317561976249e-02 -4.131487107669098990e-02 -1.096333360912555427e-01 4.263136248479512669e-02 -2.821669284484144558e-01 -2.469078368789055233e-01 -8.712165883493806773e-02 -3.016081532328862558e-01 -2.299190534580598522e-01 1.713750869117036321e-02 -8.509834805691419979e-02 2.391081801461060752e-01 -9.536355770018525857e-02 -1.614596064621703353e-01 2.008904154109718287e-01 9.982681364933760487e-03 1.829760031918155616e-01 2.075958780320259489e-01 1.291795723027383824e-01 -6.685290714998376460e-03 -1.902691030100963354e-01 -2.393400308147581590e-01 2.672502237631659283e-01 -1.591618045383947633e-01 1.208212537482051228e-02 3.943567944379759993e-01 2.498354304456364972e-01 -1.769261432884358110e-01 -1.229488977559341778e-01 4.622902696687263696e-02
7.685423181384040681e-02 -1.633962447307673871e-01 7.665644979054947461e-02 1.226708378918846543e-01 -9.849007872898478400e-02 -4.878921332195443328e-02 1.300914085364971440e-01 -2.067407975366706840e-01 7.840637620180310186e-02 -2.152092011754448420e-01 1.073599443969439349e-01 -8.532620417450320280e-03 -9.424737648043543525e-02 -3.451960483927216106e-02 -1.539800718734229690e-01 -2.308162849673644490e-01 -1.139103296487266742e-01 -2.231375452935500658e-01 -7.234661372251161016e-02 -2.646714396182324736e-01 7.821908966751234650e-04 -3.696568060111646292e-01 9.336033691570140222e-03 -4.471222056924057942e-01 -1.780242815123462830e-01 -3.979024522272371911e-01 1.851588664394212408e-02 -6.736856492850895606e-02 -1.424545216868375042e-01 -1.835920351610981771e-01
-2.660856533031542570e-01 -2.481549348996453241e-01 3.918735830492421635e-02 -2.094633158527579586e-01 4.029062442222497986e-01 -1.905094385451633343e-01 1.425744342768045514e-01 9.409898956774706558e-02 5.350779051687671456e-02 1.493863054343047836e-01 2.994301936268818354e-01 -9.111552630047515221e-04 2.105293926684046746e-01 -8.857350685295108106e-02 1.212281378788549746e-01 -4.495591155185906657e-02 2.855089689409875953e-01 -7.871598954088530886e-02 1.342470992726806645e-01 2.676363613942175923e-01 -1.482682211617718515e-01 -9.944128869688126371e-02 -1.568517205398242409e-01 -1.781247315486245708e-01 6.998759555301439783e-02 -1.855123548085211432e-02 2.775079171117343368e-01 1.500382860480030944e-01 -1.555043457940920026e-01 -1.271286387546754493e-01
1.694267321063944176e-01 -2.513239265791653021e-01 3.772825299304757851e-02 5.707204625579936907e-02 8.348216178900431939e-02 -3.028143369486262504e-01 -1.791198664106349592e-01 4.339588850255751695e-02 4.520339437869101001e-02 -1.781234589948247904e-01 -6.399852679388422227e-02 2.195115396469132230e-01 -6.451276848081749504e-02 2.486648730491745063e-01 1.941128176161253382e-01 1.043650138090313623e-01 -1.596669795172940276e-01 -1.523781885259346269e-01 -1.250351876340865219e-02 2.861618973869605176e-01 -8.925818299744364692e-02 6.180228624891584421e-02 1.419079441372382844e-01 -1.175040581439062010e-01 3.719050996023361977e-01 -9.213677177672167928e-02 -1.980340946632171972e-01 -1.204166848804029410e-01 3.422139788540868310e-01 -2.758205714592625313e-01
-6.970395377171732798e-02 -1.193276095241437018e-01 1.522934607290785947e-01 -1.501660750009018164e-01 7.608359702659181489e-02 6.862328758449548829e-03 -1.711241706826704956e-01 1.055121242040428231e-01 -1.080719261620603638e-01 -1.391115666919706395e-01 2.310246067572394313e-01 -1.299073135737496831e-01 -4.272153554199218939e-01 1.372235385731819524e-01 -2.738376058772492017e-01 4.836572112279730051e-02 -1.885396321145522691e-01 3.486085947262458629e-02 4.060503127764700237e-01 -6.063303327905050777e-02 2.033620140953144861e-01 -2.846985001584689812e-01 6.262688755650211436e-02 2.491736115506413829e-01 9.653231371258706728e-02 8.883072382075879458e-02 2.906855666062191368e-01 6.824256143888410633e-03 1.160508041885987551e-01 1.074325177831222727e-03
-3.388729566911439228e-01 2.657084157715730588e-01 2.170642506247460468e-01 1.979072800234958629e-01 -1.489539136232448657e-01 -1.964816354461222103e-01 -1.175253928221210442e-01 3.605530710621807078e-01 -1.006851405843021442e-02 8.644788737172824644e-02 -1.281159664962652767e-01 1.271652182320683611e-01 1.184215841454479695e-01 -1.003934137456732878e-01 5.725127075480542643e-02 1.684428322476721473e-01 1.166439355974408926e-01 -3.221524960172616470e-01 1.091085183413763593e-01 -2.764409914355285269e-01 1.975384764704337867e-02 -8.647646347891556340e-02 9.526409721804733610e-03 -1.421705519019667574e-01 -1.556394082999550121e-01 2.423629306048984827e-02 1.184077741314930321e-01 8.782601713587316616e-02 3.830729655042518500e-01 -2.430552532834037022e-02
-1.644962679427027508e-01 1.641352759690762331e-01 9.029712828522042101e-02 -2.265345623738208580e-01 -3.783887022702456804e-01 -2.521049892632388767e-01 2.643535457315752263e-02 -3.617399374988238270e-01 9.003272894232972057e-02 -2.337250635517622854e-01 2.879745222411004280e-01 -1.053450270659213178e-01 5.654020071764186139e-02 1.418207201648780669e-01 -1.440131773630585511e-02 3.591241372501259299e-01 4.716623426918433587e-02 5.046627277009263328e-03 6.133114251949824819e-02 2.807181089331238499e-02 -2.965410364384064024e-01 1.550217290603136677e-01 -1.611145753768505606e-01 1.701227276975541824e-01 -6.154100490573501114e-02 -2.359081416609496717e-01 -1.748322303422333510e-02 4.386323230001567403e-02 2.775098660658283783e-02 5.370820796090298999e-02
3.383553857401640497e-01 -1.511669046616078704e-01 -1.452060814323274385e-01 -1.497321977583301357e-02 -1.185328815502800781e-01 -1.633596232303536899e-01 -2.408403154292645676e-01 3.430330249628509298e-01 -1.803719408479686204e-01 -8.711386533529973109e-02 -1.550771658188588586e-01 -1.086398832030152362e-01 1.423544931099913202e-01 1.710479139212369715e-01 -5.555686533787442677e-02 2.615624975357967730e-02 1.656904737957405616e-01 4.591221298885801022e-03 1.572489371973788130e-01 -1.044464107474004366e-01 -1.667351573108895035e-01 -2.267705216991691003e-02 -2.549631062762646172e-01 1.792040460256776324e-01 -3.074405053143808852e-01 1.901811319584794172e-02 -4.014334076646006860e-02 3.127757883614074724e-02 -2.704553692410164301e-01 -3.694762345963154559e-01
2.050181141111813987e-01 2.149399370231410700e-01 1.688956853424520010e-01 2.237311901388575053e-01 2.508872432856561474e-01 -9.741633698379742468e-02 1.444294429780604572e-01 -5.367945512702067962e-02 -8.112050176069847407e-02 8.537700099215692062e-02 1.113699558297977926e-01 1.417539703859435896e-01 -2.807642414191720004e-01 -1.366875396562126643e-01 -3.070420614778362478e-01 2.538770233983426161e-01 3.164362871310440195e-02 -4.137240650030594991e-02 5.200572233264569300e-02 2.722766427382642407e-01 -2.250882778348711755e-02 3.416509437356949896e-01 1.753253993510982545e-01 -9.313358811795255376e-02 -3.770730621900266200e-01 1.095989845817757491e-02 6.782686594166120742e-02 -8.317536978214450094e-02 -7.426637504206561047e-02 -1.971504305007021340e-01
6.340232939000177426e-03 -3.083970677468439101e-02 -1.687982588273205242e-01 -1.736807179486331287e-02 2.009290882569447073e-02 2.047385816727197438e-01 6.331826742862883828e-02 2.310884376909054516e-01 -1.053348820000469177e-03 -1.424251536884911795e-01 1.201790254485429754e-01 -2.502700324958903044e-01 -6.150542607836306103e-02 2.707846281619162299e-01 3.053292752062941595e-01 2.044224116615378783e-01 2.784479049126470374e-01 3.425037379134071025e-01 9.863923255967717296e-02 4.150289766763065949e-03 1.033554759041703380e-01 1.700220272227367588e-02 3.204938101738160627e-01 -3.103846669795522484e-01 -2.354681225020806012e-01 -2.185316022434131977e-01 -2.544973701634112209e-04 -9.170706584518266424e-02 1.554978876594201587e-01 1.029039581604366260e-01
-3.609064316526925942e-01 -2.700486877821811627e-01 -1.659795712597009476e-01 2.456942458083179737e-01 -8.640622898854584399e-02 3.450340082281125875e-01 8.772694199735643628e-02 -8.918330882268996063e-02 -2.396968958696564164e-02 -2.021022030769090844e-02 -1.890837316939785739e-01 3.395276439722601236e-02 -2.299166140910199885e-01 3.364764407818634367e-02 1.384262640282361845e-01 2.677492714233277171e-01 -1.386993600291528128e-01 1.738671676433908853e-02 -2.632737998358526954e-01 1.531357892680257071e-01 -1.157831654163765656e-01 -8.688474864719285262e-02 -1.894185655038380378e-01 1.337342603701918986e-01 -1.534166096168320392e-01 2.372520222364804532e-02 2.418958689273588702e-01 1.061191131983374586e-01 6.039578608901018802e-02 -3.153774529088309575e-01
-5.412770256206091840e-02 -2.499731561391053611e-02 -2.769422544006815839e-02 -4.565886611920205174e-01 2.117833665548833899e-01 9.019348479798440510e-03 -6.969871004592707864e-02 -1.989982929005400802e-01 -2.350896681953861811e-01 1.879986426361396346e-01 -2.550436377510227337e-01 -2.010475430233476524e-01 -2.304347961180442869e-02 -1.719368772583163840e-01 2.505647588261147307e-01 1.017002154053836954e-01 -2.477415994364296770e-01 -2.178775147204192186e-01 1.303360891555025713e-01 -7.700777778758818859e-02 3.385235702522715329e-02 5.713040171372217590e-02 -9.087314990277188531e-02 -5.233183386518118485e-02 -2.362276530404754382e-01 -8.918902678185319788e-02 -4.671555925976815515e-02 -4.180594685708549085e-01 9.810486797422893201e-02 -3.173333101119017036e-02
2.625632463464274910e-02 4.133699908225601516e-01 7.017541418853480428e-02 -3.155629541940873084e-01 8.951808226660543100e-02 9.838168307639191812e-02 -9.179999170155364596e-02 1.453998337589900713e-01 1.212396271051418006e-01 -1.076174014901352533e-01 -4.370991099364657240e-02 7.374627176983894472e-02 7.879169559312006188e-02 8.144905484548965735e-02 1.261643931734620916e-01 -2.075832593628097744e-01 -3.050123784084773360e-01 4.766784250646326215e-02 -1.903923100115146594e-01 1.041386703509102896e-01 -3.419087733990171518e-01 -1.653949539431956162e-01 3.779536830333868336e-01 9.350580069770084157e-02 -1.419034207463826525e-01 -3.689469642870297356e-02 2.168266936899894137e-01 1.629189596401065532e-01 -6.557664788672271095e-02 -1.832695914960685291e-01
1.887897568568787099e-01 2.289755443318886863e-01 -3.469333756447032791e-01 3.919857703436730456e-01 1.108070002992962849e-01 -1.983642998755301423e-01 1.037841048956976570e-01 3.297135935381820260e-02 -5.074755118345684185e-02 7.636193197247916065e-02 4.513075503607548444e-02 -1.833251011940336128e-01 9.170919133525167952e-03 5.322965151069736917e-02 9.404885079408956128e-02 -1.462952717511472323e-01 -2.820002829605030570e-01 3.331449621535427508e-02 1.513550261928375551e-01 1.397206735354995510e-01 -2.328724414249491448e-01 -9.240444706904417382e-02 -2.938797577543685868e-01 6.494412077609344920e-03 2.397899074777944898e-03 -1.480017394769967964e-01 2.774525766185220732e-01 -7.627702090341376140e-02 1.958732495185811495e-01 2.861769837797134008e-01
8.017477355732215150e-02 -5.121433875758773374e-02 -1.293244419296484815e-01 9.458679477843030120e-03 2.606041794054024807e-01 -1.534785143058272627e-01 -6.205705644439387519e-02 -1.805551414142604963e-02 -4.366270884003620872e-02 1.580666708794480346e-01 2.220667726843461587e-01 4.447911264050728453e-01 -1.336890242213250313e-01 -7.094119913133474509e-02 2.952056281719965813e-01 2.255379884124863177e-01 -1.744472012745483247e-01 1.914689465265388135e-01 -3.001978069149372971e-02 -4.117378072788752119e-01 6.553525161730901216e-02 -5.311576005774049092e-02 -2.803583526554440097e-02 1.580575490022900209e-01 -8.665777946937408549e-02 -2.137654860241950672e-01 -1.430228005599535612e-01 2.879266240450419345e-01 -1.045274867860154638e-01 7.503222099619329122e-02
-4.334375855361970870e-02 -1.601446791519280932e-01 4.468266499054962537e-01 3.144759914362912911e-01 -6.893181299223473391e-02 -6.673473865299191232e-02 1.194912851321453112e-01 -8.191373189919869124e-02 -2.304181060539397252e-01 9.045313079979827586e-02 8.225817440492189103e-02 -9.825376790858664222e-02 4.458978418569743418e-01 1.546429195597924244e-01 2.172216066465229578e-01 -3.648458388287655063e-02 -2.465292793931523063e-01 1.099012747846831312e-01 4.608668962075197079e-02 3.778094024401874862e-02 2.224128560568245649e-01 3.198288372032915411e-02 2.063129317745513447e-01 2.420627349618584556e-01 -7.722880051530019163e-02 -8.845487816565647532e-02 1.225890890657150983e-01 -1.134457008606897382e-01 -1.491968289756288868e-01 -5.272668791183086207e-02
-2.727669234721826763e-01 1.733514397729747636e-01 -7.622130002683952243e-02 -2.766633028429922245e-02 4.939984239635980545e-02 -3.071620176799890189e-01 -2.425733543368414347e-01 1.428900112226124675e-01 -1.837348073993767261e-01 -7.360721988837601315e-02 1.893207236370011634e-02 7.263685991751762938e-02 -1.024904303843145320e-01 2.479222525294529772e-02 -1.159030189111451559e-01 -9.406762957951642079e-02 1.453146451122791782e-01 1.991393234323769745e-01 -4.902670894100966126e-01 1.030929515440981020e-01 2.641542557637588939e-01 -3.644387991376947522e-02 -1.101084597703118201e-01 8.153895359593066328e-02 4.803941893973925209e-02 -2.492647905776876061e-01 1.191165557790177243e-01 -3.715161140193115608e-01 -1.279660118324570384e-01 6.483226804941313176e-03
5.150555688525303849e-03 4.357751583674938922e-02 -1.424910836776451806e-01 -8.060966835444668965e-02 3.778122677143128799e-02 1.266196932066757375e-01 2.104032295224164337e-02 -2.194993239856093958e-01 -2.967332594177143901e-02 -1.993448124293788759e-01 -3.599389571786589803e-01 3.807538804085864315e-01 2.055244060574057952e-01 -1.979011741003960240e-02 -1.264613807769769949e-01 -1.465248218361738519e-01 1.748068107211300515e-01 9.868240870178625335e-02 3.516800048572176762e-01 5.450721714471976759e-02 2.171204887416018359e-01 1.526674166606513949e-01 -1.464505224048545618e-03 9.614891781545333027e-02 1.893870171517971282e-02 -3.792127051488135558e-01 2.852215014984813557e-01 1.140943723685835937e-01 1.424796144120190067e-01 -6.690840042273689392e-02
-7.469208959374228074e-02 -4.521301034808231090e-02 2.462467677935967769e-01 1.335429182627077306e-02 2.058792737842028153e-01 -1.793775094605641260e-02 -4.763939136298267485e-02 -1.061379710642550017e-01 -3.306117902041940670e-01 -1.276819817848169614e-01 -1.834515599807435837e-01 1.215341983721471460e-02 7.931336559571683376e-02 -2.155177867223144819e-02 -1.825119067065644751e-01 -2.590225009243151636e-03 5.692782850107313414e-02 2.414364041248708848e-01 -3.671506433712096173e-02 2.543907971671706680e-01 -1.705324167602047525e-01 -3.866721538216306153e-01 -9.686892561345733510e-02 -2.353940185375390931e-02 -2.270894943146695433e-01 -1.304967685875915891e-02 -3.989714551482168581e-01 2.220132001793537757e-01 2.183238726196038426e-01 2.276711670264467691e-01
