2.927694486895642267e-01 4.808063406991169159e-02 5.282295014685901569e-01 2.876706080328227388e-01 3.413885826401668044e-01 3.859786518797991284e-01 4.063010848650636109e-01 -1.468035027728832875e-01 -3.223676274741325842e-02 -3.114430681013090618e-01
4.706034725961515397e-01 3.116554627262166921e-01 -6.551373953631184355e-01 3.848919627119883335e-01 -1.043007018961645063e-02 2.852298336993568384e-01 -9.591328902354015473e-02 -1.046664600922492250e-01 -4.897749296777143685e-02 6.192598534238142986e-03
3.670054148960026352e-01 -1.328406392878583031e-01 2.680237249385351572e-01 6.272451108540058606e-02 4.650942646499172661e-01 -1.131059583304054733e-01 -5.553076245551648027e-01 2.208152001117776389e-02 -6.805859014697217269e-02 4.788502403067074753e-01
1.719949606758540139e-01 -6.414688111379530933e-02 1.908283889511629833e-02 3.794124396784696179e-02 -1.076782090406941950e-01 -4.336841911940949590e-01 8.872342960223442154e-02 -8.038910805909672552e-01 3.318638571168916473e-01 2.400641461933517018e-02
-1.493841691477154066e-01 3.767748763613493895e-02 -2.260682502259577509e-01 2.458195667089761172e-01 5.175446857369901954e-01 -5.996284437027360470e-01 9.420636893795812650e-02 1.036568122020452010e-01 -2.939594887549998870e-01 -3.623425670147367716e-01
-1.702059576372564886e-01 -3.693188022115717617e-01 -3.735487027300435914e-01 -4.476577309109042724e-01 5.009735110442264938e-01 3.688026248492896064e-01 1.136784404833546119e-01 -3.036514754584090925e-01 -3.464039402026224818e-02 3.715748675321241951e-02
-4.474498526847844326e-01 -2.261545405176984200e-02 -7.108136205878477776e-02 5.236534398390597644e-01 2.049559860284408674e-01 7.869805145723605955e-02 1.987855093031014042e-01 9.745284877673068835e-02 4.933746469123808098e-01 4.235328408888958673e-01
-4.630726014153498382e-01 5.782328922066137800e-01 1.502564829944855462e-01 2.562679787140737311e-02 4.556904666993920328e-02 1.518933151470904519e-01 -1.974223363759567140e-01 -4.152315339758456125e-01 -4.105272150494136962e-01 1.513381231966932916e-01
1.793006171056264753e-01 -6.262932926252788579e-02 -3.523670754881617906e-02 -2.784786286898687652e-02 -1.163954322431466210e-01 -1.579399573683446245e-01 6.020602264091045042e-01 2.666282186933308096e-02 -4.817952044906190778e-01 5.728042934998457403e-01
-1.745312759442668171e-01 -6.341880851610822711e-01 7.143651757971141575e-03 4.767179788060539880e-01 -2.810327849084028329e-01 1.378762036873248942e-01 -2.161394525871124239e-01 -1.875927953014817628e-01 -3.874358159070782071e-01 -1.001505780400320650e-01
