# CEC 2008 F01 shift vector (D=1000)
9.7249935899999997e+01
7.7060985000000002e+01
-1.9031148800000000e+01
2.5428698000000001e+01
-2.2908802600000001e+01
6.9572175799999997e+01
5.3697139299999996e+00
6.1480730700000002e+01
-2.1300698499999999e+01
9.2346813400000002e+01
-9.3975881200000003e+01
9.0745986799999997e+01
4.2876980300000000e+01
2.9309646300000001e+01
-1.0669548499999999e+01
-6.5074617799999999e+01
6.7049416300000004e+01
9.4018770300000000e+01
-7.3005020200000004e+01
-4.9802198500000003e+01
8.2001424999999998e+01
3.5293182700000003e+01
2.4632149200000001e+01
2.4431374699999999e+00
-9.9303450900000001e+01
-5.4622338800000001e+01
9.5691458100000006e+01
7.2250480800000005e+01
-9.7122955200000007e+01
-2.8446270199999999e+00
-1.6719407000000000e+01
5.4580483600000001e+01
-2.3704934500000001e+00
4.5129138500000003e+00
5.6409885799999998e+01
1.8245869599999999e+01
-7.4721444800000000e+01
-7.8056146600000005e+01
3.2581077600000000e+01
9.9418622999999997e+01
-3.0763811700000002e+01
-6.4789096900000004e+01
-8.6422207700000001e+01
-3.8120822699999998e+01
-3.3048040399999998e+01
-2.4766486499999999e+01
9.0441366299999999e+01
4.3864102299999999e+01
5.5868487100000003e+01
2.3531732300000002e+01
2.9847666799999999e+01
5.1256660900000000e+01
-7.0433162100000004e+01
1.9890735500000002e+01
7.9721737899999994e+01
-6.5613428900000002e+01
6.3785621599999999e+01
-8.6141248300000001e+01
9.1137452400000001e+01
-3.6532432499999999e+01
-9.8959765300000001e+01
5.1987101400000000e+01
-3.8264035999999997e+01
4.3051135000000002e+01
-8.3810496400000005e+01
6.9175584799999996e+01
4.3675240700000003e+01
7.4078599600000004e+01
7.4431938500000001e+01
5.2312644800000001e+01
3.3891291799999998e+01
8.0405654200000001e+01
6.4292463999999995e+01
6.6531453900000002e+01
2.7983586700000000e+01
-6.8759135499999999e+01
5.6633588899999999e+01
4.6281079599999998e+01
1.2946391999999999e+01
4.4669851899999998e+01
-5.2052380800000002e+01
-2.0282933200000000e+00
-1.5279463900000000e+01
5.9135510400000001e+01
5.2681996900000001e+01
-5.2222238900000001e+01
2.7021865999999999e+01
-5.3690957300000001e+01
2.3187636200000000e+01
-4.6299089500000001e+01
9.8242629600000001e+01
5.2063774700000003e+01
-3.5665260999999999e+00
8.9040067199999996e+01
-2.7852346099999998e+01
-8.3121792799999994e+01
8.9702706500000005e+01
3.8165497700000003e+01
2.3101717399999998e+01
7.8995611800000006e+01
-9.7492357799999994e+01
-3.9817592400000002e+01
9.3016151500000007e+01
-7.9581893600000001e+01
1.9204345199999999e+01
-6.2044646099999996e+00
4.3465127899999999e+01
7.1774186700000001e+01
-6.2880318099999997e+01
-7.5250058800000001e+00
8.0659951899999996e+01
-9.5579098299999998e+01
5.2081230699999999e+01
5.9170400000000001e+01
-3.7229818700000003e+01
-5.2834960600000002e+01
-1.1096431899999999e+00
3.7050891200000002e+01
8.8926738799999995e+01
-1.2137616400000001e+01
-5.1312950700000004e-01
-8.0276415299999996e+01
1.0887503000000001e+01
-1.2861136100000000e+01
-6.3747085400000003e+01
-6.9237637699999993e+01
8.6745875699999999e+01
-7.2746877999999995e+01
9.9708999399999996e+01
3.8124125200000002e+01
9.2208491199999997e+01
5.5100301299999998e+01
-9.9855173199999996e+01
-3.4905717699999997e+01
8.8207262800000006e+00
-3.8698736199999999e+01
3.4540778000000003e+01
-3.0857335700000000e+01
9.6119883299999998e+01
-2.9206337999999999e+01
-9.6096904300000006e+01
6.2550410300000003e+01
9.6562887500000002e+01
-3.7632838399999997e+01
-2.4218313599999998e+01
4.9605889400000002e+01
-1.1433984600000000e+01
-8.0021699799999993e+01
9.8524490299999997e+01
7.2523918500000004e+00
-7.3090406400000006e+01
-7.3739999100000006e+01
7.2798736000000005e+01
4.1654496999999999e+01
9.9648139499999999e+01
6.3151383299999999e+01
5.6447972999999998e+01
5.2723149800000002e+01
8.0995048499999996e+01
-7.9375625799999995e+01
-5.7657924899999998e+01
7.0217723699999993e+01
4.8593032100000002e+01
-1.8985799900000000e+01
-3.8991637500000003e+01
-5.1610051700000001e+00
-7.1052466800000005e+01
-1.1319699800000000e+00
6.0248476200000001e+00
2.0484851700000002e+00
-5.4506169100000001e+01
8.6998782899999995e+01
3.5384168200000001e+00
-8.1478192000000007e+00
5.5347597999999998e+01
4.6760649200000003e+01
2.0476384800000002e+01
-8.8614193900000004e+01
-8.5599360200000007e+01
2.7136327000000001e+01
7.5266764499999994e+01
-1.4504111399999999e+01
4.1680683899999998e+01
-8.5961976000000007e+01
-9.6186967699999997e+01
1.6619711399999999e+00
7.3881198400000002e+01
5.9709802400000001e+01
5.9846811199999998e+01
-6.0777339800000000e+01
4.2874874800000001e+01
-5.6998314899999997e+01
5.7301484199999997e+01
-6.5570494699999998e+01
-5.8770553999999997e+01
-7.1051618100000002e+00
-8.5094699000000006e+01
1.9316102000000001e+01
-6.1801906400000000e+01
8.6963473199999996e+01
-3.8497498800000002e+01
-7.6215760000000001e+00
6.5950656600000002e+01
-3.9972498799999997e+01
4.1923970300000001e+01
-8.5079785099999995e+01
5.0043162600000002e+01
-6.2189196200000003e+00
8.8982793000000001e+01
-9.7205220400000002e+01
-8.9160230999999996e+01
4.7689773400000000e+01
2.7113016099999999e+01
8.6194439200000005e+01
-7.8078789200000003e+00
2.5779887100000001e+00
-1.5103777400000000e+01
-1.6816612700000000e+01
-2.2353143200000002e+01
7.1107441699999995e+01
6.4603782400000000e+01
8.2782069500000006e+01
6.7208388299999996e+01
7.3617517399999997e+01
5.5117451199999998e+01
-1.3614415200000000e+01
-1.2780402799999999e+01
-5.5139054799999997e+01
-9.7363131899999999e+01
-2.4806750000000001e+01
6.7712462200000004e+01
-4.2751332599999998e+01
-4.3174174299999997e+01
-3.4583931000000000e+01
-4.7581479399999997e+00
-5.4803330899999999e+01
9.2401239099999998e+01
-3.8708354999999997e+01
5.5785117100000001e+01
7.9068488700000003e+01
-4.9255336200000002e+01
-7.0849332500000003e+01
-3.1700745500000000e+01
4.6626936999999998e+01
-9.3227217400000001e+01
8.8477519600000001e+00
1.1689080100000000e+01
3.3936744500000003e+01
1.6785384499999999e+01
3.7181817700000003e+01
5.3196773600000000e+01
7.9532423199999997e+01
9.3357934000000000e+01
8.1158705800000007e+01
-6.4284122800000006e+01
9.5697605499999995e+01
7.9597148500000003e+01
-9.4127719400000004e+01
-4.3595528700000003e+01
-6.2419770300000003e+01
2.1750701800000002e+01
-5.8129123399999997e+01
9.9546932799999993e+01
-9.6647635899999997e+01
-1.2074367799999999e+01
-7.0320962100000003e+01
2.4289187299999998e+01
5.0873756999999998e+01
-4.3880609499999998e+01
5.4359363900000002e+00
-3.7511884100000003e+01
-6.3651826300000003e+01
5.5850588799999997e+01
6.1901812499999998e+01
4.4662589300000000e+01
-9.0938102000000001e+01
2.2659949999999998e+01
-3.2957022199999997e+01
1.6772518900000001e+01
8.2635562300000004e+01
2.5449912899999999e-01
-1.6498091400000000e+01
5.9891500800000003e+01
7.8121832299999994e+01
2.6706664199999999e+00
-2.2054707600000000e+01
8.6127740299999999e+01
-4.3453569999999999e+01
5.3987428700000002e+01
4.5516642599999997e+01
8.2921599499999999e+01
-7.8775917500000006e+01
7.7787522100000004e+01
1.9008089300000002e+01
-9.7584008800000007e+01
-5.2337124699999997e+01
-7.5275229499999995e+01
7.6156862799999999e+01
6.2646455300000000e+01
5.2667661000000003e+01
6.2077414400000002e+01
3.6450773499999997e+01
2.4960413899999999e+01
-2.6384291699999999e+01
-5.9443957300000001e+01
-4.4989757099999999e+01
-3.6912268600000000e+00
-1.9961751000000000e+01
4.0459166900000000e+01
-3.5727810400000003e+01
-9.0309366699999998e+01
5.5497235600000003e+01
1.0680574600000000e+01
-8.6450129899999993e+01
-7.6469971900000000e-01
6.7221035400000005e+01
-7.8131796400000004e+00
5.6005080399999997e+01
-1.6512265900000000e+00
3.9142792100000001e+01
9.7012380600000000e+01
-2.9365548000000000e+01
2.4398334200000001e+01
3.1787509400000000e+00
6.3006454300000001e+01
-2.1872011800000002e+00
4.6291913100000002e+01
4.2114898300000000e+01
6.6882326699999993e+01
-9.7815164600000003e+01
-9.0324593300000004e+01
2.5346876099999999e-01
-4.1662136099999998e+01
-9.7241467900000004e+01
5.8835569499999998e+01
-8.6543465499999996e+01
-3.7964430299999997e+01
-3.1998916699999999e+01
6.3355582900000002e+01
-9.9125432099999998e+01
-1.2367956099999999e+00
2.2689608199999999e+01
-2.5183759200000001e+01
-6.0338359699999998e+01
7.9013528500000007e+01
9.7369716600000004e+01
8.4356018399999996e+01
-2.1116531899999998e+01
3.2457495999999999e+01
8.0219820199999994e+00
-5.7784103899999998e+01
-3.8934017900000001e+01
-9.7319522199999994e+01
-9.9087611699999997e+01
9.7557382200000006e+01
6.2359387099999999e+01
5.4081138099999997e+01
8.0657049700000002e+01
-7.5245176799999996e+01
-8.0784091200000006e+01
1.0293512900000000e+01
-9.8696482300000000e+01
-7.4861340299999995e+01
-8.8844013700000005e+01
5.2534740999999997e+01
-8.5719688099999999e+01
4.3646670600000000e+01
-7.1918400599999998e+01
2.3139671100000001e+01
-5.6981617699999996e+00
2.0705143200000000e+00
-3.0991384799999999e+01
-8.3048407299999994e+01
-4.8839730799999998e+01
5.1143793300000002e+00
-7.1893047600000003e+01
-7.5905815700000005e+01
5.4777506300000001e-01
-4.2817357700000002e+01
-7.7606560599999995e+01
9.2528492599999995e-03
-2.4419803399999999e+01
-4.5888237099999998e+01
9.1338205200000004e+01
-8.3864129100000007e+00
-5.0995882700000003e+01
6.6091414299999997e+01
-3.9365255599999998e+01
-9.3356116900000004e+01
9.7511863800000000e+01
-4.0447493300000001e+00
2.0707160999999999e+01
3.2497607799999999e+00
9.5452193300000005e+01
-5.0560338000000002e+01
3.3638916700000003e+01
-7.0653676099999998e+01
-1.8975534000000000e+01
-7.1589426399999994e+01
-3.1150796700000001e+01
9.9864131999999994e+00
-9.1513658699999993e+01
-5.3608025400000002e+01
-2.0241861600000000e+01
-7.5861799399999995e+01
-1.1473985400000000e+01
-8.9709536999999997e+01
9.9329323700000003e+01
3.8875268699999999e+01
2.3004334600000000e+01
2.3430920900000000e+01
6.5947836699999996e+01
9.5857113699999999e+01
-1.2513050800000000e+01
6.9242066800000003e+01
-2.0583272699999998e+01
-1.5925639800000001e+01
7.8397621200000003e+01
-3.0867659199999999e+01
6.1682590500000003e+01
9.8855253700000006e+01
5.6212750200000002e+01
7.0361750499999999e+01
3.2122206700000000e+01
-4.5577450300000002e+01
-5.1831353499999999e+01
-1.4815280200000000e+01
1.9511625200000001e+01
-1.5991760500000000e+01
5.3504831099999997e+01
-9.4861657399999999e+01
3.8558605399999998e+01
5.0687646500000000e+01
9.0711584900000005e+01
-2.2535584900000000e+01
-8.8768732700000001e+01
-2.4931960600000000e+01
3.1502635800000000e+01
4.0353302900000003e+01
-8.1852635000000006e+01
8.9597417800000002e+01
6.9697692000000000e+00
8.2048075999999995e+01
-3.8137825100000001e+01
4.4979002500000000e+01
-2.3308213700000000e+01
7.9774612399999995e+01
-8.6312388200000001e+01
-4.7000066099999998e+01
2.4912244300000001e+01
3.6055827299999997e+01
4.7380168900000001e+01
8.6596109100000007e+01
2.2934226299999999e+01
4.7661021300000002e+01
2.7305178900000001e+01
-6.5973356100000004e+01
-4.5532883300000002e+01
6.2489559800000002e+01
-1.9347806899999998e+01
3.2016535900000001e+01
-4.2788202699999999e+01
9.2276681499999995e+01
1.5311198100000000e+01
9.3325765500000003e+01
2.7841889499999999e+00
7.2844663400000002e+01
-5.4934498499999997e+01
-5.1308993700000002e+01
7.9765285599999999e+01
4.1839515700000000e+01
9.5028683700000002e+01
-8.0871482300000004e+00
4.8354912400000003e+01
3.3793449000000003e+01
-9.4077510599999997e+01
-2.9928779100000000e+01
-8.3586774500000004e+01
-8.7832504599999993e+01
5.2018988600000000e+01
2.5566178499999999e+01
6.0933921000000000e+00
9.7852378700000003e+01
-3.9407581899999997e+01
-6.3859749399999998e+01
1.3850018800000001e+01
-6.6855832599999996e+00
-2.1554173299999999e+01
-9.4518632499999995e+01
-3.1704094200000000e+01
9.5269820600000003e+01
1.5387000300000000e+01
5.4128025399999999e+01
2.5282292900000002e+01
4.6609991200000003e+01
-7.0131729800000002e+01
-1.7071780199999999e+01
-8.6203052400000004e+01
7.6838812399999995e+01
6.6398858500000003e+01
-3.6957898000000000e+01
7.9610886600000001e+01
5.0619602100000002e+01
-6.9490106299999994e+01
4.3082760499999999e+01
6.8327624700000001e+01
5.6691511599999998e+01
9.9565903800000001e+01
1.7222805699999999e+01
-2.7843888400000001e+01
-2.5218205200000000e+01
9.7444001999999998e+01
7.7441566199999997e+01
-6.2873727299999999e+01
-5.1173695600000002e+01
-5.0626124300000001e+01
-6.5236985599999997e+01
-3.3138965100000000e+01
-1.8755030900000001e+01
2.4755302499999999e+01
7.9601433799999995e+01
3.5833016800000003e+01
-7.3691417000000001e+01
-5.4220525799999999e+00
9.3489635399999997e+01
-2.4742561699999999e-01
-2.0583602200000001e+01
9.7644676700000005e+01
5.3665685799999999e+01
9.6628940600000007e+01
-5.2145907700000002e+01
-6.6907685299999997e+00
-9.2930159200000006e+01
4.7429095699999998e+01
6.9939433899999997e+01
3.3396955600000000e+00
-7.1282018300000004e+01
5.5396565500000001e+01
-1.0509104300000001e+01
-6.6907505000000000e+01
-4.8685000000000002e+01
4.5867229600000002e+01
-8.7738900700000002e+01
-7.7344037999999998e+01
6.2928264900000002e+01
-7.6967863599999999e+00
8.1758322500000006e+01
7.9263019600000007e+01
-5.8604457900000000e+01
7.4818657799999997e+01
-5.2541698099999998e+01
3.6860771999999997e+01
9.2024188199999998e+01
-1.4684467500000000e+01
-6.5165581099999997e+01
-2.0525580099999999e+01
3.4186687900000003e+01
-2.9875013699999999e+00
-2.3481623299999999e+01
1.2704035800000000e+01
-2.0225554300000002e+00
-6.8976680099999996e+01
3.0229882799999999e+01
4.5399002899999999e+01
-9.9265093199999995e+01
8.1828582100000006e+01
3.2372166300000004e+01
-9.0072096400000007e+01
-9.5550402400000003e+00
-6.7181157799999994e+01
-5.8645719500000002e+00
6.4693803200000005e+01
6.9997499800000000e+01
9.2845232699999997e+01
6.2537331600000002e+01
-4.7121923099999997e+01
-5.8729724400000002e+01
8.6443010700000002e+01
-2.1332246000000001e+01
-8.7525640800000005e+01
-9.1239338700000005e+01
-9.8772049400000000e+01
6.3422300399999997e+01
8.3036152999999999e+01
4.8328025400000001e+01
-5.9234511099999999e+01
-5.3156714500000000e+01
7.9698683000000003e+01
5.7550857299999997e+01
-6.3404595399999998e+01
1.1471617599999999e+00
-8.7803078200000002e+01
-7.2943518900000001e+01
-9.5551606800000002e+01
7.3964974400000003e+01
2.2824397099999999e+01
-3.2171625900000002e+01
3.7132331700000002e+01
-5.6523876399999999e+01
-5.3713799299999998e+01
-1.1556753700000000e+01
-3.3225532999999999e+01
-4.6698628300000003e+01
5.0998188300000002e+01
-1.6740952100000001e+01
9.0093451000000002e+01
6.7315841699999993e+01
7.9175226300000006e+01
-4.8943537100000000e+01
4.2218554800000003e+00
-3.2648920799999999e+01
3.1237786799999999e+01
-2.1030495500000001e+01
-7.9865165800000000e+01
-7.6174784999999998e+00
1.1271757200000000e+01
-3.9535026999999999e+01
2.6152047700000001e+01
4.8591436500000000e+00
-3.8222350200000001e+01
-7.3807246800000001e+00
-7.3482311199999998e+01
5.2208888199999997e+01
-7.3015745400000000e+01
-1.3773485800000000e+01
7.1855002299999995e+01
-6.6037604200000004e+00
-4.2754258299999996e+01
-8.6946683600000000e+01
3.1403410699999998e+01
2.6052626900000000e+01
4.6306384899999998e+01
9.0981500800000006e+01
-2.6134474099999998e+01
-8.6119417600000006e+01
7.3504771800000000e+01
-4.1067196500000001e+01
1.0674949500000000e+01
5.6431456900000001e+01
-8.5964683500000007e+01
2.6671631999999999e+01
-9.1777420699999993e+01
-9.5153910900000000e+01
4.4348244000000001e+01
7.7157465799999997e+01
8.7437575100000004e+01
8.4943124600000004e+01
5.1263487900000001e+01
-2.4516670399999999e+01
6.6837027000000006e+01
3.7329108699999999e+01
1.1040029600000000e+01
-8.2767792200000002e+01
1.0953578700000000e+01
3.5881270899999997e+01
-1.4498288400000000e+01
-6.7418281199999996e+01
3.8697842600000001e+01
3.8344098899999999e+00
6.0109551900000000e+01
5.5688340300000000e+01
8.5606505499999997e+01
4.5243512799999998e+01
-8.0923724399999998e+01
-1.0140075299999999e+01
9.5321549300000001e+01
9.3788828199999998e+01
2.9054017999999999e+01
-8.1450582699999998e+01
5.4407605500000003e+01
-1.9205786900000000e+01
-4.4058376400000000e+01
-5.4710508400000002e+01
-7.1038775599999994e+01
-8.1441092900000001e+01
4.0544082199999998e+01
3.6242420799999998e+01
-8.4720498200000005e+00
6.4690694300000002e+00
-4.0330543200000001e+01
-1.9400754899999999e+01
-6.9506493399999997e+01
5.8040869000000001e+01
-6.0287993299999997e+01
-1.1054595199999999e+00
-3.9347268800000002e+01
-7.0411151500000003e+01
9.2802830900000004e+01
4.7380590699999999e+01
3.7496497899999999e+00
7.9656127299999994e+01
4.1400108000000003e+01
-2.1036066399999999e+01
2.8438429400000000e+01
-3.9133224900000002e+01
-8.3032178000000002e+01
7.7082446099999999e+01
-8.1205071200000006e+01
9.0243353900000002e+01
2.3636054600000001e+01
5.2114787499999998e+01
2.4144865800000002e+01
1.5846401300000000e+01
-4.3829376099999998e+01
-8.0047069600000000e+01
4.4313134099999999e+01
6.8287791499999997e+01
6.4250016900000006e+01
8.7129042000000005e+00
-2.7119441999999999e+01
1.8701977200000000e-01
-3.3920434700000001e+01
-5.3890638099999997e+01
2.0985618800000001e+01
-9.0531684400000003e+01
4.7309874399999998e+01
-2.4535605399999998e+00
9.7155234199999995e+01
9.5695484399999998e+01
-7.1539111700000007e+01
8.5791293100000004e+01
-9.6834751100000005e+01
4.5546253299999996e+01
4.6751730400000000e+01
-8.6410231400000001e+01
5.9496715600000002e+01
-9.3396225200000007e+00
-5.7856940799999997e+01
4.7050227599999999e+01
1.5478428600000001e+01
5.7891882500000001e+01
-8.3450907700000002e+01
-2.4844314099999998e+01
-5.9808341499999997e+01
2.9146183199999999e+01
-7.5224937100000005e+01
1.5045631600000000e+00
-7.8886278899999994e+01
-9.4179070800000005e+01
-8.9864775800000004e+01
-6.3455680899999997e+01
1.9329041700000000e+00
2.9522315700000000e+01
1.9173696000000000e+00
1.9836974500000000e+01
-3.2716530700000000e+01
4.4699714299999997e+01
-7.6386696900000004e+01
3.9678151499999998e+00
9.9033600600000000e+01
-3.7330297399999999e+01
1.1602051400000000e+00
6.3956222799999999e+01
-4.0259472799999998e+01
4.1719153100000000e+01
7.3899804599999996e+01
3.1295259800000000e+01
7.2438117700000006e+01
8.5319625900000005e+01
8.7746709600000003e+01
3.3143736900000000e+01
1.9545641499999999e+01
-1.9094678600000002e+01
-7.3194612599999999e+01
-3.9608904299999999e+01
-7.9345773499999996e+00
6.5514028199999996e-01
5.2587238900000003e+01
8.8855163099999999e+01
2.9969138000000001e+01
8.9274033099999997e+01
-7.2567896899999997e+00
-4.5765616100000003e+01
-8.6122385699999995e+01
-6.2523155199999998e+01
-3.0192489299999998e+01
8.2860785300000003e+01
-9.7247369300000003e+01
9.7505979499999995e+01
-6.5195343199999996e+01
-1.9408919399999998e+01
-2.0147953500000000e+01
5.7131479300000002e+01
1.1767631999999999e+00
1.2475344700000001e+01
4.0247565399999999e+01
-4.2925259699999998e+01
9.7327357399999997e+01
-5.5136409899999997e+01
1.9081725299999999e-01
-1.4016200899999999e+01
3.2004884200000001e+00
-9.0628370099999998e+01
9.2930615599999996e+01
-8.6846609299999997e+01
2.0038265399999999e+00
4.1078403700000003e+01
2.4981014999999999e+01
-5.4501192600000003e+01
2.6135428399999999e+01
-6.9369189000000006e+01
-3.7842089199999997e+01
2.9863356599999999e+01
6.7115455699999998e+01
-9.6459429700000001e+01
-1.9119793600000001e+01
5.9902910200000001e+01
-6.8083569999999995e+01
-3.7514645000000002e+01
2.6215485500000000e+01
1.8204080600000001e+01
-8.9104191499999999e+01
7.3896206300000003e+01
4.5597470399999999e+01
-9.6688711799999993e+01
4.8817061699999996e+01
-4.1664720799999998e+01
5.1296420300000001e+01
-7.9250134299999999e+01
-5.4514137300000002e+01
-2.4113919500000001e+00
7.4653787899999998e+01
1.5815079200000000e+01
-1.5741999000000000e+01
6.2654001500000000e+01
3.9054439600000002e+01
-1.1740307600000000e+01
-5.8615069200000001e+00
7.6284570599999995e+01
2.9024037400000001e+01
-7.0753649899999999e+01
-5.7522757400000003e+01
-7.4806462300000007e+01
7.2190851299999999e+00
6.7971532499999995e+01
-5.2018563800000003e+01
-9.5533660499999996e+01
-7.0332931200000004e+01
-4.8617946999999999e+00
7.5605052400000005e+01
7.2641987200000003e+01
9.9225960700000002e+01
5.1464055600000002e+01
7.7152306699999997e+01
-2.6262985600000000e+01
4.3190959800000002e+01
-4.2857342899999999e+01
5.7896120699999997e+01
-5.8915800300000001e+01
-1.4030215800000001e+01
2.5767756899999998e+01
1.1869790699999999e+01
-5.0731228600000001e+01
3.1304805699999999e+01
-7.3535956700000000e+01
2.6818795600000001e+00
-4.5200174599999997e+01
1.7469304999999999e+01
-4.6312707400000001e+01
5.6854942999999999e+01
-7.0277285399999997e+01
5.4658483799999999e+01
3.9820931300000000e+00
1.7343118199999999e+01
3.7958547100000000e+00
-7.1886367699999994e+01
-3.6816111599999999e+01
7.2255802099999997e+01
-1.3310247800000001e+01
-8.8106012300000003e+01
7.7172232600000001e+01
-4.8803088000000002e+01
-4.2489947100000002e+01
-5.5211493400000002e+01
1.8244437500000000e+01
1.2866116999999999e+01
7.3189477199999999e+01
-5.6070138000000000e+01
-3.9752415300000003e+01
1.7411093000000001e+01
8.0409757200000001e+01
4.7491346700000001e+00
3.3750109399999999e+01
3.5376245900000001e+01
9.0584637099999995e+01
2.4787152400000000e+01
-8.4200389900000001e+00
2.9552887599999998e+01
9.5773364099999995e+01
-1.5710234399999999e+01
9.5157450499999996e+01
3.7214762499999998e+00
8.5791075100000000e+00
-2.4174929899999999e+01
6.9833942600000000e+01
9.1160187599999993e+00
6.3029985900000000e+01
-2.8501825500000000e+00
-7.6761204599999999e+01
-7.1313606399999998e+01
5.6937115100000000e+01
-4.6212885700000001e+01
1.1351135100000000e+01
-7.2858781399999998e+01
-1.5092240500000001e+01
-8.8473459099999999e+01
5.9363267299999997e+01
1.1902134000000000e+01
5.4271921900000002e+01
9.9002846599999998e+01
-8.2087767499999998e+01
4.4265847200000003e+01
9.9465053699999999e+01
-7.8382289000000000e+01
-8.6484417300000000e+00
-7.3389642699999996e+01
4.0767713100000002e+01
-3.8745555699999997e+01
-8.7135982200000001e+01
-6.5245165799999995e+01
-6.1499700099999998e+01
3.4070364400000003e+01
-2.2587283100000001e+01
-8.5946368399999997e+01
3.6209710600000001e+01
7.1230646600000000e+01
-8.0580449099999996e+01
-2.1627607699999999e+01
-2.4809404600000001e+01
3.1035988300000001e+00
7.8853272099999998e+01
2.8364208800000000e+01
-5.9344801900000000e+01
-8.6223654400000001e+01
6.0028985599999999e+01
-1.5388195100000001e+01
7.8463355800000002e+01
9.8381512499999999e+01
-1.9824743399999999e+01
-3.1862255699999999e+01
-3.6651831899999998e+01
-2.7142464300000000e+01
2.3146476600000000e+01
1.9490389400000002e+01
3.7047669700000000e+01
9.4764101400000001e+01
-4.3934621900000003e+01
-6.5206372900000005e+01
8.4381789400000002e+01
-4.7951118500000000e+01
-2.4987680500000000e+01
2.8948448299999999e+01
-3.6706326400000002e+01
-6.1516787299999997e+01
-5.3365423600000000e+01
-5.6031360999999997e+01
-8.4112317300000001e+01
-7.5225209100000001e+01
7.5168950900000002e+00
3.7772517999999998e+01
4.4023850099999997e+01
8.7760350000000003e+01
-9.8355253700000006e+01
1.6336420700000001e+01
1.1269365499999999e+01
3.7875489700000003e+01
5.2190547299999999e+01
6.4858389599999995e+01
5.5385568500000000e+00
-3.1697181900000000e+01
-8.6342456200000001e+01
-4.7191783399999998e+01
9.8833651099999997e+01
-2.2910863400000000e+01
5.7250083699999998e+01
7.3922145599999993e+01
-8.2960898700000001e+01
-3.2582478699999999e+00
6.8910212700000002e+01
-6.8320949700000000e+00
1.9847252900000001e+01
-5.8369003800000002e+01
3.4114269300000002e+00
-6.8398471299999997e+01
4.8875620900000001e+01
-2.1845989600000002e+00
2.9928811400000001e+01
-9.1648932599999995e+01
-3.3036803499999998e+01
-1.3328760500000000e+01
-8.0281833599999999e+01
3.6184576600000000e+01
-9.4575348599999998e+01
-3.5830376299999998e+01
-8.9503995599999996e+01
-2.6088490600000000e+01
-2.3224812100000001e+01
-3.2824471099999997e+01
7.8137966800000001e+01
-5.2372532900000003e+01
