# CEC 2010 F03 shift vector (D=1000)
2.2939858000000001e+01
-2.6215847100000001e+01
3.0442707000000002e+00
-1.1683765500000000e+01
-2.8427834399999998e+00
5.8713033599999997e-01
2.6851486200000000e+01
-1.4269841300000000e+01
-7.2610682799999999e+00
1.1689507700000000e+01
-6.2922560199999999e+00
1.1311415900000000e+01
-1.5650031100000000e+01
6.9577586999999996e-01
-1.8214066500000001e+01
1.8775735300000001e+01
-7.7566735900000001e+00
9.4524635299999993e+00
-5.4611536800000005e-01
1.0208761200000001e+00
-2.2399330899999999e+01
1.7230497499999998e+01
-7.6082231499999997e+00
6.9368198400000001e+00
9.3372407299999995e+00
1.1265139599999999e+01
6.0965101500000003e+00
2.6805202699999999e+01
-2.8691484799999998e+00
-3.0769999100000000e+01
-1.1253237199999999e+01
-6.8089285799999999e+00
-1.2695080799999999e+01
1.5133729400000000e+01
1.2623157700000000e+01
1.6349895700000001e+01
4.5568587100000002e+00
1.6613828900000001e+01
2.7727351599999999e+01
2.0049775499999999e+01
2.4226548399999999e+01
-2.5171178300000001e+01
1.8103669199999999e+01
-3.1274612799999999e+00
3.9688503300000000e+00
-1.2972395400000000e+01
-1.6295364700000000e+01
-1.1631515700000000e+01
-9.3970752399999995e+00
6.9903852500000001e+00
-2.2996566500000000e+01
9.0098751700000008e+00
-7.6641604900000004e+00
-3.3470104400000000e+00
1.7069976600000000e+01
2.0155302800000001e+01
-1.4586411699999999e+01
-4.6222159300000003e+00
5.0482740799999997e+00
2.5859950100000001e-01
2.1132967900000001e+01
-1.5703735200000001e+01
2.3375078200000001e+01
1.6248956400000001e+01
-5.9585749300000002e+00
2.5307424999999999e+01
-3.1912859900000001e+01
-5.4761365199999998e+00
6.1117322600000001e+00
-2.7307457500000001e+00
2.3755462900000001e+01
-3.8981818800000001e+00
1.4679930499999999e+01
-2.0679792200000001e+01
-2.8986140200000001e+01
-1.8164030300000000e+01
-3.1162682400000002e-01
-3.1477395200000000e+00
1.6539684600000001e+01
-1.7728269200000000e+01
1.5588746199999999e+01
5.0176399099999998e+00
-2.4824966799999999e+01
2.1282937700000002e+01
-1.4935488100000001e+00
2.4197027500000001e+01
7.7569568999999996e+00
-1.5030379300000000e+01
3.0438265600000001e+01
1.6377291600000000e+01
1.4618969200000000e+01
1.0195612400000000e+01
-2.1019482300000000e+01
2.2579945500000001e+01
2.4055488300000000e+01
-1.1959101500000000e+00
3.1276212300000001e+01
-2.4827486700000001e+01
5.1465391399999998e+00
-3.3929995100000001e+00
2.1285652599999999e+01
-4.1786153700000002e+00
3.1288412399999999e+01
1.2432922400000001e+01
-2.1621266100000000e+01
-9.0529382300000005e+00
-1.9730235600000000e+01
-2.1241750600000000e+01
-3.4401328000000002e+00
2.2784061999999999e+01
-9.6879715399999995e+00
1.8528625800000000e+01
-1.4604010900000000e+01
-1.7605140400000000e+01
1.3372802099999999e+01
-1.2076010800000001e+01
6.6241048200000003e+00
-1.5628197800000001e+01
2.5902725799999999e+01
2.3048608900000001e+01
1.8293850100000000e+01
2.6863259300000002e+00
6.0713747900000001e+00
-2.1749839300000001e+01
2.1504181299999999e+01
-1.9056995300000001e+01
1.0366443000000000e+01
-2.3655763000000000e+01
2.7194333799999999e+01
2.6655217499999999e+01
2.6607393099999999e+01
-2.9322330500000000e+01
-7.9903007800000001e+00
4.2086645599999999e+00
2.4173738000000000e+01
-3.0399169799999999e+01
6.2487716700000000e+00
-2.2051933900000002e+01
-4.9099431500000001e+00
-2.6943377900000002e+01
3.8913353300000000e+00
1.5343200899999999e+01
2.6835101800000000e+01
-2.2482534800000000e+01
1.7897413000000001e-02
2.2483639000000002e+00
-1.1377206299999999e+01
1.9202585500000001e+01
-2.9989712900000001e+00
-1.4150364600000000e+01
-1.2511590699999999e+01
-1.3451312300000000e+00
-1.3363790800000000e+01
-2.4623140599999999e+01
-5.4118931200000002e+00
-4.3096470000000000e+00
-2.3746140100000002e+01
4.0978543800000002e+00
2.1566440400000001e+01
-5.6562618599999999e+00
-2.3411686700000001e+00
-1.9724210200000001e+00
2.9658280900000001e+01
-5.9627744399999996e+00
2.9395060699999998e+01
-1.9122157300000001e+01
2.8363805499999999e+00
2.2649231200000002e+00
2.6847122599999999e+01
5.1774921899999997e+00
-1.2970022100000000e+01
-7.5487136300000000e+00
2.5876452700000002e+01
1.3353371599999999e+01
-9.5849195999999992e+00
2.1547087099999999e+01
6.1523275300000000e+00
-8.5494727199999998e-01
-1.5811629300000000e+01
2.7514626900000000e+01
5.9327890700000001e+00
-2.3097480999999998e+01
2.4427141700000000e+01
1.2333154499999999e+01
-2.0859626200000001e+01
-6.8869441000000000e+00
2.6285482600000002e+01
2.3483573000000000e+01
4.2767508799999998e+00
2.1725600199999999e+01
-2.4262300600000000e+01
-1.2124754400000000e+01
2.7114120600000000e+01
-8.3830439200000004e+00
-2.7566227200000000e+01
7.5799529500000000e+00
-2.4516271499999998e+01
3.1245359100000002e+01
6.8037688200000002e+00
-2.6194675799999999e+01
-1.8150759499999999e+01
2.2328489300000001e+01
2.5234295899999999e+01
1.9685459099999999e+01
-8.0581241800000001e+00
-1.5830210900000001e+01
1.6253747400000002e+01
8.0565969899999992e+00
-1.0846552200000000e+01
1.3553523800000001e+01
1.9056343900000002e+01
-2.8626055699999999e+00
-2.6997881599999999e+01
7.9264242100000004e+00
-3.1367563600000000e+01
-6.5229787799999999e+00
-1.0434821100000001e+01
-1.1881788600000000e+01
2.9281076200000001e+01
-2.1174347800000000e+01
2.4395238800000001e+01
-6.5749255199999999e+00
-1.4553790899999999e+01
3.1102943199999999e+01
-2.9251062900000001e+01
1.9069110400000000e+01
4.4942412699999998e+00
-3.0704629300000001e+01
1.8899269100000001e+01
2.2003745299999999e+01
-1.9934160700000001e+00
2.3007670699999998e+01
-1.1188793199999999e+01
3.5801258899999999e-01
2.7702644400000001e+01
1.0667680200000000e+01
-2.9234191100000000e+01
-7.5098186199999999e+00
-5.0473696199999996e+00
1.8881334500000001e+01
-1.5709123100000000e+00
3.5486164300000000e+00
2.8268019100000000e+01
-4.7140006400000001e+00
-1.3805554100000000e+01
-2.0982202300000001e+01
2.6458549699999999e+01
2.5111697499999998e+01
-2.2932475000000000e+01
-4.2786956600000003e+00
5.9010309200000002e+00
-7.6439892900000004e+00
2.1182207500000001e+01
2.6978645700000001e+00
-2.8222900200000002e+01
-2.9831070000000000e+01
2.6196434200000001e+00
-5.2939949700000000e+00
3.2150737899999999e+00
-1.6551247400000000e+00
1.8674300500000001e+01
-1.1389095599999999e+01
-2.8389209000000001e+01
8.0467278099999995e-01
5.1370361300000000e-01
-6.8947642000000000e+00
2.0231117999999999e+01
2.6472531300000000e+01
-3.5176768699999998e+00
1.6692253099999999e+01
7.1880880999999996e-01
2.3726867500000001e+01
1.7124540600000000e+01
1.0996393500000000e+01
-3.0261962499999999e+01
3.1126362900000000e+01
-9.9846157600000005e+00
7.0300508700000002e+00
1.4496244100000000e+01
2.0595495600000000e+01
8.0524565300000006e+00
3.0770377499999999e+01
-2.6370541500000000e+00
-1.3855917000000000e+01
1.5834168500000001e+01
-3.0685970800000000e+01
-1.2716567700000001e+01
8.6433680200000005e+00
1.1597794199999999e+01
-3.1213897800000002e+01
-1.6809530899999999e+01
1.5689144600000001e+01
8.2816779000000000e+00
1.3034922000000000e+01
-2.9660388300000001e+01
3.4031261599999998e+00
2.3408626699999999e+00
-2.4658923499999998e+00
2.4061007399999998e+00
-1.4975567000000000e+01
-2.2588293600000000e+01
5.1593916200000001e-01
1.7569139300000000e+01
2.9101627499999999e+01
7.2936039600000004e+00
1.9179826899999998e+01
2.9474399999999998e+00
-1.3906778300000000e+00
1.4214837500000000e+01
-2.7406985599999999e+01
4.5085177500000001e-01
5.5595342099999998e+00
-2.1376902900000001e+00
2.0692433699999999e+01
-4.8139156500000002e+00
-3.0107446199999998e+01
1.2300985400000000e+01
2.2583067199999999e+01
2.9139484599999999e+01
-9.2924227899999998e+00
2.8597004300000002e+00
-2.7214884099999999e+01
2.3721737800000000e+01
-5.0298648100000003e+00
3.1195327200000001e+01
-9.6369264500000007e+00
8.7982401899999996e+00
2.4417558799999998e+01
-2.8974058599999999e+01
-1.5607643400000001e+01
2.2971609699999998e+01
5.1591199599999999e+00
-1.9929410900000001e+01
1.2297962699999999e+01
1.8027731200000002e+01
1.4579230000000001e+01
-1.0655954800000000e+01
-3.0273753700000000e+01
-1.8431675900000000e+00
-1.6566496200000000e+01
2.5011673099999999e+01
2.9406338999999999e+01
1.6986444800000001e+01
-2.5095798800000000e+00
3.1182555199999999e+01
3.2272340300000000e+00
-1.9241587299999999e+01
2.8052409999999998e+01
4.9364330100000000e+00
2.8069963999999999e+01
-2.1925779300000001e+00
2.5502189600000000e+00
3.0549879799999999e+01
-5.0492512800000000e-01
-1.9117146500000000e+01
-2.9541226099999999e+01
-2.4251226500000001e+01
-3.5638324099999998e+00
2.1297151400000001e+00
-3.1648001099999998e+01
5.7560020800000000e+00
1.5858934100000001e+01
1.4414090800000000e+01
-6.8968656499999996e+00
1.2335189900000000e-01
-1.6867083500000000e+01
-1.4899421400000000e+01
2.9774656799999999e+01
-8.5049288199999999e+00
2.3705694000000001e+01
1.3206197500000000e+01
1.0555457900000000e+01
-2.2605037800000002e+01
-2.0584480100000002e+00
3.1003177500000000e+01
1.4650912099999999e+01
-1.2898719500000000e+01
2.0596511100000001e+01
-4.6349873900000000e+00
-2.9261528700000000e+01
3.8230684300000001e-01
7.2689303100000000e+00
2.0261871299999999e+01
8.1798678500000008e+00
-6.9100567699999997e+00
1.0689060800000000e-01
4.1268310599999998e+00
-2.6473129100000001e+01
-6.5365179099999997e+00
-3.2548148399999999e+00
1.7813040399999998e+01
2.2744147900000002e+01
1.6631091000000001e+01
-2.2528129100000001e+01
6.9707516800000002e+00
2.7950625400000000e+00
5.9962845200000003e-01
1.2049738800000000e+01
-2.5508008400000001e+01
-6.9363339899999996e+00
-1.2862227600000001e+01
2.3539082000000001e+01
1.5428925899999999e+01
2.2529512600000000e+01
-2.2707131799999999e+01
-1.5808901499999999e+01
2.5308943600000000e+00
1.3603885200000001e+01
-1.6845719700000000e+01
-1.5501273200000000e+01
-2.8335793800000001e+01
-2.7661411500000000e+01
-1.9469996100000000e+00
-1.3507929499999999e+01
-3.1331229400000002e+01
-1.7071183800000000e+01
2.1249378900000000e+00
1.5138970100000000e+01
-2.5577173800000001e+01
-2.7594005400000001e+00
-2.2616534200000000e+01
-1.8416368500000001e+01
-5.2976838700000002e+00
-5.1212617199999997e+00
2.6667931500000002e+01
1.7190270399999999e+01
1.5621887400000000e+01
-9.8950909500000002e+00
6.6747656099999997e+00
-2.2468941800000000e+01
7.0477166599999996e-01
1.8085979200000001e+01
-9.3646715799999996e+00
-1.6122125000000000e+01
-2.7499625099999999e+01
-3.0048577800000000e+00
-3.5529347800000002e+00
5.0291627700000001e+00
5.0387909399999997e-01
1.9810376699999999e+01
1.1090076699999999e+01
-1.7571035800000001e+01
7.0145857700000001e+00
-6.8024576500000000e+00
-7.9585751000000005e-01
1.4277901699999999e+01
3.1014066400000001e+01
3.0144376600000001e+01
-1.3477388500000000e+01
1.9028725999999999e+01
2.6666129800000000e+00
-2.0324461899999999e+01
1.7753873500000001e+01
1.0171400999999999e+01
2.4061305800000001e+00
-1.7015875099999999e+01
2.6702011100000000e+01
-2.6711172300000001e+01
2.4330059599999998e+01
3.8893017200000002e+00
3.5108627800000001e+00
-1.0962325500000000e+01
1.8754660299999999e+00
1.7553102199999999e+00
9.3237036599999996e+00
-2.0665904800000000e+01
-9.9378507400000000e+00
1.2547677800000001e+01
2.5368431099999999e+01
3.7537613699999999e+00
-2.0539568800000001e+01
6.6544942999999996e+00
1.3808446000000000e+01
3.1726966300000001e+01
-2.0291801799999998e+01
1.3751315999999999e+01
-2.6380462900000001e-01
1.6883497199999999e+00
-2.0300350500000000e+01
-9.2958389199999996e+00
1.0014453000000000e+01
-2.0870500700000001e+01
-1.1964971400000000e+01
3.1504644299999999e+01
-2.6999774200000001e+01
1.9493830200000001e+01
1.0594688200000000e+01
1.6181266800000000e+01
-1.6456592799999999e+01
-3.6041797600000001e+00
-1.4255614599999999e+01
2.9420313600000001e+00
8.5394726900000002e+00
-1.0519485299999999e+01
-2.4223766999999999e+01
3.1809608500000000e+01
1.3175826000000001e+01
-4.2622842399999996e+00
-1.1221309300000000e+00
-1.6163736799999999e+01
2.1737154000000000e+01
-1.0097563299999999e+01
-8.6485579200000000e+00
3.0977255499999998e+01
-1.5890063800000000e+01
6.6023443100000003e+00
2.5012120100000001e+01
2.6691771800000001e+01
-9.5323818500000002e+00
3.6680680699999999e+00
-1.8327127600000001e+01
-8.4050279799999998e+00
-1.5135677400000001e+01
2.4426504699999998e+00
3.1745116200000001e+00
1.6965615600000000e+01
2.8267882100000001e+01
1.3888139300000001e+01
1.8214789100000001e+01
-1.1062373400000001e+00
8.7268442799999999e+00
1.2204499600000000e+01
-1.4452663200000000e+01
-1.6375197199999999e+01
-1.5021126000000000e+00
2.6855677900000000e+01
-1.0193555500000000e+01
-1.9580635900000001e+01
5.8751846600000004e+00
-1.4308122400000000e+01
8.7182151399999999e+00
3.9396960600000002e+00
-5.7713082399999998e+00
-5.1871315600000001e+00
-1.7483831299999999e+01
3.0588862100000000e+01
5.6103319699999998e+00
2.4037762799999999e+01
1.3593850000000001e+00
2.8850978999999999e+01
2.3980814700000000e+01
2.6494350200000000e+01
1.8221206400000000e+01
2.6963988100000002e+01
-1.5210931700000000e+01
5.8469127700000003e+00
-5.3709793900000002e-01
4.5990246900000002e+00
-1.4153736700000000e+01
-1.7051906299999999e+01
-8.7220786700000001e+00
-3.1871430000000000e+01
-2.7203183800000001e+01
6.2227655100000003e+00
-2.3424481700000001e+01
-2.9892840100000001e+01
3.0247842200000001e+01
1.2927220400000000e+01
-1.2323034300000000e+00
1.2370150700000000e+01
1.0727004100000000e+01
-1.3761562600000000e+01
1.5926304600000000e+01
1.9071267500000001e+01
-4.4674289099999998e+00
-1.0207174800000001e+01
-2.7993216300000000e+01
2.1372526900000000e+01
-1.8302172999999999e+00
-1.3168144200000000e+01
2.2730793399999999e-01
-2.0337764000000000e+01
1.0727232500000000e+01
-3.1085960499999999e+01
-1.9555538599999998e+01
-1.2868727500000000e+01
-2.5216850699999998e+01
-1.2112509700000000e+01
-2.1015926300000000e+01
2.5687805500000000e+01
-2.4220225899999999e+01
-8.7923023899999997e+00
5.3757128099999996e+00
-1.6190630800000001e+01
1.2214236700000001e+01
-2.0534005799999999e+01
2.1623602600000002e+01
2.9854003100000000e+01
-5.3875638099999996e+00
1.9735696200000000e+01
1.0327374000000001e+01
2.2641549000000001e+01
8.3215263999999998e+00
7.1435767800000001e+00
4.8160276000000000e+00
-3.0173290999999999e+01
-1.4691636700000000e+01
2.2364168400000001e+01
1.0877112400000000e+01
-3.1836159599999998e+01
9.6153209200000003e+00
1.3410659300000001e+01
-2.6439366099999999e+00
2.8483933300000000e+01
-3.9362028599999999e+00
-1.7933430600000001e+01
1.1955365499999999e+01
7.9520752300000002e+00
-2.2509579200000001e+01
2.7904214100000001e+01
1.1670315199999999e+01
-2.2760284700000000e+01
1.4433574200000001e+01
-1.5906313800000000e+01
7.7214243700000003e+00
-1.6763175900000000e+01
-2.8024857300000001e+01
-1.3652312000000000e+01
1.4675063200000000e+01
-1.2101995900000000e+01
-4.4158682999999996e+00
6.4092343100000004e+00
2.6896656199999999e+01
6.4628284799999998e+00
2.2595725300000002e+01
-7.2795888099999999e+00
-6.8645542300000004e+00
-1.1838895400000000e+01
6.2467317800000000e-01
-2.6278487100000000e+01
-3.7107630299999999e+00
-2.6201004699999999e+01
1.2450664700000001e+01
8.6688140800000006e+00
2.9447856399999999e+01
-1.6560774400000000e+01
1.9866980900000001e+01
7.7570656600000003e+00
-2.4165981200000001e+01
-6.4942245999999999e+00
-1.2075686699999999e+00
1.0690068800000001e+01
-5.0565644600000004e-01
9.3099675800000004e+00
-1.2341552399999999e+01
-1.6900048699999999e+01
-2.2243284899999999e+01
4.8887060699999996e+00
-4.8202419499999998e+00
9.1599158900000006e+00
-8.1715605300000007e+00
-2.0066441500000000e+01
-4.0839652800000001e+00
2.3379045000000001e+01
-2.3411952599999999e+01
-7.4020291299999998e+00
2.2147791800000000e+01
-2.4615984200000000e+01
2.8534964100000000e+00
1.4195163700000000e+01
1.1753991800000000e+01
1.5002702299999999e+00
-2.2175094500000000e+01
-2.8243875100000000e+01
-1.2975634599999999e+01
3.0198996600000001e+01
1.7801931600000000e+01
4.7277661599999998e+00
-1.6194053300000000e+01
-2.5704394199999999e+01
4.0114533500000000e+00
1.6787099699999999e+01
-1.6798258400000002e+01
4.8536615200000002e+00
-1.8353816500000001e+01
2.7930676500000001e+01
2.0284554700000001e+01
3.9334580200000002e+00
1.9345882100000001e+01
1.7626850800000000e+01
6.7458738499999997e+00
-1.8261198799999999e+01
-2.7146408900000001e+01
1.0741779700000000e+00
-1.5465343300000001e+01
2.9307842600000001e+01
-3.5799456500000000e+00
-2.1309093900000001e+01
-1.9184558400000000e+01
-8.1103952499999998e+00
2.4730244299999999e+01
2.7988016600000001e+00
1.9826804500000001e+01
-3.1832306800000001e+01
3.9809573000000000e+00
-1.0065186900000000e+00
8.5957766200000005e+00
1.9238871899999999e+01
-1.3687810300000001e+01
4.3692193599999998e+00
-3.2044303900000002e+00
2.3955233300000000e+01
-2.7572996199999999e+01
-6.6718249399999996e+00
2.9889085600000001e+01
1.9376084299999999e+01
-9.7883562400000006e+00
1.4617712600000001e+01
-9.6445968700000009e+00
-2.4878907500000000e+01
-6.8619892399999998e+00
2.5671640300000000e+01
-3.3677885800000001e-02
7.5308214900000001e+00
9.3561943299999992e+00
1.0462989500000001e+01
-4.0462063300000004e+00
9.0416802900000004e+00
-1.3570282300000001e+01
-8.8487147000000004e+00
9.4362257299999996e-01
-8.6377549699999996e+00
7.9892999900000001e+00
1.3426965900000001e+01
-1.5895265999999999e+01
1.7974451999999999e+01
-2.4569142100000001e+01
1.2846969700000001e+01
-2.0090522400000001e+01
1.4874184400000001e+01
-6.4783746600000001e+00
1.8853867500000000e+01
-6.8569073600000001e+00
-1.6139494100000000e+01
4.8152178899999996e+00
1.8676534000000000e+01
-2.1483064200000001e+01
-2.7792642900000001e+01
5.6095995800000003e+00
-1.9166502999999999e+01
1.4650209700000000e+01
-1.8748723399999999e+01
-1.6388693100000001e+01
1.9575046900000000e+01
-1.5120637400000000e+01
-2.7975031399999999e+01
-1.6412381700000001e+01
8.7556935700000000e+00
1.6770872600000001e+01
-9.9894356799999997e+00
2.1203588299999998e+00
5.9475730300000000e+00
7.7619818799999996e+00
1.4119433700000000e+01
-5.9835140800000000e+00
-3.1860772300000001e+01
2.9348191100000001e+01
2.7131159400000001e+01
2.1433272299999999e+01
-1.8706274100000002e+01
3.0053633699999999e+01
-2.4997389900000002e+01
6.5823105699999997e+00
-8.6873089700000001e+00
4.2255151099999999e+00
-8.0140981799999995e+00
-1.1093794500000000e+01
1.9261831999999998e+01
8.0391326399999996e-01
-1.1564053500000000e+01
2.2758583200000000e+01
-2.2834917099999998e+01
6.4126440400000000e+00
2.9246203399999999e+01
3.7642868900000002e+00
7.0682820599999996e+00
1.7639445299999998e+01
-2.6819813199999999e+01
-1.9988605900000000e+01
-1.7905187800000000e+01
-1.6351613400000002e+01
-2.9521766199999999e+00
2.5776745500000001e+01
2.0946477399999999e+01
1.4223364600000000e+01
-1.0776245800000000e+01
-2.3198436400000002e+00
3.1603847200000001e+01
-2.0819701400000000e+01
-2.5753905899999999e+01
-7.2671600200000004e+00
-7.9612861900000000e+00
1.7320944500000000e+01
1.3336125700000000e+01
-2.6778455000000001e+01
2.6668755800000000e+01
-2.9939337999999999e+01
-1.9685341099999999e+01
-6.5936869800000002e+00
-1.1525202600000000e+01
7.2432159199999999e+00
1.4664922499999999e+01
-7.5616457500000003e+00
-1.6510560200000000e+01
-9.6189093000000003e+00
2.0056605199999999e-01
-1.6819536599999999e+01
1.1114876300000001e+01
2.4575676300000001e+01
1.0455376100000001e+01
1.5986303500000001e+00
1.3230167399999999e+01
1.0690874500000000e+01
1.8904454900000001e+01
1.0371116000000001e+01
-1.8181524300000000e+01
-3.1696813800000001e+01
-2.1172140800000001e+00
-2.7217375199999999e+01
-5.2885666499999999e+00
-1.3800331200000000e+01
7.2991003799999996e+00
1.1111904200000000e+01
1.0716246800000000e+01
2.4552314200000001e+01
1.0102105800000000e+01
-1.3034453600000001e+01
-1.5982328200000000e+01
-1.7620290600000001e+01
-4.9091075000000002e+00
1.9961107500000001e+01
2.8865639099999999e+01
-6.1761115200000001e+00
-1.3354825900000000e+01
3.1290275900000001e+01
1.4310664800000000e+01
-5.8057437299999997e+00
-6.7761265300000000e+00
1.6006547199999999e-01
1.4918371300000000e+01
-1.7427887299999998e+01
-1.4685026799999999e+01
-1.5143779000000000e+01
-2.5117671600000001e+01
2.7663005499999999e-01
-2.1815715000000001e+01
-2.1135035800000001e+01
1.8317404900000000e+01
-1.6263560800000000e+01
2.3324731700000001e+01
3.0903697099999999e+01
1.3689229800000000e+01
-3.0995870499999998e+00
3.1602973899999999e+01
1.0731649300000001e+01
7.4048268400000001e+00
6.2072691700000000e+00
7.4232300799999997e+00
-3.1561053200000000e+01
1.9979487200000001e+01
1.2887665600000000e+01
7.4603965200000000e-01
-5.2938892600000003e+00
7.7422683699999997e+00
-8.8149147400000007e+00
7.8856424100000000e+00
2.5633815300000000e+00
-2.1227962500000000e+01
-5.9917995199999998e+00
-1.6547833900000000e+00
1.8491450499999999e+01
-1.8173738100000001e+01
3.1792075700000002e+01
1.8186897200000001e+01
-2.9105886600000002e+01
-4.7709536600000000e+00
-1.6062182000000000e+01
1.0652763900000000e+01
2.2238600300000002e+01
1.5674417900000000e+01
-2.0158094899999998e+01
1.0789905200000000e+01
2.7985939599999998e+00
-1.7739392400000000e+01
-1.0090027100000000e+01
-1.3492786000000001e+00
1.3038435600000000e+01
2.8853507299999999e+00
1.7289885899999999e+00
-1.4276460500000001e+01
-1.5813138500000001e+01
1.2651659799999999e+01
1.8855195500000001e+01
4.4912445400000003e+00
1.1405882600000000e+01
1.5428939699999999e+00
1.7716672899999999e+01
2.8660366400000001e+01
3.4348755799999999e+00
2.5598905699999999e+00
2.2003682600000001e+01
2.4530863300000000e+01
-1.2410001500000000e+01
2.4428758800000001e+01
4.6180302900000001e+00
-1.7420507900000000e+01
1.0012710100000000e+01
1.6953725100000001e+00
3.7354673300000001e+00
-2.9634210700000001e+01
-1.6952839200000000e+01
9.1130498800000002e+00
-2.1992165600000000e+01
-9.3055557899999997e+00
1.0414887600000000e+01
-1.2124832200000000e+01
2.6814228199999999e+00
3.6722243699999999e+00
-1.3261060000000001e+01
-1.3869277000000000e+01
-1.9765712600000001e+01
1.0647944899999999e+00
-2.5255030800000000e+01
1.6731515099999999e+01
-1.6242516999999999e+01
-5.1756331299999996e+00
2.2672513899999998e+01
1.3706384300000000e+01
-1.6241673899999999e+01
1.1505430100000000e+01
1.1478442500000000e+01
1.0847289800000000e+01
1.1423157200000000e+01
1.2435181500000001e+01
-2.0961064000000000e+01
7.7481757900000003e+00
-2.0951313200000001e+01
2.9959061400000000e+01
1.5959425700000001e+01
-1.0723001099999999e+01
-1.0180131800000000e+01
2.4296436799999999e+01
1.2395966100000001e+01
2.1042684200000000e+01
3.5950850200000000e+00
2.0642962300000001e+01
-3.2669785800000000e+00
-2.8264384700000001e+01
3.0749044399999999e+01
2.9694266300000001e+00
-1.9436155700000000e+01
-8.8483080800000007e+00
-4.2501185699999997e+00
1.6739138600000000e+01
1.6908733699999999e+01
-1.3832440999999999e+01
-2.4012553900000000e+01
-3.2777128200000001e+00
7.9881136499999998e+00
-1.3630818800000000e+01
-3.0017990800000001e+00
2.4357893900000001e+01
5.4922706000000003e+00
-1.7327167700000000e+01
1.6036990700000000e+01
2.1309020900000000e+01
-9.2107487100000007e+00
2.6738261300000001e+00
-2.7229662699999999e+01
-1.5771643600000001e+01
1.0846477200000001e+01
-1.2546874499999999e+01
-2.0532599900000001e+01
-1.4145353800000001e+01
5.2943371499999996e+00
2.0900656800000000e+01
2.4664091299999999e+01
-1.8114143500000001e+01
3.2005187400000001e+00
-8.6935712899999995e+00
6.8051103199999998e+00
1.7576540099999999e+01
1.9614077999999999e+01
-1.8404178600000002e+01
9.0738805099999997e-01
-4.9502528899999998e+00
2.7426799299999999e+01
2.1528008400000001e+01
1.1648461599999999e+01
1.2554031900000000e+01
7.1026268100000003e+00
-3.0678740800000000e+01
1.1198393799999999e+00
-3.0730695200000000e+01
2.1932344100000001e+00
1.4054764900000000e+01
1.9617425699999998e+01
-3.1200866900000001e+01
-1.2995169300000001e+01
2.5100527599999999e+01
