# CEC 2010 F02 shift vector (D=1000)
-2.1182693399999999e+00
3.6343015699999999e+00
-2.4510587699999999e+00
-3.4029196200000000e+00
1.5589707700000000e+00
-3.0266341200000002e+00
3.9609991000000000e+00
-2.4889644799999999e+00
-1.8477737299999999e+00
2.7207277799999998e+00
-1.9414672500000001e+00
-3.0106094400000000e-01
1.6668230500000001e+00
1.1441005799999999e+00
2.5709995600000002e+00
1.6363210900000000e+00
2.2618526499999998e+00
7.6054551400000003e-01
3.9641254199999998e+00
-8.5727106600000003e-01
-2.2943829899999999e+00
2.7348572400000002e+00
-3.4231629699999999e+00
2.8190191200000001e+00
3.9115904499999998e+00
3.7144636400000000e+00
-4.2485567900000003e+00
-1.6356073700000000e+00
2.8245928600000001e+00
3.4055198000000000e+00
4.9450784199999998e+00
4.3354233100000004e+00
-1.0480297400000000e+00
3.3978752700000001e+00
3.4551573000000002e+00
-1.5968204899999999e-01
1.1432556000000000e+00
-5.0666599099999998e-01
2.7415038000000003e-01
1.9628224900000000e+00
-2.8944648399999999e+00
-1.9438815400000001e-01
-3.3545527599999998e+00
2.5316577300000001e+00
5.5684882400000002e-01
-4.3145905500000001e+00
-4.1138082699999998e+00
1.1608050299999999e+00
-1.5347829700000000e+00
4.3445578800000000e+00
-1.3705020900000000e+00
-2.1282960900000001e+00
-2.2431431499999999e+00
-7.8646864699999997e-01
2.3240241099999999e+00
-2.2582512900000001e-01
-4.2958225299999997e+00
1.7836014600000001e+00
1.7443038000000000e+00
2.9845654000000001e+00
1.0255933699999999e+00
2.7148959300000000e+00
4.2447050800000001e+00
2.8829726099999999e+00
-4.8723137899999998e+00
-3.9039984300000001e+00
3.9790784000000001e+00
2.1289709999999999e+00
-1.6843315299999999e+00
-2.5879436099999999e+00
-4.8135847500000004e+00
2.5448029800000000e+00
-2.0225187199999999e+00
3.1660145499999999e+00
3.1170288600000000e+00
3.7151882100000000e+00
-2.1817864400000000e-01
4.1369493200000003e+00
4.8150396699999998e-01
3.9682363800000000e+00
4.5884074400000002e-01
3.7730975899999999e+00
-3.2370049999999999e+00
-3.2182656600000001e+00
3.4861408199999999e-01
4.6877038799999998e-01
1.7405781899999999e+00
2.0718099200000002e+00
1.4539907299999999e+00
-4.6748574900000001e-01
-4.3223419200000004e+00
-1.9026843800000000e+00
-2.9613402700000000e+00
3.2744131300000001e+00
1.3076373099999999e-01
-8.0276208400000004e-01
-3.2146154000000000e+00
-3.3110617599999999e+00
7.2123128900000000e-01
2.4633019699999998e+00
-1.0928511700000000e-01
-1.9518528600000000e+00
4.2380595899999998e+00
-3.2144764399999999e+00
4.6809109700000002e+00
-2.1415294100000000e+00
-2.2266745200000000e+00
-5.7161952599999999e-01
-3.4449454799999999e+00
3.9072653300000000e+00
-6.0088432199999997e-01
3.6294704400000000e+00
-1.1565460599999999e+00
1.2962316500000001e-01
3.9326874699999999e+00
-7.3409508899999998e-01
4.5563108200000002e+00
7.9616909899999999e-01
-2.1375710300000001e+00
9.3175357000000003e-01
-1.9388054200000000e+00
-1.8040508799999999e+00
-3.7724035100000002e+00
3.6448167900000001e+00
-2.9056581900000000e+00
4.8824974000000001e+00
-3.5474539200000001e+00
-3.4164901099999998e+00
-2.9357878400000001e+00
2.0869680499999999e+00
3.3286533800000000e+00
-4.1993785399999997e+00
-9.1893772900000004e-01
-4.8329580800000000e+00
-2.1929588299999998e+00
2.9909390400000002e+00
-3.8773987499999998e+00
-3.2357580900000000e+00
-2.3973548600000001e+00
1.6710998500000001e+00
-2.9402712800000002e+00
1.8184792100000000e+00
-6.3785526400000003e-01
4.7202848499999996e+00
3.3439709099999999e+00
-3.7988627699999999e+00
1.3895913000000000e+00
-4.1929640800000003e+00
2.4612175800000000e-01
-2.6373020100000000e+00
-4.5686928599999996e+00
2.3196994200000001e+00
5.8861582999999995e-01
1.3115629600000001e+00
-1.3912828900000000e+00
-2.4766665800000001e-01
2.0980312200000002e+00
-2.9240184899999999e+00
-3.3925436199999998e-01
-2.7405621499999999e-01
1.6194220500000001e+00
-3.2345398599999999e+00
1.6430016000000001e+00
2.7216366299999999e+00
-3.0087399600000002e+00
-2.6325871900000002e+00
3.5213651000000001e+00
3.5936872700000002e+00
-2.6942525000000002e+00
-3.9323184100000002e+00
1.6675362000000000e+00
2.4310705799999999e-01
-3.7755445999999999e+00
-6.3672332499999995e-01
3.7508259900000001e+00
4.9186100399999999e+00
2.6936828600000000e+00
-4.5013291300000002e+00
-3.6933719400000000e+00
-5.0310284500000002e-01
-7.6007286799999996e-01
-4.1734439900000000e+00
8.9307291200000005e-01
2.8390670400000001e-01
3.0275613400000001e+00
-7.0870392400000004e-01
5.5533395799999996e-01
9.9132069499999997e-01
1.9033146999999999e+00
3.4753247599999999e+00
4.2697092699999999e+00
-1.0398406099999999e+00
-3.9501048000000001e+00
-1.2266198800000001e+00
1.5863764000000000e+00
-3.4918049199999999e+00
-1.5416432600000001e+00
-2.2630060699999999e+00
-4.0250385799999999e-01
-3.8771532799999999e+00
3.7199316900000001e+00
-2.4564203899999999e+00
3.2312441800000002e-01
2.3527095199999999e+00
-1.0714594700000000e+00
-2.6684611600000001e+00
-5.5171529799999997e-01
-3.4987143100000000e+00
-8.1870364399999995e-01
-3.4669041099999998e-01
-3.2259708200000001e+00
-3.6053748300000001e+00
3.4156439600000001e+00
-3.8693971700000001e+00
-2.1009828599999998e+00
6.4004671499999999e-01
3.0306378000000000e+00
-4.2169514299999999e+00
-1.3900091100000000e+00
7.9496920599999998e-01
1.0674170800000000e+00
4.5755882300000001e+00
2.0991433300000000e+00
-3.1660646899999998e+00
-1.1810363200000000e+00
-9.6122725799999997e-01
-4.9134265099999999e+00
-1.4787209699999999e+00
-4.8957209900000001e+00
-2.0781983899999998e+00
-2.8345676200000001e+00
8.7889750600000005e-01
4.0078707000000002e-01
1.9807596199999999e+00
4.7769857699999996e+00
6.1009086000000001e-01
-4.6102248000000001e+00
-1.2883086800000001e+00
5.7959931099999995e-01
2.0697054399999999e+00
3.1544915900000001e+00
-2.7005601499999998e+00
6.0039546200000005e-01
4.2756697500000003e-02
-7.1599499300000002e-01
-2.1784623000000001e+00
1.1041498199999999e+00
4.3999141300000000e+00
-6.4590992800000002e-01
9.4979487799999995e-01
2.6384441900000000e+00
-4.1647356300000000e+00
5.9359702199999997e-01
1.7887074199999999e+00
-2.6373510200000001e+00
-3.9871145000000001e+00
3.3443488900000000e+00
-3.0904531199999998e+00
-1.7953678700000000e+00
-2.9618584299999999e+00
-3.3963586000000001e+00
1.8795910100000000e+00
-2.9819185600000000e+00
4.3387172200000004e+00
-9.6937955200000003e-01
4.2906669300000004e+00
-2.7028881799999999e-01
1.2702704800000000e+00
4.2088805699999998e-01
-2.5412520900000000e+00
-6.1173215599999997e-01
-4.1077751400000002e+00
-9.3267885100000003e-01
3.7441330100000001e+00
4.9709205900000004e+00
-1.7882280100000001e+00
2.4719897600000000e+00
4.8243730899999999e+00
3.2663953900000000e+00
2.7314535499999999e+00
2.3052124400000000e+00
-2.9009222800000001e-01
4.7249283699999998e+00
1.3297484600000000e+00
-4.6085993600000004e+00
-6.9297849099999997e-01
-2.5886805300000000e+00
-1.0769696099999999e+00
4.5459316000000003e+00
-1.5863524000000000e+00
7.7221746100000002e-02
-2.4311455799999999e+00
-4.7904575200000004e+00
-1.9396958399999999e+00
1.8550913499999999e+00
3.8207156900000001e+00
-2.9314343999999998e-01
3.3270657799999999e+00
3.6625260499999999e+00
-2.7373496400000001e+00
-8.0789147399999997e-02
-2.2507182800000001e+00
3.0250911999999999e+00
5.9756813099999995e-01
2.6321724500000001e+00
-2.5404714899999998e+00
6.3775740400000003e-01
-4.8773869100000000e-01
-1.8836092700000000e+00
3.0288782599999999e+00
1.1073080099999999e+00
8.2864837000000002e-01
3.0424667300000001e+00
4.9801044699999997e+00
1.3897837200000001e+00
-2.8472969500000000e+00
-3.3147879099999999e-01
1.7668026500000000e+00
9.0420366799999996e-01
-2.4777644900000002e+00
1.2198136100000001e+00
1.9139683000000001e+00
2.9958031500000000e+00
-9.6854874499999999e-01
4.5750195800000002e+00
2.2672857700000000e+00
3.6018415999999998e-01
-5.0247828000000005e-01
-9.7634873600000005e-01
3.1106135699999999e+00
-1.9077815000000000e+00
-1.2889159799999999e-02
4.7477399299999998e+00
-2.7633893600000001e+00
-1.9209420900000000e+00
3.8104990000000000e-01
-4.5261233499999998e+00
4.0303312800000004e+00
4.2843917700000000e+00
-4.5405767600000004e+00
7.8566931600000001e-01
3.5250765999999998e+00
4.6488749599999997e+00
-4.0321107500000002e+00
-6.9555182999999998e-01
1.0969259700000000e+00
9.7329920800000003e-01
-1.6783579200000001e+00
1.1732736699999999e+00
-6.2187163400000001e-01
1.7685239200000000e+00
2.5056656600000000e+00
3.7641184600000002e+00
9.0349539400000001e-01
-2.5217289799999998e+00
-3.1049860599999999e+00
-2.1930387200000001e+00
3.9011157800000001e-01
2.2814513700000001e+00
-1.3279029300000000e+00
-7.7776338800000000e-01
-3.4113555299999998e+00
1.4628581899999999e+00
-3.7414265100000001e+00
-3.0328339500000001e+00
2.3344656400000000e-01
1.0583514800000000e+00
-4.0942997900000000e+00
-4.9801521700000002e+00
-2.7052446200000002e+00
2.1895272299999999e+00
2.2025121799999998e+00
-2.8849767800000001e+00
-4.5198572900000000e+00
-1.5759880799999999e+00
-5.2631272699999998e-01
3.2140653299999999e+00
1.8430889200000000e+00
1.1477066899999999e+00
7.0364861300000003e-01
-3.1487594600000000e+00
-1.7110624000000001e+00
6.3964114200000000e-01
7.6224520100000004e-01
-1.1564281200000000e-01
3.2498848400000000e+00
4.4727086600000003e+00
-8.9790496200000003e-01
-3.6963801699999999e+00
-5.8668179199999997e-02
-3.6177343700000000e+00
1.9582662000000000e+00
-1.4985082700000001e+00
-3.0922414999999998e-01
2.8598356699999999e-01
-3.4292779300000000e+00
-2.2578154900000000e+00
-2.0608365399999999e+00
-1.2518199299999999e-01
1.7387489400000000e+00
9.4339861599999997e-01
5.5969441399999997e-01
3.0949047699999999e+00
-2.8863345800000002e+00
1.0794828700000001e+00
-1.5771468700000000e+00
-7.3938802699999995e-01
2.5692558600000002e+00
-2.6715136700000000e+00
3.5350399299999999e+00
3.8525410500000001e-01
-2.1723318300000001e+00
3.9029030900000001e+00
3.9887257599999999e+00
2.8693832100000001e+00
-3.3856900300000001e+00
-4.2771668299999996e+00
-1.9116770100000000e+00
-8.2436293500000002e-01
4.6990193699999999e-01
-3.7331863900000002e+00
-3.8038135999999998e+00
-4.0889927599999998e-01
4.8706142999999997e+00
-2.4527053500000000e+00
1.0694177100000000e+00
-4.9663824300000003e+00
-1.7115686199999999e-01
-3.1652324599999999e+00
-1.1488998200000000e+00
-3.8558389999999998e-01
-2.3019511700000002e+00
-8.3325210900000002e-01
4.6201512400000000e-01
1.4778430100000000e+00
4.2650294500000001e+00
1.6719518100000000e-01
-3.8624351600000000e+00
-3.1221350100000000e+00
2.4536960600000000e+00
3.7162055100000000e+00
4.2470822999999998e+00
4.1562824799999998e+00
-2.6409096399999998e+00
-2.7038899299999999e+00
2.5273479700000001e+00
-3.9135570999999998e+00
6.4573278999999995e-01
2.1536845800000002e+00
-3.9668565600000001e+00
-6.2516000999999999e-01
-3.2976550800000002e+00
2.8335336999999998e+00
-4.4913460799999996e+00
-2.9350815799999999e+00
-4.0906943599999996e+00
5.0781100199999996e-01
-6.9407645699999998e-01
-1.0506498099999999e+00
4.2366744000000001e+00
-1.4961907200000000e+00
-4.9154572900000000e+00
2.6001656899999999e+00
2.0803726199999999e+00
-2.6442033999999999e+00
2.6259646800000001e+00
-3.5199061199999999e+00
4.6961379400000003e-02
3.5733972700000001e+00
4.2988972499999996e+00
4.2406179799999997e+00
4.7848714399999999e+00
4.4403272899999999e+00
3.3724139499999999e+00
1.3422023199999999e+00
1.7564463699999999e+00
-7.8514635700000002e-01
-3.3606148800000000e+00
-1.5959674699999999e+00
3.2338072599999999e+00
-1.0151886100000000e+00
-4.9334615399999997e+00
-2.7444163800000001e+00
-3.0556763899999999e+00
-3.1886562800000000e+00
4.2036807899999999e+00
-1.5743653300000000e+00
-2.5578394699999998e+00
-4.7193168200000002e-01
3.7402774200000000e+00
-2.9965773800000002e+00
-1.3627850399999999e+00
-8.5314432100000004e-01
-1.5199392599999999e+00
-4.1802529899999996e+00
4.7691677900000000e+00
-2.6912599099999999e+00
1.3079448300000001e+00
-3.4094326599999998e+00
8.7350054300000002e-01
2.9513456699999998e+00
3.5209463200000002e+00
1.4757733600000000e-01
2.2353007699999998e+00
4.4967740599999999e+00
-4.7975431400000002e-01
1.0350511100000000e-01
4.7411153600000002e+00
4.4722903000000001e+00
2.7598005699999999e+00
-2.8781279400000002e+00
-2.6168609500000000e+00
3.2531206600000000e+00
1.7452193499999999e+00
-9.5625511799999996e-01
1.6022980300000000e+00
2.2862033799999999e+00
-4.8938290000000002e+00
-4.1420371500000002e+00
2.6655940700000003e-01
-1.1119157000000000e-01
1.1176837600000000e+00
-3.8310813900000000e+00
-6.3291197799999999e-01
-2.9715641100000001e+00
2.5881485400000002e+00
7.4100657500000000e-01
-3.6655703200000000e+00
-9.0131431699999998e-01
-8.6534930099999996e-01
3.4440536900000001e+00
-4.1017049300000004e+00
5.9902494600000000e-01
-3.0923319399999998e+00
2.1642581500000002e+00
2.1998553400000001e-01
-4.8121682600000000e+00
3.8540628699999999e+00
-3.0899476400000001e-02
-2.3071161999999998e+00
-3.2487302100000002e+00
3.2318279200000002e+00
-9.0025618900000004e-01
4.7114021400000000e-01
-3.5239686699999999e+00
-1.7637720800000001e+00
-6.9453131800000001e-01
6.0383319400000002e-01
2.2636263099999998e+00
-6.3183217000000003e-01
3.8511636100000000e+00
2.3635370000000000e+00
4.1630761300000003e+00
-4.3841981199999998e+00
1.0105033699999999e+00
-2.9406628299999999e+00
-9.0337010200000001e-01
-3.3665881400000002e+00
-1.0808260900000000e+00
4.0630544899999999e+00
-2.5957219199999998e-01
2.7420793300000001e+00
-3.1974599399999999e+00
2.3346205300000000e+00
-2.8818764899999998e+00
-4.6676114699999998e+00
-1.6111291000000001e+00
4.8305086499999996e+00
-4.1618550900000004e+00
3.5392873800000002e+00
-3.3279079999999999e+00
-4.6753955400000002e-01
-4.1945697500000003e+00
4.5670565500000002e+00
2.7732144399999998e+00
1.1597814700000000e-01
4.4063148899999999e-01
3.6377049800000001e+00
-1.2007099900000000e+00
-2.4636712300000001e+00
3.7123690599999999e+00
4.7247284000000001e+00
3.4207453000000001e+00
-1.1094213000000000e-01
1.4507601699999999e+00
7.8482426000000005e-01
-1.1949313500000001e+00
3.6184403299999999e+00
4.7416593799999998e+00
-4.2446193900000004e+00
1.6723837399999999e+00
2.8091334500000000e+00
-4.5847056600000002e-01
4.9945572599999997e+00
-2.7234630100000001e+00
-9.0873000900000001e-01
3.7229109999999999e+00
3.6231356300000002e+00
2.7420066300000001e+00
-3.2754034100000000e+00
-6.1805948399999999e-01
6.7095693400000000e-01
-4.9014459700000002e-01
2.8969960100000001e+00
1.6447415400000001e+00
1.3508959199999999e+00
-7.4694924299999998e-01
-1.0709660900000000e+00
1.8167251900000001e+00
-3.2621505900000001e+00
3.6933772000000000e+00
-4.6879723899999997e+00
-1.0094264600000000e+00
-4.7054839199999998e-01
2.1549771199999999e+00
-2.6005521900000002e+00
1.0570020400000001e-01
3.3898806200000000e+00
4.2461139599999997e+00
1.1498479399999999e+00
1.1102516400000000e+00
2.4952592899999999e+00
-3.4630368299999997e-01
-2.0499204899999999e+00
3.3010775600000000e+00
3.6119495900000000e+00
-3.1775438000000000e-01
4.1313761900000001e+00
4.0669904399999997e+00
-4.7657404300000001e+00
-4.1669263499999998e+00
-1.4612207699999999e+00
-4.5269497500000000e-01
-1.2815286500000000e+00
-2.1468056199999999e+00
4.0411763799999996e+00
2.1881287000000000e+00
1.0554874400000000e-01
-2.9502252499999998e-01
3.5729485400000000e-01
6.0606879899999999e-01
-3.6657194099999999e+00
-1.7646624399999999e+00
-2.5292285300000001e+00
1.3135404100000001e+00
-3.2769985899999998e+00
-1.7082424500000000e+00
4.6318187399999999e+00
2.5103638300000002e+00
2.8201910899999998e+00
-2.1648772699999999e+00
-2.4211034599999999e+00
-1.7839392599999999e+00
-9.6594524200000004e-02
-1.1952877799999999e+00
-5.2030670699999997e-02
2.3921915899999999e+00
-3.8476113999999999e+00
-4.4014169700000000e-01
3.3308397799999998e+00
3.2591838800000001e+00
-1.6004353000000000e+00
-8.8395646400000000e-02
3.8818319099999998e+00
-2.5681833100000002e+00
-9.9362855400000005e-01
4.4997150000000001e+00
-1.8266529000000000e+00
3.6172290699999998e-01
1.7386054900000001e+00
1.7225621799999999e+00
-1.9786299199999999e+00
-2.7235402700000000e+00
1.3122922100000001e+00
1.6177404500000001e+00
9.0674323000000001e-01
4.1621954700000003e+00
8.9536988699999998e-01
4.4464817300000004e+00
2.6165558000000000e+00
5.7442242099999999e-02
2.3706110100000002e+00
1.3825622900000001e+00
-1.0707294700000001e+00
-1.1316332600000001e+00
3.3676543799999998e+00
1.9193873400000001e+00
1.6883280100000000e+00
-7.7257063699999995e-01
-1.9789129700000001e+00
-2.0820218499999998e+00
-2.3544232100000002e+00
7.4679408000000003e-01
2.7918911700000000e+00
-7.3807394100000001e-01
-3.3290063800000000e+00
-1.3401454799999999e+00
-4.9866807299999998e+00
-1.0025080200000001e+00
-1.7302389000000000e+00
4.6353220000000004e+00
-3.7512815499999999e+00
-9.3189296600000004e-01
1.5321624600000000e-01
3.2106337100000002e+00
-4.4922390600000002e+00
2.4435314300000002e+00
-8.5165716700000005e-01
3.0250347400000002e+00
-1.5241825700000000e+00
2.5728608500000001e+00
3.6556696799999999e+00
2.1702574200000000e+00
1.7422183300000000e+00
5.7482311799999997e-01
4.7159673800000004e+00
4.9682139500000000e+00
-2.2927913499999999e+00
2.6296158900000002e+00
-2.9008643400000000e-01
-3.8688321399999999e+00
-3.5813882100000001e+00
-2.1481934400000000e+00
-1.5452039600000000e+00
-2.0855767400000000e+00
-1.5427275499999999e+00
2.2511834200000000e-01
-1.7397416000000001e+00
3.0367013799999998e+00
1.8637535999999999e+00
-3.3768420200000002e+00
-3.3326555899999999e-01
-1.6886018000000000e+00
1.2205546500000000e-01
-1.2182192599999999e+00
2.2364716699999998e+00
-4.0803212100000001e+00
3.7181504699999999e+00
1.3357624900000000e+00
-3.8271181699999999e+00
2.1474811499999999e+00
4.7891604499999998e+00
-3.1116014800000003e-01
4.7867057499999999e-01
1.4951165500000001e+00
9.5945395800000000e-01
4.4922534499999998e+00
2.0179846299999999e+00
-3.2083677200000000e+00
4.5791933100000000e+00
2.7529317299999998e+00
3.3399976400000000e+00
-1.2903968600000000e+00
8.6816530000000003e-01
-1.6842947100000001e+00
4.0305056800000001e+00
-3.1516294199999999e+00
-1.6551357300000000e+00
4.2826795299999998e-01
1.2716040799999999e+00
-1.6812871500000000e+00
3.4576503900000000e+00
2.6341053400000001e+00
-2.2887593599999998e+00
4.1352764000000004e+00
-1.5200815000000001e+00
2.7388167499999998e+00
-4.7000191100000004e+00
3.3113525900000002e-01
-6.0723022000000004e-01
-2.6551691200000000e+00
-4.1165403400000002e+00
9.9838002000000003e-01
-2.6871027299999999e+00
1.5359382200000000e+00
1.5337576500000001e+00
-4.7650131599999996e+00
-3.7602326499999998e+00
-3.0316539900000001e+00
9.8937622599999997e-01
-2.0685241400000001e+00
-1.8481711500000000e+00
9.3082602700000003e-02
1.4927560500000001e-01
-2.5058394900000001e+00
-2.8469915900000000e+00
-4.5062802499999999e-01
4.1510006400000004e+00
-4.3835776299999996e+00
2.1021478899999999e+00
8.9248183100000000e-01
7.9690379400000000e-01
1.7824954799999999e+00
-7.4055159500000001e-01
3.6456497099999998e+00
-4.7701586699999998e+00
-2.1806896199999999e+00
2.0393401299999998e+00
2.6671035700000001e+00
1.9609778200000001e+00
1.4741565500000001e-01
6.4021415199999998e-01
4.7716512800000004e+00
9.5887699299999996e-01
-1.4896846300000000e+00
6.6067194100000004e-01
2.4439420900000002e+00
3.2330654399999998e+00
1.8328998899999999e-01
1.5019713500000000e+00
8.0485534800000003e-01
4.0897158400000002e+00
-4.4127772800000002e+00
-6.8003233699999999e-01
1.4420282200000001e-01
-3.2740447800000001e+00
-2.6486798500000002e+00
-4.7917436599999998e+00
7.0527181699999997e-02
2.6418180100000002e+00
-4.1617221899999999e+00
1.2391635200000000e+00
3.9145537099999999e+00
3.3359888799999999e+00
-8.6952816099999997e-01
-3.4381813499999998e+00
2.3789807600000001e+00
-7.5315382099999995e-02
-4.1928218699999997e-01
3.2331207499999999e+00
-1.7269304800000000e+00
1.5099692400000000e+00
-1.4123418000000001e+00
1.5608376900000001e+00
-2.3933552100000002e+00
-2.5260723199999999e+00
-2.7969407700000000e+00
-5.4602008800000001e-01
-2.9799742600000001e+00
-1.4014387399999999e+00
1.3252264899999999e+00
-2.0292671300000000e+00
1.3196864100000001e+00
-3.9307672700000000e+00
-2.8994931099999999e+00
2.8900328200000001e+00
2.6073358200000001e-02
1.0774472799999999e+00
-3.0077015399999998e+00
-3.0478940899999998e+00
-2.0771947100000001e+00
2.5823189900000001e+00
2.8703506800000000e+00
-4.4162533500000001e-01
-2.0914103700000002e+00
9.2501849700000005e-01
2.8609204099999999e+00
2.1606262200000002e+00
2.6404130600000002e+00
1.1754382900000000e+00
-2.3281041800000000e+00
-3.1924448299999999e+00
3.1694576900000002e+00
-1.2531519499999999e-01
-3.9416658700000000e+00
2.4912888099999999e+00
-4.5455520199999999e-01
2.8476299799999998e+00
2.9836254299999998e-01
-2.1716900500000000e+00
2.8677741000000001e-01
-1.6243646300000001e+00
6.9901033599999995e-01
-3.1999917500000001e+00
4.2350069699999998e-01
-5.7777267600000001e-02
-4.1828622299999996e+00
4.3795022799999996e+00
-2.2874651300000002e+00
-1.5013641300000000e+00
1.6417636600000001e+00
-4.0914857299999996e+00
4.7270973200000004e+00
-2.8734687299999999e+00
2.3998189800000000e-01
-6.6370538300000004e-01
1.8489316600000001e+00
4.6881266699999999e+00
-3.1289569699999999e+00
-4.9801961400000000e-01
9.4032821799999999e-01
1.7120053799999999e+00
4.4377018699999997e+00
6.1282795800000001e-01
-2.7797361700000001e+00
-2.7358956800000001e+00
1.0875259700000000e+00
-4.9733698000000004e+00
2.6566092000000001e+00
9.5607226400000000e-01
1.6197248300000000e+00
-2.0392426499999998e+00
-1.1045596900000001e+00
2.2958591400000001e+00
-3.1700105500000002e+00
2.7448336000000002e+00
4.5925822700000003e+00
2.3448436600000000e+00
-1.9852297999999999e+00
2.1055803599999998e+00
2.1140967100000001e+00
-2.7177221999999999e+00
-3.6434351700000001e+00
-8.7040347100000004e-01
3.3795808900000002e+00
4.6022430600000002e+00
-3.5456421499999999e+00
3.9959018300000002e+00
1.9182013200000001e+00
-2.3362699299999998e+00
-2.6195277200000000e-01
1.1808279500000001e+00
-1.2405628200000001e+00
1.6684948799999999e+00
1.1869726599999999e+00
-2.8907465000000001e+00
3.2022086000000001e+00
1.6919916399999999e+00
-1.1365870800000000e+00
4.5326611999999997e+00
-1.0801460199999999e+00
2.6508129899999999e+00
-8.6053861700000001e-01
-6.9305081899999998e-01
-4.1352208499999996e+00
-1.6001253799999999e+00
2.9410287899999998e-01
1.1432256300000001e+00
2.7586005899999999e+00
-6.7833345700000006e-02
-2.3808557900000000e+00
-1.3368210300000001e+00
3.7737961900000001e+00
3.0687585700000000e+00
3.1332721399999999e+00
1.4227801200000001e+00
-1.2140641400000001e+00
-7.1731705700000004e-01
3.5499925999999999e+00
-8.3490995099999998e-01
3.1857129099999999e+00
-2.0706592900000000e+00
-9.1410173799999994e-02
1.8693511100000000e+00
3.0695430099999998e+00
4.3010940800000004e+00
9.5957925600000001e-03
-1.9876094200000001e+00
-3.5215690400000002e+00
-1.1429354500000000e-01
2.1655633999999999e+00
-4.3169153500000004e+00
-4.1787445400000003e+00
3.1304454300000000e+00
3.1170742200000001e+00
2.1147280199999998e+00
1.8581202699999999e+00
1.5422478600000000e-01
-1.1502897100000000e+00
-3.6087581900000001e+00
2.7398002099999998e+00
3.9202147599999999e+00
-4.8603916900000002e+00
-4.0711955800000004e+00
-1.3814472400000000e+00
-2.6365926100000001e+00
-1.6834388700000000e+00
-3.2738405699999999e+00
1.2360660600000000e+00
5.7678514100000000e-01
-3.0090032500000001e+00
-4.2309564000000002e+00
3.8744991899999999e+00
1.0038842500000000e+00
2.8785091600000001e+00
1.0533961599999999e+00
-3.5203834100000000e+00
1.3585600799999999e+00
1.1186177799999999e+00
-4.1988233099999999e+00
-8.4182282700000000e-01
2.9006861599999998e+00
4.1695744499999998e+00
1.5412751199999999e-01
-1.4748654600000000e+00
3.7378440300000002e+00
3.2335249099999999e+00
1.5522356600000000e+00
1.1473208900000000e+00
7.6757946899999996e-01
