# CEC 2013 LSGO F11 rotation matrix (25x25)
6.6172757847472577e-02 -3.6665184941610052e-01 -1.5779782149786689e-01 2.9181221812367741e-01 -4.4519509258155697e-02 -1.1876436517392550e-01 -6.9604266391028666e-03 4.8727070300939028e-02 5.5788144395597261e-02 -6.5769084969835093e-02 -8.8427313287071943e-02 7.7792300212557161e-02 1.3477059746580601e-02 3.1021625032161071e-01 2.0332629611275219e-01 1.8685644028314349e-01 1.5359398859465070e-02 -8.3881259936482461e-02 -1.9683917820985941e-01 2.2827761166423299e-01 3.2653584754637067e-02 1.0687688864849030e-02 -4.1451932365504929e-01 3.7974980293019212e-01 3.5113639675702102e-01
-4.3325445010457692e-01 -1.7291265262991479e-01 -3.5455073740440429e-01 -1.8974995760326421e-01 -1.6210862999006151e-01 -6.8242552665759043e-02 9.3954084033201365e-02 1.4904665463305869e-01 -5.0369024898060137e-03 9.5392159807264287e-02 1.7032995574921220e-01 2.2660073694296859e-01 -1.0802947085426730e-02 -1.3024522310785611e-01 -4.2944580502750729e-01 -2.2810789111529051e-01 1.1645095264599339e-01 2.6219000854443991e-01 -6.9403927523181544e-02 -1.1556974282926530e-01 -1.4808275287282230e-01 -8.7293317151617728e-02 -1.8230540285944111e-01 -6.3564095800973982e-05 2.2894924570400341e-01
-3.3868045644855703e-02 2.4486033069491281e-01 -3.1367136054381761e-01 1.1937901953253530e-01 -1.6137270336499060e-01 -1.6024235040661300e-01 -1.5045491986536991e-01 -2.5149227730256701e-01 3.1154079501795771e-03 -2.1121098489984799e-01 3.6162014571444037e-02 2.3862418086157830e-01 1.4691579177872630e-01 -3.7414404044012561e-01 4.4166948014233692e-01 3.7458847042160189e-02 1.0861142837060560e-01 -1.5311507797733609e-03 6.3974382249237946e-02 4.6793823116967913e-02 -3.7200070073975211e-01 3.6306152512127453e-02 1.8307795600749849e-01 3.3621472996305320e-03 1.9085789866559749e-01
4.9334891231255493e-02 -3.1089456553177319e-01 1.9682827690458440e-01 2.5225212350626830e-02 -2.6528721563129871e-02 -7.0852333603641765e-02 3.4335050443456652e-02 -5.5247565525133331e-02 -1.6897985608286431e-01 -1.0717693826869700e-02 -3.0711056253764990e-01 -1.4625036777406070e-01 -3.0514966720045938e-01 -5.2642342489805233e-02 9.4022978170617236e-02 -1.0192099553650009e-01 1.8859137215410410e-01 4.7205330920602001e-01 -1.0085629608325189e-02 2.7651307839764518e-02 5.2990810123178883e-02 -8.7050950716434483e-02 4.6676750467733258e-01 5.9429399707186178e-02 3.1785227449120590e-01
4.1803933546876823e-02 1.4488534513412530e-02 2.3899233791687161e-01 4.6008267003300442e-02 -5.5867758238001084e-03 -1.1115069731203030e-01 -3.0824180309144272e-01 4.4609337380420921e-01 3.3610266229515150e-02 2.6151063830836041e-01 5.5073080467125647e-02 1.7354654093444430e-02 2.0533428592719369e-01 -7.8150111132590253e-02 2.6437570895365742e-01 -2.7096876596830199e-01 -1.7449234052016940e-01 1.6766212391960619e-01 1.7238444633299291e-01 -2.3243930148645381e-01 -1.4112446146026039e-01 -2.4414810134720491e-01 -6.7364007052500272e-02 3.6677278157904369e-01 -8.4162622906004972e-02
-2.3203386601547360e-01 -1.4756715420064681e-01 3.0372265167475743e-01 3.9012315842211798e-01 -1.8655056062723979e-01 3.3440912109223447e-01 -1.0787448542852640e-01 1.4860316775783039e-01 1.6099718676355851e-01 -3.2517403422832608e-01 1.2232549269725609e-01 9.6428845750612446e-02 -2.1002763606660191e-01 -2.7710116643507049e-01 -1.6397934988843080e-01 -9.8964999357924244e-02 -1.8957539662170639e-01 -2.1008185232808771e-01 -2.0459187418148109e-01 1.4267139005660470e-01 -9.5380036046777625e-02 -8.6217543170368307e-05 1.5851471461280031e-01 8.3307976993233029e-02 -5.1374971150670641e-02
1.8124203753627410e-01 -1.4230412399578690e-01 -4.5128732174016539e-01 -1.9282360665927770e-01 1.9350427007204499e-01 3.7321378880846229e-01 -8.9570902200701116e-02 3.5552167430526582e-01 -1.6832380152306431e-01 -1.6927084404865561e-01 -5.5853521848111889e-02 -2.4468176325158460e-02 -8.2803357790736609e-02 -2.7688863010347953e-01 1.0423304418324350e-01 3.0359850222307688e-01 5.6702504701914777e-02 4.7147062501658919e-02 -1.7356187260643979e-01 -1.4417455774828411e-01 1.2981356836357971e-01 -8.1172439715631067e-02 7.3042445049263535e-02 1.5341301387381240e-01 -1.9744666782431980e-01
4.1508587738320080e-01 1.2020189410944680e-01 -1.7906420557026820e-01 -5.6213234829671103e-02 -1.0640535884933600e-01 2.0059430198007230e-01 -2.6558369506701479e-01 -3.2606547318213060e-02 3.8720200553621720e-01 -2.4776764631271919e-01 2.2878888890778840e-01 -1.7384425334944220e-01 -2.4006373570226441e-01 1.0415763483167090e-01 -5.9730239696467492e-02 -2.1820031246116781e-01 -1.3112537979635899e-01 2.2238498546427360e-01 2.1220891627364599e-01 -3.0749173188481829e-02 8.4676433559229450e-02 -3.3029687423337430e-02 -1.5131550346580719e-01 -1.3505253062391689e-01 2.8162149131657471e-01
3.0652039464063019e-01 -2.3765905005873031e-01 1.4504154881939199e-01 -1.1474297428955990e-01 -8.9493740238891450e-02 -2.4223409762094919e-01 -1.6919660790766820e-02 -2.0922976444201771e-01 -9.7021032443754499e-02 -2.0878161147028690e-01 4.1733165527293647e-01 3.3911052334026269e-02 -8.5498180485665837e-03 9.3670186085523979e-02 -1.4694452258235741e-01 1.6916110548329771e-01 1.2916737851755289e-01 1.1835592922655511e-01 -1.3855901991357711e-01 5.7156806881684660e-02 -3.1055930991550190e-01 -3.9068456816434122e-01 8.6484058988837396e-03 6.3242823618894037e-02 -3.3305085435629878e-01
-8.5765240293624062e-02 3.3169588809845169e-01 3.3097333130830381e-02 -1.2808024777067689e-01 1.4375350788774979e-01 7.6159055743871093e-02 1.3427406944234671e-01 2.6807246967723142e-01 7.7263614240552253e-02 -2.6510951171523311e-01 -6.8088711827388945e-02 4.7513495725874610e-01 1.0054198899747371e-02 4.4264754782260779e-01 6.1413899713952023e-02 -4.0106553606193758e-02 6.6763716871448012e-02 1.0789842104780021e-02 -1.6496085593013281e-02 1.7669982011894719e-01 7.1398104879098520e-02 -3.6373957853259242e-01 2.4355940714958871e-01 -1.5546205056186259e-02 8.7570361367213287e-02
2.3990123996554660e-01 -3.7519042710049788e-03 1.3747154300447689e-01 1.0464422119052130e-01 -8.0821081271893538e-02 -1.2061996154148530e-01 1.4953159742416849e-01 2.3955134178454610e-01 5.4839105498221175e-01 2.2228758951650621e-01 -8.6664797537097035e-02 2.7016862212357923e-01 -4.9489764412022803e-02 -8.4347410649580762e-02 -6.0677711317681293e-02 3.7725692445666970e-01 1.7581764917053769e-01 1.4052604288356660e-01 -1.4989699333315459e-01 -2.4399774922959369e-01 -1.2576292462102981e-01 2.0641660097321529e-01 6.2393825403393798e-02 -1.7479043818170190e-01 -3.4334668998300421e-03
1.9574038768917179e-01 3.5341600977320953e-01 -7.8118909572910636e-02 1.2498627925373550e-01 -4.3228697357491308e-01 1.8080957300011749e-01 -3.0514763881099121e-02 -1.8511017338432270e-01 -1.8044956347541810e-01 2.3869703851233540e-01 7.3000455987724991e-02 4.8634257321815297e-02 9.8204054739861296e-02 1.4226331196950201e-01 -2.4185862891867599e-01 3.6498911306079178e-02 1.4560514759852610e-02 6.0212056464163353e-03 -2.6542166503638420e-01 -1.9248610773716970e-01 1.8010750289273661e-01 2.8223391642260749e-02 2.3301296441375721e-01 4.1351251885018497e-01 8.4163885819898504e-02
1.8780060239073779e-01 6.0098473591643303e-02 -1.3636517145581151e-01 9.6567665688743656e-02 -2.4592554295370320e-01 -2.1469541552382451e-01 2.8756947060821908e-01 1.5133731763233380e-01 -6.9645410359286383e-02 -4.0615290175300028e-01 -5.1537031287618873e-01 -1.5325755037015881e-01 5.7549549928775000e-02 5.5544692755359441e-02 -1.6731411337543470e-01 -2.1537310889648581e-01 -1.6598462433121450e-01 -6.7360930234939359e-02 2.2349490510466031e-03 -2.5139310044961310e-01 -2.2870846788229729e-01 -1.3998245087565151e-02 -8.5185591228345278e-02 4.7781541240203953e-03 -1.6207713466849960e-01
-1.4696896843929499e-01 2.6125394516888351e-01 5.8497434841581278e-02 -6.8763599554685681e-02 1.1893785672466600e-01 -2.9204977575335289e-01 4.1226859860815687e-02 2.1350354950491060e-01 -1.3777378901333329e-01 -2.5069461215679051e-01 2.8245779945146449e-01 -1.3377858861385089e-01 -1.0500208356674230e-01 9.3465701732105888e-02 1.5112245539745521e-02 1.6528165115958959e-01 -2.9028238362800762e-01 3.6293094777337948e-01 -1.6389296600299580e-01 8.2751993051943348e-02 -2.9974476179711228e-02 4.9967690595967118e-01 4.2411985925097567e-02 1.6201264588673320e-01 -1.1971710741819580e-02
-1.0295137079187650e-01 1.2946450717278729e-01 2.5809415951298432e-03 4.0686109333410819e-01 -1.6867337742431909e-01 5.0645484921288640e-02 1.1203239824136260e-01 1.8531083343936619e-01 -2.0569226496073251e-01 -4.8798733087752734e-03 1.9196972859254910e-01 -2.5535823612434511e-01 1.6113662301917500e-01 2.8035145731324759e-02 2.2477995663527339e-01 7.2704068867631269e-02 9.1100561578069839e-02 2.1007493919274001e-01 -2.4928052927550959e-01 -1.1023540737600709e-01 1.5821843245273659e-01 -2.7744617785575898e-01 -1.5441076202389600e-01 -4.9677678186008167e-01 5.3585106750616347e-02
1.6012758259057469e-01 2.7991601520031981e-02 -9.3547153395669574e-02 -5.0015638769400836e-03 -3.5120357392577078e-01 3.2340176964567771e-02 7.9335473861153916e-02 3.8501807695634038e-01 -1.2800157808520479e-01 2.0073107100901111e-01 1.3684528415255569e-02 -1.4391291322708030e-01 7.3610774208577964e-02 -5.0142337471778049e-02 -1.4575504558196170e-01 1.6236924736923830e-01 4.5552468058766601e-02 -3.2228954700269541e-02 3.6011843455594589e-01 6.1839052111593429e-01 -1.4423708911413360e-01 3.6087524589748517e-02 1.0880526640313620e-01 -5.9928063362499860e-02 4.1880165262871798e-03
-6.3772830496693453e-02 -2.8273460466232431e-02 -2.3815078965171291e-01 -7.5703041309438918e-02 -1.9994376227232211e-01 -2.2275068388368760e-01 -3.4307107310341822e-01 -9.1483978494023011e-03 -1.9014767964504790e-02 2.9639204396416230e-01 -1.6605589771127349e-01 1.0987399095192781e-01 -4.1865154370815189e-01 1.5566184531807101e-01 1.2103055839722750e-01 -9.2953536606199608e-03 -3.9945565750916029e-01 -7.0152758007106616e-02 -2.8380554080320658e-01 1.0357142659011910e-01 -2.6642565573110410e-02 -1.0783880126977130e-01 8.5219224388444981e-02 -2.6189761279228629e-01 -1.9816232619174859e-01
-1.9201296264515280e-03 -3.2206537743724728e-01 -2.4939843804544549e-02 -2.6569998117485710e-02 -1.1725071638225799e-01 9.5702508377177850e-02 -4.1553884875179409e-01 2.1957893551935682e-03 4.1532244456305477e-03 -1.6607437650304380e-01 -9.8369190226582595e-02 1.4053629128223771e-01 5.6370824303614697e-01 2.4886164312381501e-01 -6.4292315133537670e-02 -9.3719726522260322e-02 3.3828883900463083e-02 1.8161642978235551e-01 -6.2131330604767832e-02 3.6090453464165208e-02 8.4361147638418885e-02 3.1986577410906669e-01 1.7746573293718340e-01 -2.2123438790707739e-01 -1.4337329808563370e-01
5.9491629325279287e-02 7.4530734908989565e-02 -1.8980056737537729e-01 5.0761628268825942e-01 1.4956300980918849e-01 -1.8854594408900710e-01 -5.5754456416507073e-02 -6.2184589017867269e-02 -4.7992299680678613e-02 -2.8752163215474001e-03 -2.2851892076461419e-02 2.8420750947094903e-01 -1.8096787107644621e-01 -9.3132606235379486e-02 -1.4299842401087501e-01 -1.4128968321434179e-01 1.8421189691033540e-01 2.4742278581481270e-01 2.5653799206211358e-01 1.2366540998654800e-01 3.3139650890747141e-01 4.3792008851667202e-02 -9.1991496390166461e-02 7.9950788144681456e-02 -4.0499174763566692e-01
1.0806197767069290e-02 6.6576153305681049e-02 -6.9593587212902722e-02 -1.3976998233200810e-01 1.9257272930962299e-02 1.6527658760854359e-02 2.5352952096523063e-01 -1.5409791156786609e-01 4.1187120856371578e-01 7.4052129480390694e-02 -1.1336472382832910e-01 -1.6046961685381919e-01 2.6945506093952221e-01 -2.4076709881922889e-01 9.0591438587384693e-02 -2.1056580031229361e-01 -1.3310245973310730e-01 2.5915440144360907e-01 -3.6657639604675929e-01 4.0752817438632227e-01 1.5597209016049079e-01 -1.4505749034137749e-01 -1.9544109552603880e-02 1.4199971344967310e-01 -1.8523412657449040e-01
-3.1617318590810289e-01 3.4048054640167121e-03 3.2197062875476128e-02 -8.4811815661208299e-03 -2.3511230682210060e-01 4.1657073107248149e-01 1.0219289394793120e-01 -2.3373123891499120e-01 7.5272697464896537e-02 5.8281900312517768e-03 -1.5460139090370550e-01 1.6201965851242402e-02 -9.1481955564924541e-02 2.1010554382959129e-01 1.6863817931350009e-01 2.9944261543074258e-01 -1.2522875048161511e-01 3.7862878027498181e-01 2.9598262394816599e-01 -7.1932560204659934e-02 -2.0328484356191021e-01 -3.2607595087109073e-02 -1.7833274131771240e-01 1.0632074473352190e-01 -2.5929326635721300e-01
-3.3422652467616021e-01 1.6610165906604299e-01 -6.2653862120081102e-02 -5.0575024440051630e-02 -1.0623441649348871e-01 -1.6801390736232449e-01 -3.2241159058050278e-01 9.4522119894572154e-02 2.9435592201522648e-01 -1.0831211606160721e-01 -8.0938668906731209e-02 -4.3760323385395528e-01 -1.0485666373629590e-01 1.4662698012136210e-01 -2.3224629646929042e-02 5.9104248397945133e-02 5.3987203456745148e-01 -1.3617643351284150e-01 -4.6329261178742351e-02 -6.6810692555380894e-03 1.7495346787099471e-02 -4.5324251537072577e-02 5.4888125876087268e-02 1.6025875298562611e-01 -1.6005296212554701e-01
-1.6731494207933431e-01 -2.4643810346204670e-01 -1.3815354862234480e-01 -1.9500526521879270e-02 -2.2994406136054840e-01 -2.8289834857117802e-01 1.8539052551011351e-01 -8.2831532327945750e-03 2.0990286881998421e-01 -1.2172958180658131e-01 1.9933066776255620e-01 -4.2551729547247417e-02 1.1215319448473419e-01 -3.2106160343413917e-02 7.2860186784833081e-02 2.1310439594099140e-01 -2.8375391193589999e-01 -1.3460167408240001e-01 3.1280912633890429e-01 -1.8834961117559301e-01 4.5381679730915930e-01 -1.5258537359481339e-01 3.0677812565494661e-01 6.5227699486730586e-02 1.2365936431452449e-02
7.6240444944073824e-02 -1.3955691456517880e-01 3.3087886649996193e-02 -2.0831220869773351e-01 -3.4454283681225811e-01 7.9377104499222223e-02 2.8974604673249771e-01 1.0403056557801450e-01 -4.4875192962183633e-02 -6.2382277664538239e-03 2.2745565608073651e-01 1.3297454705551920e-01 -2.1319291770578450e-01 8.6666634983052632e-02 4.3457445314189452e-01 -3.8902509299276072e-01 2.7414198873361428e-01 -1.1493916054426630e-01 -4.6970001510713358e-02 -3.4818842336475357e-02 1.1220226471446840e-01 3.0412407564301358e-01 -5.2295039934015262e-02 1.2197191969540959e-02 -2.1461670588832990e-01
-1.0294864441380180e-02 -1.3862816584457460e-01 -3.5484673544235518e-01 3.2170040751789231e-01 3.1350322981849810e-01 1.3198965339644350e-01 2.1629158817908889e-01 7.4448265766099741e-03 1.4519873847459699e-01 2.0433648552788761e-01 2.1786844814734219e-01 -2.1139428403534871e-01 2.1610063782129312e-02 3.1537591157232092e-01 3.1508150271898808e-02 -1.8958609813119279e-01 -4.9157322223172019e-02 -5.1073160516249973e-02 5.3125829466612630e-03 -6.6890805964655894e-02 -3.6302466664243960e-01 6.1566635181734393e-02 3.7956331484582639e-01 3.3062495051327911e-02 -8.1269111372487837e-02
