# CEC 2013 LSGO F11 rotation matrix (50x50)
1.3246029285443389e-01 1.2262160620938890e-01 -7.2443724079313709e-02 2.2834182407076650e-01 -5.9934512096491838e-02 2.0254937126035269e-01 -3.8508204925753581e-01 3.5102808849572821e-02 -2.7527652787575990e-01 9.0895561633795321e-02 -1.4846875822397250e-02 1.1319740183942389e-01 -5.6885921810003272e-02 8.1846076450621030e-02 5.7844937526919479e-02 -1.0167877334731509e-01 4.2688643289030617e-02 2.0577801760191670e-02 -9.0310556804180944e-02 2.5142345972836688e-01 -3.0194254704286869e-02 -1.0349009908290910e-01 -1.6640575472678901e-01 -6.9194728819585022e-02 -5.6154432620316393e-02 2.1936578861577460e-01 -6.6645966717056596e-02 1.2663033821400571e-01 1.2825940107835439e-02 2.5571057476065709e-02 1.6465315698098329e-01 8.2239673605939131e-02 -1.7414941854221830e-01 1.0296969152488630e-01 -2.6571058599996051e-02 6.3182923353314879e-02 7.9274329747754085e-02 1.5237117959012669e-01 5.4938604371234420e-04 6.5276506766343473e-02 -1.2287266854796960e-01 -7.8801367035442368e-02 -2.0604515071842580e-01 3.0251566235689648e-01 2.8405111891152929e-01 -8.5722532824666457e-03 -1.3507877576618241e-01 -1.7621184833103820e-01 7.9450244946777576e-02 1.2075460795800709e-03
3.1769841506998181e-01 -1.6362757741314540e-02 6.3117915009891293e-02 1.6002736737224529e-01 -7.5075970041975429e-02 -8.7370104030340831e-02 -1.4279531235693190e-02 6.0438866936741123e-02 -3.0769518801354031e-02 -2.9928563010800868e-01 -3.0827657600687192e-01 -1.4732086352407150e-02 2.1724376628413261e-01 1.3521971525773391e-01 -1.0343215288514590e-01 -2.2353694956219569e-01 6.3723299738721137e-02 -5.5539950801611108e-02 7.5452272145780014e-02 4.3792797966648520e-02 1.2836864345855939e-01 2.5351649582726671e-01 -9.7606663199331284e-02 -2.6705587652601649e-02 9.4883557374997637e-02 -1.3549797097097091e-01 1.4599687303524489e-01 8.0537969995655004e-02 1.3987475857934370e-01 -1.9264413195373128e-02 5.1782293562464402e-02 1.1565182593350801e-01 2.4594650328652520e-01 2.9794153927219952e-01 3.1994640664616027e-02 1.6493080439053490e-01 -4.8947104169003143e-02 -1.8888791073768241e-01 9.8332745401037730e-02 -1.4482578170443919e-01 1.1412016646226281e-01 -1.1355027150636450e-01 4.1181056513289682e-02 -7.3965207831939217e-02 -4.7508961287517533e-02 -1.2881968437685459e-01 -1.4987976877098949e-01 -1.4844063246957709e-01 2.4612364070999329e-02 4.3772928528270430e-03
1.6488105308459430e-01 -8.9021197863964077e-02 2.0639299489247731e-01 3.3918980350144172e-02 1.4802992776109769e-01 1.2132600351802440e-01 2.1270667730847601e-01 5.3841786847166263e-02 -1.9677644004786959e-01 1.0808939479248619e-01 -1.6743741212528290e-01 -2.8966537267603337e-01 1.0886876464391140e-01 2.6026197710559268e-01 -1.3959444417194340e-02 -2.6123090511136041e-02 -9.0370606834073941e-02 -9.6801887763450292e-03 6.6001980050670234e-02 -1.5051653957234851e-01 8.8300113168464714e-02 6.0164809582310803e-02 1.4415097134332791e-01 -1.7598315476102810e-01 -1.5780310119241850e-01 4.0304842754776563e-03 -3.1555481927150651e-02 -1.5856824841579059e-01 -1.3183989922567330e-01 -5.0430337119102157e-02 -7.0992128774603577e-02 1.5721014001879210e-01 -2.8680561560278151e-01 5.0179103091778920e-02 -1.0814428045855590e-04 7.1152340265409231e-02 -1.3795699783717091e-01 -9.0432229630995772e-02 -3.8177736897599940e-01 1.0019318629969749e-02 -2.3031782944012219e-01 4.8558909187603902e-02 1.0488497739643370e-01 6.5293345130105526e-02 1.2992155683338810e-01 7.3587545303640520e-02 1.0995027491096369e-01 -5.6353122222801023e-04 1.1518159275461660e-01 -1.1469812508332500e-01
1.4244936450374721e-01 3.1034789976256821e-01 -2.3565072304068180e-02 1.5392010059599720e-01 -2.2319263443626839e-02 -7.3806428902616808e-02 1.4179013198839741e-01 2.5927851755348152e-01 1.1523648083299150e-01 9.2534654591006071e-02 -1.4187807109514899e-01 -1.1824620476698830e-01 -1.9284239309938159e-01 1.0097945293852309e-02 -9.4616629696169671e-02 -6.9867456037182168e-02 -9.8567256749534191e-02 1.2899903720956130e-01 -5.4119644526432920e-02 2.0079345780824701e-01 -1.6597829614972619e-02 1.1537082649789010e-01 -3.2385499333464740e-02 -2.8609590389284650e-02 -7.0792341264018330e-02 -3.2676442862261201e-01 -3.4541361420324518e-01 -4.0058473855501903e-02 5.8922908910449989e-02 4.1270018681928783e-02 -1.4104247828020880e-01 1.4635855227017130e-01 6.0054179035610384e-03 -7.7850264672268910e-02 -3.3934613114496547e-02 -2.2251417890343630e-01 -8.3019818962081035e-02 6.8952137599192137e-02 1.2070337426553350e-01 3.1582567054335757e-02 1.0107290325022319e-01 1.9108428428927141e-01 -5.8646871739331898e-02 2.0256991897406959e-01 5.5411998550960143e-02 -1.9495382640651079e-01 3.4969591266878642e-03 2.6892160219581529e-01 -4.3665838107555401e-02 6.3663604892778641e-02
-9.5189556292039901e-02 3.4539911088864353e-02 1.3984833912510580e-02 1.4432864575881321e-01 9.0008875442572092e-02 -1.5003143399883151e-01 1.2395008868606559e-01 1.7735679082757980e-01 -8.0411766684604633e-02 1.7945277351636360e-01 -4.6669006364942339e-03 -7.4232393093354263e-02 -1.3827698680029540e-01 1.6181989482777950e-01 1.9976946534775511e-01 -1.6820179762623610e-01 -8.0416289971948871e-02 -1.2148635044274891e-02 -8.8897687983630846e-02 -2.1726475885887150e-01 1.8902003292093411e-01 1.0713725980160550e-01 1.2723383490129159e-01 4.3931566697161979e-02 2.3698276171067889e-01 -3.4856953327709890e-02 -9.4929310518912981e-03 2.5639146424270293e-01 5.5418393584405243e-02 -8.2831891080082959e-02 1.7029602760172419e-01 -1.0332451797178040e-01 2.0125415874745739e-01 -2.0677639292206340e-01 -4.3618766309684628e-02 1.0247503178590160e-01 2.3747040837368391e-01 2.5861063553630997e-01 -8.2989590570162378e-02 1.2445457545386200e-01 1.2157584629213100e-01 1.3828657075427639e-01 2.0263025619528091e-01 -1.3598238097315380e-02 1.3248473259926649e-01 -4.1993129287140760e-02 4.7961363889813993e-02 -2.9127504207456067e-01 7.5716377823129635e-02 7.1237802766462160e-02
-1.2982198035070269e-01 -1.7626954219738669e-01 -4.7339109542527914e-03 4.0646642631028462e-02 2.2371402479617999e-01 -1.8158307277635649e-01 -1.1691203179234450e-01 1.9015331970395191e-01 7.3928050698914616e-02 1.6261764510000821e-02 3.5965516587792110e-02 1.7762376815479519e-01 1.6605312073265561e-02 -8.5575968580519426e-03 -1.2566190666370791e-01 -1.0031862925325960e-01 -5.7312468457480531e-02 1.8162476113226939e-02 2.8133254599391699e-01 1.0114490230909390e-01 7.6443871686334153e-02 9.0116989048422649e-02 2.0477323193339730e-01 -1.4133887163534881e-01 1.2147044648204131e-01 1.0547531129275860e-01 -7.0268888804641327e-02 8.7172155674937538e-03 1.3647489397190821e-01 6.9333201393797603e-02 1.0782391669875620e-01 1.8310388654715520e-01 -1.9191580860157320e-01 5.5191240583183282e-02 -1.0683565841202620e-01 1.0939803657044390e-01 1.7819622380707181e-01 1.2752110749157980e-01 3.2397036660320108e-02 -4.1763222764474478e-01 6.4931464978028139e-02 1.0317197512506890e-01 -6.2263152067053927e-02 8.9824489845800506e-02 -3.7737742686817302e-02 1.7854820127342150e-01 1.3883761313765891e-01 1.2674798995227851e-01 -2.5498143931687067e-01 -1.9293428548415339e-01
8.3649877880672324e-02 2.5138455954880411e-02 -1.1556210885543509e-01 1.7608196246775401e-01 -2.4845828564354419e-01 1.7368243004212461e-01 2.5931143656983002e-01 -1.7465003922398631e-01 -8.9147181548938068e-02 -4.0541074710395322e-02 8.9675253487677506e-02 5.0129140750225051e-02 -2.8037775819669600e-02 1.6780108377658309e-01 -3.8968891852313142e-02 1.0241953298390991e-01 9.2320111890834528e-02 2.3208948723459741e-01 2.1556930163047119e-01 -4.2797794866140729e-02 2.0708458891411860e-01 7.8139974225032521e-02 1.5464600923412841e-01 -5.5773553189768087e-02 7.5150789433008583e-02 7.4426390377899623e-02 -1.0835324505112950e-01 1.3379293411820431e-01 -2.4260044006146969e-01 -2.0936838428638921e-01 -2.1596883234985420e-01 -3.7844849936566477e-02 7.8525516292398276e-02 7.5820971022169475e-02 4.1623578835909683e-02 -2.0592299111359641e-01 1.3411455362428359e-01 -1.6565198084386331e-02 1.0505732891581800e-01 -1.6521503764826029e-02 7.3326890832355898e-02 -5.7172556796315187e-02 -2.1296969311247901e-01 -8.4525837604596823e-02 1.6349565975936220e-01 2.5381668988172151e-01 -9.0873458242427289e-04 -5.9949798701888143e-02 -2.7673825143208708e-01 2.9516361137109211e-02
-1.8783305594182770e-01 8.2059337405651953e-02 1.4931108702056950e-01 1.2290753174910340e-01 2.0880589695931380e-02 8.4747607061690947e-02 -4.1122805339635513e-02 -1.8597998777945240e-01 -7.2810272777094178e-03 -6.2110726939065233e-02 4.6139634968679799e-01 -2.6074553181170371e-02 -7.8641916617615645e-02 3.9584074927770979e-01 -1.8464220094948251e-02 3.0817224031350350e-02 -2.2931527999692439e-01 -1.1018975946175770e-01 3.4319266391066423e-02 2.0124320651341221e-01 3.4143842384309009e-02 -1.3073535379474199e-01 -1.2141143440816329e-01 5.9168576933015101e-03 -4.2540552651606250e-02 -1.8811501839370359e-01 1.6881489409022111e-02 -8.5114025176717359e-02 1.3985415171165369e-01 -3.2469014918427652e-01 -1.2206048653637500e-01 2.9006993642156718e-02 1.4184903702787331e-02 1.0319958771657731e-01 -6.6730355408619615e-02 1.2644493692818701e-01 -1.3135369449909029e-01 6.2723900554113726e-02 -5.1906623623648597e-02 -1.1099993463879330e-01 1.6674368159039649e-01 -2.7753236742088471e-02 1.4851421803383491e-01 8.1097796190025925e-02 -1.4045566241589880e-01 -1.1020253553068170e-01 -3.8747717989846948e-02 -7.8509876650434907e-02 -6.4147833122849690e-02 -4.2458401983330347e-02
-2.4421553292634939e-02 -5.3345236364324200e-02 1.2367799466718660e-01 -1.7267895551742679e-01 -7.3920670929306515e-02 -1.8028429276525129e-01 1.5310710475074679e-01 1.0442524312826761e-01 -1.3926263627228880e-01 1.2714873910104649e-01 1.2201723394110579e-01 3.1564086320585399e-01 1.1433075357109621e-01 1.9843616725472440e-01 -8.5266341789537431e-02 -6.0414307365610757e-02 5.1901946230909927e-02 -4.2443736485504202e-02 -1.7989548808600739e-01 4.7286403100756120e-03 -4.1847187871384493e-02 5.4462205623883257e-02 -2.0937426647814891e-01 -1.0155246550345230e-01 -1.2570315925869699e-01 4.1043252897438418e-02 -3.1696779209437498e-01 1.8000570888053599e-01 -6.9169961478349265e-02 4.8071474451731773e-02 3.0867255302460189e-01 -7.3447669780284330e-02 -1.2167128403251400e-02 2.1924890304109959e-01 1.6895626819566301e-01 -2.2620407064155589e-02 -1.3699929457147331e-01 -3.2754679029671180e-03 -1.8485353315004729e-01 9.4179989127264482e-02 1.9158541462849391e-01 -4.2601605019769529e-03 4.9651272827313971e-02 -1.6895292249224669e-01 -8.2463053888916071e-03 1.6513072385757799e-01 -7.4161942670392944e-02 2.2513232987155271e-01 -7.8646961783504568e-02 1.2359143506151569e-01
-1.8614421472947659e-01 4.6936397497355647e-02 1.9010210346916689e-01 2.4587738852870350e-01 1.8781288296427781e-01 1.3970989879056731e-01 -5.3738802178482002e-02 -5.0399167856334569e-03 2.8941008742968211e-01 -1.0414949344963620e-01 -5.1373206149366649e-03 -1.0097520102451700e-01 4.4464551945695298e-02 -1.9593005674957001e-01 -9.6811968014433120e-02 1.3053086633159650e-01 -2.8533941890822829e-02 3.7784641028869782e-02 -3.3675904039727138e-02 1.2866862168367700e-02 2.9469516078902452e-01 4.1716280456365107e-02 2.3375072663734061e-02 -2.6749465122114202e-01 -1.0446300062400470e-01 1.4749348617932020e-01 -2.4223184581318841e-01 1.3296302172280500e-01 -4.1747212603718171e-03 7.0591652385976353e-02 7.7774602211684220e-03 -2.0680539756769301e-01 1.1890213269706509e-01 -1.0188854735220000e-01 2.1685094270924080e-01 2.4672382977323271e-01 6.8784060288259686e-03 -1.3942690024855731e-01 -6.6985442930443506e-02 1.3184728562558939e-01 -1.0590923945911920e-01 -8.8138468854715990e-02 6.1163793046762213e-02 1.0833627475174050e-01 -3.5809450024261773e-02 -5.4117102349187297e-02 -2.7126543705739631e-01 4.5120719758124261e-02 -1.6551585796381640e-01 -2.6458429619507461e-02
2.2130035907547928e-02 8.6058581468284989e-02 1.8336476324846820e-01 -3.5708130937827692e-01 -8.4706654832965175e-02 -1.1682144573839150e-01 -5.6849425144011603e-02 -1.4279872882786881e-02 1.0502274900159630e-01 1.6374822915800741e-01 -1.6533586947384990e-01 1.3339064251039629e-02 -1.3528022295191261e-01 4.2309939803257042e-02 -9.5210193251275457e-02 2.4560881572433091e-01 -1.4054467224837611e-01 7.7952896925692627e-02 -1.0194710895314869e-01 1.8961499073493049e-01 1.7663973888770740e-01 6.7028272022669763e-03 9.4502816441445481e-02 7.8798056377805126e-02 -6.1321501061074563e-02 -1.5637834625042391e-01 1.2758566337768390e-01 1.2476831348954970e-01 -1.5262890575080049e-01 4.7021339795925772e-02 -1.0645541967750480e-01 -1.1566894200781090e-01 -6.0707181325673307e-02 3.3398650433247960e-02 -1.3037825176623380e-01 4.1332754315759018e-01 -1.1207276916695300e-01 1.6981078074285672e-02 1.1509980095185050e-01 -1.9498727930767831e-01 -4.0915746879134250e-04 4.3524807957743668e-02 -1.0423028035636700e-01 -4.2602365049077127e-02 2.7001510975164000e-01 1.4098244461229781e-01 -6.7347870122757281e-02 -1.0248918949707141e-01 1.5848236128732679e-02 2.0888736049094780e-01
-3.4768802515227543e-01 2.5333036602449283e-01 -3.8654859130476622e-02 5.1280068368206547e-02 1.3850480606295160e-01 9.6506913635523592e-02 -1.0094492624466410e-01 -4.1503519553995262e-02 -6.2118403133927753e-02 1.9835647143870749e-01 -3.0927903279220560e-02 -2.0869411602775489e-01 -1.0191462067953350e-01 1.4079997772437389e-01 -2.3573993292157180e-01 -6.3969615088113566e-02 2.5932314776558768e-01 7.4681595498868505e-02 -7.6902687342698339e-02 -1.6372992143811821e-01 -9.5287620175721274e-02 2.2479987172659859e-02 2.0994902404976430e-02 -6.7014858094991941e-02 2.2120374203425300e-01 -2.2806244839891771e-03 -1.2674141202210320e-02 -2.1907007678908831e-02 -8.1172478313432689e-02 6.9693784495913055e-02 1.3015913912213320e-01 -9.4408644064706657e-02 2.5955637971586532e-01 3.3430461639278852e-01 -1.7781700738314199e-01 -1.7811971763901539e-02 -2.1623135868181931e-01 -9.1740568591945321e-02 1.6905726761215881e-01 -8.8368016160352392e-02 -2.0152387700968560e-01 3.4857321226703333e-02 -1.1843223677567820e-02 1.2990744825719320e-02 -3.7982410044795661e-02 1.1370717545583070e-01 1.1630430352100890e-01 6.9256906726455778e-02 6.7595303001884224e-02 -6.2001581334069480e-02
2.7366076771436001e-02 1.9468027723159911e-01 -1.8450405369558170e-01 6.9235723411532335e-02 -1.0505580767025860e-01 1.3172540367762409e-01 -3.4208838211933011e-02 5.2659344207463293e-02 6.8369158084919779e-02 9.3107063809982044e-02 1.6892050296186251e-01 -2.4183989007267089e-02 7.9441667362921381e-02 -1.3613504169023410e-01 1.2798847799350910e-01 -2.9537271059525633e-01 -1.5651071622736989e-01 8.5608345549891829e-02 5.2543947661243831e-02 2.5970145476216039e-02 7.1511293191469802e-02 1.6252062804695450e-01 9.3455451908992238e-02 -2.9501473581660810e-02 -1.2495302440871800e-01 8.2373848921582435e-02 1.7053603805020461e-02 -2.7082595655498698e-01 -2.2063992789054139e-02 2.9667019030391428e-01 -7.5682738239573374e-02 -2.7595415425571079e-01 -1.1763087895040369e-01 2.5895479884203992e-01 -1.1934298474856750e-01 1.5164913541649089e-01 -6.1796836567725888e-02 1.0788216869648010e-02 -1.7614557671853201e-01 8.3584968437901447e-02 1.8602104155096569e-01 1.9986456475207129e-01 -1.2551936302307681e-01 -2.1782299205760869e-01 -1.3218476365450749e-01 -5.5989147462259629e-02 7.0984641878820087e-02 -1.8959314392468529e-01 -9.1328647013985423e-02 9.3154709417943030e-02
-2.2647992305094580e-01 -1.3105679214459240e-01 -6.6107329397171191e-02 -2.0428805300207670e-01 -5.8429382468732798e-02 2.2626711462945309e-01 -3.4767636687852382e-01 7.4124276316782298e-02 -9.5018425311295118e-02 -1.1332822101215630e-01 -2.1532457988785170e-01 -9.4023434600052691e-02 7.0391998664246933e-02 1.1888391110834920e-01 1.1194972668894600e-02 1.7542010559941870e-01 -5.0522070873170122e-02 -8.1181350243880138e-02 2.8645318205804410e-01 -6.2737450088221805e-02 -3.0141585303622889e-02 2.0842844671685981e-01 -6.2042089790629203e-02 1.3844070970178551e-01 -1.8034317485012940e-03 -2.0030235214650940e-01 -1.4597542908477229e-01 -1.8643380614089611e-01 -5.6402223998796809e-03 -9.7525097124693025e-02 1.2774156198884279e-01 -4.0902901595284313e-02 -8.0170361838127775e-03 6.6651577873254181e-02 2.5488619123227779e-01 -4.7306767684066907e-02 5.5171526818774318e-02 1.2766013051973940e-01 5.7756677950667377e-02 1.6256955255505509e-01 -3.4258033346924233e-02 2.9472303339602551e-01 9.0457833421804024e-02 -3.2347275888392847e-02 1.0021182016624940e-01 -3.1557660958321257e-02 -5.4634514752927937e-02 -4.5594128440264517e-02 -2.0957092488750201e-01 1.1424463522892550e-01
-1.1546136301886500e-01 1.1888994853488090e-01 -1.7965287025030399e-01 -1.3965525290536321e-01 3.9132989955395513e-02 1.5748530257119961e-02 -3.8405909005151263e-02 -2.3901894312234159e-01 -9.9184494352551111e-02 1.6803884338650679e-02 -2.4052286734312231e-01 9.1426351565697811e-03 -9.2862068678775236e-02 4.3036691249592217e-02 -1.7239586335581450e-01 1.6212902917490421e-03 -2.1233538666873791e-01 -2.4780197220959491e-02 4.9697144964711030e-03 -5.1633937428385143e-03 2.7341856886667459e-01 -6.5043249369849107e-02 -4.8999196863388113e-02 -5.1797872801791267e-02 2.0638760013603371e-02 2.5196020537914071e-01 1.4853667024936601e-01 2.1206631372530521e-01 7.7673119398786062e-03 2.6021611281311668e-02 1.3373209229950550e-01 4.2946614859162083e-02 -1.2158477669776779e-01 -6.8982408097984227e-02 -1.1830290450832620e-01 -2.8941575512361623e-01 -1.1705645855120390e-01 -1.4843365702145611e-01 -1.6173039794741609e-01 -9.9444852960563573e-02 1.1041365161615700e-01 9.5617816891690847e-03 8.8390663480130152e-02 -7.7583653846587441e-02 3.7036975572797282e-02 -4.3544411417403989e-01 7.0225875380246050e-02 4.2227622322161852e-02 -2.2542901461317519e-01 8.4685726794105007e-02
1.2657781794849389e-02 -1.0730701136404310e-01 9.5534025126585986e-02 -1.1875473232675450e-01 9.6927543774294481e-02 7.6381719258856270e-02 -3.5207040060487353e-02 -1.4301733142152689e-01 2.7997663348114869e-02 6.7058151275252401e-02 1.1965367349406730e-01 -8.9535921901689311e-02 -3.0659540642954802e-01 1.2321658656272770e-01 2.5498697397447881e-02 -2.4138099332075080e-01 6.0494487835542773e-02 4.5729631428130513e-01 6.2554728651261313e-02 6.1960292326728943e-02 -1.0398516524057851e-01 8.4740312397123554e-02 -1.4923429392855680e-02 -9.9887122800741454e-02 5.8993778174150384e-03 -6.0617178977369658e-02 2.5300090677604659e-01 1.8783850140893781e-02 2.0471472915846370e-01 -2.2946961017048861e-02 1.3625375302965009e-01 8.9066406328871153e-02 9.1300017225210418e-05 -8.7847085592290750e-02 3.3304854474342482e-01 1.1119692882264130e-01 1.6632993609003160e-01 -2.5135001467364249e-01 -6.3586993409965833e-02 7.4587789992793613e-02 3.3809667040998861e-04 6.8328901598116429e-02 -2.1075861632627849e-01 -6.1758351698905929e-02 -2.5570433175171959e-03 -5.1740380254485900e-02 3.1658090469034693e-02 1.6483804081800041e-01 3.9898706298871538e-02 1.7299384744657079e-01
2.8823613240058079e-02 -1.8019916066756250e-01 2.4587048303840481e-01 6.7464794098157617e-03 -2.8777202759815529e-01 -2.0538255506546130e-02 3.4080110759709827e-02 1.1629893443548731e-01 -7.3071374771184416e-02 7.8408597317116788e-02 1.4683150958256100e-01 -9.8375373584527637e-02 -1.3791261642232991e-01 -1.5813827177716469e-01 -1.9633904670002481e-01 -1.1623296413415540e-01 6.8874707154341089e-02 -1.5356896470656259e-01 -1.5890281984876531e-01 -2.1786636246884511e-01 1.8045710624463940e-01 -5.8700806365050241e-02 -1.6826420635324069e-01 8.1655011747695280e-02 2.7277620602637548e-01 -8.2753852660823343e-02 1.7485854880028701e-02 -9.8287166056488573e-02 -2.1634067879563110e-02 -3.9511965348795523e-02 7.8990613481014646e-02 6.0305806696369639e-02 -1.7105863394356549e-01 -1.1225837313675990e-01 -4.9425814043685852e-02 -3.3098910455154902e-02 -9.3570286295715691e-02 -1.1556357838237130e-01 -2.5560583181852319e-02 -3.6837047564392759e-02 -9.8808161777232312e-02 2.2419926696082521e-01 -3.0880569800688068e-01 7.5305979324724812e-02 -1.5257239169366191e-01 -3.9416478412547910e-02 -2.3592873800255029e-01 -1.5931814579755671e-01 -2.3246954422894539e-01 -6.1685753148482812e-02
6.3318462164919959e-02 -2.3291141643957149e-02 -9.7223686175212418e-02 -1.0451248973459130e-01 -5.6622296365386730e-02 5.6463947404170663e-02 3.0676127688432520e-02 -4.0018417578111483e-02 -1.8522847275502369e-02 -6.5750812765063615e-02 -6.3982337830554778e-02 -4.6604440325796762e-02 -2.4021678775232491e-01 -4.6405681526986722e-02 -4.0662232943868432e-01 -3.2254861425738252e-01 2.1447238882501080e-01 -2.0275586088506531e-01 1.5187796090445019e-01 -1.1818526906744629e-01 -2.4871719680694390e-01 -2.0070821367406511e-01 -1.7590297157152109e-02 -8.2560577583314573e-02 -1.7813173919789091e-01 -1.2654233121626191e-02 -5.6608865349612777e-02 7.3582607007123199e-02 2.2269058821250010e-01 2.8432378343262989e-02 -2.7115741858640041e-01 -1.6340467656851199e-01 5.7951606986994253e-02 -9.8894590393555151e-02 -1.6604667647373662e-02 1.2908529310246319e-01 2.3172327165201349e-02 1.3143538243859310e-01 -1.5765610093242269e-01 -1.5547878331292279e-02 5.5021825361769347e-02 -2.4034586202796970e-02 1.7160452748766289e-01 -2.8589712253154490e-02 2.3040925373176599e-01 8.6491806600446128e-02 -6.3647519505857272e-02 -5.9967897495230578e-02 -1.5945525567848809e-01 3.0299798185769871e-02
-1.2362796450863181e-02 -2.7623671003378029e-02 -1.2528544430978701e-03 -1.7019733823266919e-01 1.3569173089582659e-01 6.2411174356715053e-02 -6.5469560677067620e-02 2.8643061215816379e-01 3.3501308246322963e-02 1.8011089400825969e-01 1.9019723482075801e-01 -4.3716844970412103e-02 -1.6410148770145419e-01 -1.1038999248888150e-01 9.9825793655501371e-02 -3.9376995778420644e-03 5.6036321761470283e-02 -1.6789913663456971e-01 7.1119798786705921e-03 -1.5057803484820609e-01 7.9816098792860488e-02 4.1127018721147719e-02 2.7934519582919898e-01 3.0563377536255202e-03 -1.5982227737810070e-01 8.8722682176511719e-02 1.0135492171580820e-02 -1.2415118997988039e-01 2.1770999772275930e-02 -1.6703442407111829e-01 -1.2489414297947419e-02 4.2572058331045597e-02 3.4770298915862648e-02 2.2498752249432399e-01 1.3717784787953319e-01 -2.2982334285054601e-01 -1.1342153006265400e-02 -1.9180311188899229e-01 1.0871997550886170e-01 -1.5804034060421701e-01 2.6204650872657809e-01 -1.8716494313579490e-01 -1.8307222290452719e-02 -1.2699862893014800e-02 2.7758670038275263e-01 -1.5581029952164249e-01 -3.0301279464359032e-01 -4.5647346846210822e-02 1.4442942857501639e-01 -6.1931162874993333e-02
-1.0119044346557710e-01 2.6537055173612589e-01 4.5690023784701722e-01 1.3868799706203139e-01 7.5607159965742840e-02 -3.0131999064039131e-02 -5.5445321178934769e-02 2.1686746957570410e-01 -4.1674551501928369e-03 -2.1390372309759681e-01 1.5816650190590861e-01 -1.2313206641863529e-02 5.9406471920862701e-02 -3.4135225155665513e-02 -2.3289141000510310e-02 -2.0877017614056380e-02 1.0589357888272021e-02 9.8014163156015400e-03 2.0858693413123419e-01 -1.8716487340417881e-01 -1.2217952129997460e-01 2.0052141382280880e-01 -2.1823400425059419e-01 9.3152523352610414e-02 -1.7049019081467370e-01 6.4375575375924129e-02 3.2630247684402319e-01 1.6240817271853089e-01 -1.1683119481692650e-01 5.6162697092019251e-02 -2.0638593897405869e-02 -5.5861323393627343e-02 -1.3558801777403820e-01 -9.0630155277139426e-02 -9.5652459237774365e-02 -1.4276834592382359e-01 -4.5022053716664109e-02 1.2718527535547061e-01 8.2483305042518343e-02 3.5906521972952327e-02 4.9623497406850068e-03 -6.6262813538929904e-02 -7.5934794699845320e-02 -1.3148290521410241e-01 2.0903451111672380e-01 -2.7320452609150461e-02 1.0311542236025920e-01 9.4673968464413824e-02 -7.7444107743330062e-02 3.8399422829449810e-02
-1.2598810046649889e-01 -1.5984783847856281e-02 1.7845511232819769e-01 1.1881210432394219e-01 6.5527006476197330e-02 -1.0393758701685990e-01 -1.4931808808452390e-01 5.9619524858533959e-02 1.4241104110441871e-01 3.9109584466605993e-02 -2.6776564039129402e-01 8.6047920853473098e-02 -1.7027489289768649e-01 -1.0251294655897430e-01 3.3983751358000558e-01 1.7777094010603539e-02 -4.8194020242054707e-02 8.0156158548454287e-02 8.8200128802623980e-03 9.0594046112699000e-02 -1.3234043885293861e-01 -2.0709383510476831e-01 -8.8325057674112570e-02 -2.2372494889471520e-02 2.4109442594298361e-01 -8.3147502529716838e-02 -2.8507289820922321e-02 9.1622179840405216e-02 1.2209105105289721e-01 -8.1398642014317846e-02 -2.5651352675073669e-01 8.0126908870127106e-02 -2.4016520433598251e-02 2.6718342257752759e-01 -8.6391551729367327e-02 -1.7983584812141259e-01 -5.5404048710492197e-02 -1.3266309343731800e-01 -3.1338057759179982e-01 1.1454767168018820e-01 -3.4922232829670191e-02 -1.0169878867942321e-02 1.9196053707576662e-02 -2.5434627332811438e-01 7.5487491434608353e-02 1.6609551448171120e-01 -9.8893395502262199e-02 -7.6982774556962230e-02 -1.5843969801097549e-01 -5.2540707056094940e-02
-8.8329618407521446e-02 1.1761122636561590e-01 -2.0320740819752381e-02 9.0029621939564097e-02 -1.9248203274906830e-01 -8.8137937549283896e-02 5.5796469287378907e-02 -4.0652044491478023e-02 -2.4368189471286991e-01 -7.6349812663555755e-02 -1.1062350698715570e-02 1.8457495301569410e-01 -3.4142157400521439e-01 7.0351482947673044e-02 3.4196320188302272e-02 2.3350188916964870e-01 -7.2521295518924458e-02 -1.4750124935851769e-01 2.4259480559432539e-01 -8.6403716423012478e-02 -8.0530744213506908e-03 1.6411479078865260e-01 1.0980501790191460e-01 9.2720425148633309e-02 -1.0638587801732380e-02 -1.2556786354037669e-01 -1.0783304002899730e-02 1.9212077766383209e-01 1.6161732513112981e-01 3.2759873695168529e-01 -4.9191065995804410e-02 -2.0605490343400951e-01 -1.4116208809887379e-01 5.7880272236135871e-02 1.2441979588366919e-01 1.4416820271651601e-02 2.9466499502267901e-02 -2.4349757892178880e-01 -7.7580710896521007e-02 4.4267888551348337e-03 -3.1486804321097940e-02 1.1570022789919100e-02 -1.0703461632387820e-02 1.5500358294318561e-01 -1.4318813431633759e-01 2.2271656462294839e-02 -4.2522923094008069e-02 9.6953924044462566e-03 2.3911716934641619e-01 -2.4684581783629461e-01
-1.8173605495130771e-01 -6.1087587847925891e-03 -2.9605708680376219e-02 3.3386293787045812e-01 -3.5807228405210978e-01 -1.2581091860604479e-01 7.1857033268828585e-02 -7.1132285445905274e-02 2.1324435987048410e-01 3.0527468468986518e-01 -5.2901492449430182e-02 2.7184632696387279e-01 9.3517385944756254e-02 -1.0998521596209411e-02 -1.9815383719169771e-01 8.8784243260007362e-02 -4.1286004218588010e-02 -3.6022216353752801e-02 1.3981781763670131e-01 -1.9362994246606889e-02 -1.5392706460897140e-01 6.2510198194686062e-02 7.9287204672721309e-02 -1.3384222012807889e-01 7.4550492331144441e-02 2.9519292648349810e-02 1.6074845708061111e-01 -2.7701029146124079e-01 3.4830939896344879e-02 -8.5330257316803160e-02 1.3207832822343499e-01 1.5780333683556211e-01 -3.3942195963220553e-02 -8.4465000693362796e-02 1.5337603448856990e-02 1.3314961831295041e-01 -6.4608244415021124e-02 -7.5700530674185529e-02 1.3181290322264540e-02 1.5649596570889879e-01 -2.0322128945972739e-02 -1.7912208441900401e-02 1.1348097849109449e-01 -8.6671789320568640e-02 2.8868423920903002e-01 -1.3434166368768830e-01 -3.9682855887202967e-02 3.2445177639364171e-02 8.9225870546050773e-02 2.1365558188751289e-02
2.8374667728713169e-02 -1.2384322179789940e-01 8.7426394063244456e-02 -8.7104650365899799e-03 7.6368151606523341e-02 1.9454577514653560e-02 1.7078210244429551e-01 -4.4206813222260853e-02 -3.2372910240863401e-01 -3.0869979233222690e-02 -1.1686976368421111e-01 9.0493941270645931e-02 -2.7256128298112390e-02 -1.1757861145724451e-01 1.1315670336079850e-01 -2.8113726543086179e-02 -3.5789214801438868e-01 -1.7841878148553789e-02 2.0556500735925010e-02 -1.1179833522989679e-02 -6.0984026608543823e-02 -8.1308288843593937e-02 -3.1459086874618840e-02 -1.7084164820937409e-01 -4.8614643210678800e-02 -1.0243568371109379e-01 9.2029475449884116e-02 -2.4780993923687519e-01 7.6000242540684534e-02 -8.5447225101458454e-02 1.5589841729324549e-01 -3.4604881898399448e-01 3.2305598641174499e-01 2.5996607746526259e-02 -2.5032674678408179e-01 1.7572557747303180e-02 1.0231523204483550e-01 2.7117095717818750e-02 5.2855011630305919e-02 9.1068055182741917e-03 -8.0059182521506317e-02 -4.6044222823957093e-02 -2.0718056737336529e-01 5.6954529011649463e-02 1.5759803534982361e-01 -4.0195884999806933e-02 -1.0131877274073969e-01 2.6375307644724277e-01 -1.2922790327891470e-01 -1.1807863318572340e-01
1.7000231173134470e-01 -7.5158602396189919e-02 9.4748123671769421e-02 2.2617815288210461e-01 -5.5032784566702277e-02 1.3018955933290319e-01 -2.1630915248877769e-01 2.8221583644057899e-02 8.9604998258036947e-05 4.8996841108061278e-03 -7.1107133752829468e-02 1.5207862410874501e-01 -2.4357313379632099e-03 2.3896033049450639e-02 9.1801985488510374e-02 -1.6235876753399359e-01 -3.3158687046695549e-02 -1.2793296408178861e-01 -8.9927070071715770e-02 -1.3639690358410811e-01 2.0597852024499089e-01 -2.3972174598553730e-01 2.1227741661217150e-01 1.8592831835282209e-01 -1.8914711149649290e-02 8.8943703496568979e-02 9.3904043298219553e-02 6.0372537082151033e-02 1.0003428937957411e-01 -1.3363558363633180e-01 -5.6244460441767202e-02 -1.5710308282238411e-01 -4.8780771114479093e-02 9.3221348721290887e-03 8.3810977810501661e-02 4.3480235272529033e-02 -2.1312925106092720e-01 -1.7093690354117291e-01 2.2196752684584209e-01 7.4710356411550910e-02 8.7617943227977016e-02 2.3852733521542219e-01 1.4777824057849839e-01 9.7104525717643608e-02 1.0156351422222040e-02 1.7701760336140870e-01 2.4200203601437190e-01 3.5125825176577319e-01 -1.0511606170229670e-02 1.5441392934419321e-01
8.7404207317988633e-02 -1.2901293715236370e-01 2.9977851136485021e-02 -1.2037791656350530e-01 -6.5629739240695928e-02 2.1859766787744711e-01 1.5455394411347800e-01 9.4985273097295028e-02 1.7232327156202909e-01 2.7056376879035721e-01 -2.8471592768383659e-02 6.1953062739764251e-03 1.4875832604668299e-01 9.3855034835697293e-02 8.8145768589870915e-02 1.0723219157683550e-01 9.0242395271770429e-02 -8.2673993455692818e-02 -7.0124185329516128e-02 7.4770846368677188e-02 -4.9132003297666357e-02 1.4544654972086429e-01 -1.2414508917219370e-01 -3.5823310012617321e-01 1.6061114339397031e-01 -4.6590846944227103e-03 2.2753127508006540e-01 1.7917476054224399e-01 2.8988009361778022e-01 -1.2446068204977489e-02 -1.5740258071704691e-01 -3.2586635509070072e-01 -1.9050972548358511e-01 1.2008643119962339e-01 1.0299658639258730e-01 -1.6136588596927351e-01 -2.3308079967660690e-02 1.8801421889323960e-01 1.7141157947810701e-01 -4.1890595828173213e-02 -9.1676207854602620e-02 2.1338919717516260e-02 4.9510738491017052e-02 1.0581500706421761e-01 -5.8541967739450189e-02 -1.1886972487038680e-01 6.9125931826476167e-02 -1.9498441643431539e-02 -4.7192124221696663e-02 -4.3450281352689912e-02
7.4573454786507509e-02 1.2914082049721290e-01 1.5856744794834360e-01 -2.3917892918347261e-01 -1.2438081854961290e-01 -1.6377258141913029e-01 4.7687541936561051e-02 -9.2451393886111011e-02 2.2078258528625491e-02 -5.5595555498838837e-04 4.7014063213626674e-03 3.2689416221031803e-02 4.4311436602015912e-02 -1.6230514399048199e-01 -5.0536962335865618e-02 -1.2567715253305961e-01 3.6582078916095280e-02 2.9430428398028868e-01 2.2640234160342981e-01 1.0217193928927930e-01 3.3430863203708458e-02 4.2937993345030588e-02 7.8307756904259257e-02 1.4495946697022130e-01 -5.5442934379580762e-02 3.0715212410213222e-01 -4.9206075199185788e-02 8.2197389287549230e-02 8.1745461361557928e-02 -3.4350039042967417e-01 2.3953248278178820e-02 -7.5325007124739357e-02 4.0814400664018119e-02 1.3752995724907169e-01 -7.0442295684568140e-02 -2.1804461346791999e-02 -1.0016746392862230e-01 1.4230307155781849e-01 5.2680916438116792e-03 1.3262981798419471e-01 -1.4751006439928699e-01 3.0043840169715552e-01 1.5342892219451670e-01 1.0152181545594020e-01 -8.5529318091631251e-02 -7.0040459949591904e-02 -1.8988565406125429e-01 1.1517095794954760e-03 1.6008528162610491e-01 -2.8826214940919531e-01
3.1428239596501331e-02 -1.0586801723542130e-01 6.2392284984846877e-02 1.1671095861598189e-01 6.5319158771337496e-02 1.5014444619695591e-01 8.1817583542222516e-02 -3.7487726977949187e-01 1.0703996570176540e-01 -2.6250570265048349e-03 -9.4616225059813482e-03 9.3958740565453586e-02 -2.1364201735666949e-01 -2.0630913290130351e-01 9.4511263073383339e-02 -9.9762541224164031e-02 3.0793668492590611e-03 -6.1496351856708271e-02 -8.0678661017924980e-03 -9.8857407659750943e-02 1.4222584717977399e-01 -2.4676684843819428e-02 -1.1574682464161320e-02 -1.7053997742395119e-01 -2.9120583919356952e-01 -3.0694994681500393e-01 3.8015375836448977e-02 1.1662213662631110e-01 -7.9844417735610004e-02 1.2900213838300620e-01 2.3592618578062000e-01 2.2376271415953630e-01 -7.8979626089868388e-02 1.6579363573492559e-01 -1.5218611853728550e-02 -1.1352459195809310e-01 -4.4459583288584813e-02 2.6159703471499429e-01 2.1484008359513759e-01 -5.0044052854279569e-02 -6.8643686214254457e-02 1.7277082629786411e-01 1.3009388846078601e-01 -1.7800461005761850e-01 6.1363944413632011e-03 7.1876609033917876e-02 -8.5412057584307727e-02 -8.6067698753844915e-02 7.8888165587527231e-02 -8.4057746089126292e-02
1.7461099465752311e-01 3.4145894222516451e-03 2.4323343015766340e-02 -6.9266202620329842e-02 2.5338116454978732e-01 1.1363926777259040e-01 1.1134685204842031e-03 1.4818975457960959e-01 1.9244236411444629e-01 9.3761986170807735e-02 -2.1918058934455829e-02 1.7479959361729749e-01 -4.2457804875942598e-02 1.2467570927452989e-01 -2.6372787874588888e-01 1.1540368780419739e-01 -2.8730274551565339e-02 -4.9592055180831797e-02 1.3822052730493631e-01 1.5114632609793149e-01 1.2408123242984130e-01 -1.3024782604928581e-01 -2.1382916941424870e-01 -3.8114459560316859e-02 -7.9214399098919641e-02 -4.6220847052622178e-03 1.2864797906969480e-01 -9.4763223267848654e-02 -5.3095859485624418e-02 5.4842189699707528e-02 1.0999525733516829e-01 -3.8228286027483641e-02 1.9400965420690150e-01 -1.0615435770065740e-01 -7.2248030603453431e-02 -1.7703261543517479e-01 5.3454612392787842e-02 -2.2828108951977169e-01 4.9039735911819479e-03 2.6728450849851487e-01 1.8782531661638710e-01 1.9339874110289151e-01 -5.6394340302600432e-02 3.5411183123132732e-02 -7.3224514422630619e-03 2.1786472004452151e-01 1.5446298309685230e-01 -2.9209501078465749e-01 8.8877425800371737e-02 -2.4156646786224059e-01
-3.2110227436950778e-01 7.6870910530231318e-02 -1.0090398630037690e-01 -7.9957689540869750e-02 -1.3145820215951129e-01 -8.9790273869091136e-02 -1.4306590430175120e-01 2.7255519164928022e-02 -6.1405971692566133e-02 -1.6720990470917721e-01 -1.7783683911045961e-01 1.1131092552217310e-02 4.8851497753106109e-03 -6.3650062991007311e-02 -5.1391265712648218e-03 -2.4971315190335799e-01 -2.0939489023638520e-02 -8.1422144301707092e-02 -1.7276274095641481e-01 1.1659017887917569e-01 8.9815927383098335e-02 2.3355443287305649e-01 1.0768149544082931e-01 -3.3013862727413518e-01 -1.3395986492187081e-01 -1.1584511786221351e-01 1.0005994370417710e-01 -3.6920162377665662e-03 -1.4175407615162649e-02 -3.2595255698429848e-01 -2.7967671986131690e-02 -5.2900172642500333e-02 -1.0375959458937729e-01 -2.4507018425265920e-01 1.0686143142270860e-02 -1.2522193220601399e-01 -1.5683723336475941e-01 -5.0707011599010589e-03 -1.9608000352900719e-02 7.6643551705749630e-02 1.0348668059733070e-01 -1.0842980612031911e-01 -1.6384205761188719e-01 2.6454610762330029e-02 -1.2648017728282679e-01 2.9891803226851232e-01 4.6129290578662073e-02 -7.2250888187544035e-02 1.6699844120185600e-01 -6.8490726028857196e-02
-9.3137523191078389e-02 -2.0811763400721339e-02 -3.2878716309891220e-03 -6.2589362196891311e-03 -1.2672262411599389e-01 1.0042710571706960e-01 2.5847115316183461e-01 1.9152153585242371e-01 2.4672116723463400e-01 -2.3506219540126591e-01 -1.0805561148509710e-01 -2.6715598748185271e-02 -2.9176109614533852e-01 2.9693392671300473e-01 1.5322636141899129e-01 -1.9809677546647680e-02 2.5636839172161491e-02 -2.3042686486334851e-01 -1.7276313668636009e-02 1.5179645951954071e-01 -5.3852733923703933e-02 1.9289018145951440e-02 2.7618858038432979e-02 3.1296288258736912e-02 -1.6856477281800861e-01 3.5263353597921210e-01 -4.5421231224066487e-02 -8.9379427391167332e-02 8.5638207282848294e-02 -3.3694111144348199e-02 1.6905017107670969e-01 3.6400491663613872e-02 -1.1568953426393309e-02 3.5130148898605798e-03 -2.1674739216014971e-01 -9.5404464008422320e-03 1.0446017510782200e-01 -7.7607804046546019e-02 1.1651485940915350e-01 -3.6453198248806287e-02 -2.7635120005330260e-01 7.8057061420619828e-02 -3.7854937127296567e-02 -1.2857602070614191e-01 -1.0968001654298100e-01 5.0319088624351631e-02 -8.4768253618671505e-02 -1.0612199798498831e-02 1.1933466579664240e-02 2.2526970200922969e-01
-7.2178047807032561e-02 1.2803907290257510e-03 -1.2175496000683610e-01 6.3159096715286953e-02 -9.7312565278189888e-04 1.5672634839186909e-02 1.3109560893939931e-01 6.0602523881416563e-02 -1.0049172349018209e-01 -1.3822846290935159e-01 -1.7862657687672728e-02 8.8358507560180374e-03 -1.0068554935423100e-01 -1.3820614620591620e-01 2.0281021152750620e-01 1.2149810389214941e-01 1.7764909453091740e-01 3.9683259656092991e-03 -1.8387406963174591e-02 3.1248061189614328e-02 -1.5707976582825761e-01 2.1459800530636671e-02 -2.1813295624090279e-01 -2.3313639398828651e-01 3.7517457704022338e-02 1.2316641279926820e-01 2.3320199230881361e-01 -2.4439392553479919e-02 -3.3766565108012220e-01 -3.6146653248981517e-02 -6.8272422448292028e-02 5.0504438493972188e-02 8.4936294012288888e-02 8.8800377929337745e-03 4.0566101660317523e-02 1.3329414844972090e-01 -4.2417557219056969e-02 -8.6084644854423797e-02 -1.1877314187703680e-01 -2.2769431778967170e-01 2.6850063854144751e-01 4.1594359278627718e-01 1.9373741732109900e-01 2.7895005730638089e-01 3.5481494210448487e-02 2.5150486478532089e-02 -1.1117233691522230e-01 6.0457431586821722e-02 -2.3312537510475741e-04 7.6546430875064936e-02
9.0055555328907591e-02 3.6565693342966367e-02 -2.7302023257262797e-01 1.0701259565521749e-01 2.1641566049082100e-01 -6.7863473626558313e-02 -2.7413522756446651e-02 2.2792287949479129e-01 -1.9736154100447581e-01 -2.2515091277145169e-02 1.3694412193527850e-02 1.7642919927447931e-01 -1.4973568263816420e-01 9.4636274033617560e-02 -1.5171778071006009e-01 9.5974805060317178e-02 -6.6268091469912568e-02 2.9401726338034528e-01 -9.0190684751174005e-02 -1.1278683449130510e-01 1.6946480894791491e-01 1.5715820568815871e-02 -1.4758451505588940e-01 -4.4685464424623466e-03 3.2581855360755557e-02 3.1853329065730393e-02 1.7103057411386360e-01 -2.1916770425741061e-01 6.1162126130438803e-02 -1.0860215701375990e-02 -1.3670812814021460e-01 -4.8639999530791893e-02 -1.6663301239633790e-01 -8.6897349615271485e-02 4.9229135516472837e-02 -3.0484670214125870e-03 -1.0682093630463360e-01 1.3440562645978960e-01 1.3256609525234481e-01 2.0069854264143000e-04 -1.7207954938740119e-01 -6.3294154278781795e-02 2.5123081286496252e-01 -2.3209374296173790e-01 -1.3262208271643430e-01 1.4015814448536931e-01 -3.5084628187947919e-01 3.6378480728395800e-02 -4.6842659409808444e-03 4.7241137899001223e-02
2.1429401828750392e-03 1.4838242122785369e-01 1.6611852141980129e-02 -6.8154141817220737e-02 2.8220101436110421e-03 1.6895022953685171e-01 6.3648704177931059e-02 1.8394210709333930e-01 7.6946117997450519e-02 -3.6920288053329989e-02 -8.9770457941889648e-02 2.8854008277566667e-01 4.9881472840632470e-02 1.9826317005018541e-02 -5.6595965364956778e-02 -3.6037456499963427e-02 -4.0952529480815458e-02 1.9248569299861509e-01 -7.5874236918938534e-02 -1.7887388917962629e-01 -2.7309998849357042e-01 -1.4070081233698489e-01 3.2079193923292670e-01 2.3755435229551449e-02 -1.1907635459700640e-01 -2.3744340797835289e-01 1.3773548999160701e-01 1.1238014548139660e-01 -1.6502303129230991e-01 -1.1255504260997461e-01 1.6698136437895361e-01 1.3014379620660970e-02 -9.5328082912794584e-02 9.2115339035364840e-02 -6.5382920840352743e-02 2.2306175347307038e-02 8.8583680703741799e-02 -8.1021248598708226e-02 -4.5753611666984252e-02 6.6166044569351185e-02 -5.9620422570166712e-02 -1.2988505593777061e-01 1.0353338983101640e-01 2.9079041951343682e-01 -2.5784440835709382e-01 -9.0173778319985576e-02 -6.1483054590429347e-02 -1.8478007517160999e-01 -2.8104047283955869e-01 7.5759529058133740e-02
-2.6388790019773699e-02 1.8836685471147971e-01 9.4302430422582489e-02 8.9651709365900639e-02 4.1567701457379438e-02 -6.5867553365482626e-02 -5.4438133247007539e-02 -3.0919922511642269e-02 2.2980198311164140e-02 5.1534725398114073e-02 -1.5810443483075640e-01 4.3488938319207117e-02 1.7931160707274271e-01 1.6221436445657109e-01 -1.2849471736392709e-01 8.7962257024364041e-02 -9.5579894675988139e-02 -1.0856359857192650e-01 2.6171405671450289e-02 -1.5746656882186791e-01 -5.5532509643716740e-02 -2.9585831518715372e-01 1.4954834088857080e-01 -9.8072419771390071e-02 -6.8157184297509527e-02 8.1018587466657049e-02 1.0453409443136311e-01 9.1635074063450336e-03 2.1405562858926509e-02 2.3705586364774080e-02 -1.2262656981710771e-01 3.6029453753012301e-02 1.5586463114129340e-01 2.2919611584617760e-02 2.6546006879554851e-01 -1.0809310131158539e-01 1.2564362059806419e-01 2.7297834113944580e-01 -1.2843134769928219e-01 -1.7051741376247609e-01 2.9551975847469918e-02 2.4859075833208741e-01 -3.7683215547512872e-01 -9.9160846047933890e-02 -2.1628730717252270e-01 -2.8772832689177349e-02 -2.0075363056224779e-01 2.6553444968965199e-02 2.1994217616284040e-01 1.4559815906077259e-01
-1.7701156393127790e-02 8.5932138141708830e-02 1.5287543877969070e-01 4.7494106090943240e-02 2.3295316636465641e-01 3.6814195078393341e-02 1.7019028532241121e-01 -6.8022603646209767e-02 -2.8152775750949099e-01 -1.5579335073559740e-02 1.8407072359322669e-02 -4.9708419743314122e-02 8.6729408281691511e-02 -2.8243969426764132e-01 -1.6569762495818210e-01 7.9828995581591081e-02 7.6707443335753786e-02 -1.0760113262434270e-01 1.9274368934063349e-01 2.0208116976494531e-01 -3.9959083940399147e-02 -6.5684436224702394e-02 9.7623246116905746e-02 -9.8506331006611575e-02 2.1386869640676559e-01 -4.8050735264619872e-02 -1.1219829094169100e-01 -5.5597363047483819e-03 1.0702278079163791e-01 -1.2366765181873240e-01 6.7848854464640451e-02 -4.6010674378683607e-02 -2.7299680370731039e-01 6.4367700459494304e-02 -1.3407935554884340e-01 -2.6730487684678651e-02 1.4071945565620969e-01 -1.3045433852945570e-01 1.3597094947905719e-01 1.3057573189680599e-01 1.1616300040746150e-01 3.6196332937870862e-02 5.9789213387051468e-02 -6.5501301048823096e-02 -8.7410919138375481e-02 4.4115354232206333e-02 -4.3249363123690432e-02 -9.5090178153306393e-02 1.8341394989733401e-01 4.6126843624645869e-01
-1.2899137812287401e-01 -2.1694170242956359e-01 1.8639333005406289e-01 -1.2767473407866711e-01 9.2882819231597205e-02 -9.9716934827390996e-02 -6.7516803137187775e-02 -1.1575589104909410e-01 -4.3853323770091338e-02 -1.2875138358023769e-01 5.1731079466455859e-02 3.7264289572298520e-01 4.8563451526607342e-02 1.6435625929677569e-01 8.9646065622051685e-02 -9.0074736232414257e-02 1.5089506988086041e-01 1.4417609087537539e-01 1.6318187658271088e-02 -1.5529964030025409e-01 1.1172073507680130e-01 7.7321920243636877e-02 6.0913569585597342e-02 -1.6016142249975851e-01 -1.2077081298148299e-02 3.5864468723334528e-02 -1.5987180344618890e-01 -1.5570703990685020e-01 5.9068967719384718e-02 2.3940334388622361e-01 -3.0572489369972933e-01 6.8979186423009015e-02 1.2842109355966499e-01 -6.6360002825424758e-02 -1.9532851605015680e-01 -1.2441448914544501e-01 -1.5605156160439271e-01 -1.5987487350506709e-02 7.5961354760886779e-02 8.1364765540056408e-02 -6.7637263679047585e-02 6.1514706490317247e-02 -3.8726044953137848e-02 2.3664824430741360e-01 7.9054263090980653e-02 -1.8255523140779650e-01 3.7309554803296760e-03 -1.7617815600077619e-01 8.3420849547928402e-02 2.4932615547971629e-01
5.2121801289318939e-02 -1.5958725542095261e-02 -1.4806255619945499e-01 1.3490281527237399e-01 3.8959047506341421e-01 -1.8745787018064261e-01 1.4797125493537441e-01 -2.8142402020866908e-01 1.4528970184648310e-01 -1.6643140810136240e-02 2.5438479882218899e-02 6.8705919925739628e-02 1.2740002354640980e-02 1.9658137674521282e-02 -5.2043943115513330e-02 -3.0640586491674272e-02 3.3478274315961273e-02 -2.0709647529773920e-01 -1.4029339305881430e-01 1.0879551105235050e-01 -1.1212180758924679e-01 3.1239962184209508e-01 1.0547971841686930e-01 3.3290288193549278e-01 2.9900326616949281e-02 -3.5809239906926249e-03 1.4745145796563591e-01 -3.2079801033170867e-02 3.1229774286373319e-02 -6.3294641813811725e-02 3.5939164463809223e-02 -1.2555954069818581e-01 -5.7060157373348783e-02 6.7717727075832679e-02 1.2529532586085090e-01 -1.1068236174752760e-01 -1.7071802794356081e-01 4.6693923004193318e-02 -1.5301260009279061e-01 5.6626072801237458e-02 -1.1360607954201310e-01 8.9547936502741649e-02 -1.7364249878853610e-01 2.1430477879690410e-01 1.5783424577698879e-01 1.0584767840233859e-01 -1.3667976121636399e-01 -4.9256974620036358e-02 -1.6776759957607770e-01 9.2052871048990528e-02
5.1407585249209048e-02 3.9284864644139211e-01 4.4295710190718086e-03 -2.5136739617251391e-01 6.8432331004150374e-02 6.3925595242237773e-02 9.3373558211660837e-02 -1.6317679081300010e-01 -2.2880293714868289e-02 1.9688272826355971e-01 -3.9568700302361662e-02 1.8154170752721639e-02 9.0287952881658765e-02 4.1967629808785052e-02 2.6034996118823017e-01 -1.5453205278941090e-01 -1.7020020688828799e-01 -2.0433267271523939e-01 1.7784276278879399e-01 -1.6859249337740151e-01 -4.6876653889152131e-02 3.8469791447666463e-02 -1.0847501058649980e-01 -6.7996859474471483e-02 1.3620962459259289e-01 1.2962118526304331e-01 -1.8151709454657741e-02 -2.9400138174558499e-02 9.3996008097263023e-02 1.0545192590488310e-01 -5.6864300663774472e-02 3.0252087546240358e-01 2.3908066197757490e-02 -1.6125479538039431e-01 8.1642604701460203e-02 1.4470037449073719e-01 -8.3948878452450360e-02 -8.0651931465827942e-02 2.3658608989778609e-01 1.1167820939822840e-01 3.9370263802155407e-02 -8.0400694218127414e-02 1.2521279633605800e-02 1.0332888134676579e-01 -5.9247616318268061e-02 2.3881155553664249e-01 -1.8406885683711749e-01 1.7864473304134008e-02 -2.0086430767513430e-01 -2.7258333123744111e-02
2.0615462197618881e-01 7.1890392892423008e-02 -6.6869661948526296e-02 -4.5323781596874613e-02 -1.8819607548639780e-01 -2.3766996418247191e-01 -1.4080423681696791e-01 5.7772492633557777e-02 6.5387868338044053e-03 -1.7321262770412599e-01 2.8221635765617181e-01 -2.7229790386850722e-01 5.6022531679138170e-02 -2.0889658421030942e-03 4.2286639601791208e-02 2.0934479022210409e-01 -3.4989787513723433e-02 4.3215404209173393e-02 6.8696108954252169e-02 3.9784721881018677e-02 1.0199089667755909e-02 -1.2442441981629759e-01 2.4579302305508391e-01 -2.6957067897738429e-01 1.9395867760218691e-02 -4.8370692807004859e-02 1.4424729748195481e-01 2.0052755446395471e-02 2.1614586601021279e-01 1.8584644680925341e-01 2.5721137019515311e-01 4.3893997226844388e-02 1.4948828845820139e-01 -1.1212704247297591e-02 -3.5975313195250949e-02 -2.1253754124378851e-01 -2.1177137187921091e-01 2.1977928105040460e-02 -1.0799067641411840e-01 6.2640091559642674e-02 -1.0023740721997269e-01 4.4395428130685033e-02 1.1530505154483180e-01 9.1852316183473323e-02 1.0407706601575500e-01 2.0593311044766641e-01 -4.9293525218995951e-02 -5.0603395587551600e-02 -1.3621577457465850e-01 1.6255285972539929e-01
-1.9697719798619009e-01 6.0497485057623999e-02 5.0755898309207348e-02 1.7934793382213730e-02 1.7983047903949001e-03 3.2106130221755277e-02 1.5171702261394329e-01 1.3356220485603471e-01 -2.6331530166048589e-01 5.3699569498820640e-02 8.4629351560136262e-02 8.7771543816352188e-02 2.0959689866727221e-01 -3.1080780840168590e-02 5.4469865842473042e-02 -2.0742408226112410e-01 3.1695700521394067e-02 -3.4619955639775511e-02 -4.1692996888485698e-02 4.0467977939142191e-01 -9.6043948486906616e-03 -1.4989955356493029e-01 1.3992895792139981e-01 8.5169066213552372e-02 -6.6863977478432757e-02 -8.8106358484559985e-02 5.2030082468388139e-02 5.6731412116920163e-02 -4.7068890492280122e-02 1.4989900932366079e-01 -7.3505444123408925e-02 -1.0565448202779200e-03 1.2671500185922421e-01 -1.7536618841610530e-01 2.8699930397484141e-01 -8.6989786820368453e-02 -6.2896340460281641e-02 -1.8354010009283631e-01 1.2088551703243670e-01 -1.8175200355455101e-01 -2.9787633729265822e-01 1.6507817878088879e-01 1.1970102866238470e-01 -1.9185375958129139e-01 1.2517210637307230e-01 -7.4575391199124832e-02 1.0267261922282150e-02 -1.7186126609738039e-01 -1.2622585222440030e-01 -1.1605636806024390e-01
1.4498357616810889e-01 6.5351187853606310e-03 1.0054658892868560e-02 -3.9592370717074131e-02 2.6777218897596610e-02 1.3901951231863621e-01 -1.7732803346808851e-01 -5.4630201588767448e-02 1.3339881581658089e-01 6.2434239945029411e-02 3.8942758438936888e-02 5.8247739445291068e-02 5.2622195108050933e-02 2.1033364419981490e-01 1.1355924350024890e-01 -1.6560243522074630e-01 2.4240032489782809e-01 -1.0596782870094380e-01 2.3743671018698251e-01 1.7007724422672180e-01 3.8286435797061653e-02 3.3167285400231830e-03 1.4369679710831840e-01 -1.3488282364330110e-02 2.2625177220772619e-01 -1.9582952997050870e-01 2.1521470482790010e-02 2.9639319037706811e-02 -3.0340164548699272e-01 8.0653249350940467e-02 9.4230576808035163e-02 -1.9230022733926089e-01 -4.9852394481785307e-02 -2.7098220706858511e-01 -2.2949379806797471e-01 -6.7301078220442304e-02 -2.4667403231984540e-02 1.8685036864753628e-02 -1.6439533457653460e-01 -3.0734995673447771e-02 2.8803227064187150e-03 -4.3504497192029978e-02 4.6792090392561297e-02 -1.0947616134262250e-01 -4.8915043919531193e-02 -6.8070172455105188e-02 -3.4788337744509429e-01 2.7747459014819781e-01 1.0375408628131839e-01 -4.5234754721354520e-02
1.4061537826928189e-01 9.3016203122347221e-02 1.9752239443910280e-01 -7.2396850915351654e-02 -4.1451623815995438e-02 -1.8817923867534281e-01 -2.0398440677072119e-01 -1.6069177453443020e-01 -2.2068282956431980e-02 -9.8440685792566998e-02 6.0033213612062097e-02 -2.2507218292683189e-02 -1.2101407013086470e-01 1.0165563674675070e-01 -1.5140186391188110e-01 -6.4788392800109368e-02 -1.2714762958223730e-01 -1.5415738387346489e-01 -3.2706634383563338e-01 7.2959666947665369e-02 -9.9642819676628011e-02 1.3328854448779090e-01 1.4983841326763669e-01 -1.8463714201116160e-01 1.3519796418180721e-01 1.0848726759280500e-01 3.7249368701416208e-02 -1.4796536520331999e-01 -2.5536169157289140e-01 8.3597513708780116e-02 -1.5980310674459811e-01 -1.3175379297282760e-02 -5.8117240977400203e-02 1.3669644038217560e-01 7.6706915430393999e-02 -9.9983253722008433e-02 4.3893793438088607e-01 -4.5538021493549193e-02 1.3501075138566501e-01 1.6276065976764520e-01 -3.7189950026465753e-02 8.5649708339158429e-02 2.2704333881012659e-01 -5.2705005324512583e-02 1.2270506381590650e-02 -3.0365123012850180e-02 1.1210030342662399e-02 5.6783762809014607e-02 -9.5093787359518928e-02 -1.2147244911489230e-01
-9.1625244184930815e-02 -2.2649871425248769e-01 -8.4704807395015791e-02 -5.8841612249583987e-02 -1.5731232837221581e-02 2.7237434283768092e-01 2.7170079298836060e-02 1.8513908564981829e-01 -9.8075199347588751e-02 3.3453615028954067e-02 1.4550185668017510e-01 2.8211989571978860e-02 -2.9217561591522230e-02 -1.2343952030691450e-01 -1.8903584690917860e-01 -5.0340096635540154e-03 -2.1247327170478530e-01 -1.2864376137666669e-01 -1.0935176943735071e-02 1.4277511127331610e-01 2.0457870852788121e-02 1.8004723739007730e-01 1.3266222747398801e-01 4.7613266530214249e-02 7.9182936397773906e-02 4.1945526358409660e-02 1.9639007305796699e-01 2.8610918493681148e-01 -5.9400958280487623e-02 9.0314769441528123e-02 -2.1682151882678960e-01 3.4650938170912632e-01 2.4231938623062879e-01 1.2607612293220199e-01 -1.1797220295065240e-01 6.4454398185922482e-02 -6.4039408198486150e-02 1.2839161659587189e-01 -1.1519751635583340e-01 3.1023674617349972e-01 -6.4138955729180547e-02 9.7772135029057673e-03 -3.7698343377744768e-02 -5.6815015242314476e-03 -8.6167880880399034e-02 1.5744489310289090e-02 -7.2201495467898003e-02 2.0750423335507309e-01 7.0345263500580638e-02 6.4762676306046429e-02
1.6859003590087641e-03 -7.4916066143313489e-02 -1.7213244409862699e-01 9.4841752159190718e-02 3.7656388154571549e-02 -1.3518124446739049e-01 -1.7970003804862569e-01 -6.1489582791649733e-02 -5.7605903528221807e-02 2.3200711468892410e-01 9.1644166853441983e-02 -1.0226521682443381e-01 2.5092748783230662e-01 7.4320219291331716e-02 3.7165551742628491e-02 9.9067597216584397e-02 4.3405089656127292e-02 -3.4802711896162260e-03 -7.6839570228584481e-02 -1.3958315529575549e-01 -1.1695471027596641e-01 1.3833674129296361e-01 -6.4123831847134397e-02 -2.4790600554201191e-02 -3.6488570379420648e-01 -8.4681877578471537e-02 -3.0109569914768309e-02 2.6325635003915338e-01 1.3952994321225090e-01 -1.1371618470985539e-01 -1.2572386472903410e-01 3.0689728884901620e-02 -1.5119521990262541e-02 -8.4332045277979883e-02 -3.4762725376663739e-01 1.9150960513684600e-02 2.2548411493235040e-01 -3.3616640226957312e-01 7.5662229166905556e-02 -2.4465030103610250e-03 -7.0681300605431804e-02 2.5861202105001141e-01 -2.8639885664242141e-02 -1.0244701296843840e-01 -3.5204592679799841e-02 1.8286855234562541e-02 -1.7523006848277961e-01 3.1695158968959102e-02 -7.1967524106182720e-02 -4.8011984912634149e-03
1.2811996390677699e-01 2.4779371199346639e-01 3.6153871403261137e-02 -4.6539635853104437e-02 7.9886885419031703e-02 -8.0067897557269414e-03 -2.6059562052276140e-02 2.1194002229808190e-02 -1.8203038302609950e-01 2.2139342973056829e-02 1.2029763616224240e-03 1.7618728302289641e-01 -1.2543508793701641e-01 -5.2919101282661717e-02 1.1223031377216540e-01 2.5958781838768108e-01 4.8939040281218721e-01 -1.6559957750991880e-01 -7.5290542758434290e-02 5.3091056865957817e-02 1.7895284074200229e-01 7.0902039715073528e-02 1.4197518705342491e-01 -8.9831963822343930e-02 -9.2666074026467579e-02 -4.5045003031608473e-02 7.0930773466130290e-02 -1.2310234132213189e-01 1.4759760196615851e-01 -1.5212743304316939e-01 3.6232615538397207e-04 1.3848682017487410e-01 9.2158641775512307e-02 -2.0787319256905901e-02 -2.6417451894926801e-02 2.1321723832822839e-01 -2.7567352311346099e-03 1.1669412374884020e-01 -1.2662005448329211e-01 1.5245727114458171e-01 -3.7961195839061657e-02 3.3496722076968737e-02 -1.2301471765937240e-01 -1.8100145189676711e-01 -8.5483596832131276e-02 -1.9346466870647100e-01 1.9604340282119109e-01 7.8733448805006392e-02 -2.3037507841959101e-01 -1.0709162593673401e-01
2.9372016895135722e-01 3.2317576068022158e-02 4.7475203280264132e-03 2.3440536522594670e-02 2.8923303097316909e-02 4.8450419024810764e-03 -2.0435152357257910e-01 1.8091177729962389e-02 2.0532515853537190e-02 1.5501201080570509e-01 1.1656872041476821e-01 1.7939432008725709e-01 -1.9205079359853419e-01 -1.7256830876214699e-01 -9.2621660075472966e-03 6.8238649886125980e-04 -2.1186595506495820e-01 -1.2556734201328959e-01 1.6265076699700259e-01 -6.4131716517924625e-02 -1.3885201175794040e-01 2.2979624568287879e-01 -9.2266140729479029e-02 -1.3929981108477180e-01 3.0573284577131130e-02 3.4641348022566798e-02 -1.7588337409510360e-01 6.0726899679010793e-02 -1.6832248355135951e-01 -2.4119307713240781e-01 -1.0520797953711841e-02 -5.9213578899976853e-02 2.1113130373068309e-01 -9.7480250841206609e-02 9.5271394252190292e-02 -3.7821170559805453e-02 -1.2102172295602839e-01 -7.4129601667214398e-02 -9.9773971979036910e-02 -2.7053805629425087e-01 -3.1920271138285677e-01 -2.7456466451369760e-02 3.5140831971535738e-02 -8.4378514572961028e-02 -1.4099396047710200e-01 -3.6747935034568087e-02 2.1439561300837301e-01 -1.3144872737080229e-01 5.0208229335342539e-02 2.1959248950630869e-01
-1.0607775107802300e-01 6.7657151700014614e-02 -2.2742384624112960e-01 -8.9789274188276993e-02 -7.6081248150053809e-03 -3.1647464519768409e-01 4.9528681576423809e-02 9.6480063500037794e-02 1.0779380783406391e-01 3.1654498299037243e-02 9.7711589434826718e-02 -1.3089264734184090e-03 3.5424547796534658e-02 -2.4354194101922171e-02 5.5384859971704468e-02 -1.8336451097488191e-01 5.6834635834554233e-02 -1.5420748631802389e-01 2.4092373836833139e-01 -2.7385364616339801e-02 3.5131511291156908e-01 -2.1415876029039629e-01 -2.3021489958012761e-01 -5.0814244126263973e-02 -6.5866055366263956e-02 -1.8566730500390891e-01 1.3376226244874639e-01 4.8872140260063342e-03 -1.7453433879053409e-01 -8.1652804241173951e-02 -7.9649125738175716e-02 -2.2113121401126600e-02 -4.6464946070097837e-02 2.5813836523242911e-01 8.5196234383399114e-02 2.5438657175793179e-02 2.3326339709216440e-01 -4.4844291194780471e-02 -3.0183823623686951e-02 1.4392291806681770e-01 -3.0416725004656658e-01 -7.7175022882258124e-02 -2.6572926118105640e-02 1.8852190927426329e-01 3.2173686621751282e-02 -5.3787320069006953e-02 8.7974375877299837e-02 1.2200119195071280e-01 3.5849186168772917e-02 1.5177571037485491e-01
4.8540846377936361e-02 1.4672767949166990e-01 -2.3271456437861199e-01 -1.3595217887249630e-01 1.1250373574871370e-01 1.2254702456981170e-01 6.6577539839117586e-02 5.8740037269684187e-02 1.3973352502293621e-01 -4.0252144503959891e-01 1.8281534318739390e-01 1.5437224164072461e-01 9.8861315776574865e-02 2.4342357046596642e-02 -1.9335566700971529e-02 1.1211169477076770e-02 -1.3102602905311170e-01 -1.2319479378006030e-02 -1.2287765309263481e-01 -1.9118497408657301e-01 -8.2694870478239646e-02 -9.0267977110728898e-02 2.3719619927570400e-02 -1.5243788972602859e-01 2.7346615250703571e-01 -9.8888049149878740e-02 -1.4750525391934011e-01 1.4560722670060869e-01 4.8036589497209473e-02 -1.1648696560096800e-01 2.4579958267934080e-02 2.1664948764625831e-02 -1.6169119270261681e-01 1.1264828802262509e-02 -5.8212951600267338e-03 1.6206158145865060e-01 -7.1281591914647571e-02 -1.0570007300531280e-01 2.5866161377293431e-02 3.5333023194619853e-02 -1.0822291108314649e-01 2.2643152751644599e-01 -1.7259453139373690e-01 -1.7743268475783999e-01 3.1610061081123331e-01 -1.2286501345814541e-01 4.1386397478014619e-02 2.7054751851049458e-02 1.6648514594068331e-01 -1.6077937520035110e-01
-4.9766892954840269e-02 2.4982956088784430e-01 8.6478786279776829e-02 -9.3098663608346663e-02 -1.3427699754506531e-01 3.0354565377392950e-01 1.4578714346958900e-02 -5.5071765248325799e-02 7.2756981396429124e-02 -2.4859005248640050e-02 4.8292542002744958e-02 1.7035249872360311e-01 1.4236983837791470e-01 -1.3136363477082150e-01 -5.9714507041080153e-02 3.5683649914167528e-04 2.6753451075769780e-02 4.6126114768205759e-02 -1.9109090345318919e-01 -4.5870144469321243e-02 2.1913533100937840e-01 1.5267446135962720e-01 -1.0569340872940050e-01 1.5452115981251210e-01 3.8808774255124939e-02 -8.9295924029661411e-02 3.1840906826294937e-02 -1.4722806233668581e-01 2.6495520692808261e-01 1.3772868939166939e-02 1.8134507701919982e-02 6.2566921166886280e-02 8.9535530277937522e-02 -7.5315312486346304e-03 -7.9266167610578378e-02 -1.5679379947262731e-01 3.1766973776885687e-01 -4.2220765715376987e-02 -3.1802390352423832e-01 -2.7362669476941343e-01 -9.4936010605273929e-02 1.7512265108238851e-02 1.8180219317104440e-01 1.0111977094033960e-01 1.2785973534874931e-01 2.2353501829144631e-01 -1.0552287774796110e-02 1.1099572414333440e-01 1.2046539541464070e-01 9.5090428053382428e-02
