# CEC 2013 LSGO F11 permutation vector 0-based (D=1000)
189
683
500
803
142
708
306
385
352
857
472
557
52
260
283
56
848
743
963
688
729
997
319
715
230
357
747
923
96
378
64
290
903
166
342
463
573
263
54
547
676
323
619
86
257
344
623
155
300
967
497
160
529
629
960
996
837
610
752
569
586
458
634
231
251
191
961
553
412
479
703
416
546
294
15
859
902
83
838
109
145
833
262
509
807
487
861
852
80
312
37
475
499
455
874
381
164
338
488
252
442
394
419
600
627
919
897
763
347
818
858
459
738
482
428
595
746
70
44
636
199
485
552
433
233
120
207
18
404
210
939
162
505
324
249
535
834
451
98
750
265
348
107
195
613
823
375
79
999
226
515
14
797
756
298
816
330
798
990
875
7
146
310
296
815
94
254
909
281
434
581
30
541
770
55
766
339
68
174
799
739
884
402
894
774
202
211
390
273
397
650
181
981
936
22
3
140
597
952
225
645
71
523
948
689
350
635
253
640
270
356
748
793
514
641
691
0
711
153
130
183
154
771
193
369
947
371
370
123
913
725
464
870
611
398
34
170
556
410
606
76
825
534
559
720
567
316
431
95
517
912
135
406
450
173
256
767
141
377
65
364
478
335
582
663
508
601
473
744
995
592
418
993
602
438
72
415
258
862
308
396
764
19
898
314
851
845
213
147
175
137
20
741
380
444
670
707
494
87
501
503
728
506
946
149
548
562
734
755
824
362
139
674
638
876
819
524
421
111
760
182
646
9
772
526
783
124
227
275
643
842
156
516
285
975
785
806
8
436
696
970
727
804
841
895
616
745
36
284
964
618
4
892
596
152
644
615
512
971
576
353
572
439
844
91
48
2
860
583
563
386
360
893
687
533
942
830
959
217
161
855
667
62
558
900
880
295
454
368
39
229
382
461
81
405
759
490
468
655
114
814
277
393
758
538
817
282
293
354
496
218
962
333
867
831
345
701
795
933
97
886
63
927
10
502
769
387
33
214
951
809
278
122
259
100
243
115
215
232
561
796
346
589
784
318
504
719
426
890
313
395
637
443
775
639
411
733
240
6
878
205
677
93
237
979
269
987
633
920
267
165
159
272
88
765
742
805
574
441
577
280
762
647
384
311
143
575
427
274
669
678
206
868
67
780
456
178
521
255
179
866
16
425
551
580
864
84
853
966
241
209
47
789
532
917
331
675
90
800
977
840
740
781
907
35
58
221
222
289
489
722
779
994
928
924
32
932
116
904
26
585
358
668
877
201
43
119
591
662
680
811
401
462
208
168
570
46
723
188
998
49
320
776
921
872
106
216
440
85
77
271
603
787
367
879
430
704
192
224
690
991
716
470
599
400
13
836
234
228
12
604
59
445
99
968
190
131
810
790
871
128
66
679
736
653
664
609
625
984
486
177
446
682
481
453
5
341
332
820
379
172
239
593
681
685
786
828
279
82
626
408
849
138
865
303
531
958
661
101
918
539
449
29
768
916
612
121
452
571
620
376
873
554
718
940
709
167
527
469
1
757
392
73
628
856
476
724
587
792
361
922
424
25
403
659
372
297
925
930
483
276
307
702
956
950
292
414
317
624
246
466
329
537
11
492
266
50
112
543
187
705
520
813
27
125
686
245
726
578
325
74
447
821
721
507
518
60
943
491
493
136
673
560
694
985
905
309
697
915
699
737
584
622
607
651
89
778
61
103
334
978
802
843
389
158
568
322
630
349
938
530
695
545
731
236
945
926
801
954
113
631
847
373
69
953
754
974
730
528
749
51
982
413
654
706
105
835
21
264
286
17
735
519
417
340
717
238
808
305
777
714
126
198
409
467
435
522
383
642
132
901
299
863
336
429
261
698
363
911
983
220
151
57
908
423
129
944
955
365
929
761
169
949
176
931
986
355
203
788
127
594
565
713
242
608
658
891
973
422
632
38
288
157
321
648
887
301
163
839
480
989
536
250
827
477
45
484
649
42
53
343
374
118
31
194
437
794
351
617
457
972
134
550
656
180
899
751
773
511
566
144
822
197
941
992
200
204
407
621
133
102
889
660
248
881
882
196
888
692
732
448
117
92
186
590
672
544
184
555
885
150
212
854
391
474
579
693
185
291
934
359
104
850
700
965
302
846
605
171
665
988
969
914
244
980
937
148
657
247
432
684
712
337
957
976
935
388
75
710
23
315
498
219
327
564
896
782
465
614
328
869
287
110
495
513
24
549
525
910
28
399
883
540
41
326
652
598
460
78
542
906
829
671
40
812
832
420
510
791
666
268
223
753
235
471
826
366
108
304
588
