# CEC 2013 LSGO F11 shift vector (D=1000)
5.8056579493919948e+01
-1.1832875227688611e+01
-1.5837599937022951e+01
-6.7640519990093054e+01
1.3148892801842310e+01
7.8106689698458240e+01
-1.2649845035008619e+01
-8.8264277448706025e+01
9.3729142499291342e+01
5.3949543320322569e+01
-8.6692652545657694e+01
9.0744847836569690e+01
1.9543099280068731e+01
2.3368821325027920e+01
5.7572692821462489e+01
-3.0479367909535881e+01
8.7415979256899888e+01
3.2816386480208003e+01
-8.7486294942863324e+01
4.5794755114734578e+01
-2.6571887722045641e+01
1.0949281778535390e+01
-9.2401921389494717e+01
6.8479247808413490e+01
-3.2704347093531197e+01
-8.5327712315764032e+01
-2.4754540245422419e+01
3.4391080140344968e+01
-7.0416742560821007e+01
1.1594685967459510e+01
7.5104474465940569e+00
-7.1747666664450378e+01
-6.6056017468466408e+01
4.9365809610354987e+01
3.8458772992202498e+01
-7.3032627158225054e+01
-1.4864623574250089e+01
-1.3359359759509211e+01
-5.6916054843929963e+01
-7.8943885442583507e+01
3.9006307412083572e+01
3.6532962811143769e+01
2.5208933930797841e+01
-3.1619898450763898e+01
1.6703466895683029e+01
1.5850000645482369e+01
-4.2810916622384653e+01
5.1119518485972897e+01
9.6028325298713035e+00
3.5512772261946850e+01
-9.9164988830660661e+01
1.0692309206965909e+01
-3.8613924398085743e+01
4.3792273098361157e+01
-1.0786188099316860e+01
-4.9138945109669514e+00
9.0036565650938869e+01
6.9081158264454118e+01
8.7573260389279852e+01
-7.1101272193851258e+01
-8.9724174704447535e+01
3.1656387031653139e+01
-9.6003301068311004e+01
7.4342827885622057e+01
-6.8715298030381193e+00
8.4131254628398324e+01
-5.5257063078627368e+01
-3.4050613263969943e+01
1.9666867478105651e+01
6.0456290330577133e+01
6.7268821087610405e+01
7.6964226342602771e+01
-4.4919160596613203e+01
5.3221899024557928e+01
5.3626994022295719e+01
7.5732662356053936e+01
-1.0174429816536749e+01
8.7353966324298099e+01
9.5872105777193397e+01
9.8449043035868499e+01
-2.2539783498299759e+01
3.2237622609254942e+01
-1.0515389960513721e+01
4.1294118730228632e+01
6.3000128559676270e+01
-2.8589561759621439e+01
-4.6930252552925488e+01
-8.2535991180657007e+01
9.7662840545656824e+00
7.6979438686789010e+01
4.4658249545769387e+01
-2.0672637004447669e+01
7.5780969373618959e+01
5.3972916641130602e+01
-6.3570725413768344e+01
8.0367503177121279e+01
-6.8882222497159177e+01
-3.5336372112184137e+01
-2.2643401410427050e+01
3.5304327538398638e+01
2.8767570396900410e+00
9.5583031494472365e+01
-6.2425615986287433e+01
-3.6633125581281952e+01
4.7316437412344831e-01
2.0269086391757750e+01
9.0440226150458145e+01
4.3308169452592047e+01
7.3760953669147355e+01
-9.4308945335221750e+01
-8.8482101442717095e+01
-8.6997333123448215e+01
9.3440140379642429e+01
-1.5758828612709280e+01
7.6130740045441627e+01
5.2261619729107842e+01
9.4466330226301949e+01
7.5041380753454817e+01
3.4232472216828910e+01
5.9560699433572942e+01
-7.6866223679382443e+01
9.8585681497983458e+01
5.9376958325412510e+01
5.7146839101802676e+01
6.7207289255352720e+01
5.6555867941183770e+01
9.6533154379047630e+01
-7.6412556619613952e+01
-6.6288391659980226e+00
-2.5030410191650422e+01
4.0934179300558853e+01
-9.3491174148070826e+01
-6.0643984484543843e+01
-6.3991158858348321e+01
-5.2459866346479068e+01
2.3700225369555831e+01
-6.0269759104715568e+01
-7.2551809471236934e+00
7.6511344365392091e+01
3.9879029546917160e+01
2.5022836436672829e+01
-8.0983374627408168e+01
-9.0111125025935863e+01
-9.6958750644306377e+00
-2.2868414209454489e+01
-7.8344078595283619e+01
5.7849198377899668e+01
6.2972356720652421e+01
5.9759790611709661e+01
5.9273071095444841e+01
9.3286528858281699e+01
-2.3524899384435280e+01
-2.6480431003961510e+01
5.4915401360932613e+01
-7.2191980885748606e+01
6.4943376644688854e+01
-4.2798474874054101e+01
-8.5860104256627864e+01
3.3854656705228030e+00
-3.3108723380143310e+01
5.8591326349240823e+01
-2.1414637474906399e+01
-1.1277831279397301e+01
2.4195244845114789e+00
9.5823296705371845e+01
3.9142920827909592e+01
-3.0076676970184280e+01
-7.8698047642958045e+01
-3.3702060794774660e+01
5.7205408853556548e+01
-1.2720170424316899e+01
-1.3204859019910980e+01
-4.8421911602349937e+01
-4.2452593598832863e+01
-3.4431659375424481e+01
-9.5887114170118892e+01
6.6057991457550784e+01
7.2114411735418855e+01
-4.9614182129798827e+01
6.0898397622218781e+01
5.1233214447980487e+01
1.8006514255265429e+01
1.8971636016571470e+01
2.3260936394853051e+01
2.9037975518432351e+01
-1.0619753955668070e+01
6.7776195410502584e+00
7.4241441287209256e+01
8.0873919901520537e+01
-3.7535420659867746e+01
-7.7101866221997810e+01
-3.7068979308251038e+01
8.6448862639341868e+01
-5.6750250222419311e+01
-9.7433321853843893e+01
-2.7792746876117761e+01
-9.4224873582758946e+01
-5.6997207082173013e+01
-5.9827736543582617e+00
-2.4327042621992870e+01
-4.3174728037712548e+01
6.4189114322351131e+01
4.7411020394452130e+01
-3.4626116012846673e+01
-8.7433441725748025e+01
5.0787440341176989e+01
7.7078438777899478e+00
8.5100377482921346e+01
9.4357668926867277e+01
-7.3293524747306421e+01
-2.6142373494301012e+01
-7.2124768032818409e+01
4.9572141187428777e+01
8.2296346512794671e+01
6.9158387597091917e+01
-5.0162142119109497e+01
5.3171651076035387e+00
8.1758884609924493e+01
3.0112571588996819e+00
-7.4828523807589050e+01
3.7292202429417422e+01
9.8735296463435489e+01
5.3032531450589504e+00
-5.9938076699769958e+01
-4.7451759335092738e+01
3.8445592630417813e+01
-2.7216536489021951e+01
9.0182161006010688e+01
-5.3576748143433093e+01
-2.2649560603621680e+01
-3.2376925166660770e+00
8.7402435642427335e+01
5.0694454262536198e+01
-4.2714766299837983e+01
-4.3645940429855223e+01
-7.3897637890258849e+01
2.7746805688022381e+01
3.0061600701475029e+01
-2.2453269622397141e+01
-3.9052373117982732e+01
-9.4319811437155948e+01
7.0182178360966461e+01
-4.9860342878287973e+01
3.7440783564210491e+01
5.6416975901903562e+01
-9.4816236401748185e+01
9.7056846761084401e+01
6.2114869540338923e+01
6.1496665937967897e+01
-7.7096797628684470e+01
9.2548375620519892e+01
1.8452156152498741e+01
-9.8693475471955168e+01
3.7335325643986930e+00
3.4396731331091267e+01
8.4900555348647927e+01
4.2089015292778690e+01
-6.2931123727106687e+01
3.5302812100738592e+01
3.5115709895433866e+01
-9.1941037101508599e+01
6.9054347306061800e+01
-5.5075219189940029e+01
4.0582876166603787e+00
3.2486865068493593e+01
1.7337559201882549e+01
-7.4525885127272939e+00
9.7665365572114865e+01
4.9834297332413897e+01
6.2998077681926148e+01
-7.1690080793107413e+01
4.8851804106010633e+01
2.1758683439178221e+00
-6.6803471106201613e+01
3.4144272923333602e+01
1.4137798800008641e+01
-2.4281186225849851e+01
-6.5077722067171692e+01
-4.5543540281777581e+01
9.4145986062841089e+01
-5.5971274270636250e+01
5.2106857206875517e+01
4.5998453738985852e+01
4.4029588252731999e+00
-3.1673024612951469e+01
-7.3473402387460581e+01
-7.0025230828326642e+01
1.0959656291436771e+01
-3.2704041867141846e+01
-1.6968368064153619e+01
4.7616071934855988e+01
2.8849177232661109e+01
-9.1834789789190381e+01
3.8006620085749702e+01
2.1146366268595202e+01
-6.7978821018674125e+01
1.5438342385158011e+01
-4.3569808823769137e+01
-6.6949194797567017e+01
9.9402956061732226e+01
4.6453966935626511e+01
5.8510138808748287e+01
-7.0930232015555077e+01
5.0497682823589507e+01
-3.9855828559079917e+01
7.9577460189870465e+01
6.7675216131890920e+01
8.2939207312320193e+01
9.6866644604086900e+01
9.8046384097142422e+01
4.3746450593551842e+01
2.8910293892976672e+01
9.3418705454687839e+01
-1.4912796045744010e+01
1.3552995814941101e+01
4.2719819666913601e+01
-6.2357609707223602e+01
4.3097339106823632e+01
-2.1000432321483299e+01
-5.5907713848700027e+01
-1.9852428598106009e+01
5.1236660880643832e+01
-7.2898181927100850e+01
-8.4952866146902679e+01
-2.9613615530064099e+01
1.6972696630668089e+01
1.8344584396059719e+01
8.3718973855760083e+01
7.8996908349686294e+01
-2.7967142262996751e+00
-2.3016737221206569e+01
1.9770555610205690e+01
-3.5057123433430419e+01
-7.7549341045242429e+01
7.2794131414705603e+01
4.2156703726069367e+01
1.0289122051974800e+01
-1.7666563531562030e+01
-9.8893915264020777e+01
3.7924854649944344e+01
-2.2049542686242422e+01
-1.7751381674369300e+00
4.1219243914688892e+00
-1.0858167540450690e+01
-9.3063878861488135e+01
5.4434534413189553e+01
2.8045578352385641e+00
4.2696945326600300e+01
-6.4440567994713078e+01
6.8358580027448440e+01
1.7212059280806280e+00
-2.4028736665057501e+01
-3.4291622398343243e+01
1.6468974470386069e+01
-3.1783383839828929e+01
4.4595141257300170e+01
-6.7865938586224948e+00
4.3960170602618859e+01
-6.4285034282894301e+01
-7.1487270429757487e+01
3.9743935059677312e+01
3.3306727805621968e+01
8.7055305284471558e+01
7.3905321804131844e+01
3.0372223060812001e+01
-6.6929456517472531e+01
-2.8170081460563150e+01
-4.2397484507182757e+00
-2.6257261612243131e+01
2.7168184111310769e+01
-7.4824038012243875e+01
2.8985352307847140e+01
6.0456388849795530e+01
-2.5413568155600071e+01
2.4828922227149778e+01
-6.8780541113034658e+01
1.1768358412983790e+01
-3.9208753631746420e+00
1.2676993030431220e+01
5.1637411648329852e+01
6.5595997162124577e+00
-6.2283640967368171e+01
2.5943886199782380e+01
-3.1708536512075540e+01
7.2295293802414440e+00
8.2134075285674335e+00
-7.1136985181282625e+01
-2.6842665795751671e+01
-6.7008616569240928e+01
-7.8677444030773259e+01
-7.6132782452536247e+01
-9.8932293408287833e+01
9.0397446150150657e+01
7.9551334646463687e+01
-5.2962696110984467e+01
9.3779807322911424e-01
2.5327183573266129e+01
-9.7398514695911160e+00
5.5586527430036988e+01
7.2580101669209000e+01
3.3031373856055318e+01
8.2913530970409155e+01
7.5140225744006102e+01
6.4276306737483253e+01
-8.7548353618982816e+01
-8.1467567170824225e+01
8.5678780960685060e+01
7.1517098341640590e+01
-5.2787223381482029e+00
-9.0318713180689613e+01
-3.9224905906834003e+01
-5.7029104414247698e+01
2.4576472814989518e+01
8.1794826382103182e+01
6.2629212785648939e+01
-5.1137021077416847e+01
9.1406292862468703e+01
5.3639706466555303e+01
-1.8374983176521340e+01
-4.7396148708143500e+01
4.9229971444817672e+01
-9.6577242875494449e+01
-4.3683655325896877e+00
2.5786927794958321e+00
-3.6163607994325318e+01
8.4853371716978785e+01
-8.7499595830249092e+01
-5.1511940422095137e+01
2.8202009950222662e+00
7.7326055953329373e+01
-3.4511491431473928e+01
-5.4732245534385253e+00
-1.8629937441391501e+01
-1.7256874183344809e+01
4.3704989256261221e+01
-9.2257218859328262e+01
2.3567927265578479e+01
3.0125132991819900e+01
1.3272862684805640e+01
5.6790251139270920e-01
-5.8529824629647827e+01
7.4834254304853644e+01
-9.5053061718963448e+01
-2.5656163973143130e+01
6.1425466113073246e-01
-4.7122584798864949e+01
3.9722641074384740e+01
8.5653696650209135e+00
-1.9269909983322378e+01
2.6753896635436181e+01
-4.6281876312393983e+01
-3.6441919271933941e+01
6.8408602475694806e+01
7.2359331627489070e+01
-4.0602358816307067e+01
3.3072801783830080e+01
-7.2172362950630486e+01
-9.0017670617784674e+01
4.3156526725011366e+00
9.7416674365208266e+01
4.4481049001913586e+00
9.0623080691138171e+01
-2.2832010277815009e+01
-6.2678243089447157e+01
-4.0673954813356588e+01
6.7822280825835136e+01
-1.2712147554085970e+01
-5.4590208367746207e+01
9.3766238729495157e+01
5.1115850685857879e+01
6.7223003020659249e+01
8.9558742063235783e+00
-6.2481032807743787e+01
-5.1138424511735172e+00
1.3506419147491769e+01
-6.8502857499352700e+01
-6.1377847002260822e+01
8.0001421355345542e+01
6.9083864509938735e+01
-4.5014154490042728e+01
9.4702686243889360e+01
9.5605992459017713e+01
-2.0355405582505320e+01
-4.0331985100449018e+01
6.0218591218241947e+01
-3.3696750037693448e+01
-1.1012685889501061e+01
8.8359434675199537e+01
-1.8126165060045370e+01
4.5270383656257593e+01
-8.1944735998425955e+01
2.2838269615060170e+01
-3.0510097434764450e+01
5.4682879976908957e+01
-2.0621483882867881e+01
8.0916036060817248e+01
-8.8095679554835812e+01
5.5182028275282470e+01
-6.4109600758295954e+01
-8.8653673253105396e+01
1.0755371703152051e+01
4.5873048261574183e+01
-2.9057734955863892e+00
-2.8564621916898151e+01
5.6256269516873179e+00
8.7882883727742822e+01
3.8021253579589263e+01
-6.5576804753907894e+00
-9.1401369927712025e+01
-2.2242129424949301e+01
5.8413009070659051e+01
-5.8815959837781698e+01
-6.3273331425159640e+01
-8.7922331659304032e+00
6.7735785666942675e+01
-5.4407296758133313e+01
-5.5717808016774342e+01
-1.9357458208501900e+01
7.2836363345330895e+01
2.9098545895346151e+00
3.6598076796127977e+01
-6.6950627736992914e+01
8.5498293097008897e+01
-4.6181683300657831e+01
5.2292211674939139e+01
-5.7726731104072959e+00
-1.2109747242102889e+01
7.4397448201580048e+01
-2.0659624069210811e+00
2.4196312978505819e+01
-8.0325210880529369e+01
2.0403481161229529e+01
3.0900241719057249e+01
-6.2191968173772203e+01
-3.1200623800768970e+01
8.1097902524788481e+01
6.1804426335710183e+01
-8.0797870185766925e+01
7.6087535940446060e+01
1.0688427202144830e+01
2.2402966958343789e+01
3.4461158125287582e+01
1.4389729470235471e+00
5.6824778178483861e+01
5.6509438730355370e+00
9.2904278852362438e+01
6.8591787785602122e+01
-8.2863055310510934e+00
-7.5760311222343915e+01
7.5796496321106147e+01
-2.3887028315691680e+01
-5.3551333641559118e+01
-7.1818302921383079e+01
2.9579637772623599e+01
1.3701454930344260e+01
-9.0346296635213747e+01
1.1076794506319599e+01
3.1190463939167831e+01
-1.0783026338175389e+01
5.0221070412037250e+01
-7.2324799274754099e+01
4.3318254327760862e+01
3.2462809067206827e+01
-8.7539911850071960e+01
4.0237125064878477e+01
1.6653398670175260e+01
-7.4926104817996247e+01
8.0370962063744201e+01
3.2454370394104693e+01
8.0247292586593673e+01
8.4458460279159596e+01
-6.8558929773665895e+01
-5.9636521511536273e+01
-5.5978770524723210e+01
-9.1502900969942957e+01
5.1927257873317068e+01
3.6141804802347288e+01
-2.0224647255535910e+01
-5.7448042623290149e+01
5.5905694690648552e+01
4.8105610297948417e+01
1.9931030782401610e+01
7.8787831404209868e+01
1.3246862746005110e+01
2.4941693686680310e+01
3.4055040547422067e+01
-2.6610830881472019e+01
3.2705734386061238e+01
6.9486341784712252e+01
-5.9370611647143548e+01
-6.4830305049904808e+01
1.5178360988332431e+01
-6.8893158299334999e+01
-5.4757228277266499e+01
2.4791877940241520e+01
-4.9441604740029277e+01
-3.9502670016945387e+01
-6.5858612062097748e+01
-1.0100484422538560e+01
7.5847743824694396e+00
3.3791121473942319e+01
8.2500374884826275e+00
6.7617649790575063e-01
3.3874803395476007e+01
-5.3727625465448973e+01
1.9505201275165060e+01
4.2424600869058317e+01
-2.1556378401966598e+00
3.5858696606500573e+01
-3.3192224728045517e+01
-2.2988979291107970e+01
6.4265421481834721e+01
-4.6889097299321190e+00
8.0647085039420375e+01
8.7612694024228205e+01
-3.4063135293043793e+01
-1.8544628620187432e+01
-5.6970661968421787e+01
-9.7752368191322518e+01
-6.6902747310085047e+01
6.1770656042413400e+01
6.1934551048072720e+01
6.6925439631236060e+01
4.9019732277821667e+01
-4.7942115336905488e+01
-9.4364154192700482e+00
1.2565000953441970e+01
3.9949347239262941e+01
4.8064160099012938e+01
-3.0298527097101740e+01
8.3755475472492051e+01
-9.3121652957656082e+01
-5.7504903111853778e+01
-1.3494997770882740e+01
-5.7051031764714388e+01
-2.5211641602933160e+01
-1.7865358076785860e+01
7.7750720023194646e+01
7.0416096539834017e-01
-4.0590394362977143e+01
-8.3093829861191715e+00
-7.8309139004472684e+01
-7.6614918562469967e+01
-7.8872725501160144e+00
-1.1758179130230859e+01
-6.6990157712430715e+01
-9.5728007765014340e+01
6.1980798595542517e+01
5.1830163276266980e+01
1.1990230518259100e+01
-5.8018078870335707e+01
5.6933799434648833e+01
7.8141904207060094e+01
7.8837594968629205e+01
-3.6471485668373113e+01
-5.9266419271753499e+01
-7.8601059432003481e+01
-8.8318621541650216e+01
-4.1541456741060593e+01
-3.6974291185103311e+01
-3.2261743560239232e+01
8.1323341491892094e+01
-2.8790718080041572e+01
-7.6692578222467773e+01
-4.4239191545951762e+01
-4.9790065678066128e+01
3.8107671289576519e+00
-6.8841244951888157e+01
7.5336653603973431e+01
6.6544776785226560e+01
-6.7859332226544026e+01
7.8733618073581383e+01
3.2847475031697762e+01
9.1473282219528556e+01
-4.2490410063946563e+01
-3.5773603725308057e+01
2.7910624922976069e+01
5.3357055913838103e+01
-2.1053011125036360e+01
-6.7281345179544445e+01
-2.7568738558044830e+00
-5.0074688093078457e+01
3.5266829563437973e+01
3.6047299313852168e+00
-3.2017482882140428e+01
-8.9552700842254978e+01
-7.5365947989146932e+01
-5.5606195260404689e+01
-1.4510247852344710e+01
5.1773875526988157e+01
-3.8424713391096730e+00
9.9866329382761819e+01
7.0620780235404396e+01
6.1270820506231402e+01
-3.0930573247077330e+01
3.2051221273828517e+01
-1.9450815225901390e+01
-2.3484536587864991e+01
4.8257297187689034e+01
6.1661636818085931e+01
6.6833593951284016e+01
-7.8737968656677833e+00
-2.2284698647909011e+01
-5.5675202938181258e+01
2.7478489350904901e+01
-8.1243622381962894e+01
4.5440100745205903e+01
7.4540053253749491e+01
-2.2412596022434940e+01
-7.8583109687912838e+01
7.0964715066965113e+01
4.5252374177436018e+01
5.7724259237059137e+01
-3.2049753780560351e+01
-8.3615367276158196e+01
-3.0870251136550980e+01
2.4349266668456199e+01
-1.4914853319659690e+01
-3.8777532100726951e+01
7.3115723970146874e+01
5.5309595572179823e+01
1.0033577941078189e+00
7.4824706853202102e+01
1.6332251559263259e+01
5.1119787432091833e+01
9.5394232500853022e+01
8.0875157913174817e+01
-2.3489750861979601e+01
-8.5429797181264497e+00
1.1612329171093540e+01
8.9832052114148794e+01
3.7065249472218483e+01
-2.9195627095659500e+01
8.2410770562711022e+01
-2.0222189273598680e+01
2.8802551650347020e+01
-5.4656847591966148e+01
5.8321357662131710e+01
-2.8184982331566349e+01
1.0370852638158430e+01
5.6496614969835889e+01
1.3335150134367099e+01
4.4848277760035220e+00
2.0598489638033961e+01
4.9039263927417078e+00
-4.2386107157049913e+01
-3.0168370614468150e+00
9.5406521954800354e+00
7.0732909126871633e+01
6.2720591166453701e+01
8.0284229543113810e+01
8.2759293444422340e+01
-4.3709736748801546e+01
8.5157684865026638e+01
1.6959365682270441e+01
-2.7435294642480851e+01
9.8092971674691782e+01
6.1521805290003307e+01
1.0433542749316929e+01
1.9583546055648231e+01
2.2551394219469959e+01
3.6207831810141698e+01
5.9036565549398873e+01
2.6599758802775799e+01
-9.3218098655952048e+01
-5.3466434171679573e+01
-1.2293397977347380e+01
-9.9567362971714658e+01
3.7026319563846037e+01
2.9231126269273000e-01
-9.4119580999024794e+00
5.7578220569119608e+01
-7.5942251359607136e+00
7.3340485362834087e+01
-6.9511629253828090e+01
6.4984238584829967e+01
-5.2924866154186098e+01
5.4448321803520408e+01
4.7703999552696999e+01
3.1137655578600839e+01
4.6806609169515248e+01
6.5752018408047462e+01
4.4468001763808481e+01
3.6339341914858558e+01
1.8672488690696920e+01
-3.0327673636909630e+01
1.4363478230585931e+00
6.3895055901163801e+01
3.8286219629525363e+01
-1.7639663212755469e+01
-5.6366266526028518e+01
6.6712280876127878e+01
-1.7795294709948831e+01
-5.9950536270615068e+01
-5.1187272005829563e+01
3.3961131781783372e+01
-6.8275686249436220e+01
-8.3089157169261739e+01
-8.5721296362802573e+00
7.4901517720992018e+01
-6.8529580987295915e+01
-5.5637259757657178e+00
-9.0837439520226170e+01
-2.1278118660515990e+01
-1.5959328277542911e+01
7.9034499173326594e+01
-6.9236836541090767e+01
9.5527080874271935e+00
1.2144093764084291e+01
-9.7557815736218405e+00
4.0471085878914423e+01
-5.8145024713492532e+01
3.1923500112322259e+01
-8.5036130317850045e+00
-5.4394562646154228e+01
6.6506831482609257e+01
5.2949519948085843e+01
-9.7909635101888668e+01
6.3936594629680229e+01
3.9234391351433160e+01
-7.7920066274704908e+01
2.7489435773574279e+01
-3.3219421710318052e+01
-4.1427027232845340e+01
4.3410060637008613e+01
1.0851128936035000e+01
8.3227358109581484e+00
-4.6055320805374542e+01
-7.2584243435081490e+01
3.6689736502487783e+01
7.2942966601464974e+01
-5.1853123955202093e+01
-6.0102436756587608e+01
4.7554355519321227e+01
4.3296570476183149e+01
-2.4872025813835862e+01
-3.9366917720236199e+00
-5.8974776498005653e+01
-1.2382334303620330e+00
6.9163609134528997e+01
-1.7000118957005640e+01
3.8139693276754848e+01
4.8689479237186802e+01
4.2974905565976982e+01
5.9285209435813698e+01
7.2644947072134244e+01
9.8358555822836351e+00
9.7553886535837535e+01
3.6111983553124652e+01
-7.7860675321581525e+01
8.6043706717751718e+01
1.0355193204708980e+01
7.1981131595360850e+01
-3.8239389724380970e+01
-1.3755387438762151e-01
-3.5414392975541723e+01
-8.0314115665375155e+01
-1.7095346713974859e+01
-3.2832412740433192e+01
1.4458746052198070e+01
2.2713657051085001e+01
3.1256871405856909e+01
9.1857006546606442e+01
1.4420232501992761e+01
-9.2659430964614756e+01
7.2776980298179296e+01
-4.1740552015894927e+01
-2.8800624711378990e+01
1.5927832393416949e+01
-9.5507736962908169e+01
-9.9352065540943329e+01
4.7710628603481247e+01
-7.6611503519392059e+01
4.3244911605405953e+01
-5.9187718465233218e+01
2.3404350063755420e+01
-1.6037239341743600e+01
3.0584137325514899e+01
-4.7323330425782061e+01
-3.6196546658924852e+01
-8.5420578487277481e+01
6.4372081638774631e+01
-7.4933049595316447e+01
1.2279356976686939e+01
9.4092201802822743e+01
-1.0946691198060240e+01
-6.3551586627893741e+01
-9.9465058216160529e+01
-4.0800402668879890e+01
-6.0907745179082497e+01
-5.8123121302486549e+00
-2.2733147177411208e+00
-2.1975085431501000e+01
-2.3123634003424709e-01
9.3580415828625007e+01
1.3829550705447430e+01
-9.7488679708399424e+00
-2.5862759665420420e+01
7.2610484206195149e+00
3.2077299483908611e+01
-1.9558648688598460e+01
2.9091007201291131e+01
-9.0959026383633486e+01
-8.0450801500489618e+01
8.9312074571777970e+01
8.6923218453736144e+00
3.2045697762871839e+01
-2.7010727818432059e+01
-5.1470829686462281e+01
-1.6269271654013959e+01
3.2960066178787869e+01
1.3398359741222009e+01
8.9434393092319183e+01
8.0249048099415212e+00
-7.8444438551212201e+01
1.3825000463714870e+01
5.7541167136113053e+01
5.5505717312407789e+01
-5.5231929363863594e+00
5.1279103358719617e+01
6.3222639004770009e+01
6.3448652096555882e+01
-6.1786463954309042e+01
-1.1565165687827230e+01
1.2266458674126619e+01
-8.4752409194758101e+01
-6.9301325837555353e+01
-3.0077007327580500e+01
-2.3572702617747279e+01
3.7983131179386120e+01
-9.0316797374972424e+00
4.3784526939088522e+01
1.7834752020841389e+01
-3.4239639964343183e+01
-3.8188199032494538e+01
1.3855057092011441e+01
1.5882822266654401e+01
5.2514343878776003e+01
-5.8461992999320962e+01
9.4656806570220233e+00
9.7056905853224450e+01
5.7843278535591537e+01
7.7492735449717728e+01
-7.6371235199417555e+01
9.3177482238322042e+00
8.8804652442055499e+01
8.6032369761244766e+01
-5.7615701758270163e+01
-2.4515589742379579e+01
3.8133511202751393e+01
-9.6019597139021968e+01
1.5272419503500441e+01
-9.0103646124000448e+01
-5.5872013875876839e+01
7.6273821444135919e+01
2.6554420862366591e+01
7.3489971555672199e+01
2.1429121351446629e+00
1.7362292965075721e+01
-4.5878773908947430e+00
1.2711132179570310e+01
-6.7672909254443553e+01
-9.9834035494103645e+01
8.8472347849141357e+01
-1.1186882224737250e+01
-1.3378626267835900e+01
-2.6351410730416021e+00
-1.2507225090147640e+00
-5.0594292898145667e+01
-5.7801185043993783e+01
-6.1368897781560037e+01
3.3030553959237743e+01
-9.8763212024080687e+01
-3.8807527114288867e+01
-7.1281578662460321e+00
2.9041559693708809e+01
1.9891005990491440e+01
-9.2661122039978849e+01
3.6780480985316103e+01
-5.9708851877275137e+01
5.3312499050810622e+01
-4.4921815803427002e+01
3.2999784689602293e+01
8.6150076670820013e+01
-8.9945558206359081e+01
-1.1854339734392561e+01
-5.1774343263927634e+01
-9.3904514192780397e+01
-1.4588607648289591e+01
3.8058959563470538e+01
-3.1941526866461789e+00
-5.3119411345222673e+01
-2.6633743385652799e+01
4.2672823225954119e+01
1.5587556784400880e+01
-8.3127638886744975e+01
-5.5229104386784257e+01
-4.6490811303134869e+01
-8.3522083898390363e+01
-6.3640955606193558e+01
