2.476294772514546771e-01 1.396597156327905598e-02 -7.321132556242573863e-02 3.980069064598412143e-01 -4.253487354278091548e-01 -2.738120681129277423e-01 2.092085325956951070e-01 -9.111220665925955087e-02 3.850785354784517778e-01 5.643274578473184144e-01
-7.965984877587965751e-02 5.019824770209899700e-01 -3.454352026956538507e-02 1.658333447966282848e-01 -1.306217476360614638e-01 5.640862617919122357e-01 -4.412382484195159216e-01 -4.011315161867456958e-01 5.304767558137967604e-02 1.389491111478021457e-01
-5.559467794424891585e-01 -1.719295212164309028e-01 1.133103028845975357e-01 -9.778537733276893018e-02 3.448951204016972305e-01 -3.500732329901756201e-01 -1.474955368629162211e-01 -4.568663093069758596e-01 -8.283825910226900666e-03 4.085436587720320811e-01
5.206575885978486085e-01 3.905116809053565952e-02 2.033363239884807272e-01 -2.669992628474123220e-01 5.654543682834795026e-01 2.807115995095940675e-01 1.805881843115477725e-01 -1.371073525658778221e-02 8.654110311792100052e-02 4.194393053575690700e-01
2.746983458885475168e-02 1.740029340640975378e-02 -8.924152262098332677e-01 -3.573379468689364957e-01 9.781923098622581636e-02 -2.984812400606190463e-02 -1.292139990188677715e-02 -7.857388235989073988e-02 2.406836299276830793e-01 1.087906228785222307e-02
-1.251022651094661764e-02 2.806718842074221731e-01 -2.908728717553975551e-01 6.484578499948933095e-01 4.699582005019458109e-01 -1.015109708881357237e-01 2.710355641797091986e-01 -1.520276456119743630e-02 -3.253460425388087773e-01 -7.249511003515374252e-02
3.317207637788426311e-01 -9.109453797004259112e-02 -2.056125177270868350e-03 -1.565594127969573146e-01 -2.338740070198117305e-01 -7.839834660439340408e-02 2.890349523986948110e-01 -7.182269692454671395e-01 -3.959060703772112610e-01 -2.004292671067718079e-01
-3.391810596267726963e-01 3.432578368506406519e-01 -4.919911748387092998e-02 -3.117539396995143708e-01 -2.643416740765279216e-01 1.368231043927906898e-01 4.417642348820506881e-01 2.420693039610640473e-01 -4.215913280197294277e-01 3.839657232096376216e-01
3.513296569165397232e-01 2.971211268304086439e-01 -2.943053495958485033e-02 -1.357237905567749425e-01 -3.474537463963799783e-02 -4.965286897670426747e-01 -5.502312934283124513e-01 1.721615368390875256e-01 -4.006123428203346437e-01 1.684253644069557132e-01
-5.240918442245038472e-02 6.505760464355543338e-01 2.344334893514737062e-01 -2.119644081291814086e-01 8.435046286178783659e-02 -3.505429787241883255e-01 2.282433208024757521e-01 -1.067012774076328829e-01 4.273086830089158905e-01 -3.131259279673183626e-01
