1.608329269102442005e-01 1.020460471004935588e-01 2.755162748639133352e-01 2.895876990997647490e-02 -2.583203020466068867e-01 3.718385091837553835e-01 1.529349817966989093e-02 -6.284519293111510974e-02 -1.165127211992870032e-01 -2.155358616666282756e-01 2.155794152253213136e-01 1.187519180583495038e-01 -8.631611095966829073e-02 -2.978055429608879034e-01 1.394983514934603104e-02 8.490730521356329441e-02 -1.413400732161520235e-01 -3.249785400974779526e-01 1.999787627292778577e-02 1.664754913311388418e-01 -3.441444783184439277e-02 -5.912783943094514910e-02 -7.019398509997637481e-02 -4.616281920969582397e-02 -1.935854532317912713e-01 2.071675153187906016e-01 3.188833388472405717e-01 1.548881863969468198e-01 2.753144352157103070e-01 7.959640421247193842e-02
1.012783933177948126e-01 4.292808935703574386e-02 6.340846246706395573e-02 5.678568322016835923e-01 -1.824281970240059780e-01 -1.376789992103851223e-01 1.026242183847156514e-01 -5.275552847129955786e-02 -7.413894560728898075e-02 6.082368367987849023e-02 1.758697986322494966e-01 -1.135128428139414863e-01 2.515020416029930539e-01 -6.835291388525170653e-02 -3.344734484494853444e-01 -9.581420477247098999e-02 -9.463939824044913240e-02 3.039977834683738611e-01 2.928195500462186240e-01 -6.583592078164206274e-02 -1.298692679306624187e-01 -2.429108634280524245e-02 5.976252186865563948e-02 7.258396011771837963e-02 2.482928946934090386e-01 9.630139868828853367e-02 1.202969939474068800e-01 -1.068565444704054207e-01 1.664753270870347746e-01 -1.077296433287754790e-01
3.581693489141082182e-02 1.877680694760469615e-02 -1.525320642748119182e-01 1.893350879135369258e-02 -3.209872428172065861e-01 2.395438472132257746e-01 -3.546007317939275927e-02 -1.090008862472107570e-02 4.168219025242591441e-02 2.949110695013809971e-02 -2.484111332832102947e-01 1.916215317541420660e-01 -1.080755549260065257e-01 -7.089591731983362066e-02 -3.617693780889921773e-01 1.694000412049028598e-02 3.481644602244810538e-01 3.623125792615528723e-02 5.076382671929237020e-03 2.572375144754893705e-01 -6.280221947553035755e-02 4.536112228789074274e-02 -2.154073819066464057e-01 1.053446344091994724e-01 -1.265397576522813705e-01 -4.013061067537700422e-01 -9.613263610405931026e-03 -1.377779688913919609e-01 -1.724772982479885058e-02 -3.396849789352246463e-01
-3.137510550370108398e-01 -2.399764927835249806e-01 2.142199241828205217e-02 -6.094685880020637297e-02 -1.599012602222831814e-01 -3.343492289510607285e-01 1.018144527948480899e-01 -8.683861970732123514e-02 -1.853070607665090463e-01 -4.281665102859526922e-02 6.235334591022246437e-02 1.010549838853188470e-01 -3.198882637961832920e-01 1.177437740366620439e-01 -2.594658535933268562e-01 8.563512830300827605e-02 -9.199558598650402208e-02 1.755823626120910216e-03 -1.194831643653997133e-01 2.876817308731204892e-01 -4.425440865187076772e-02 -3.698861730343475651e-01 2.471686812938418965e-01 -1.894013959825388907e-02 1.438772212215483348e-01 -1.752225447763190724e-01 7.860250312287937746e-02 2.106704317074941379e-01 8.129047415413573341e-02 1.706237054507347695e-01
-1.839215521374613352e-03 1.885171678275872342e-01 -6.308976577555776288e-02 -1.038193914155606246e-01 -1.536907244874357592e-01 2.927761985884089896e-02 4.871106418155859291e-02 -6.617511692721553263e-02 -2.458744723325851922e-01 1.188972408800239161e-01 2.929030089561542871e-01 1.327389558876094881e-02 8.770466550794146776e-02 -1.690763197374871574e-01 2.039462053877487413e-01 -9.906873180610481500e-02 5.674722233638877095e-02 4.287523755825214944e-02 1.863536109072766733e-01 2.071513733150597281e-01 3.281010796072935110e-01 -1.950763549495992261e-02 5.245440941960326509e-01 2.571739215881194141e-01 -1.935608700869099752e-01 -8.716355699085255593e-02 -1.727124706714565916e-01 -1.343668015560334217e-01 -1.902294670129536236e-01 -9.525832145230636594e-02
-1.284275474008363116e-01 -1.639904673764429333e-02 -3.991250364675726914e-01 4.041296624264036352e-01 2.782001130082217485e-02 -1.104083711470909591e-02 2.357392885609191913e-01 1.831568552063768743e-02 2.041625680062410519e-01 2.100488742435670589e-02 9.620740752850695868e-03 1.475460261528699635e-01 6.830198391593664264e-02 2.263873659929186224e-02 1.728284219459373314e-02 1.409573013989525447e-01 -1.174211853406101624e-01 -3.736596046898867096e-02 1.872171136918947959e-02 -1.645563190476427920e-02 3.437279170087385038e-01 -7.539230686500135448e-02 -2.182759710942819287e-01 2.353646956796313638e-01 -3.151657346253976533e-01 1.971886732341581946e-02 8.318673293311110162e-02 3.434011642774345008e-01 -1.526029622690347753e-01 1.547606487040429912e-01
2.149852459202152011e-01 4.373217374016727388e-02 1.234240183873843710e-01 -1.211155909776086836e-01 -1.508266949553950520e-01 2.395899484418445233e-02 -8.294869380828287161e-03 -6.700755728891968910e-02 6.286117069773806965e-02 3.902527520238363579e-02 -2.785633419408913847e-01 1.501437628575953143e-01 1.032220421734400817e-01 5.019879211505979405e-02 8.696144818035569934e-02 5.304486743982650410e-01 -7.185762344591932471e-02 1.313072632325489042e-01 -4.929883227330699585e-02 -4.007018594528326261e-02 -4.379931296063720170e-02 1.807673838894042206e-01 1.881368926797453989e-01 4.694435596625441964e-01 2.823431612014164482e-01 4.068661228841980587e-02 -9.874706441923633560e-02 2.468011947464031908e-01 1.297511480835777387e-01 2.602929265798504740e-02
1.388576629942914024e-02 3.410947465988717897e-01 1.685129599340382672e-02 -7.103710694448055543e-03 -2.003218460126629519e-02 3.658352758399645299e-02 2.466195546405795525e-01 -1.324107715762370963e-01 6.550050730907042151e-02 9.436204245706071581e-02 3.035988264460181413e-02 1.468782789482398765e-01 -2.288245608863640757e-01 3.090350225595731026e-01 6.557733995854593545e-02 -3.846851671475343681e-01 -3.526691245730332464e-02 9.140087014476107330e-02 4.330534689181285424e-02 -1.931282939001786603e-01 -2.561835543435228013e-01 1.489327201735078099e-01 1.113510119903675932e-01 1.768709565465319961e-02 -2.261386591678903879e-01 -1.542445290564660176e-01 -1.711351258303767664e-01 2.975346300723001325e-01 3.537361275220536894e-01 -5.458859957525936078e-03
9.628292869589705899e-03 -4.436028654786428743e-02 2.032816958436852173e-01 1.324225875405463104e-01 -9.254641313862441154e-02 8.386426770593251312e-02 -2.642371210406866192e-02 -9.689640029112850383e-02 -3.652145350147187886e-01 9.408557754292792841e-02 -1.755807695670942928e-02 -3.538961545022186739e-01 -2.671732578271010516e-01 -5.615312181168431727e-02 -1.737808574000853923e-01 -3.167925819937633669e-02 4.289873288986648103e-02 -8.966879769427760216e-02 -1.823325209934232582e-01 -2.969132221844172359e-01 1.697120822367416682e-01 1.188162633642849270e-01 -7.704707414541862864e-02 2.514135884430478834e-02 3.783708277998076852e-02 6.830496942297620278e-02 -1.624204902832249442e-01 3.990802842877522738e-01 -3.122320542089341844e-01 -2.643287416950865221e-01
-7.520564981883301470e-02 -1.819376506726055609e-01 2.431223099574137680e-01 -1.799465356398902982e-01 -2.206361307482261336e-01 -7.345904607560818644e-02 -4.935961857907456701e-02 -3.800651855116625177e-01 7.112883168867711881e-02 4.498408305963133569e-02 5.004805105869458010e-02 -9.664098068194650060e-02 -1.034082207831597301e-02 -1.654373350779227980e-01 1.640430091110597066e-01 -4.575061855696459928e-02 -1.156179153119719083e-01 2.502458235410200960e-01 1.337306141545080429e-01 -2.968480345755988292e-01 2.139156020202172825e-01 3.824341911223248124e-05 -3.077665580785963750e-01 9.350732729639307794e-02 -7.355139771481755684e-02 -4.059332729439599219e-01 1.319435295174676559e-01 -1.205619209341822345e-01 5.615888549368101140e-02 2.384904810295627176e-01
-1.170013991663269859e-01 6.994510224006643406e-02 2.397144677072564067e-01 2.818725575948918816e-01 -1.918758948914177365e-01 3.052092597459160617e-01 1.462743406793063083e-01 -1.379714883934670677e-01 -1.231562783363112645e-01 1.762930565899391011e-01 -2.755688079690742365e-01 -7.449160445840430356e-02 2.002404807274408283e-01 3.825534474851092215e-01 2.995105238445645579e-01 1.767727310679996847e-02 1.775198999060098315e-01 -8.982161016409180229e-03 -2.504314013770352759e-02 2.337949876483801925e-01 9.888024481761040207e-02 -1.202233309699368563e-01 -1.135401037558014109e-02 -2.763945278461393262e-01 1.275892928675184390e-01 -2.648950881854595513e-02 -2.918231038045715139e-02 -3.809183217750923556e-02 -9.340604943268311644e-02 2.329430409599755891e-01
3.029365755385058367e-01 -2.715759149191893651e-01 1.130819281515413888e-01 9.463467724743750142e-02 -5.582622641151677167e-02 -4.971346089887975633e-02 -3.379254604861023359e-01 4.171956550823881921e-02 1.768712039722456289e-02 -4.513511572863163623e-01 -1.252703727168966163e-01 9.860633516821176725e-02 -5.273673507593153870e-02 2.718451637322111258e-01 -1.200063674382959855e-01 -2.582774028876569927e-01 1.464664332239567490e-01 2.114692087177191815e-02 2.261039915071344220e-01 2.979023955238930058e-02 3.086202223419765578e-01 -4.224723291555458268e-03 6.780585143299437678e-02 7.533273486439781563e-02 -1.023623086902720608e-01 1.148964807461385629e-01 -2.358667905333618753e-01 6.354653711408776717e-02 7.430026302338149646e-02 1.888284724821878979e-01
-2.319372067635367685e-01 -5.289110304231138537e-02 1.569914419137536862e-02 2.539422486652152464e-02 3.489827355849982327e-02 9.752766301509684099e-02 -3.756604916799134442e-01 5.459382415198520827e-02 9.612861321853596874e-02 -5.815629837825501969e-02 2.391613655284517415e-01 -2.360445272021089586e-02 2.340694831760482819e-01 1.095662046131951894e-01 -1.082944537281096097e-02 2.513918981174794731e-01 1.050633716775572490e-01 -5.859051374104580490e-02 3.517811669451729184e-01 -7.519322432441757909e-02 -1.709338608320932484e-01 1.792317633688747802e-01 1.931760729102535712e-01 -2.594183961034590147e-01 -6.572955893941916095e-02 -3.202916586148665257e-01 1.131560620102121384e-01 3.792684308555194228e-01 -1.003160616670775857e-01 -6.121375616503569456e-02
-5.245009179540958966e-02 -2.589956286210246539e-01 9.647720895971097221e-02 5.304641983520901743e-02 2.596233584571393249e-02 8.602183834174725874e-02 1.244278612077395763e-01 6.522037320003846832e-03 8.262281137900599759e-02 1.188273692118584912e-01 2.728685835581445285e-01 4.980496087898283464e-01 1.083488018183075691e-01 -1.941674688404426419e-01 -4.742235949522519839e-02 -1.564844794643894255e-01 4.221414028489411940e-03 2.963859091944606380e-02 -2.407722738073098667e-01 6.469300036294424461e-02 2.297126327817214930e-01 3.798702581028219893e-01 -2.136537085016155038e-02 -2.288953514938416312e-01 3.164013660420983975e-01 -4.031441110213842410e-02 -2.242013550828899082e-01 8.883867216664928512e-02 4.154161859722668715e-02 1.500040538656553443e-02
-3.742884075121659104e-01 -1.155309766446658767e-02 1.730682319984612194e-01 -2.085094701164358078e-01 2.942286283526231866e-02 -1.873496841666758006e-01 7.715082186083704885e-02 3.443117143353137399e-02 -1.551225505645947855e-01 3.569830649110233151e-02 -1.654501957692631683e-02 -8.462175945959120316e-02 2.081297855031081223e-01 2.608001266647722027e-01 -1.609405368654568957e-01 -6.629263672566354515e-02 1.586479388144285407e-01 -3.084688439723111061e-02 1.623320987915674975e-03 1.673117306603320587e-01 1.800980237998748568e-01 4.368442659104599946e-01 -1.257265811399135569e-01 2.201100037285234068e-01 -1.590453407917969686e-01 2.454192025997345428e-01 3.165401025212854491e-01 -2.801537888105930935e-02 1.846378338693575871e-01 -8.123619614388832844e-02
9.847851424087319949e-02 3.300971892965193222e-01 7.136172462723647247e-02 8.160947921784346415e-02 1.135942136114002493e-01 -1.663624042773712564e-01 -8.101093405555070959e-02 5.623058598513592382e-02 -1.814919221471505140e-01 -1.774926966431065178e-01 3.595931268186849245e-02 2.567810414400183427e-01 9.878735653209774759e-02 2.086650756288866704e-01 3.913798018401906664e-02 1.469276727182190490e-01 -3.265941346108477343e-04 -6.757262377865434766e-02 -2.344597836820136727e-01 -2.808062881587263249e-01 3.865755098902058373e-01 -2.131473726610056685e-01 8.209670516030111512e-03 -1.320450209045317125e-01 7.795982688749852896e-02 -2.530130072658792195e-01 2.180516415989205703e-01 -1.020686183522633711e-01 1.751018729033430033e-01 -3.189112826971766679e-01
-3.924547574271498862e-02 -2.664574803771752043e-01 -4.090663373186593788e-01 -7.432056038816224619e-02 9.684872032043251311e-02 4.107046912448709675e-01 -1.361641480254946468e-01 -2.943322671596679263e-01 -2.900142740923983276e-01 -1.634652188579721055e-01 1.055288466734542602e-01 -1.506155188629953838e-02 5.883943904619753917e-02 2.002785078813262287e-01 1.068197102671582382e-01 -2.672706751826771018e-02 -1.904312684163934066e-01 3.842632281721750642e-01 -1.753246224509559248e-01 3.585882944326491961e-02 -5.797990906933177258e-02 -2.054912993276197461e-02 -4.815142239600865744e-03 2.151955453154372200e-02 1.438740557501888215e-02 1.100018287695071484e-01 1.044464693672234740e-01 9.321065503599552590e-03 1.197740893893104175e-01 -1.887173892125391106e-01
2.119598356673627615e-01 -3.133281595870521241e-01 1.372298966567384593e-01 1.963445492649393831e-01 -2.122661189720614350e-01 -1.822984357987819382e-01 -1.075112358808651553e-01 2.168720478435209043e-01 1.277083779132302810e-01 2.686908739774000465e-01 8.798578158004442817e-02 -8.477347710085333943e-02 -9.201545995282729706e-02 9.887430346439070317e-02 1.703749359804250796e-01 1.850540548477880021e-01 -4.999352901009583572e-02 2.007347528872069631e-01 -3.286358455234963394e-01 5.128994259240356179e-02 -4.676789139972950538e-02 9.556424216498569935e-02 1.493422981265929705e-01 -1.533814340787345576e-01 -4.704108055574945380e-01 2.468618211357793621e-02 3.756158442954230653e-02 -9.749490634777675802e-02 1.161909885832912437e-01 -1.442175896608571262e-01
-3.336142852178027723e-02 2.351106504907390926e-01 -2.709138726586637347e-01 7.108415321416444721e-02 -4.039383691346776772e-01 -7.139904214089623502e-02 -4.093470684551327454e-01 2.471572201085166509e-01 3.908668385056560113e-02 4.215616989930283387e-02 3.671123241641080504e-02 -6.529392320672330885e-02 -1.423505949209674104e-01 3.597681735867298836e-02 1.990743849627513440e-01 -2.932414030623874401e-01 -9.842928692656903455e-02 -3.254796553840709483e-02 -1.988962781418124881e-01 5.263609576642048343e-02 1.194235606895518477e-02 1.974923873838532185e-01 -3.477861598715135255e-02 1.122314629330335572e-01 3.095741495800090060e-01 -3.931360360700491413e-02 2.628936123089012367e-01 5.446076241294530579e-02 -7.511051821713078669e-02 1.761257086266355687e-01
3.795259559900448099e-03 5.601533170293345604e-02 8.988052632949579401e-02 5.559852515981903581e-02 4.189972387594200626e-02 2.218591768515795065e-02 -4.465677079306331482e-02 -5.155620076026058013e-02 -9.107349818972566022e-04 3.888294822184398120e-02 4.703404824936350814e-01 2.295381444695296924e-01 -2.791094517969021638e-01 1.835861417426203623e-01 8.766625709554835832e-02 1.719084481838527578e-01 5.289796207725375732e-01 1.579577930314342016e-01 -7.961767497900767293e-03 -1.320309181547358324e-01 -1.665315811491010212e-01 -1.096284377317933295e-01 -1.734161523310844277e-01 2.063857447101064557e-01 5.925633657585298308e-02 2.122383050846055053e-01 6.975526074233091844e-02 -1.081054250841063796e-01 -1.937732569409364447e-01 1.310400460745806683e-01
1.979179508681002120e-01 3.023470081138395771e-01 -3.817488993771079447e-02 -1.001723635100616738e-01 9.313674680697357766e-02 -5.021550807353939577e-02 -2.270228545833029854e-01 -2.977850136070172016e-01 -7.446600928446710232e-02 2.071449490857933673e-01 -1.277481311652088614e-01 1.610256367668507216e-01 1.057550255402531364e-01 -6.678348289785238090e-02 -4.204157133788565259e-01 2.379088249115041132e-02 -2.069677974767020548e-02 2.150361203396816967e-01 -1.735040201831300477e-01 5.887644483065842572e-03 2.358956090876021885e-02 7.511605190552041178e-02 1.255751384778287794e-01 -2.328328878244937949e-01 -2.176568736219701983e-01 1.236013332792668395e-01 1.485158893698362015e-01 3.665392141246672647e-02 -2.232066459190304442e-01 3.660453026244237518e-01
-9.237864101458229116e-02 -2.490330328592684286e-02 5.272563351495094391e-02 -5.759169627552233189e-02 -2.103087647464148280e-01 -2.055379845073893874e-01 8.051030324637904745e-02 2.717641118680432788e-01 -4.370105764674189208e-01 -1.812809351616137543e-01 -2.091755149881330822e-01 3.805019748989355577e-01 1.823724873636620447e-01 -1.476612933714129272e-01 2.128803904334560793e-01 -6.758329856618644493e-02 -5.767773946710847560e-02 2.244889552289277002e-01 1.084445001209750903e-01 -1.192985147024296644e-01 -2.754245402334974391e-01 -2.628317255730027585e-02 -1.688350508291734386e-01 -8.219023613282679108e-02 -1.639421089362960715e-01 8.632784859548819911e-02 -4.103367426277484270e-02 1.057340583848513510e-01 -2.474850119246271851e-01 -2.536677752438157296e-02
2.104851954399753200e-01 4.675357885444211825e-02 -2.970036003258869628e-01 -1.164916641170067081e-02 -2.531304903347356139e-01 -2.842457663473403340e-01 2.364196784522796524e-01 -2.996989670581345910e-01 -1.135128057279598673e-01 -2.532498461595805161e-01 1.371569936164994397e-01 -8.013346625470506301e-02 -1.000864887257203878e-01 1.749390205957430944e-01 4.482975352017429249e-02 2.756825608968689334e-01 -5.396295219783322356e-02 -2.210989475588261699e-01 1.071267186197170512e-01 4.595989839274509936e-02 -3.952418827388093359e-02 3.841180593948997357e-01 -9.811594557338278177e-02 -2.723189796899062043e-01 2.695398496093891552e-02 -2.140406008106434440e-03 -1.196863545340424023e-01 -1.763301286642064702e-01 -9.238102737368114603e-02 2.706128859664955894e-02
1.022785386023145615e-01 1.900025541153055053e-01 2.910902559296706937e-01 1.471650498331217825e-02 1.539177554024455663e-01 -4.271663558529473215e-02 -1.026085341826777353e-01 1.828612391047269511e-02 2.308795846607793190e-02 -1.110060843544302539e-01 2.726509742037122042e-01 -5.339146581797208496e-02 1.442508814489490143e-01 2.119830394028213438e-01 -5.895860128234176045e-02 -1.587946364554011086e-02 -3.839336956327362715e-01 5.901364938442319602e-02 -1.455355220549940376e-01 4.147465430398288300e-01 -1.352738889930214239e-01 -2.024263400727368753e-02 -3.290247850778166283e-01 1.997355197494981027e-01 -4.578692331870486132e-02 -2.091469341502143753e-01 -2.309118584477296565e-01 2.651789936408354212e-02 -2.437666081476310420e-01 -4.861944723129438262e-02
-2.842531284704449268e-01 -9.705324737999367762e-03 6.094898982183150071e-02 1.328998205935182607e-03 -2.390937156620928372e-01 3.064114196565694281e-01 1.131212682582428686e-01 1.948294245092734023e-01 8.074554791553760491e-02 -2.255704254671443976e-01 6.759085483612913003e-02 1.561637267499608149e-02 8.382789556640282691e-02 1.749307431746952857e-01 -2.983519982717888208e-01 6.812153864114202373e-02 -2.033378322508925529e-01 -9.352701877694251376e-02 -2.141582834735157315e-01 -3.845224069492714780e-01 -7.436244643262629461e-02 5.100676944891967268e-02 2.189138991646863708e-01 1.130363959493385639e-01 -1.070661055933110201e-01 -2.746184919201753380e-02 -1.249908225375509913e-01 -3.424020531485469365e-01 -1.493159649623966578e-01 2.001571575823926641e-01
-5.692479167372064414e-02 2.636529770837954881e-02 1.053233289929649333e-02 -2.981214374305530823e-01 -3.962343916392560006e-01 -5.629655568576533847e-02 -5.738227393397055121e-02 -1.733124608450268278e-01 3.891547129085823342e-01 1.379836332735730198e-01 6.764780520781076001e-02 1.153294779631614669e-01 1.449346804675684386e-01 1.858934679588251648e-01 -5.488278674070801166e-02 -8.310666528156447630e-02 -1.288483971838925435e-01 -3.382580104876509869e-02 1.006246652164310834e-01 -6.019709177853650728e-02 8.839077014573967772e-02 -2.980089639226626286e-01 -7.167839379660725929e-02 -1.366387368337318720e-01 4.770308096177624385e-02 3.750257124969207378e-01 -6.413362591732732487e-02 1.021847778728591088e-01 -1.415073897413541004e-01 -3.609882868869186967e-01
1.021663625044497564e-01 -1.040395696719261243e-01 -2.144764766552695878e-01 -9.394011655561580743e-02 -1.046332845918240689e-01 -3.975889227739917708e-02 -1.795411080941086701e-01 6.684808849460958935e-02 -3.249014169410482933e-01 3.785697788868873648e-01 1.626460643568615472e-01 -1.950823898154842306e-02 3.291898885059027502e-01 7.067060075743154812e-02 -1.015810051452501750e-01 2.881824251333740816e-02 7.856147179313589801e-02 -3.389639935366749457e-01 -3.911290942083198857e-02 -1.280363318607344592e-01 -7.752985194160040561e-02 -1.863931733157493109e-01 -2.195172672350632626e-01 9.791517769719849940e-02 -4.939355964527916698e-02 -4.414548897293638779e-02 -3.046390756945710487e-01 1.602742810292506412e-02 3.159354720305067588e-01 1.991852425385387537e-01
1.545703771243144842e-01 1.209807848631277022e-01 -6.618756038923001572e-02 -3.040039824830847448e-01 -6.474803804832812704e-02 1.905645257997259090e-01 2.228870260889779242e-01 4.990888165751213301e-01 -6.260024352354832955e-02 7.172498945372582368e-02 1.378326939479092572e-01 -1.792050742370494276e-01 -1.423017696588113334e-01 9.567682955907542974e-02 -1.597694264304048428e-01 1.653798860370435109e-01 -4.741075251501811888e-02 3.741733115519099151e-01 2.152794105498267441e-01 4.465066323611151938e-02 2.755130472223705773e-01 -2.516407051136586998e-02 -1.459712116062772125e-01 -2.243487727811351307e-01 8.558265150138875954e-02 -1.797712546224873240e-02 -1.826448571422346900e-02 1.024156570483894940e-01 8.910028748092077566e-02 1.332622878945202705e-01
-7.657823328577056943e-02 1.643723013057601934e-01 -5.630178576038488703e-02 -5.376736867186217989e-02 -1.471915135559804244e-01 -1.130018727032960496e-01 9.456285219824366040e-02 -4.720302799468868715e-02 1.654077050440851404e-01 -3.916210801315410661e-01 1.008577675975428634e-01 -3.101031194846959882e-01 3.154748143192829257e-01 -2.389219561254327107e-01 2.824902080574020341e-02 -1.261253422972670457e-02 3.882585482030380120e-01 2.078656320108613620e-01 -3.919185802388716056e-01 4.506241828998260035e-02 -2.811173977952934055e-02 -1.043356292502769789e-01 4.440152671821125802e-03 -6.435668061156121778e-02 -3.722916100015585122e-02 5.740594141273145865e-03 -1.770723175580581898e-01 2.129637772913590132e-01 1.515519867890688654e-01 6.562825017576885689e-02
-4.576034438082682287e-01 2.680861288173625456e-01 8.128966752631685763e-03 1.815327461443938806e-01 1.906159373369627685e-03 -1.912969210191959799e-02 -3.462440176132560721e-01 -5.484039475543110720e-02 -2.818139917924069801e-02 1.225656977339872325e-03 -7.409603265665121175e-02 4.365974901200411068e-02 -2.537840987398343184e-01 -1.597354860277980515e-01 3.136520745694772877e-02 2.477652506077489825e-01 -1.188047880247463939e-01 1.408556783574404503e-01 1.012331458054995109e-01 6.334670187716837098e-02 1.161874365753123445e-01 4.796267090153674001e-02 -1.266819547290796710e-01 -1.104183064673264630e-01 -6.561039781087472933e-02 2.033123554655177079e-01 -4.108294793737050088e-01 -1.457292286697075279e-01 2.713117915846655626e-01 -2.089361687935776049e-02
