# CEC 2013 LSGO F12 shift vector (D=1000)
9.2955406112739055e+01
-4.3165773605775932e+01
8.1232419464923566e+01
-8.6447069254567737e+01
-4.7309302535460539e+01
-8.1495192202900526e+01
-5.0641176962113079e+01
1.3246984976193611e+01
3.1904859488536211e+01
8.0851947753443326e+01
6.8480469919052865e+01
-1.1208214698399011e+00
2.0753292222032101e+01
-3.9155731428889837e+01
5.8131555996294672e+01
-4.5829828498762467e+01
3.9014344803779220e+00
8.7034470025888552e+01
1.1034007696921121e+01
-5.8033402878343288e+01
7.9834031690040945e+01
-8.3528079302162851e+01
-6.1847295533296752e+01
7.1523813491388310e+01
3.9937102508803832e+01
7.2416569628117173e+01
-5.4895576441410174e+00
-3.0146271750648481e+01
1.7854191427999229e+01
-1.7019786682992390e+01
1.4163616826354730e+01
3.1084400046555501e+01
-3.0462917350619399e+01
-3.4599301298437581e+01
2.7351657885278971e+01
7.5924080390358872e+00
7.7862161605390142e+01
6.4207651643378455e+01
-1.8575826846843011e+01
-9.1302566713002946e+01
-7.3777442318964717e+01
9.3297559413485686e+01
-3.1730889390402840e+01
-7.6534870239137248e+01
-6.5592646773603434e+01
-7.7599991454448713e+01
-1.2450815739906020e+01
3.8320533606056557e+01
-5.2604768021130653e+01
-7.6430445063056238e+00
-7.9751926505074096e+01
-6.1866626318386331e+01
-4.9652708916399398e+01
3.7301027943030618e+01
-7.3167900817435125e+01
-1.4633803001403360e+01
8.8522668107725679e+01
7.4307544408302661e+01
2.5680704851501481e+00
3.1909397758417921e+01
7.1011881161811246e+01
-8.1805704846415921e+01
-3.5186504509288227e+01
7.0155599561059434e+00
6.8321945785139363e+01
1.9136086252919871e+01
1.6014036607775221e+01
-7.8853482802938313e+00
-1.1687243766313969e+01
-6.4147083651934373e+00
-7.7028073035168623e+00
6.8827109112895528e+01
8.3824550914928494e+01
-4.0356986098099412e+01
-1.5761472811002280e+01
1.1438842647111130e+01
4.3158978499963403e+01
3.3099650759102268e+01
5.9299192087052512e+00
-2.3606386541947860e+01
-2.9464557639902669e+01
-4.5011531070960693e+01
1.4622909414469479e+01
8.6635484387124713e+00
-5.1949433830534266e+00
1.9916596419857829e+01
-7.0967537129821835e+01
-6.4508388960471251e+01
6.8433894871695585e+01
9.3851406194654402e+01
2.6857933853129190e+01
6.9144450594127719e+01
4.2085753949676558e+01
-1.5399567300823600e+01
1.9732530018164400e+01
-8.2465814678230672e+01
5.8802355639382220e+01
3.7402363572318841e+01
9.6750103430729808e+01
-1.0061186525651139e+02
-7.7497510412258990e+01
-3.2128437297098351e+01
-6.6525907743336262e+01
5.0807451686176073e+01
4.7979873197516220e+01
-9.2536597728186749e+01
1.6822418849669781e+01
-2.9379598026134168e+00
9.8950313295759642e+01
-3.1282220067539608e+01
8.2283530736542161e+01
5.7220948742768520e+01
3.3798274873283667e+01
-3.1490376708814209e+00
-5.8955450145597993e+01
4.2162289721104251e+01
-8.3801255370752497e+00
1.7939636578045729e+01
6.8834242711210848e+01
2.3524886317458510e+01
-5.2677710166133103e+01
6.9824006259064504e+01
4.1392295503873513e+01
4.9497165192420027e+01
-6.1125071609464214e+00
1.8762993067380162e+01
-9.1638770179346736e+01
5.2854972353685881e+01
1.7459574375752279e+01
-5.6790518209988157e+01
7.3802764255255909e+01
6.2779461202606491e+01
-4.1006138506097606e+01
6.5505697098058832e+01
-3.3019617586182612e+01
6.6181370283021963e+01
9.3493905878704766e+01
-4.7068656887687714e+00
-1.9853478394545160e+01
2.2254540735772441e+01
6.7892452936858788e+01
-6.1811669586444729e+01
3.2917544791362921e+01
-8.5883662047189560e+01
1.9746319086602981e+01
9.8444819852704796e+01
9.4266064152871593e+01
6.8896699485956418e+01
-1.9442732090105320e+01
-9.7860639040677455e+01
-3.3697118115782857e+01
5.7793464018324713e+01
-8.9214446702288626e+01
-1.2086990819286090e+01
5.9692035235233611e+01
-2.0217850400572981e+01
7.8376244372742619e+01
-3.5925092860371038e+01
4.4150535723931597e+01
7.1114453054433184e+01
7.1167670051249075e+01
-9.9925466386590571e+01
6.8696843966990556e+01
-8.1555904014809599e+01
5.0042099072321918e+01
1.4722498405319480e+00
1.4660527993456760e+00
4.3128826801100431e+01
-5.8746902683397508e+01
4.7740958645891943e+01
-5.0854047013013179e+01
5.7764887205470792e+01
2.1560333648679329e+01
-9.9379383352451228e+01
-9.2034756385207772e-01
-5.4592668829808364e+00
-4.3562791165886601e+01
-9.3179103939322431e+01
-3.6624278461358423e-01
5.6115117167622950e+00
1.3136427256274150e+01
-5.4970193017531180e+01
-1.2625971637226090e+01
-9.1068311462179334e+00
-4.3791606106053962e+01
1.1483690768204150e+01
2.9561482250716562e+00
-7.1554411357714134e+00
4.0761612695063057e+01
7.6947388567183822e+01
7.5130771729042650e+01
-4.4317700699646458e+01
-8.2376563344771824e+01
-4.1254672902519708e+01
-3.7960447322652072e+01
1.3404944897455280e+01
-4.7774248958987272e+01
4.7090779273299518e+01
-2.2749574093318412e+01
3.6355443543925233e+01
-4.5060918480061382e+01
3.9138717930957569e+01
-2.3630462533923751e+01
5.7343503736848291e+01
-5.2869218795671571e+01
8.2576888280570898e+01
-8.1029729365142089e+01
5.2302437482531987e+00
-7.8172767633600827e+01
-3.9844808860503989e+01
-6.9559626632231314e+01
9.7987792336733065e+01
-4.7471497183784287e+01
1.4134856449684230e+01
6.6521066407370839e+01
-1.9868226029990701e+01
4.9794177253616837e+01
3.9098708187323602e+01
4.8361427169963864e+00
4.7458823244497580e+01
-1.6915233121053522e+01
4.1259714930893471e-01
-1.1017551268200791e+01
-2.0791886315945309e+01
4.5440757677791453e+01
-2.8380043147299570e+01
5.1026199773233529e+01
9.8168535883162505e+01
9.5735012382362001e+01
7.6460665807200783e+01
-4.7980750730535362e+01
3.2883957563116930e+01
8.0725642687508767e+01
4.5713106957414617e+01
-8.6619930810421870e+00
-5.5819132051542873e+01
3.0594594625133801e+01
2.1528581896141549e+01
7.7378314039527609e+01
-1.2852023794191830e-01
-5.8436003363366197e+01
-8.3475735782664728e+01
-9.3798258848747011e+01
7.1294044411911045e+01
6.1175494792219652e+01
-6.6181056128160208e+01
3.2320957138938446e+01
-2.5779028613316669e+01
-9.8899814646429746e+01
6.1249786597951548e+01
9.3442854678783021e+01
8.5066002331662744e+01
-2.8173731291067451e+01
-1.1370041734458701e+01
-2.6884470165516699e+01
1.9353385990567389e+01
1.8978441123043090e+01
-9.6051769266281113e+01
-2.2985768683071129e+01
7.7888488143086803e+01
-7.8533911743771307e+00
-4.0803327303202387e+01
3.2000517408022738e+01
-6.3395272361069646e+00
-4.5957701734964623e+01
7.0733975372567627e+01
2.1155536361407009e+01
2.8237433092848160e+01
4.9813815203753578e+01
2.6919652686678340e+01
2.1935097799742110e+01
-1.8777081865346329e+01
-6.1186397758301311e+01
7.6340936917400953e+01
-6.3079089908243091e+01
6.1194866104367406e+01
3.3898113556711742e+01
5.2670261641150177e+01
3.0397022624119159e+00
-7.8418980863471404e+01
5.0635972695683343e+01
4.5619436574038438e+01
6.9534508147867200e+01
-6.8923263059365443e+00
2.4348858949519350e+01
-2.7660920908030949e+01
-4.6889869651646507e+01
4.5710652112906971e+01
5.2082906463312263e+01
-1.6858573694225260e+01
-7.8145951107648983e+01
-5.9711937489450087e+01
-5.8450577767761537e+01
-4.6195790795353036e+00
2.5408770988179072e+01
-5.7413414952325716e+01
-7.7465078110041844e+01
1.5365992716085390e+01
6.8415483855920300e+01
2.2380974901697890e+01
-2.9160199241805099e+01
-2.3263178172350759e+01
-6.7707034073150623e+01
-5.3023526194551502e+00
-5.8594455625944853e+01
-1.7287049885032499e+01
6.2552153707588850e+01
3.2899796740413286e+01
-1.1766118490537270e+01
-4.5731037413384612e+01
9.6262878131758683e+01
8.1723450372749884e+00
4.1348070996755048e+01
2.4084092564047261e+01
-6.9980357513742106e+01
-4.0681450851603751e+00
-1.7469183922538431e+01
4.7874237300233368e+01
-3.3885206551045613e+01
-5.3581322277666168e+01
6.6740787120598171e+01
3.3638966696943243e+01
1.9773392855559401e+01
-2.8057950955130430e+01
-6.3093273895021078e+01
1.7942875693864270e+01
3.5832975630645763e+01
-2.9666543703506669e+01
1.8878155563704340e+01
-4.4614863956742873e+01
-2.9660061773682280e+01
-4.0454768256672480e+01
-3.7009636399739151e+01
-2.0622859358375269e+01
4.5316375891937987e+01
-1.4355718463443299e+01
6.2518062666473693e+00
-4.1884770124773532e+01
7.6461396364964003e+01
2.9837607625145761e+01
-1.9458183330835642e+01
-5.5224385423651498e+01
6.5972060084764308e+01
-6.2032862452664887e+01
-9.4187094925025363e+01
6.1890663842246482e+01
2.5636440940016371e+01
-3.0800381494557381e+00
2.9625791454900860e+01
4.7177941285556237e+01
-4.0723191250950791e+01
-5.4020498171938037e+01
4.2220542873653969e+01
-9.0431946012052848e+01
5.9941265938282342e+01
9.5917988376848612e+01
-7.9308947368777737e+01
-5.9578156312672938e+01
7.3385221985410837e+01
4.7524413254919182e+01
5.6396912764604131e+01
-3.6626309732575038e+01
-6.6790372480763779e+01
-4.2182230201737497e+01
9.3550646933862353e+01
-7.5862972868190992e+00
-2.4207120142611160e+01
8.6067648505788981e+01
-6.1821807057985453e+01
4.6259352948884249e+01
6.0958156804126631e+01
9.5435804690846055e+01
-1.8199794992995709e+01
6.5575568599927729e+00
-2.3792071046031289e+01
-4.3737336643180358e+00
-9.3152728099572954e+01
-7.4932213518242492e+01
4.3489496060245109e+01
2.3972262665044902e+01
-6.7360617741175176e+01
9.4779916437035581e+01
-8.6779038830607753e+00
-6.4736056799825562e+01
-6.4869464666232972e+01
9.1242162723843308e+01
-7.3026477862077215e+01
-9.3906093589981523e+01
5.3391922715744123e+01
-1.7147196979785640e+01
8.5828330457893856e+01
7.0989478629802122e+01
-3.1152431158380720e+00
-4.8907946805271500e+01
9.6541562567570107e+00
3.6445726623435348e+01
-1.5784742554937640e+01
4.0416825544043469e+01
-6.3901619262363432e+01
-6.9000477730461910e+01
6.3098078863652233e+01
-5.4411535261469801e+01
-1.2509037239161881e+01
3.2674326886323257e+01
2.6616446322148139e+01
-3.8270067235362383e+01
3.5750587920384028e+01
8.9064253383353588e+01
2.2798023055438399e+01
-4.0411080758252647e+00
4.5934175217029498e+00
5.7002527838909891e+01
4.2807213560459559e+01
5.3349980768573012e+01
-5.4136892707183769e+01
-6.4339860372215952e+01
-2.4681620844951549e+01
4.9452465388091277e+01
7.3442938618009004e+00
7.2675043988064914e-01
-6.3576743045294052e+01
7.9158719372547566e+01
6.5774040016321198e+00
-7.5365933101469196e+01
-5.7606717292986907e+01
5.8126776760934739e+01
3.2275682716721263e+01
3.8408125564171172e+01
-8.9310493689041071e+00
6.5503898283669415e+01
2.6250555845839610e+01
8.1509972829594332e+01
7.9907770316088218e+01
-1.7763169793917370e+01
6.0681953172203428e+01
7.4978014937513620e+01
3.1818652128303231e+01
5.8868606043360053e+01
5.6407612327465264e+00
-5.3902804215998437e+01
-8.4315655423991515e+01
9.7406367987013880e+01
8.0985047022762714e+01
6.7116234682458213e+01
3.4490276148805528e+01
-6.0546577271399492e+01
-5.7044850340526828e+01
-1.3335140444900890e+01
-4.4791404669251882e+01
-8.6087212418676131e+01
-3.1700052442571369e+01
-9.3424027257862789e+01
-5.5871023543966928e+01
7.2119391421060556e+01
7.9828034429868913e+00
-9.5638586396855089e+01
1.0668692702468070e+00
-6.0665872545832059e+01
-8.4216438440133942e+01
3.1866041103968069e+01
1.5904018223241639e+01
8.1293666625900315e+01
-9.7357177168865974e+01
-5.8204465390990421e+01
-9.6386333227700476e+01
7.7569166062068135e+01
4.0225931543234870e+00
5.4634029215672683e+01
-3.1021849528078292e+01
9.5613529540865699e+01
2.4211545474259459e+01
-4.8062703806649516e+00
-9.3498947405952578e+01
7.6810096333089433e+01
-1.7636505560793591e+01
-4.3874410629185414e+00
-9.2837088934787346e+01
2.3753123472595341e+01
8.1947008522751958e+01
-4.6512932531760057e+01
2.5677062832329138e+01
4.9729343671424033e+01
-3.0509079597285730e+01
-6.1624361943617863e+01
-5.1209251931564182e+01
-7.2289755112656636e+01
3.0425802151995409e+01
-8.2907645016226510e+01
-2.3206477444925039e+01
1.2725591762657430e+01
7.7621966831541584e+01
-2.2696940212592171e+01
8.4540343195387138e+01
-8.5236128053155227e+00
-1.7119152547293400e+01
5.1118945508489467e+01
-5.7891237581645314e+01
5.0810090539237777e+01
1.6882144325610021e+01
-9.8498432099434865e+00
5.8213314562467190e+01
6.7606632289256680e+01
-1.3788050742699379e+01
1.5598365635401461e+01
2.0106321970447969e+01
7.1074587569230800e+01
-1.9853280461829559e+01
-1.5846363404360480e+01
8.2920831890750563e+01
-3.8687275934601573e+01
-8.7019827894991465e+01
-8.7813004472056747e+01
-2.6800797927510661e+01
-5.3444521166539140e+01
-3.1262288772133271e+01
3.1659985556027689e+01
6.5455268126509139e+01
5.4493310621149838e+01
-6.5775901564254241e+01
-2.1155232843682889e+01
2.3557324267692209e+01
-6.4995954868133339e+01
-1.1261039463251450e+01
3.0175784126260130e+01
-1.9800857394816191e+01
-4.8522162436304519e+01
8.5300557492238028e+01
2.2338690127305131e+01
-3.2329161159761703e+01
7.1159559248012826e+01
-5.3659798440708883e+01
-5.4754334928139329e+01
-9.1726684881410804e+01
-5.8724757650527287e+01
2.8767980600950260e+01
-8.7069496654422281e+01
5.5145846042330682e+01
-3.0276614623853490e+01
8.1830429325936521e+01
-5.7913648371907477e+01
-6.9447398423649560e+01
-3.0326832883083028e+01
-5.4309109709464454e-01
1.6098501186366342e+01
1.4662215769332470e+01
-4.6588746965515284e+00
1.7437767341322409e+01
-2.9570732943204760e+01
-7.8778678282176017e+01
-4.2832453972812040e+01
-3.4926869006166037e+01
-1.2216537149204120e+01
-6.8402255874325121e+01
9.3602881915976219e+00
3.6158330880227950e+01
-2.5647826290554448e+01
3.1887527349829561e+01
-3.9449811324125079e+01
-7.1264869351842179e+01
-1.7044604232261872e+01
-9.1254781245382318e+01
-9.2940302549456021e+01
-1.2907867778977939e+01
1.7650641841917810e+01
-4.8203587883423729e+01
2.6479170621082591e+01
4.3254032844033027e+01
2.9645564393282440e+00
5.6679096483664317e+01
5.2075530792918322e+01
-2.1864904013606121e-01
5.3312382201995973e+01
-4.3702421052245867e+01
-8.4816020712677442e+01
-9.3111525062039206e+01
7.1469347149228838e+01
-5.2597345801186046e+00
3.5188011484672643e+01
2.9135250925847160e+01
5.1054311276973507e+01
8.2343166150166837e+01
7.0326014135249878e+01
-7.0608137597142942e+01
-9.6551476486059855e+01
-2.1645445417458401e+01
-7.8465043997098462e+01
4.6037561422176559e+01
-5.7522849262710722e+01
7.4598619208838215e+01
7.6960848404728850e+01
2.3707183688446399e+01
-3.6380838410152080e+01
-5.3303405368424158e+01
7.3374362400879377e+01
-1.3647177715497920e+01
9.2525226408395042e+01
-2.2426026212240330e+01
-2.9518604185833180e+01
9.7769006475427076e+01
4.1177930790530652e+01
5.1741413586167880e+01
2.3355998078232989e+01
9.2625544171145066e+01
9.8099722106351841e+00
1.2356544269879761e+01
8.2561213639910576e+01
-5.6114672778202248e+01
8.2582125747969286e+01
-8.9426075225065475e+01
-3.2863888041371951e+01
-1.9675967291221031e+01
-8.7632500855219249e+01
1.9620188637997440e+01
9.8642977421396154e+01
-8.6556080795908642e+01
-4.1815681235299742e+00
7.1592341060225010e+01
-9.4086169677823449e+01
1.3152739498641290e+01
-6.1432943986507681e+01
-3.4888358240086689e+01
1.1209601495063120e+01
-4.5002893138231777e+01
-9.7309920957870432e+01
5.7432183814269862e+01
7.6852993138223567e+01
-4.5213010066482404e+00
3.0830851686291329e+01
-5.1305738788911883e+00
2.4390354271642199e+01
8.0566145808671283e+00
-4.4820263403303947e+01
2.9394502538212830e+01
4.4192045073453734e+00
-2.6904793739984171e+01
-5.6643981057782469e+01
-4.2238461962490227e+01
2.5196180946637901e+00
3.8109323967252031e+01
3.8833784528837980e+00
3.4443839998314072e+00
-8.9752179920398575e+01
-4.8631215634643340e+01
6.7569659340256976e+01
-7.8037269330638267e+01
9.7042806173134224e+01
6.9251241062066157e+01
-2.2642376513358851e+01
-8.0313036883565829e+01
1.9645165881506738e+01
1.0229927721860040e+01
1.2704185994027760e+01
1.9161149984679401e+01
9.3238752581216673e+01
4.3497741393348361e+00
4.2917388669639770e+01
-7.1651729155698618e+01
-9.3465771275027492e+01
-7.1999979998797045e+01
-1.0303489786132269e+00
-2.3785977191458841e+01
-6.6346673263659000e+01
-9.5794562007056001e+01
6.3494316842193442e+01
-3.8269285757517750e+01
-1.0047944966970910e+02
-2.2696466835365769e+01
1.0202535091432541e+01
2.0846885527157241e+01
-7.1210801388602462e+01
-7.7417054420227856e+01
-6.5370820812005675e+01
6.5803691773478889e+01
4.9407199651215869e+01
-4.3810086433847971e+01
5.0000159159807737e+01
-8.5940066049684845e+00
3.0577419813438809e+01
5.3977934578783540e+01
9.5465862017431789e+01
5.9638025331523892e+01
5.2746232009709679e+01
1.0469179213805811e+01
-3.7489329221548779e+01
-4.9370333990495340e+01
1.3830700591841721e+01
2.7106848641963570e+01
-4.9348639484260119e+01
-5.6705140526869762e+01
-1.9550053930910050e+01
-1.5927875827570199e+01
3.4549153772584098e+01
-3.7720717952689910e+01
-4.0011664405914253e+01
1.5483256386823220e+01
1.1097930045953721e+01
-9.5305921093837611e+01
2.8085999842316308e+01
-9.5540461977385576e+01
5.6438647811140299e+01
1.4790356944228851e+01
7.5172422425119066e+01
-6.3656429704441997e+01
2.2982163257974900e+01
-2.0668949116473719e+01
7.7998736408976583e+01
2.9525718474004261e+01
9.3202065615445548e+01
8.8891138631076132e+01
9.7959917107743664e+01
-2.0643040990747652e+00
-5.9131507596969477e+01
4.2100000598625982e+01
8.7914761715850346e+01
-4.8746995000424768e+01
1.3849054700771870e+01
-7.8143169487738282e+00
7.0090213608489222e+01
5.0447822757859520e+01
-6.0729058279803823e+01
-3.9640509106965347e+01
-2.9470891049569200e+01
2.9008859815485351e+01
-1.0872959537941330e+01
7.8710582803229356e-01
-3.7181058573846407e+01
-7.0793318203832001e+01
-1.7143243266960368e+01
1.4177142291750190e+01
9.2477607065017480e+01
-7.0908253359848501e+01
-6.9758552066144730e+01
5.4162011048159748e+01
1.4348285382549779e+01
-8.1590202296935132e+01
-2.7820076800361591e+01
-6.2955424008370777e+01
-3.6758264529314957e+01
6.7251298681046634e+01
-1.2192360821538429e+01
-7.9125684012312419e+01
-3.5827592822708340e+01
8.4118820091838899e+01
7.8325986405747187e+01
7.5477994985510691e+01
-3.5969529890169980e+01
-1.5402980021843691e+01
2.9764723734674359e+01
4.8423079092236080e+01
1.3935018506510049e+01
9.4373041391394068e+01
7.9936046270268562e+01
5.7702739363758639e+01
1.5421377748510171e+01
4.5814670607488473e+01
2.5182292828648499e+01
4.5315018758888947e+01
-3.2433614930086193e+01
3.2387534846960413e+01
-8.6763103381174716e+01
7.2307079377467119e+01
1.5277199176907439e+01
1.4271201104654070e+01
-1.4923254892750110e+01
5.6570136432994190e+01
-9.8250011109444728e+01
8.5939086445507815e+00
6.9062057549440361e+00
2.0573572577776719e+01
4.8263797284855610e+00
2.5887691343996071e+01
-8.7087162390909739e+01
-8.9664259141191394e+01
9.1444792678247978e+01
-4.8588848753884967e+01
-2.3802188991202740e+01
-1.5353066111880651e+01
5.1860389310202272e+01
9.3835492411993400e+01
-7.3180736207485211e+01
-7.6166903909143457e+01
7.4549431049326259e+01
8.5731751613948532e+01
-1.4214974195771591e+01
6.3666241900202776e+00
7.8606856124456499e+01
6.2489322795937788e+01
-7.9011586007115469e+01
3.6885000709634483e+01
1.9938617927020079e+01
6.7782288104425319e+01
-2.7666778932422929e+01
-4.7473583363890128e+01
9.5504314257514494e+01
-8.3036422594815576e+01
-2.8577115911738861e+01
-6.5645058354949100e+01
-3.2478920614534943e+01
-4.4643736577257922e+00
7.8900871487964821e+00
6.6830140963232637e+01
-6.1282542700666930e+01
3.9762128208073037e+01
-6.4515355344076486e+00
-9.1907559925938109e+00
6.7349466367031823e+01
-5.8134731563280603e+01
5.6389862730151549e+01
-8.7759895238861105e+01
7.5223492286119829e+00
-4.4652684999226778e+01
9.1158334415261237e+01
4.2973441236867992e-02
-1.1377768299072709e+01
-9.8929574266975351e+01
7.2994868061718037e+01
-2.5301595641689879e+01
-9.5165178802620787e+01
1.5298049971257329e+01
-1.5755651459802991e+01
-1.3370746691131240e+01
3.0998005579670689e+01
-1.2672989942962230e+01
7.3176482221753920e+00
6.3662989238643057e+01
-5.0642184211535891e+01
7.1431588140202948e+01
-8.3596115597138947e+01
-8.0422431084771759e+01
-8.9710745672919945e+00
5.2325289847732407e+01
-7.5798773411930824e+01
7.9272611448439136e+01
5.2679871534301043e+01
-2.6381476473037171e+01
-1.0574079920011921e+00
4.5545698688316492e+01
-1.8884542611942070e+01
-8.7872955164859903e+01
-2.5358305247282289e+01
2.9953149138832082e+01
-4.9679035046791611e+01
-4.1495507564864191e+01
-3.5832131780966499e+01
-7.7704969509584771e+01
6.2330177346573947e+01
1.9725603897057990e+01
1.2843395426515279e+01
-9.7990805143796194e+01
-4.2000540237467668e+01
4.5994274392731093e+01
6.9182884711272038e+01
-7.5769836997087083e+01
-5.4513562211447088e+01
-2.8947529895948431e+01
-1.8224494939219881e+01
2.3005232472837019e+01
1.5005947029840639e+01
-6.8360200473516002e+01
-6.6275500797386229e+01
-7.3728236040898267e+01
2.4688487854257211e+01
8.2094206223791304e+01
2.0868316583513820e+01
2.5473577205797518e+01
2.9396494907927789e+01
-2.8728894649804680e+01
6.6599531229995641e+00
8.5350370625367134e+01
-6.7267124001224516e+00
7.0661063651425351e+01
4.0256089176019259e+01
-8.1689737968197473e+00
3.3898219917556197e+01
2.8555926206666690e+01
2.6868743290136742e+01
-6.3226970601492248e+01
3.4989079635210693e+01
-9.1648004871148473e+01
-6.8527516869167570e+01
7.6640738305575368e+01
6.6238292680932503e+01
-9.1826291705988794e+01
-8.9349256831042794e+01
6.6140769970561735e+01
-2.5699981885123801e+01
7.4957209460530777e+01
-2.2788786252699779e+01
6.6493336011740837e+01
-8.9948689635895789e+01
3.7204660555732112e+01
-5.8929344799743753e+01
4.5022634855971120e+01
-4.2202085357719390e+01
8.5479210151363745e+01
3.4752454132250072e+01
6.5446770600221981e+01
-6.9145010733591494e+00
7.1226045076161686e+00
3.2962137808876442e+01
-6.3817973687177968e+01
3.1499524330266730e+01
-3.8944599339082309e+01
6.1568872291231507e+01
9.4527500464888419e+01
9.5774578642312164e+01
3.4930309659639967e+01
-6.3828895454991951e+01
7.6097033636248810e+01
-9.2560909954630461e+01
-5.6735672588111250e+01
4.6257733519206120e+01
-9.8636158721323895e+01
7.9313629910731564e+01
-3.1527944894581289e+01
-3.1119782538636741e+01
6.9928228258233943e+01
-5.4701190096994942e+01
-7.3025193992218618e+01
4.2093840917418163e+01
6.9633878846028196e+01
-8.2123743996086034e+01
1.7262537819958212e+01
-2.1649053942840840e+01
-1.8494181847142019e+00
-1.9799797591379100e+01
5.0268135614701123e+01
-1.6288264365531191e+01
2.8815640023970481e+01
4.8971603480818999e+01
-4.0368353509255694e+00
1.3625499713625439e+01
-1.7621997129446608e+01
5.9271845076185777e+01
-4.7117742977411737e+01
4.5310967452214250e+01
-1.0534056373031390e+01
-2.0043076543046901e+01
-9.0533032898510228e+01
3.5409825271319953e+01
3.4038260692847601e+01
-9.4616248915748812e+01
-5.3426470697491297e+01
-6.9346653784635720e+01
-3.5301913000271703e+01
2.3664877578421741e+01
-6.4343708022357035e+01
8.9373936637231111e+01
5.4973828661722862e+01
4.3211379659320613e+01
-5.4216466485258650e+01
-8.2138366835530150e+01
2.3288792528007988e+01
8.5954559423100847e+01
-4.2554169601745393e+01
7.8415306430694429e+01
-2.6773745670749840e+01
4.9778556987202847e+01
4.7615582910529506e+00
-2.0411262016666370e+01
-8.3679075284708787e+01
-6.1300006731363567e+01
5.1551741882970333e+01
-8.0856399624414848e+01
-8.0531637241504285e+01
4.9313875198803402e+01
1.3838754203608300e+01
1.2315307699504681e+01
-4.7727490066402623e+01
3.8215301441256720e+01
-3.5130296089892518e+01
9.0442532372851986e+01
-5.1606584473339773e+01
-6.2501557207443248e+01
4.4407852833195847e+01
-6.8486867348015096e+01
-9.1831002344335246e+01
-4.7370718615287288e+01
-3.8381237890270931e+01
-3.7535431638046730e+00
2.1491715780532640e+01
8.5741489608483903e+01
-4.0392970354224182e+01
4.6174537597725610e+01
-2.5917535469809380e+01
5.1270518010796792e+01
2.1261547739758899e-01
-7.9628240661719289e+01
9.5227899266432416e+01
-2.7099277064798091e+01
5.2093227636760837e+01
5.0204222218121252e+01
-5.0716726021156980e+01
8.7507986268649447e+01
9.8742993817298768e+01
2.9928510330017870e+00
4.1713082304349328e+01
-5.2623790680152823e+01
1.3039123906266489e+01
2.1448302830319239e+01
