3.420071455319768639e-01 5.435157399172639570e-02 1.271289438419471451e-01 -1.802884357766330325e-01 -6.424339449232407961e-02 5.357738791483355328e-03 -7.865771115573622074e-02 -1.846910412205530205e-01 3.152991561841906876e-01 9.922170190060809747e-02 -2.164234013539594881e-01 -2.466226613711052229e-01 1.386581939143461950e-01 -1.072241894059572202e-02 -1.389096620882685363e-03 2.271555122259937276e-01 -2.188048636956631821e-01 -1.166221511014744680e-02 -5.390181448906596756e-02 4.413035963198723433e-02 1.947397051207156171e-01 -1.721273640315542086e-01 8.135012728052792158e-03 -1.588499933974207579e-01 -2.091537465191621852e-03 -8.667916123567306896e-02 -2.304281678066546352e-02 1.023406949595124099e-01 -5.549999538454961634e-01 1.638050776893071325e-01
1.017511152936757951e-01 3.917674752537518568e-02 -8.849918664069365837e-02 3.374068163341344129e-02 1.134339279669631384e-01 -2.706152237827961771e-01 1.069260794204319187e-01 -2.583125720544321088e-02 -4.520225157303007779e-01 -2.312106526930594042e-01 1.261429949958493280e-01 1.197368538170385938e-01 5.589738100888640149e-02 -1.875073292878010611e-01 2.292956822688297161e-02 1.178527604559828496e-01 -5.287688939630655893e-01 2.902560756398305745e-03 -2.212655293347757547e-03 -1.244056168282519637e-01 -1.144836406973791798e-01 -6.677601993980664119e-02 -1.247106270501073116e-01 1.681451277867157257e-01 1.802180560050258284e-01 5.360459596254427833e-02 2.394378815327733723e-01 2.568165133600969763e-01 -1.457893352420768784e-01 6.197883207848274567e-02
-5.521994384812320411e-02 -2.547799306566234656e-01 -1.008884573545641289e-01 8.286144812897722201e-02 -1.973249796760161434e-01 5.491625867699871655e-02 -7.147294109442081655e-02 1.429650755769732440e-01 8.253354049673367054e-02 -2.080351025607903373e-02 2.112240985556007311e-01 1.359932639288814471e-01 -3.291521051234181927e-01 -1.071568399125873566e-01 2.231418862237522990e-02 6.129792295537882241e-02 2.657224829169896677e-02 -2.176140388684735250e-01 3.063658707022127725e-01 -2.769492109861254603e-01 1.325226106729247566e-01 -1.356289996437026468e-01 1.270474626843080268e-01 -3.856169210654130652e-01 9.032854447632486516e-02 -3.130794246500894773e-01 3.358266248073666360e-01 1.706096479244697400e-02 -6.774720445875155594e-02 9.899311537066048106e-02
9.392145690461017882e-02 2.449222528172617652e-01 4.238516679887154859e-01 -1.295527672149298370e-01 -1.008766956366457662e-01 -1.401875872114163174e-02 1.300795800353351508e-03 5.136838216526907752e-01 -7.593971590716587505e-02 -4.207757604915517147e-02 -1.148489762589603030e-01 -1.218635030850906409e-01 -1.005511453550075873e-01 4.342797523737638166e-01 5.889453901999170543e-02 1.244063419247682795e-01 -2.604648689295627761e-01 -1.627825074463194466e-01 1.567516694646876874e-01 -1.326581942726356815e-02 -1.265810031877808162e-01 7.071837583938328509e-02 -5.814034733608251099e-02 -6.979531575275599309e-02 1.496352359602762250e-02 -1.163077092222619541e-01 -6.343835119441766646e-02 7.128712028554745964e-03 2.004821608894679918e-01 2.994294514796859083e-02
9.368798392442596878e-02 2.544387233613503163e-01 -2.738353177575084466e-02 -7.924535429881704451e-02 -1.880816305642044745e-02 -3.079905175126012098e-02 1.533134012384165523e-01 9.758292785863460772e-02 -6.557240294374083733e-02 -1.353622695752876581e-01 1.548304058513164660e-01 -2.644144004551700067e-01 -1.946361688482461383e-01 -2.628859226868960897e-01 1.917414280626607292e-01 4.379233622986369312e-01 2.468631466658750273e-01 1.730823867064149916e-05 -8.569911955655283575e-02 -3.277749079675533195e-01 2.647357350231750450e-01 -5.097997570862050631e-02 -2.048567828709959848e-01 7.214920180394070182e-02 -5.467952942372063252e-02 1.471728830776431463e-01 -9.097724474401372441e-02 -2.474739117183874515e-01 2.503306550552553481e-02 -2.066532690925739213e-01
1.531036263450307258e-02 3.678209260888418153e-02 2.112385399932490693e-01 -4.073506170657187342e-02 1.293007943888852852e-02 3.724056965563337651e-01 -1.933848310067773635e-01 -1.423208984607730876e-01 -2.680886275423726220e-02 -1.375605478600971376e-01 2.650700709692565549e-01 1.052176376784227096e-01 1.726521731309043350e-01 5.609977970250966395e-02 1.581007825781006182e-01 2.016722362901606780e-01 4.355637212627760761e-03 1.462661652946741220e-01 -3.564740697713393580e-02 2.084820563542890415e-01 -3.138095982043775933e-01 5.982162411918072464e-02 -1.025396119989863686e-01 -4.462686333422178492e-02 -6.022630434262871146e-02 -1.443962269513655861e-01 3.906396438624206713e-01 -2.738425564807273060e-01 -1.534923264454657044e-01 -3.157399668793662295e-01
-2.287047878393086986e-01 1.839131544714241451e-01 -9.659320823442939241e-02 -8.406864330501968852e-02 -1.493019201035131749e-01 2.749233691176896158e-02 1.121128964091537422e-01 -1.371650230447784558e-01 9.947869213389999576e-02 -7.253525889924407333e-02 2.516578651691151608e-02 3.636250809236943882e-01 2.446650589429806566e-01 1.087585786646156905e-01 -2.173361558598339294e-01 6.090068868483514142e-02 -1.160725610826418702e-01 -5.468933300439404732e-01 1.129552217748487769e-01 -1.565250368416495064e-01 3.417593531681238639e-02 1.222746999349815372e-01 -1.568672461017028286e-01 1.453409155902129178e-02 -2.728992481258978309e-01 1.825137813554557065e-01 -8.039536160153958055e-02 -1.967657938207469925e-01 -1.687731420671274019e-01 1.352788576418281936e-02
3.167213342504561768e-01 -2.052709267926015879e-01 -4.577288172817778333e-02 -3.748550873013203888e-01 -1.672609301284431194e-01 -6.887985761108640637e-02 1.674220533418864787e-01 2.883127841506188394e-01 6.598845946508817562e-02 1.331707949604261643e-01 2.909351581377702112e-01 -5.037580607473506750e-02 1.191603853898112741e-01 -9.207267987509523688e-02 3.590373527168332080e-02 -3.633408605354638832e-01 8.932660583997874271e-02 -1.125560188351677343e-01 -3.597319069795203855e-02 -9.443290414004376632e-02 -1.402937165700041400e-01 2.980547863524470875e-01 4.299570364626710550e-02 8.520624075724061997e-02 1.569208730254369744e-01 8.563985670370589942e-02 -2.518926382638712880e-02 2.203351381995314121e-02 -2.470064504354232415e-01 -2.514652329583582091e-01
-1.924684648203722759e-02 -1.000194183393804809e-01 -1.071660673928023222e-01 -4.481933109265936466e-01 1.578455571509981004e-01 -5.033813933694971515e-02 -1.459641386650997463e-01 3.225754110604225205e-02 2.013360276890238110e-01 -2.689457526118543274e-01 -2.584815855676058094e-01 -1.312890576607316818e-02 1.052334084469634529e-01 7.075283999782785993e-02 8.612991783035564564e-02 -1.781468400115767681e-01 4.826900689425614455e-02 1.472595212546136123e-01 -9.847320267946581274e-02 -3.179741716375292238e-01 6.381849751721151154e-02 4.898205012851730711e-02 -2.379830856006477646e-01 8.477603656907560514e-02 -2.020535852465901172e-01 -5.477907708716859420e-02 3.961614350482000058e-01 1.040489899494678521e-03 2.105715107655309615e-01 2.053151979632241164e-01
6.600137419194243571e-02 1.789523481129196292e-01 9.092871247534761725e-02 4.064831577091873038e-01 -1.266132622070292590e-01 -1.790123387129565202e-01 2.821430209437474357e-01 -5.253906629933634276e-02 1.844873518082587038e-01 -5.906495778745747896e-03 5.053645865451390079e-02 -1.285336447352026235e-01 -3.253801535378157000e-02 1.694077212777306274e-01 6.850984896708703364e-02 -2.915441021157240131e-01 -5.970838210873802288e-02 1.902901603350618254e-01 -1.062162922842738583e-01 -2.754258310171904811e-01 -2.112440261180166812e-01 -1.467401655484853185e-01 4.879129477132491954e-02 -2.315123744609421386e-01 -3.324618154081101506e-01 2.367478520778706075e-01 2.220203721924912110e-01 2.504959339108176267e-02 -8.220721353871152104e-02 -1.215581499113827513e-01
2.262411741806010790e-01 -8.571313306005592936e-02 2.063942728397881177e-01 -1.128233098262983042e-01 -9.899089493407849105e-02 2.813465994460971620e-02 -1.532864816470531633e-01 4.670665979721660976e-02 -3.581601444895871067e-01 3.596667818631970603e-01 -1.190134400955542432e-01 2.080359770572506317e-01 -8.820372316725997794e-03 -2.179831360860325640e-01 -2.227134751967505821e-01 -8.932300186992957192e-02 -7.709604296880538665e-02 7.879828464883825712e-02 -3.274205353057459827e-02 7.151600296061956519e-02 2.909585688628431033e-01 -8.109312333835011488e-02 -1.829237259939653359e-01 -2.587438048502969656e-01 -3.343696564597042342e-01 1.723599621443263341e-01 1.123435560359775515e-01 7.646850662530657247e-03 1.627072221925436046e-01 -1.974054237924441069e-01
-1.528379201147240796e-01 -1.294553194076434599e-01 9.285284180302715018e-02 6.409549456517041333e-02 1.409450671520588172e-01 1.575217472578417932e-01 -1.943044598691891778e-01 3.151129458434891450e-01 -7.892837950911443801e-02 -3.685426352271712891e-01 -5.657734863499148253e-03 -1.680828002436028368e-01 2.573761250284689606e-01 -4.363476081754171648e-02 -2.426350749979521992e-01 2.531708420521223274e-02 6.356530961154593928e-02 -1.898577177002977734e-01 -2.754639240806953104e-01 -8.131904399241612902e-02 1.197732483669101677e-01 -1.993106485495990121e-01 4.062616711970227779e-01 -2.494728664737523582e-02 -1.112004652552598671e-01 1.165329402363144695e-01 1.010909846653130009e-02 2.084879840414744778e-01 -8.478544621251618563e-02 -2.200049793032461121e-01
8.052164401975482610e-02 1.413286018076149314e-02 -1.218863146552422727e-01 -9.206379838948226813e-02 -4.628963641712019461e-02 3.483664177214893520e-01 3.548778677410067139e-01 -1.221403406131385955e-01 -2.109804233775909310e-01 -2.291434316054651588e-01 -3.841762931519283053e-01 9.624800004213837634e-02 -4.583709480988522496e-03 3.756572468977616847e-02 -1.086723603089676110e-01 7.026604430780111765e-02 4.002677805812544093e-02 2.901907255126007223e-01 2.354114080784014129e-01 -2.126564901795596207e-01 -3.986644167663395966e-02 2.703178096097245131e-01 1.635178704139242101e-01 -2.041540213311404950e-01 1.707260723685142352e-03 -1.161706512661081908e-01 -1.560688559998818781e-01 1.503200834587080648e-01 -7.802683233733387347e-02 -1.936487765192875243e-01
8.584251221731029058e-02 -9.502336134544700497e-02 1.543808857804138401e-01 1.718423454660216454e-01 1.438734533264407478e-01 -3.715284641588187386e-02 1.945433480600163578e-01 1.727324454110893970e-01 2.985192244593564692e-01 -3.401969976679331681e-02 1.342380467287588308e-01 3.987354529305063289e-01 2.972627159555664145e-01 7.742597889140168110e-02 -1.100619117759261550e-01 8.965818295015001715e-02 -1.449398747148963884e-01 2.898161561008459897e-01 -1.728047128869856508e-01 -1.305104107064024299e-01 3.297324595568673078e-01 1.133909213969751424e-02 -4.566603016011036575e-02 -1.055234262691916863e-01 3.442432806395682721e-01 -4.126945674819564730e-02 -8.049569850861590381e-02 -2.014367489103869868e-01 1.314567051256010644e-01 -1.303874051299152778e-02
-5.869827666918747688e-02 8.472766774429180137e-02 -1.251466357701259691e-01 1.577412560909378092e-01 3.377484322084131109e-03 2.244885806733440681e-01 -1.839152637435190196e-02 2.948066635146002756e-01 -1.652850126887922821e-01 -1.702090646285015496e-01 1.983950167549170251e-01 8.012925594432285248e-02 3.365157464037135887e-04 8.750004403874246661e-02 1.716540653266780958e-01 -2.013888869541459181e-01 1.431252632247529966e-01 1.301240893816318911e-01 -1.236810558084064787e-01 1.604273169537394905e-01 1.829146051847045928e-01 6.453183326028537337e-02 -4.225636061413894917e-01 -1.426488248935061653e-01 -1.816603260620278104e-01 -9.357639388872009134e-02 -1.932248410022181506e-01 2.057375352721343420e-01 -3.314737262993182054e-01 2.918013421761081472e-01
-1.362000160827886164e-01 2.140040933381381905e-01 -3.884907761821705663e-02 -2.630623955438658457e-01 -6.604880147270678070e-02 -2.601592030422214541e-01 -2.104623404044537460e-01 -1.326443668540792375e-01 2.067131023847276067e-02 -2.219924373604650891e-01 4.020754095476899992e-01 -1.645070709057109004e-01 1.760328601051662500e-01 -4.313130702473220307e-02 -9.586224365414898474e-02 -1.383439579334816427e-01 -1.464171619265395297e-01 2.974526297133243125e-01 3.732759558531790756e-01 6.988708929307842210e-02 1.231707687520574440e-01 -3.188499020114705929e-02 1.309855021576675771e-01 -2.330282181782158124e-01 -1.079235348434221808e-01 -5.242984788383140554e-02 -2.441517476509552365e-01 -2.548747285802408988e-02 1.106297317362490568e-01 -5.213109969858537029e-02
-4.850266132323935442e-01 7.539057515809551024e-02 -5.956786763181276534e-02 -1.793614458133282741e-01 -9.480466262821726775e-02 -2.884229951923312218e-01 -6.853373315243914583e-03 -2.743929696494903925e-02 2.208421671273029692e-03 8.314220480622899756e-02 -1.551173077426942493e-01 2.541426721012821771e-02 -2.190137053175280624e-01 9.661161850377235349e-02 -2.928809211550964173e-02 -2.793540827664511492e-02 -8.798109389608287090e-02 3.661440969402303403e-02 -4.058999044964964331e-01 3.869656550921273669e-02 3.812012936858028000e-02 3.461362088056593733e-02 -1.516320391904277531e-01 -1.904868207215061060e-01 1.654155528054681579e-01 -2.608955270772548296e-01 -1.136856086418835086e-02 6.181253109995469425e-02 -1.709685097222185812e-01 -4.170563012296917282e-01
6.976157479453289068e-02 -3.055035006634760353e-01 1.016397797410510812e-01 1.760164065913662895e-02 -3.723690988826438009e-01 1.164519000679863497e-01 1.149067251063286693e-01 -1.945109155391729905e-01 -1.403472855909244643e-01 -2.755420505927815289e-01 -8.294994788976095546e-02 -7.137887525198872984e-02 2.436089520252362681e-02 7.224017066198404335e-02 2.020888030468034058e-01 -2.965580158285595624e-01 -1.664475498225070627e-01 -1.000265298412466447e-01 -4.411094725411503215e-02 -3.619171515137128720e-03 1.393275847609806439e-01 -4.034980017294451105e-01 -1.051503792794632880e-01 2.086307416610820586e-01 1.941309029369360159e-02 -1.948415503381117075e-01 -2.159459987392627067e-01 -2.548697625799990485e-01 8.573778452197440558e-02 -1.093163616460013365e-01
3.955194769991405845e-01 8.344900977501698569e-02 -5.035529280209769531e-01 9.598681591586016859e-02 -2.690583831301575080e-01 -1.487980053102277989e-01 -1.503820759627015891e-01 1.237587053267142911e-01 6.284967152755832620e-02 -3.126607555844050923e-01 -1.165118999598711430e-01 4.272060492198270082e-02 -1.207666058355378325e-01 1.675103835869338753e-01 -2.563554332110141165e-01 8.925995167426117871e-02 3.007315528144100664e-02 -3.151640874432069979e-03 -1.111157735777782984e-01 3.370199675830937713e-01 -2.354716899732968785e-02 7.371680955309264233e-03 -2.126002498177324493e-02 -9.140105296481161601e-02 7.655997437407713324e-02 1.071951299457602619e-01 1.114183860480538607e-01 -1.657054227741162622e-01 9.095504749339650141e-02 -7.851653192924057389e-02
-1.424538395413418868e-01 -1.499726741088608928e-01 2.460087861985752258e-02 8.030763279852090597e-02 7.391007795004311820e-02 -2.805195431104146597e-01 1.005815192184747742e-01 3.930772651326252531e-01 1.473543303450453312e-01 -5.937394367857409816e-02 -2.885228138071602721e-01 1.353953744970991246e-01 2.822221012599238771e-02 -2.690845101959954411e-01 3.733445968968582274e-02 5.965218553283146985e-02 2.884248595244607444e-02 1.776660705849156807e-01 3.754973525766612807e-01 2.180057332133149006e-01 -9.001234190015848513e-02 -1.372841598027088328e-01 -2.886346722338007514e-02 2.204648859662898530e-01 -2.537246569882531388e-01 -7.862615256599375657e-02 -3.880019489886221608e-03 -1.894391297428382193e-01 -2.680777474129799609e-01 -1.441321983558002673e-01
-1.146942276485602152e-01 -9.847988057063065959e-02 -2.135904454277288145e-01 2.258699873449156181e-02 2.137500848924006880e-01 2.275756895738423047e-01 -3.233496884127397275e-02 2.080256087056038886e-02 5.042068783394208081e-02 1.631671061008548862e-01 5.032926575987690943e-02 -1.943004709860727819e-01 -1.013558758820238270e-01 4.067913760247489074e-01 -6.372213191141996858e-02 -5.814794603746339247e-02 -1.485944438702484216e-01 6.706731328134252212e-02 3.549638584669247421e-01 -2.833061339917246693e-03 2.950706909511877640e-01 -1.310793286973079286e-01 -1.878327599878420739e-01 1.882939425136040956e-01 1.545397208153374002e-01 3.088804265411457806e-01 1.548700859911270045e-01 6.537444542478147713e-02 -1.159092886225686070e-01 -3.014287498019216915e-01
-1.115543636999303950e-01 -2.318381581313825046e-01 -1.792987237427152158e-01 -2.425542901130687060e-02 1.310828164969107812e-01 4.840251119416760089e-02 1.053118394390207234e-02 6.541377162132891443e-02 -2.604222939517389368e-02 -6.609604767177712677e-03 -8.037251071491499643e-02 -7.424523390887229068e-02 -5.487345426809561721e-02 -4.450813517578443290e-02 4.930930676242896715e-01 3.617588751797873314e-02 -3.966132242130682717e-01 -5.543702770216412529e-02 -1.141589161928986962e-01 1.426922159231131526e-01 1.002658483584294158e-01 2.842931452322221553e-01 2.458952200573525648e-01 -2.950669314137440713e-01 -1.238273260197510633e-01 2.862518214911047298e-01 -5.767549432412106408e-02 -2.782835950580906936e-01 2.716433861788623144e-02 6.376973716191483565e-02
4.099798127549231924e-02 -3.611701605556061900e-01 3.121895227764743055e-02 6.129390814438206297e-02 2.519703912424970521e-02 6.194050198591329048e-02 -1.129735256685470562e-01 -2.969699870446260853e-02 1.387845047307020019e-01 -2.490404228939767720e-02 2.161340358380664795e-01 -8.648049161419749109e-02 -3.632814761684908245e-01 4.371725073465603656e-02 -3.778141250900447501e-01 1.675474622614186171e-01 -2.853480923000625280e-01 1.628045765811856893e-01 -1.514334291898443985e-01 -1.669964304630995044e-01 -1.443600543353973087e-01 2.257774555423981699e-01 -8.532489785389857362e-02 2.073368648286225135e-01 -3.364345863195552511e-01 -1.060628953078926739e-01 -2.399007419466100688e-01 -3.540386146025527314e-02 -3.244066776226139232e-02 3.352773476764792093e-02
1.865729644729740844e-01 2.726459745791005584e-01 1.758898736726569600e-01 -1.098851440475416552e-02 3.767372822874616722e-01 7.413055960516901077e-02 -2.868046426170120511e-01 -6.981061776931306306e-02 9.337156104526878053e-02 -2.158615518501480479e-01 -1.004895686737581062e-01 2.680505801869715876e-01 -4.271861042137581888e-01 -1.422371020954764642e-01 1.640643015532505453e-02 -3.677118620506281133e-01 -4.609566597228946516e-02 -9.843346571309662119e-02 3.091743421469340600e-02 -1.028547342806597764e-01 -3.379048259961778267e-02 -4.557186919166088257e-02 4.971932346034012296e-02 -1.717870253555747045e-02 1.491533353399164263e-01 1.012848588916015619e-01 -1.668543512219862746e-01 -1.523596735585772965e-01 -1.636853563020217728e-01 -1.004438042600210856e-01
1.276020482623415608e-01 -7.855716124132942901e-02 3.883757796758822815e-03 3.532294630279169539e-02 -1.860044121934304462e-01 -2.113768305649136869e-01 -3.371342443980278603e-01 -8.333537376784513895e-02 1.453728325871900262e-02 1.250724748090417324e-02 1.936225930705050627e-02 3.941558091604032699e-01 -1.742579100523275427e-03 2.861421755285333268e-01 4.154333501664280170e-01 2.035389377425780022e-01 1.318902101096967872e-01 8.337618570774128768e-02 2.319838085562127977e-02 -1.562894464938765771e-01 1.065050503888819861e-01 4.632512476506094046e-02 1.899974660726189424e-01 2.051879402940857966e-01 -1.483003550266620840e-01 7.193525608011853978e-02 -1.380300986551740994e-01 3.224653666536099750e-01 -3.987227099470443126e-02 -1.777961105349956661e-01
4.610701793642586060e-02 -3.075217617930946223e-02 7.573251072131283179e-02 3.245283859021001471e-01 -5.842398246093801623e-02 2.916611310041223801e-02 -1.318022083184644255e-01 -7.093292507465336072e-02 3.116354930059929140e-01 -1.495197757389337689e-01 -1.082571213664254295e-01 -1.697445447020428377e-01 1.329132049094602086e-01 -3.161946631877513014e-01 1.074841272014148974e-01 -4.379667138068062127e-02 -1.233279689811925262e-01 -2.131260087435156991e-01 1.363406639571821122e-01 5.906274023073718182e-02 5.803316833719900092e-02 3.325237999514070730e-01 -3.339429060092227730e-01 -5.607157790047288121e-02 5.057192551373443368e-02 -6.553074514509071857e-02 -2.011981447670052256e-02 3.365490448525946254e-01 2.384495764653960792e-01 -2.817691596818252542e-01
-2.244332568928074020e-02 3.239348266842215218e-01 -2.024443891124778350e-01 -1.899440661298837651e-01 -1.242697448935878024e-01 3.553194077099885995e-01 1.983620112872615526e-01 1.414659724794680717e-01 2.994218697027630771e-01 1.090643256803927319e-01 1.156061094184736848e-01 1.865868947892385943e-01 -1.363668441266460141e-01 -2.101788846227921614e-01 9.113407945066358262e-02 -1.673378120963324445e-02 -2.813792595995830426e-01 5.628368182652399021e-02 -1.243253477109201588e-01 1.528617666586786772e-01 3.601844089942939087e-02 -2.232190972453037547e-01 1.848698381901611176e-01 2.171182924471501685e-01 -1.613598227272068364e-01 -8.735408284112475275e-02 4.059310214611943496e-02 2.521367592632835497e-01 1.976373833030608262e-01 -6.168206517159502411e-02
2.324399823061519821e-01 1.819364178763455409e-01 -2.416347923974111467e-01 1.899348626240895399e-01 3.342117515775772651e-01 -9.621856862092537099e-02 4.031839100556398013e-03 -3.981007079520111798e-03 -1.505517826353463540e-01 1.920685319990482198e-01 2.226067191092850547e-02 -9.840412798016466567e-02 1.533947273600222982e-01 1.209458748322419230e-01 3.491562552108980200e-02 -1.200324142397274779e-01 -5.280702602317743910e-02 -1.624726611865639492e-01 -2.233890721397823950e-02 -7.649911630929887019e-02 2.089296516527249514e-01 1.318653359076175091e-01 1.564826480405205333e-01 1.209798250647329820e-01 -2.417269131377782487e-01 -5.699644078412979820e-01 5.111944147718799902e-02 -1.666195076847648560e-01 7.067716771073020467e-03 -1.564740535625505358e-01
-1.720278228186974678e-01 2.267567796523371204e-01 1.453525300074907101e-01 1.705904391914467300e-01 -4.161274185389618463e-01 7.223353372608998235e-02 -1.870839861157475026e-01 5.065303784552872141e-02 -8.031664412945661857e-02 1.064494237673764380e-02 -9.986926226906342463e-02 -8.372999508665122936e-02 -3.243898502330592321e-02 -1.107245749713450106e-01 -8.601435125203972520e-02 -1.510039224383673273e-01 -8.174679639887673377e-02 1.887047950130389951e-01 -8.822713299947396171e-03 -7.333427799610812980e-02 3.047511297101826444e-01 3.698129527565423569e-01 2.075471989283598495e-01 3.288459000791080777e-01 1.150990386557244477e-01 3.658742596985306572e-02 2.487717800440338023e-01 -1.741552731611228089e-01 -1.603394008605052712e-01 1.569751620260311509e-01
5.087271328434084250e-02 -8.337524530704990000e-02 3.139545341835325853e-01 -1.058823177901670604e-01 1.265863571383389063e-01 -1.734511305174936124e-01 3.970321534579803746e-01 -2.029923670299634553e-01 3.602689853971073608e-02 -2.745403125040623005e-01 1.422545602548019039e-01 4.017805471254044108e-02 -2.590068310175608346e-01 1.203892765727369446e-01 -4.442703948587810314e-02 -3.659643783140016128e-03 1.406870521065995971e-01 -1.218420841610898392e-01 4.652975906141061657e-03 3.947681492243695911e-01 3.437662559826210606e-01 1.824166113789585653e-01 1.169097547353361299e-01 6.853603054176420073e-02 -1.408708262792146837e-01 3.681702937358999686e-03 2.304708985228188511e-01 1.423662212508567115e-01 -2.479200864714703467e-03 8.869855809317064160e-03
