-2.120563870543388241e-01 -1.002914141062366121e-01 1.811774443996565509e-01 9.754441597091322025e-02 -2.695628526790677659e-02 -1.043768334795120989e-01 2.935971490547438778e-01 -2.572908559300795053e-02 -5.053857704626246727e-01 -3.988565896468247995e-01 8.850945656611493295e-02 2.438020133874643780e-02 6.755467784283034375e-04 4.324353920416555697e-02 -8.212909612831185979e-02 -9.973661908815334431e-02 4.077489168915318651e-02 3.210217257635218369e-01 -4.627998557561297660e-02 -2.065328530244459893e-01 -1.465532162197038801e-01 4.165116069950233063e-02 3.462418589905197908e-01 1.242873442865094630e-01 1.022220205403746515e-02 1.268388463593724536e-01 -1.369265293521309268e-01 -4.243210045053023155e-02 -1.311144922742944752e-01 2.582257275606729408e-02
6.563048898574254213e-03 -2.272261382093213322e-01 -1.789775682138928792e-01 8.118957366007255316e-02 3.214068655031249166e-02 7.825758213314967793e-02 -2.291582220286873459e-02 1.202548932631095080e-01 2.328391532134314323e-01 5.046842968195006107e-02 -2.044906345496761146e-01 1.269273171216638192e-02 4.060342265633855585e-01 1.587799658216093937e-02 3.735244060460043980e-01 1.229459416916496434e-01 1.293655831515967969e-01 3.601704085020366874e-01 -1.816151986164118437e-01 -1.663601291394490034e-01 -1.011172860683477864e-01 1.509670417019142591e-02 4.066481302611196086e-02 2.002707539806262288e-02 2.531355859451573376e-01 -1.517699446876513147e-01 -3.073482391151596271e-01 -1.942728299265983061e-01 1.023810522716531585e-01 1.401510794079086075e-01
2.358243928217263197e-01 2.689282238704719941e-01 4.306718357623595117e-01 -5.202107428081335916e-02 2.321368503380730752e-01 -4.770552992327060926e-02 7.380526847864156588e-03 4.172722926658931769e-02 7.032012627117656400e-02 -3.979859512160429658e-01 -1.634717333282378060e-01 -8.424039977350672448e-02 -1.233528914205637567e-01 7.167659978714845982e-03 4.085990199059418293e-01 4.654680987997306812e-02 -1.129606365517863281e-01 6.569145242352354697e-02 -3.409018013201883367e-03 -1.551047818647712240e-01 -8.432748589071493994e-02 -3.084688712163470570e-02 -3.258179247850185867e-01 1.725641585836527880e-02 -2.210627524378186159e-01 -7.548791879990655873e-02 -4.497429208351694935e-02 1.298318813756380030e-01 4.116896569695228936e-02 1.165049716247071043e-01
-1.462542744686394156e-02 -1.480403159953354031e-01 -2.032935866370909617e-01 2.702349509682460682e-01 -1.632822614781491988e-01 -8.897974603326049003e-02 1.436131535436840634e-01 -1.573270303516967339e-01 3.177278093216454741e-02 -6.217141594514895980e-02 4.787478777316973161e-02 -1.057380538420953364e-01 -1.139152941344478143e-01 3.881336237463011707e-01 3.092533198460694632e-01 1.984256646779502531e-01 1.110737442657489665e-01 -3.853419030782946342e-01 2.178384475694874201e-01 -1.313224414616605273e-01 -1.243236788135176490e-01 -1.265040315429246109e-01 2.150443673708092307e-01 -2.099155237239671012e-01 -2.581531705755067407e-01 -1.766999498507714761e-01 -1.188712645424144093e-01 7.476975824074003074e-02 -3.163992224906164719e-02 -2.639581823179109818e-02
-1.103583134162621215e-01 -9.865085814779993301e-02 1.817993366377475273e-01 8.977722639625911050e-02 -2.429358396713078849e-01 -1.331590067008754652e-01 2.301899762835930008e-01 -1.600357963907499959e-01 -1.534925011370232295e-01 1.965854352863303789e-01 1.452173390827560528e-01 -1.934120333097742450e-01 -1.664890386619498341e-01 -1.344231852964844487e-02 -1.030660656062588887e-01 1.575136999380541414e-01 -1.039158752766781157e-01 5.878410612675284697e-02 5.500076130574983735e-02 9.613515948808312728e-03 2.903818457963569175e-02 1.310465510058919092e-01 -3.764840008565433771e-01 1.358383278645146075e-01 8.835858690569421692e-02 -4.251255565063716824e-01 -9.550142531536626525e-03 -3.045203062107266767e-01 2.435992371325279293e-01 2.476123753321270438e-01
-2.463444229822888132e-01 1.577702112632934917e-01 -1.808317362952110707e-01 -1.054450086661076758e-01 1.054278893969684411e-01 -1.471591916109123710e-01 9.663256645989699856e-02 -1.042455178150014650e-01 -1.475850890114086267e-01 7.984030488680915472e-02 -3.555643739374731993e-01 -1.525593122636645649e-01 5.227626461062954977e-02 5.477251226024427294e-02 -8.399527496700499862e-02 -2.096332093416812814e-01 2.635256363305563121e-01 -2.471523345009907502e-01 -3.028226501409810867e-01 -1.241635637709357226e-01 -3.683323931560812392e-01 -2.777874587211090485e-01 -2.307466280032823835e-01 2.110946371661840404e-01 5.693340001756422297e-02 -3.952219415513709422e-02 7.988873798988492536e-02 6.115397799095312337e-02 1.085867746951598156e-01 -8.963124851399954796e-02
2.312662375123558101e-01 -1.837218940247564757e-03 -2.171339966105477297e-03 -4.443371821188047549e-02 1.166024712224896925e-01 -5.306865850500976922e-01 -6.232268943311376763e-02 -1.827228799872820109e-01 1.064041231450342379e-01 1.535910852741884658e-01 2.317105309163917937e-01 -1.461700987109303129e-01 3.873823818494617210e-01 -1.127065830385184514e-01 -2.551599743964674122e-02 -1.481909457996416490e-01 -1.644786759128878950e-01 -1.776095765736006304e-02 7.196377498243250459e-02 -2.295489454283652087e-01 -1.333442865199872818e-01 2.481352748316913159e-01 1.597884829443630972e-01 1.415785824024279882e-01 -2.196863860639526878e-01 2.345709012966069526e-02 3.833152232493774320e-02 1.918960382339177095e-02 1.882734222295556203e-01 -1.429148838407801048e-01
2.948997710865828518e-03 -1.461301901489555355e-01 2.394572714750936027e-01 -4.499523914889471538e-02 -2.637422850714081501e-02 -1.764027084987632721e-01 1.194329204390292415e-02 1.241566587125738780e-01 -1.160264467438756747e-01 2.540408346734506773e-01 -7.589326331644142241e-03 -2.532503536165637836e-01 1.338233147714511517e-01 1.245863165112692100e-01 1.773395394611506082e-01 1.906718486586693462e-01 8.915176702719619650e-02 -2.249269255873659334e-02 2.588460113492414005e-01 -1.408889813026294180e-01 2.479802231226955478e-01 -3.425820326207001387e-01 -1.520338228293873495e-01 1.450747555023295943e-01 1.645281520511774065e-01 4.737454303691516211e-01 9.328331725942370922e-02 -1.128335701441192246e-01 -1.860538199519298497e-01 -5.097227231667799535e-02
1.022672879230794168e-01 -2.329025609377881334e-01 3.271637870659410002e-02 3.144440129836130748e-01 7.435216751857634532e-02 -2.059193340127480620e-01 2.516196490991128853e-01 2.413667219350414950e-01 2.404743338900282579e-01 1.262869994193945578e-01 -5.634045721000584955e-02 3.657094667739613225e-01 -1.197187833768249832e-01 -6.190684827226890924e-02 -4.840085003152159310e-02 -1.055327246399274110e-01 9.584601334236170223e-02 1.058517821649813534e-01 1.826367780283966458e-01 2.383860815409023504e-01 -2.081156743615215077e-01 -1.088287844817038691e-01 -8.658162624806806096e-02 4.030860617651375044e-01 -1.402815740695890490e-01 -5.785071422905570249e-02 4.386214336574716793e-02 1.574177536595452453e-01 -1.873573028262584816e-01 5.453292726340808888e-02
3.447104128483756136e-01 1.092979214070744221e-01 2.023538713582177517e-01 4.710927619258813981e-01 -1.710555075504507361e-01 9.548398136289425187e-02 -7.463246648270628787e-03 7.279178621032919572e-02 -1.512009816832108611e-01 2.141408905692519793e-02 1.723650406509391608e-02 2.271410655964402892e-01 1.590825394778654089e-01 1.679110585227396313e-01 -4.509145560177378609e-02 -2.693441042595964841e-01 2.129901047599649933e-01 -2.001453836397908692e-01 -2.582681324608134821e-01 -1.825672661760760762e-01 3.178069947212260882e-01 6.034877759516649870e-02 -9.386207377502731042e-02 2.824536247297403796e-02 8.397764968163272392e-02 -3.663115627309711242e-02 -9.459909000733141698e-03 -4.729384776372592275e-02 1.380731381110681666e-01 -1.727383823814575281e-01
-3.340620418969729721e-01 1.337789456493493623e-01 1.919463533690381543e-02 4.727906999700171031e-02 2.294416762470172511e-01 2.376172980126045609e-02 2.955038963121548595e-02 -8.783909694840655313e-02 2.149235060317259693e-01 -1.281869566101595526e-01 8.418400515529349606e-03 -8.380267739836513852e-02 7.420095865621832709e-02 4.483019520565328930e-02 1.162072930939760801e-02 -2.677158452309565395e-01 -2.360039826427901000e-01 -1.931215235340761061e-01 9.663041889002249585e-02 1.152393348221720099e-01 3.898092688829843944e-01 -1.416969994510139108e-01 8.538167051712920730e-02 3.205012682599309159e-01 -1.781970807211627483e-02 -1.505091528984143501e-01 -4.065895339956483445e-01 -2.188369720657102890e-01 -1.062543226658765605e-01 -1.093065145041296760e-01
2.304827847265513152e-01 -2.349824559350204844e-01 8.498594966979935300e-03 -2.290942871200306319e-01 -4.911146304621850922e-02 -1.828282999419531818e-01 1.527433268548868961e-01 1.560627175565484914e-01 1.939664190145853062e-01 -1.421487165154322607e-01 2.505688340060379105e-01 -7.829262096837603935e-02 -9.938651060430619966e-02 -1.423146341085201050e-01 -1.734270858339757582e-01 -1.855419235878708606e-01 1.449274438305997448e-01 -1.495996144807251182e-01 -3.196303565447299877e-01 -2.192480668469212399e-02 -1.811203671020062550e-02 -2.454297107152511870e-01 -9.679473125405137213e-02 -2.981189467683239558e-01 -1.306768501386689485e-01 7.422355923243299791e-02 -2.426144203091775142e-01 -3.049832017300701525e-01 -1.666455257476224527e-01 1.647230808518438117e-01
3.471357587074417328e-01 -5.717347846210688728e-02 1.647614018334045971e-01 -1.444478132855619157e-01 2.100287625857928386e-01 2.363865506000111805e-01 1.561510292834453195e-01 -2.912680086194713858e-01 6.474582543865306516e-02 3.115246639102207116e-01 -2.905582344331665290e-01 -8.020225773494493726e-02 -2.541067571456493979e-01 2.569199709383935826e-01 -2.458277141179193992e-01 1.784155467047178478e-02 5.405900644753717371e-02 4.762051721119829606e-02 4.606079485046383343e-02 -7.775047528383736972e-02 -1.009648713798575181e-01 1.935959898198097162e-01 1.426156160677152507e-01 7.746744377983993957e-02 -1.217060516727927868e-03 1.497802855929675769e-01 -3.488667163975144314e-01 -5.571902870950506959e-02 -1.998443015340175752e-02 -2.374060683695774707e-02
1.897516953375407989e-01 1.898289355696828051e-01 -2.815484163472660728e-01 2.028257814130287051e-01 2.018439487743527716e-01 -4.696094049294213812e-01 2.481813432147935913e-02 -2.091022193509554927e-01 -9.879443093585407731e-02 -3.168945748583189281e-02 -1.414636314693984986e-01 1.452306358261769015e-01 -2.069854017864687645e-01 4.504452410115996480e-02 1.403448950839652869e-02 1.072492024766844368e-02 -2.077013280167314124e-01 7.729704551080200658e-02 -4.081044045460702208e-02 1.098381694098475442e-01 1.774512757298388477e-01 -1.498816037325085004e-01 5.233652449980617793e-02 -1.934101703602029709e-01 3.851740586586143156e-01 1.193404137425388145e-01 -4.141404127849956929e-02 2.116713480984152435e-02 5.678407905837291880e-02 2.827577714377847995e-01
-9.054469406174799062e-02 -1.431595997570303536e-01 2.771312920908216570e-01 9.959292609386906359e-02 -3.398854009555197786e-01 1.154131313643491225e-01 -6.974584851419595236e-03 -4.247386830908105870e-01 9.757787211616895939e-02 1.136965244189541702e-01 -6.181636197517578063e-02 1.287258568987677543e-01 1.156001769033160598e-01 -2.170091922090000569e-01 2.553221072349655743e-02 -1.159689841853603770e-01 -2.766125937904655441e-01 9.934234943365229109e-02 -8.108311559249151146e-02 5.391199148394251045e-02 -9.495753616046487267e-02 -4.265858722141855908e-01 5.703780669292857555e-03 -1.435235119605565157e-01 -7.320747261596755040e-02 1.454306740521644215e-01 -1.567612963022418648e-01 2.556240868497605678e-01 1.837188657203211728e-01 -1.507925378303279045e-02
-1.994799116653862281e-01 -1.910618224408479060e-01 1.724216771443446150e-01 -2.053996298434988821e-01 1.182358799924634329e-01 -1.250302242570432709e-01 8.120536375211448443e-02 5.916013604219723387e-02 -1.130638293488838396e-02 -5.448152698586598147e-02 6.972902547989694860e-03 4.908859758719283928e-01 8.669645665045888627e-02 3.473760967992474136e-01 8.394673144936791453e-02 7.010229151541574888e-02 -2.439004239720104772e-01 -2.068032407558149099e-01 -4.309934513054458627e-02 1.405340075125402488e-01 -1.867753650508529595e-01 1.702112604439922905e-01 -1.691199968759899419e-01 -1.612469559884978365e-01 1.115115451264492991e-01 1.685696060332941004e-01 -5.873029972732399066e-03 -2.288219497348062126e-01 1.952515751685667822e-01 -2.326536657721839929e-01
2.085446201092402141e-01 6.053873485401693039e-02 -4.892737976954996369e-03 1.323556710999801156e-01 -1.645762792707513578e-01 -5.105506320469214293e-02 -2.164083682616495252e-01 -1.705750637198236441e-01 3.722378784754090675e-02 -3.611977617849410627e-01 -1.955956673124884804e-01 2.454444163051901044e-03 -1.985231510076793451e-02 -2.685650711574645855e-01 -1.145554308814825117e-01 2.966314623130124617e-01 1.595683062665201601e-01 -6.609915449757532147e-02 1.658654118140891198e-01 2.092043581400727104e-01 -1.810323859838599003e-01 -9.243105640309487447e-02 6.702677279277002853e-02 1.677407726350282346e-01 3.309571302149279942e-02 8.446257285052848063e-02 -9.085345957088224525e-03 -4.590339102351768119e-01 1.078723680177046812e-01 -2.832298249599182194e-01
1.827434737191553915e-01 1.075958464749881272e-01 -1.473564321980475877e-01 -5.026731084827963658e-02 -2.231658947234752832e-01 5.339250058373585378e-02 -4.579337747682370174e-02 4.467656046097826517e-01 -1.882011892561501198e-01 -3.390433349656386125e-02 8.903547934039687112e-03 -3.839277094485784442e-02 7.010830845928690824e-02 -4.396500648114776144e-02 -1.949787156881078731e-01 7.366509942838873892e-02 -3.575873077064026240e-01 -2.096277570975955129e-01 2.124721316797396897e-01 -1.359857818320464595e-01 -2.239527471526082947e-01 -6.302284999099244667e-02 -8.914959949543942164e-02 9.930671817475206220e-02 1.946795011413502974e-01 -6.952350150598455084e-03 -4.357893022225414192e-01 2.178305678256007849e-01 7.237264238248081183e-02 9.443893789516037696e-03
-8.722671306570267680e-02 3.651382775207622639e-02 3.049903694104484364e-01 3.206615227465549611e-01 2.069996295394228025e-01 -3.976825807912211241e-02 5.723689657490915045e-02 1.681710068386248758e-01 1.347215239164605560e-01 1.255480883407881776e-01 -1.075927886200017669e-01 -2.395932466303415109e-01 -3.188949589084772666e-03 -1.184510571253524630e-01 -1.458192742630442240e-01 3.848759454250085346e-04 -1.830407062761246761e-01 -6.552234854576004242e-03 -1.986271284505628214e-03 -7.499058969817198883e-02 -2.287750416724171620e-01 -3.723283753916512007e-02 1.255907376071273840e-01 -3.973445509542066767e-01 2.730120988413005101e-01 -2.435879128458491305e-01 1.381379341916753045e-01 -7.276087692848930144e-02 -2.582691177712423958e-01 -2.992082450604499066e-01
3.761310313597394234e-02 1.602004895071924839e-01 -1.259449151480521722e-01 1.064139922799347410e-01 1.019280825257253553e-01 1.384354182972223624e-01 -3.366114983586252496e-01 -8.014024509119747897e-02 -2.321627203197903777e-01 2.325096199111819639e-01 8.466170739705500270e-02 2.620441476951563819e-01 3.842063071550202297e-02 1.025297078648058913e-01 -1.586888871598289910e-02 -6.538406662126960110e-03 -2.353869016349502130e-01 1.156368784056467508e-01 -5.565424080288422851e-03 -2.218025520110489535e-01 -1.994710196380092837e-01 -2.131364235202684587e-01 -1.046500892247503728e-01 1.068142019755691056e-02 -3.173080313149662657e-01 -6.544568623004605457e-02 4.222563809625385495e-02 -3.839688997446600305e-01 -3.350204668436572164e-01 1.402296227692637898e-01
1.197594009294673800e-01 3.364300452037528588e-01 -1.851174016402877889e-02 1.468784261180674892e-02 -1.507749564884789395e-01 1.129953829365744900e-01 9.570099012323048104e-02 -1.202500342873259881e-01 2.115219696619498602e-01 -1.030555520700013328e-02 5.139428272411342702e-01 -1.410040898986345270e-01 -3.239341885303911872e-02 2.993969617093720781e-01 1.573463115092618714e-01 -1.365409690167976309e-02 -3.244852908289592303e-02 1.308670849923836144e-01 -1.962251096412609974e-01 2.175689937438264610e-01 -2.992127621698226214e-01 -6.195461321152127138e-02 3.220442370076657805e-04 2.078091970660692900e-01 2.954644980292103207e-01 1.052933754974511721e-01 3.976435463983499230e-02 6.546806956919505073e-03 -1.294746047144839651e-01 -1.046432807046989433e-01
-1.981736907776816825e-01 -1.348226400064291008e-01 5.895126623183799259e-05 1.227642399558305647e-01 -1.678912320399010907e-02 -1.189042482325873423e-01 -2.540718606861764872e-01 5.022485040964225211e-02 2.373898852595381637e-01 -3.707291020730293929e-03 8.363278181519831489e-02 6.182254162655104884e-02 -4.221432070728507457e-01 -4.519133265004061234e-02 -7.212824822509777967e-02 3.420085016572416703e-01 -1.205593972034568195e-01 -2.907728729542634338e-02 -4.119850813648980314e-01 -4.118453663433268019e-01 8.363511016772216811e-02 5.128485838252254403e-02 4.474190446181747910e-02 2.563348350116507190e-01 8.509367369026177991e-03 1.160353862733759650e-01 -3.932306011901623433e-02 1.096477422112290406e-01 2.925606333082552205e-02 -1.278907171230850293e-01
-3.095971903105469991e-01 1.598156034008934023e-01 1.210309321875212285e-01 2.182717776583900093e-01 -8.126373761140631702e-02 -1.897771852622866795e-01 -3.374042698984480171e-01 -8.431661868791831549e-02 1.229903398698052180e-01 -1.329904739984385034e-02 4.369434101443248758e-02 -1.819412619454372632e-02 6.992222729367132683e-02 8.192892751697812559e-02 -1.663270681750558533e-01 -5.097214819505844347e-02 3.325543389367400793e-01 4.725090758374925898e-02 1.568295098524464803e-01 5.893607659595791193e-02 -1.271422288650924937e-01 2.954117438691867270e-01 -2.805763297065506090e-01 -1.960449369863156710e-01 -7.328641131408105205e-03 2.115215417629810468e-01 -3.448058936780532546e-01 1.128797260468315800e-01 -1.582005530114116432e-01 1.743559656773265021e-01
-8.578127397487473119e-03 -6.705737414299903221e-03 -2.104355212153250221e-01 2.871560326043876010e-01 3.472889527281367017e-01 2.241460633739539021e-01 3.537871876119577097e-01 -1.013067903360421879e-01 1.705694393009071774e-02 -1.370669060866231970e-01 1.453538193957864266e-01 -8.727157275647302870e-02 3.065480172670484449e-01 -5.041467121514470878e-02 -2.759661177358970208e-01 3.821785207524303618e-01 -7.669407569895282661e-02 5.890718224943221684e-03 -9.224657023410864909e-02 1.114428002587082057e-02 6.046719020213631168e-02 -2.091178236548473998e-02 -2.960428000656836200e-01 -6.098577816412112385e-02 -1.823172898855638380e-01 2.126801839916893644e-01 -2.400949400091936022e-03 9.063410262006596496e-02 5.711156841084572694e-02 -1.865129140721713194e-02
3.440485449775083221e-02 -5.594596414681197311e-02 8.939434936604744725e-03 -9.442177444420835064e-02 1.301756675841909128e-01 1.214360566537873998e-01 1.144089245217216472e-01 -3.237216539883724931e-01 -8.036355044552345728e-02 1.889065930874332319e-02 1.907509877848711788e-01 2.672600179722740554e-01 1.154796828247876481e-02 -4.494363602268372504e-01 2.309122694462130698e-01 3.938888603051473453e-02 1.372400232339979764e-01 -3.428312389689305295e-01 1.161694711960819387e-01 -2.297740028291138104e-01 -5.911760485676125637e-02 1.450935469754587592e-01 -9.355590204589643577e-02 5.934464255727616572e-02 3.412917858660851067e-01 -6.088237325849499976e-02 -5.980377120848669181e-02 7.563776517243780972e-02 -3.091628668279722270e-01 3.064370560650385780e-02
6.537630010307698969e-02 2.148583697941002651e-02 -2.535688762930208284e-01 -1.405467499380849139e-01 -2.207673639081963457e-01 -1.784144784028631192e-01 1.419489193614257017e-01 -9.752498405613958810e-02 -9.032424957904675034e-02 1.919106662646062611e-02 -1.128933256626834941e-01 3.563722747048843342e-02 -7.513249157302621939e-02 -1.036922707291838656e-02 8.136747204982902604e-02 1.675500491569171775e-03 -3.451828660197950316e-02 3.307358947412168404e-01 -2.303706184642924371e-02 -9.446844956109834782e-03 1.856308033923295131e-01 8.131037764585906380e-02 -3.225981259797826017e-01 -1.142016968345779121e-01 -9.955232436232498705e-02 -1.253730823685412499e-01 -1.706027694561420560e-01 9.067691038384605162e-02 -3.036462927818310842e-01 -5.844043089422428228e-01
-7.534603459460671726e-02 3.409724860408825386e-01 4.374511808272773389e-02 3.474049522556432040e-03 -3.648401528770773838e-01 -8.017394456281620729e-02 3.272517580961504802e-01 7.308542811931394156e-02 1.114478094254428703e-01 1.241839575263442297e-01 -3.161348752440341081e-01 4.061642991762567240e-02 1.526322961095922248e-01 -1.211982437896394899e-01 8.667872664340629807e-02 1.663721718713730979e-01 -1.697736690382706803e-01 -1.913586943787679295e-01 -2.294821631729033751e-01 5.021658772402001758e-02 3.299254952755510673e-02 2.696770951214038092e-01 1.610629905854173427e-01 3.284985319400773179e-02 -1.623164145068187181e-01 1.868788896462435234e-01 5.437997487058837676e-02 -1.310621153319354026e-01 -2.701968548885628207e-01 2.137313433641210292e-01
-1.021426247594080655e-01 2.563705648184382360e-02 -2.194767477057530114e-01 2.470972314602632447e-01 3.190068028750031592e-02 1.600879675924353207e-01 1.328573686030904144e-01 1.361008460254009012e-01 -2.001617628121100598e-02 1.302468680281136659e-01 4.244778590154749121e-02 -1.395169435018067117e-01 -3.284924165660492168e-01 -2.613203688963613436e-01 3.175629807958316730e-01 -3.483323833936790015e-01 -7.603128020118959940e-02 3.567284776334908591e-02 1.198921971014357962e-01 -7.014910754637553036e-02 -1.166969763647947439e-01 1.685794209547716582e-01 -9.193018556654922180e-02 -8.789633401837793070e-02 -8.416320736275414993e-02 3.856564338419056215e-01 -3.450035506375212502e-02 -2.315601252232918905e-01 2.713184111631062323e-01 -1.051302708498095539e-01
-8.091455453066831449e-03 1.038277264071180012e-01 1.504233044755641513e-01 2.995204604940090304e-02 2.211132085438011485e-01 -9.957976003915058882e-02 -8.201569431060282134e-02 1.342977583569828770e-01 -3.670253692827958880e-01 3.229437062088408306e-01 1.536869363241218089e-01 -1.425025342189060323e-02 -3.431191724370695473e-02 -1.941551110730721785e-01 2.226978920255828498e-01 2.591388976395039290e-01 1.577466403120890148e-01 -5.769040223873638656e-02 -2.691220172745240613e-01 4.101389773342413725e-01 -7.454142285647965757e-03 -4.743709605506504778e-02 1.594295767541468734e-01 -1.642154256926247821e-02 -1.676524019905638319e-01 -6.902038697789840416e-02 -3.266406126005262922e-01 7.293910989850212190e-02 9.022735233612771966e-02 -1.172352819016689029e-01
1.312240141943069871e-01 -4.711746705512960820e-01 -5.341706351159504484e-02 1.585336386747432103e-01 -3.564375505830295887e-03 4.315929419892145652e-02 -2.531579448203046812e-01 -1.051157481207683625e-01 -1.966510717935052721e-01 -1.343304435431419419e-01 -1.403472811980748802e-01 -3.130677251468218514e-01 4.617006242910602631e-02 5.806658624524385637e-02 1.188204197192856693e-01 -1.440493682502167472e-01 -2.722572728484135562e-01 -1.647254281454488822e-01 -2.433165621025371872e-01 2.990945847660363976e-01 -6.042170159987095973e-02 2.378189037526053928e-01 -1.326227053224076080e-01 1.346314791608580475e-01 2.893815794476675002e-02 6.645255009007304536e-02 5.797467633018150990e-02 7.273345434856762215e-02 -2.746650866691696113e-01 7.609324404041145629e-02
