4.746650073882370258e-01 3.750743354732617996e-01 1.921939026287435570e-01 2.672846009420629804e-02 -5.001710397046753298e-02 -3.618127430097045072e-01 -5.241884028271545093e-01 2.013226463708110703e-01 3.308155914858565416e-01 -1.954636794383435017e-01
-1.622821490227659702e-01 4.276208887502309652e-01 7.339275626577365097e-01 4.752161098031604247e-02 -1.548635661268774610e-01 3.095617249941734483e-01 3.385942656076022794e-02 1.014604022008882972e-01 -3.389576289155982192e-01 6.125989713792073105e-02
-5.889310662204997326e-01 -3.287880625874154417e-01 1.970836916916131887e-01 -3.542465210691206901e-01 1.859999118695442044e-02 -3.756319335993441588e-01 -3.656193628173137755e-01 2.249815820573999869e-01 -1.135695948113199238e-01 -2.051546663147003069e-01
-2.735743005861506760e-01 4.618958265946234709e-01 -2.688305778294354242e-01 -3.621559517084008695e-01 -5.563087383263215502e-02 -6.895297290781819688e-02 -4.887954153873337593e-02 1.391242969902359572e-01 1.997717161157403221e-01 6.624799693192553462e-01
3.744898360868555431e-01 -2.099874416049538617e-01 3.257638817052634916e-01 -4.279849564437238074e-01 3.771659066948830352e-01 -1.526760917680824448e-01 -6.333163628117219335e-02 -4.408812408777527669e-01 -1.841121371418720787e-01 3.584980523581331457e-01
-3.630640640909912897e-01 3.850102929776778038e-01 2.751339793359449185e-02 2.236152738372919682e-02 1.291388321578448573e-01 -1.551915202311831832e-01 6.354916297911110401e-02 -7.090231750727710169e-01 2.570392949122855542e-01 -3.242093933506677850e-01
1.917687003879723906e-01 2.535568417437881750e-01 -1.166210967973162899e-01 -6.143469049727404707e-01 6.165678856324675883e-02 -3.325047352701878539e-02 4.734987925882669368e-01 2.355468911194179560e-01 -1.332491499395218049e-01 -4.533929417897354375e-01
-3.096576341420407413e-02 -1.754097396343663184e-01 1.209161920226330122e-01 -3.178680459679418813e-01 1.179174245441339947e-01 6.898178076322398766e-01 -2.130035335005397712e-01 2.079399518510653341e-02 5.502503623596771698e-01 -1.194999626056266334e-01
1.298869905814414027e-01 -8.229090908755345990e-02 -1.300513221052916057e-01 -2.796948239458772467e-01 -8.238846968402196991e-01 8.876926633641997466e-02 -2.062759119751315928e-01 -3.508530053191633580e-01 -1.634165630220333898e-01 -4.686685854405796964e-02
-3.470003978984844296e-03 2.466803191289254904e-01 -4.016046932922640034e-01 -4.145500595520813097e-03 3.386026875007290826e-01 3.085135881781358447e-01 -5.175350940078240480e-01 -5.567769503094566891e-02 -5.250330754589610516e-01 -1.462824005971676000e-01
