3.143343707885284388e-01 -4.253504080478476279e-01 -1.996962487783811580e-01 -1.420032784826130434e-01 4.236593177389035708e-02 -9.576092170935901482e-02 -2.148332640593151599e-01 -3.829984047780099488e-01 -3.673939084881002182e-01 5.669594263558932479e-01
-9.303697591784211574e-02 -5.086153312488492229e-02 -1.615292811780089655e-01 -5.930463543807136251e-01 5.511824737614967606e-01 6.714231530606631915e-02 -4.502797179094029656e-01 5.244814021939083609e-02 2.349797078901796898e-01 -2.047760573368114512e-01
-2.041806501862536150e-01 -2.559497893356194598e-01 -6.526080221651732460e-02 1.169020080890823682e-01 -1.722303152972871620e-01 7.271910741980659454e-01 -1.081952357774251805e-01 -4.359212408333904554e-01 -8.544286798964509377e-02 -3.276747698277605592e-01
-4.304818217068147046e-01 -3.448836090301960478e-01 5.600961745376484835e-01 -3.816912449711846178e-01 -2.039149687354448737e-01 7.562401012680961595e-04 6.940950218055886266e-03 2.920907411110925667e-01 -3.180385969140326341e-01 9.082484709404529954e-02
3.152061865881238822e-01 -4.999793230444896097e-01 2.721152664622529249e-01 -1.624678218993616877e-02 3.551163170315763673e-01 9.293523828163378908e-02 5.652821804644225789e-01 -4.380536335624306277e-02 3.407569191336337067e-01 -6.350095910953870715e-02
2.072757388584888505e-01 5.271033764217174511e-01 4.757637480201551416e-01 -1.779649467153662512e-01 6.772903756450082691e-02 4.342806174880407544e-01 -3.863189990820548037e-02 -1.648607272235211862e-01 1.268870230390514997e-01 4.280390817598292985e-01
-3.979908952986778714e-01 1.601973865878184716e-02 -4.418939245734228027e-01 6.477638146167384592e-02 2.632702045239929678e-01 3.615893845204177781e-01 3.343543641655880583e-01 3.414307144351634848e-01 -5.054847989087084270e-02 4.592378349602443954e-01
4.529035981625360863e-02 -2.474126919155107129e-01 2.522519767203891816e-01 6.019863687565636390e-01 2.143858815250273553e-01 1.112178168210643664e-01 -5.411281846031915643e-01 3.440707773773850620e-01 1.381994597699872374e-01 1.486031075897490672e-01
2.510044264318077034e-01 -1.917768433410532991e-01 -2.272973070233470783e-01 -2.503948293247005297e-01 -6.103653230635327498e-01 1.784433461059538317e-01 -1.101657832671127241e-01 3.214491988347314977e-01 4.946874732385479478e-01 1.459011485758160975e-01
-5.475073736658663259e-01 -7.726456941211778950e-02 7.141270350566041036e-02 8.694932987415032732e-02 -6.815612169132513609e-02 -2.920948446827524858e-01 -3.943397527108406103e-02 -4.558836430458551026e-01 5.502469353263581553e-01 2.819301730123613403e-01
