-3.852425263383654208e-01 -3.397334587741049523e-03 3.131428536237126220e-03 3.150005966720733075e-01 -1.231501215460399923e-01 -2.768731846509115968e-01 1.224824775060308346e-01 -1.350103630379169417e-01 -6.315176515143434977e-02 -6.947538520796386896e-02 2.961060341357343306e-01 -1.315255874323620344e-01 2.154519085317864180e-01 -2.536978052182951582e-01 1.913763112339096073e-01 4.104730424159020591e-02 7.807589901103488030e-03 -5.775106549644612453e-02 4.089283806932937117e-03 -4.066444693670492327e-01 -1.953775925500527977e-01 -6.837625042486999982e-02 -3.195223965502012181e-02 2.782972080657424019e-02 1.598645376672836182e-01 5.978839451451973402e-02 -3.104681443525323936e-01 1.390746133412220087e-01 -4.349251080110132228e-02 6.505004327298676003e-02
1.378275493999610024e-01 1.727763742117876533e-01 2.617079010019430774e-01 2.336650568274228346e-01 -3.227127194622207706e-02 3.194114424005186498e-02 -2.776334901434272806e-02 -1.614428912476323363e-02 1.552802346922656784e-01 4.412878773868494364e-01 1.681540486986112248e-01 -1.481900861149972326e-01 -2.176494331388862113e-01 -2.330775325955496136e-01 6.106697606773935083e-02 -1.740643938527614842e-01 -4.741869818919952628e-02 -9.637213432083896469e-02 3.128243253891574427e-01 -4.627717760861560330e-03 1.258556520909649423e-01 7.196566940225110343e-02 -1.962536675056332780e-01 2.422425549393127653e-01 -7.837843794407603482e-02 3.088754858200856157e-01 2.013681536113154091e-01 -2.036535296929654210e-02 -2.208407940506636191e-01 -3.531751637346951245e-02
1.103948267883725770e-01 1.908438204225390289e-01 -1.551300515561881699e-01 1.002756071232193125e-01 -2.030968365106415874e-01 -2.045860344671060482e-01 2.728839719859039170e-01 5.618052467087800844e-02 2.223006548283589789e-01 -1.413525872541407102e-01 -2.073857407930398966e-01 -2.292817151490792252e-02 -1.108628223855255696e-01 7.200614982333251868e-02 6.742646119067959021e-02 -1.568913451498030187e-01 -1.736501961552197326e-01 1.678879267475215653e-01 2.887207734071636084e-02 1.000868206937005067e-01 -3.644141770956651483e-01 -3.558903832676600931e-01 -2.209267753646901034e-01 -1.385481769160405441e-01 -2.680368385834183131e-01 -1.317650734891017694e-01 4.282368591177806993e-02 1.827658893267821230e-02 -3.267301908833388779e-01 4.688431475232423401e-02
1.878406202808741154e-01 -1.855491876752172684e-02 9.942317333589009709e-02 4.604538843083583188e-02 5.799699143964730935e-03 -2.358967349773447575e-01 -1.414376626568384088e-01 1.302568605639027322e-01 -2.329089037167047793e-01 -4.475018034513265908e-02 8.340216104280331888e-02 1.473025880736553717e-01 1.117053442171577482e-01 2.181326142090479203e-01 -1.609445685320070318e-01 -1.326003992712082857e-01 1.303222324073403660e-01 -1.692002653569044113e-01 2.200244091702233673e-01 4.358885270140182289e-02 8.902464486898628571e-02 -3.512160406391640621e-01 6.374355270555581710e-02 6.362449247327491009e-02 4.754466438734936129e-01 -9.389843418266893837e-02 3.739015777328030116e-02 -1.373845167899612751e-01 -3.185880872392646834e-01 2.816291407262504487e-01
-4.823043304014244109e-02 -1.424374062759485027e-01 2.457455439329341018e-02 1.242352299558836387e-01 -3.358217616024012364e-01 -3.438793700577565948e-01 2.211444489060767071e-01 -2.037481885757806421e-01 -1.212303473421127639e-02 -4.979621002388800316e-02 4.138809004755125004e-02 -2.688264636543110167e-02 -1.941914677334590222e-01 -2.683525196449488767e-02 -3.664596060969882441e-01 7.751557622314299983e-03 -6.573700591478828792e-02 9.136953609728269698e-02 3.041061534078345549e-02 -3.861255409760294688e-02 4.213804674474529444e-01 -2.191945156099404102e-01 6.825436071484855538e-02 -1.665581479788982022e-01 -3.568636102789948805e-02 7.590946978853645166e-02 2.141492512662338255e-01 -7.511827779555552143e-02 3.422181801074500873e-01 -1.153645524859432669e-01
-1.126983298320521354e-01 -2.873863807282828545e-02 5.386535518094150987e-01 -1.732769335344556683e-01 1.534926580322995282e-01 -2.119845478981118025e-02 3.419913872649330000e-01 1.597572489031864190e-02 -2.544832802193798260e-01 -1.002955711691757984e-01 8.183131898812756599e-02 -9.569776473729200983e-02 -2.805127217037522436e-01 1.896507462585816373e-01 5.557642268747788050e-02 5.977720468804040288e-02 -2.553558938389657307e-01 -2.339896771615729842e-01 -8.263068830547766475e-02 6.282794048901137185e-02 -4.752873302863611094e-02 -4.318259764848576820e-02 -1.030543768178138336e-01 1.871301977633254010e-01 -1.447319327014327528e-01 -1.504150762943575748e-01 -5.717555942658499729e-02 1.121936331536671494e-01 1.181037427220307107e-01 2.433395216196795885e-01
1.633980494729279920e-01 4.468122466804200776e-01 4.490795200372367513e-02 4.331164818316192433e-02 8.038541657381025052e-02 -3.124171727473638027e-01 -2.263075407124677529e-02 2.336148203151260372e-01 -1.971788215434195912e-01 -1.669290945870928744e-01 6.901315016256025225e-02 -2.787665927882614358e-01 3.661663106098160536e-02 -2.402455909946871748e-01 -5.751093927322135403e-03 -3.877266765990015907e-02 5.338178767270656405e-02 5.183318305541031318e-02 4.387109227927196708e-02 1.936005860565805925e-01 -2.802172393719070120e-01 2.269909866968637113e-01 1.879106980600791232e-01 -6.494110027028553167e-02 8.155990045134546562e-02 -2.587368907738765711e-02 2.090100063437121403e-01 -1.585144354279166001e-01 3.317241507397475364e-01 1.041388618002459659e-02
-8.030638813309490254e-02 -5.481178227948710346e-02 -1.569659069211103153e-01 2.667163214873124466e-01 1.508256397358388179e-01 -5.933622774006527822e-02 4.053930188795738104e-02 -2.152453189870145445e-01 -1.191488548799003316e-01 1.958240986609830203e-01 1.604240097325337344e-01 1.381487319216746501e-01 -1.296043312057157115e-01 1.153609341402861976e-01 1.041093097089585209e-02 5.503607763597477553e-02 -4.847065073650553765e-03 2.714438387885645398e-01 1.161672697922147141e-01 -2.402309616863098143e-02 -8.357799263414372737e-02 9.066142733748666638e-02 4.267882330531798662e-01 3.301149752857147623e-01 -2.368688907289389078e-01 -4.334460954363102969e-01 1.189762803963102661e-01 -1.616260140701256953e-01 -1.046514456422580480e-01 2.452688232194498788e-02
-4.065330071684129104e-02 3.457054961599649312e-01 -1.226279620649055671e-02 -1.412385353377360875e-01 2.291899233873506136e-01 -2.034172475097382193e-01 2.623138052142698351e-01 4.008564868022478078e-02 -9.504117142096209225e-02 1.322951682602044876e-01 -2.690838756280302113e-01 1.245114414771774508e-01 -5.116418303559896325e-02 9.643955313593235643e-03 3.674816692231738235e-01 5.307706575364934398e-02 1.503232926388383683e-01 2.226248759866701898e-01 7.105653049508849073e-02 -4.718980056916290827e-02 4.032067517455266703e-01 -7.138745756140249532e-02 2.356772383311754315e-01 -9.412301974887095357e-02 5.699951830833552280e-02 1.325028302247060474e-01 -9.528351925254820165e-02 2.995394496012698804e-01 -9.063304135810107409e-02 -8.173996984419283282e-03
1.280431001322869800e-01 -5.904819787101358436e-02 -1.168202573132225142e-01 3.216208756415096515e-01 4.698648094589968210e-02 1.300382778997518640e-01 -7.136020321102666542e-02 1.278542682442317113e-01 1.127181089193038943e-01 -3.296308275346241379e-01 8.219162997246090563e-02 1.079489046523597201e-01 -5.811200290942301061e-01 -1.301918346453951880e-01 2.503486908082402235e-02 -8.395192128727123337e-02 1.711805157974631564e-01 -5.091303499500175744e-02 -1.953433912156651298e-01 5.088899265513424641e-03 5.335363514450413430e-02 4.111682645183421803e-02 2.120340870631114982e-01 -5.903002034983202001e-02 -1.273772487130283605e-02 2.029701904599177653e-01 -2.062093017110288584e-01 3.261339175549631680e-02 -1.581757832287282450e-02 3.348491972791917681e-01
1.556894850120125184e-01 -4.079929627945249465e-02 2.130156098136247733e-01 -1.310310516643101164e-01 -2.984259626347265937e-01 -1.286637765080431706e-01 -2.297741830046527434e-01 1.290519377928298905e-01 -1.070303984039419620e-01 -1.764598562216074598e-02 2.090433755712322872e-01 2.266892906793596674e-01 9.556918507085167269e-02 -3.686275655159050868e-01 1.549528610246919125e-01 -6.651987991281957391e-02 -2.716762016782057754e-01 1.379841647035452701e-01 -4.347972809068915701e-01 1.124344811390580040e-01 1.836909613832398980e-01 2.194419030648241294e-03 1.185165651645610357e-01 4.326571633699367175e-02 -8.939895591430964406e-02 -1.653160300075595668e-01 2.162664235665134188e-02 1.081747409637588558e-01 -2.380075569573365524e-01 -8.853033175509018859e-02
-2.675837715299976827e-01 2.933477926223681531e-01 -3.257888096103328524e-01 -2.852460990933042839e-01 -6.065676951290895069e-02 2.284196515701077471e-02 1.712939129532028149e-01 8.167805923438685445e-02 1.694716276499709795e-01 1.739171755225174254e-01 2.762545916228510978e-01 6.843281620971562729e-02 5.597836682767747679e-02 4.582062166586541030e-03 -2.026465422942971273e-01 4.139436174362980114e-02 -1.033694631022962218e-01 -2.145974847795592121e-03 -1.988048981325128417e-01 -3.554457231952250912e-02 1.299961888636800844e-01 1.596619232015344669e-01 -9.335665726363066852e-02 4.522845160192549493e-03 3.779872994609962539e-02 3.516567052450726011e-02 1.774911251038767401e-01 -1.167490592280761019e-01 -7.706292319743932029e-02 5.219063415472449119e-01
4.598333829608974854e-02 1.410241834524668912e-02 1.639117581123728518e-01 3.287260050545721679e-01 1.267957538918744465e-01 2.254255286887762999e-01 2.003881616992894965e-01 -1.897775881901701545e-01 2.512028023701255441e-01 -3.072890673316959198e-01 -3.036606468138305231e-02 -1.855442957450431085e-01 3.651114716286126827e-01 1.084598728084136890e-02 -2.252547924465199847e-03 -1.590314286734401394e-01 1.912886248439181480e-02 -5.240058566943796986e-02 -9.524990773142676115e-02 8.624966444783846442e-02 2.270894114041526468e-01 1.401949876231769754e-01 9.447077981278904912e-02 -6.711305933814974700e-02 8.534387100201284992e-02 -1.930397240004011472e-01 3.496305023206803253e-01 2.601304442899230462e-01 -1.230120130355041169e-01 1.192900486320472297e-01
8.644175860101915854e-02 -1.281596460430159956e-01 -4.367333036975670768e-02 -1.105381573002440915e-01 -2.255550241782715015e-01 2.340381688799735294e-01 1.835579995239711715e-01 2.439563942734182256e-01 1.861280861872425738e-03 1.501841032059151038e-01 -5.056962062895297566e-02 -4.398454711698972508e-01 8.342423994186359826e-02 -2.451952574346229208e-01 -8.477507316815274807e-02 -1.298600022648687125e-01 1.520734343593524163e-01 1.284693081032584894e-01 1.956402248613081929e-01 1.022525759133468964e-01 1.909740507123178221e-01 -9.360938115984789032e-02 1.023915587274730060e-01 7.181300497474812916e-02 -5.383040665074931980e-02 -3.163870465277457411e-01 -4.081861068342297894e-01 -3.263730787319465976e-02 5.634099447791007798e-02 1.741226150982034815e-01
-1.218201692530823804e-01 2.159488910444024024e-01 1.863170139466306663e-02 -7.037470668988361766e-03 5.328933071769710941e-03 1.508179405319385602e-01 2.600527202180666908e-01 -5.501277784044262403e-02 7.119071602609589045e-02 7.112754836395569769e-02 -1.718282977418717772e-01 2.539593424342045380e-01 -2.021233041476845627e-02 -3.445481650746340385e-01 -5.121944056584531307e-02 -3.635745930552793364e-03 1.576943153589326074e-01 -5.650014907092865135e-01 -1.357311427301166884e-01 7.534124899975778479e-03 -3.737628513593573704e-02 -1.937080674011102399e-01 1.892736624393047684e-01 6.905286974740324976e-03 1.183483763403436403e-02 -1.730302875435241194e-01 2.684844783814291716e-03 -2.996328067167975950e-01 -3.858812391489915145e-02 -2.450985405061850975e-01
1.376157154057832954e-01 3.018657201908399833e-03 -2.132098666033416245e-01 -3.058833596383321862e-01 1.562239390864116340e-01 1.623402432920993677e-01 1.370417431184678958e-01 -1.640288348015912501e-01 -3.226798237691629878e-01 -2.725470065662293218e-01 1.111770411626739341e-01 -8.274988718564993406e-02 -8.094352262592804936e-02 -2.047593034364831588e-01 -2.803927507593758084e-01 -2.113638608415539522e-01 -2.610700819329941358e-01 -2.267885821930337720e-02 2.356623950728275463e-01 -2.692917014446620239e-01 -3.626928107994249750e-02 7.541949420601985754e-02 1.473189233953716704e-01 -5.814386353104510768e-02 -3.586777313528586447e-02 1.348810561960587795e-01 2.142491069094433140e-02 1.257348805970152361e-01 -2.879824402361944036e-01 -1.694199697045851438e-01
-1.812458620495244199e-01 -4.125262374880547256e-01 -1.320884701713653797e-01 -2.337593803503659473e-01 -6.121757200245851044e-02 -1.198331851761722244e-01 1.323603291046521191e-01 5.227179326658208669e-02 1.092567585910626804e-01 -1.270616913272744897e-01 1.366424980052098337e-01 1.472520516417873690e-03 -1.473183039491710311e-01 -6.434642129873922867e-02 5.327914216152496163e-01 -1.730118340733727000e-01 1.188043659936166910e-02 -1.148490513238230176e-01 2.721993158058209628e-01 1.724468208935672486e-01 3.246102532543060359e-02 1.740725297858631004e-01 6.403837479776888254e-03 -1.582471852313085958e-01 1.471341203083475768e-01 -7.377967385995146121e-02 2.391085937204740219e-01 -2.002039637045192888e-01 -3.415501129302030842e-02 -3.179761595753988201e-02
-2.774905832188336377e-02 3.291826824585448175e-01 1.637665509837397948e-01 -1.198189827835346999e-01 -5.789606861912111047e-01 1.899456176972903199e-01 -8.241831197943459697e-02 -3.409950180375747042e-01 -8.521539486718836265e-02 -1.104699625771652927e-01 -7.878167636546458408e-02 7.146498668864703641e-02 -2.273034442793402943e-01 1.497716567611619698e-01 5.926743560097819108e-02 4.684707998930646294e-03 2.098587474825234500e-01 6.992427522789888827e-02 1.268083268406736408e-01 -7.883341460131991496e-02 -7.155913105120163820e-02 2.864993166952070625e-01 -3.506383632956763113e-02 -1.580511635753094335e-02 2.110831110636687824e-01 -1.863675848462615359e-01 -2.683199773228498244e-02 6.654569042190029704e-02 -5.034799130949265539e-02 7.501392531265970408e-03
-2.638635732991719274e-01 2.672526708794422112e-01 -3.767851989043520533e-02 -9.045537008674227331e-02 8.023026596617012507e-02 2.162889072748786223e-01 -2.301114291495505726e-01 1.168475374674725481e-01 1.099697191274157243e-01 -3.221358520182005525e-01 4.122408654820944873e-01 -1.691923362380273743e-02 -6.929719750888345409e-02 -4.943481255199928467e-03 4.586967429526953716e-02 1.418201465707648046e-01 1.278852406417329557e-01 8.537160125540697864e-02 2.082562367533224712e-01 1.317218859017157129e-01 1.416951246845712942e-01 -4.284653382005906286e-01 -9.714828540279814295e-02 1.379872817369112159e-01 -1.019902679890233449e-01 -1.039646992000181625e-01 9.240741439447175409e-02 1.285665762618021513e-01 8.147512945244926585e-02 -2.167271519060171847e-01
7.778374016191330620e-02 -7.357184831662212654e-02 -9.520438362352369455e-02 7.878972231868005410e-03 -2.972424203051041158e-01 2.090512849053859368e-01 4.072257432461377780e-02 4.986374987177733670e-02 -2.302463994897166188e-01 -1.608176268117673946e-01 -2.268776435162591087e-01 -1.235523120680016573e-01 1.607263034236190991e-01 -2.968329675839844958e-02 2.634302728238691604e-01 3.260617822980703129e-01 -2.439471062640891086e-02 -2.291274722866937924e-02 -5.530852012134845376e-03 -1.365722159738434194e-01 -1.247614361504212170e-02 -2.053149207180276214e-01 1.654734395727786023e-01 3.347273014956800297e-01 -1.260051967817316099e-01 3.314817481227169127e-01 3.220827065957043156e-01 -1.455647036262875671e-01 5.772399327648499584e-03 2.071642521201620124e-01
1.000634034821354101e-01 -1.933745891057765121e-01 -1.497481517542406659e-01 -2.126962723973300357e-02 -7.001466997836739044e-03 -8.940389943329529743e-02 1.518540242960864095e-01 -1.166588508979514160e-01 -5.547899600773881917e-02 1.056214702771890168e-01 2.649146231222386863e-02 4.844797477619808279e-02 -9.908725232604104205e-02 -2.930089703208308416e-01 -1.687030325107476691e-01 4.953215129524693450e-01 1.753752751072688576e-01 -5.267596094416637786e-02 5.959305547020632421e-02 3.953448130783383530e-01 -1.882755693881777992e-01 2.883598478233132673e-02 -1.075244591128855093e-01 6.403110840700573791e-02 1.718481060631808222e-01 -3.098284681923878583e-02 1.038437448323138862e-01 4.453566461567167734e-01 -1.090813484604555850e-01 3.753514276742556804e-02
-1.318896587968790279e-01 -4.165604342476571936e-02 2.253765184025891821e-01 -1.130276638262307648e-01 1.878571403244148896e-01 -2.996378564712163378e-02 -2.981744381450782133e-01 -2.620077074351061519e-01 9.053289118526119950e-02 -8.742793977176542553e-02 -2.971343050228504312e-01 2.118418765510773905e-01 4.832425209570193059e-02 -4.400850632237879867e-01 -4.568190072194015794e-02 1.275514363392185949e-02 -6.235320579436665761e-02 1.591251760979178198e-01 2.897737096153476521e-01 -6.558297911155953897e-02 -3.043234149625213825e-02 -9.602692238560947557e-02 -8.561258206801314330e-02 -1.262458143308385350e-01 -1.295577988533870295e-01 -8.915541476523622388e-02 3.895802095715809182e-02 -9.082006913177519125e-02 1.146772288081289448e-01 4.215997675011661228e-01
3.355792231616605559e-01 -2.440434054273413027e-03 -1.116632978240905544e-01 -1.406869180665587353e-02 3.942779987951088722e-02 -2.489008371640917539e-01 5.461467399291286551e-02 1.770294292559375371e-01 5.677678757127580661e-02 -2.238129846446654247e-01 -7.887011226625577007e-03 1.348796720226306534e-01 3.159758705646121407e-02 -4.242247626348451955e-02 1.638648031691663370e-02 1.637979869805647470e-01 2.218062115809101564e-01 -1.630744140572131518e-01 9.100160682464417117e-02 -4.014013553927173183e-01 2.332816530730543458e-01 2.463300819629763438e-01 -3.757466004477728605e-01 2.047274423148895128e-01 -2.286258345020771854e-01 -2.797978756671281597e-01 1.431505807998532422e-02 -1.393914191914720317e-02 2.420167074984248129e-02 -2.199667935738548394e-02
2.974362590413676122e-01 6.048248482028175527e-02 -1.781293755512522725e-01 -1.346342136542978685e-01 -4.258389900851964477e-02 -8.401328081621452226e-02 7.980213355245066587e-02 -4.031482926977199011e-01 8.542546701118931829e-02 -3.882888041140238750e-02 1.673572933932997442e-01 2.091885116294195379e-01 2.117588223613965648e-01 3.909024652102303932e-02 1.419481217517584992e-01 -3.444355656621308492e-01 2.343182324740273811e-02 -1.192466361317598977e-01 2.720341145031219751e-02 2.474075837691241397e-01 -3.917098491608381888e-02 -9.211392034942647578e-02 1.274231083948717570e-02 3.297777085661899310e-01 -8.905771401342947591e-02 1.627208899591183200e-01 -2.097205798521482312e-01 1.074056171087150596e-01 3.424411405353068316e-01 1.080356649135131991e-01
-4.410923809887334034e-03 -4.537773504396343249e-02 1.483368725681347422e-01 1.304822837944028258e-01 -1.947882870514801301e-01 1.872563691813532161e-01 1.940506308682551639e-01 3.790753095451254717e-01 -7.771875061289272579e-02 8.113713226448540650e-02 1.720835194720819750e-01 4.803851713184779659e-01 2.102789999236085172e-01 6.317185866013587392e-02 -7.691624123442337979e-02 -4.915495731181748762e-02 4.024951731433662472e-02 -1.507760949510764115e-02 3.258663380749984295e-01 -4.391416480846437737e-02 -1.602121603667104321e-01 8.897167104625700040e-02 1.482202649088121549e-01 -2.621571528126517836e-01 -2.315261633977522826e-01 9.302710985401474453e-02 5.731542716140011068e-02 2.197569220401906775e-01 1.520593260499768229e-01 6.149499638982502264e-02
3.350147459380708459e-01 3.810595404379377854e-02 -7.460109659000685456e-02 1.294753372220589227e-01 1.338531759702622781e-01 3.108081125883414564e-01 1.447322112283519480e-01 -1.765146630821674001e-01 -2.943457299232660751e-01 1.924734066102270214e-01 2.487684789626046500e-01 3.714760376174483514e-02 -4.479622225520236284e-02 -8.197010235827037472e-02 2.548614938990264589e-01 6.768863044913472904e-02 1.404471939115239367e-03 1.576889741649356858e-01 -1.360918095328395028e-01 -1.236538902214058683e-01 7.876288032223789995e-03 -2.146226779978861188e-01 -2.985442708588128546e-01 -3.616431918774582477e-01 1.381643487651046664e-01 -1.518181458521772609e-01 9.052608013772979467e-02 -1.586906901765683386e-01 1.670453137662714638e-01 6.331810534570231352e-02
-2.341617657047510292e-01 6.237075593315837690e-02 -2.722258669151185195e-01 1.995028991246878269e-01 -6.594397055008059672e-02 -5.205348435850225275e-02 -2.711392820057274555e-01 -6.050871526232612374e-02 -4.850740063961361259e-01 7.956666959130684336e-02 -1.207194131534898851e-01 -1.095886921268829500e-01 1.945116797942973708e-02 4.067851737852244687e-02 5.384624358130739308e-02 -1.810506863768563679e-01 5.616451734837064891e-02 -3.414030414842068595e-01 -2.845093140754171700e-03 2.228561999232313573e-01 1.805487814469951824e-01 5.247524092145827018e-02 -1.666381803918236260e-01 -1.822219821226344905e-01 -3.568265276286650689e-01 -7.223173572264353359e-02 3.332688572702027785e-02 1.581820099298539284e-01 -5.150666110082498944e-02 1.008741714408524642e-01
2.525997139059310004e-01 1.151548598632215759e-01 -8.745606799434288425e-02 -1.976884544279281647e-02 -6.808785024399642560e-02 -5.410007436261522751e-02 -2.202256271251590292e-01 -7.768555262440914044e-02 2.709518047076313052e-01 1.092712287295525414e-01 8.798364851837603418e-02 -1.588158100821663865e-01 -2.700737458298018215e-02 1.266455379696567463e-01 1.346229114605944632e-01 3.433297771327172287e-01 -4.057721078392546032e-01 -3.705405678765235633e-01 1.961185116130465811e-01 -9.800624606404709227e-02 5.087345710131819382e-02 -5.009761430271282567e-02 3.124527735518706217e-01 -2.659807339255866876e-01 -3.012354734034614762e-02 -1.459657296171365803e-01 -1.033639751207773017e-01 1.203542375558715322e-01 6.020613051673918276e-02 8.493276493645063319e-02
-1.043359096034159744e-01 6.027025397983771376e-02 -2.403854030999873770e-01 2.281063015930506199e-01 -2.805811073064263736e-02 1.313361924999417452e-01 -2.813770105552619756e-03 2.245179968432179096e-01 -4.460666942545053748e-02 -7.372743256427725152e-04 -2.671669785631942129e-01 1.828059571448954479e-01 -1.149600269836377753e-01 -9.031902726381729751e-02 2.541916635135958377e-02 -1.277253142219181292e-01 -4.993183588061715916e-01 1.580677891391013556e-02 9.633256394337000317e-02 -1.719913596279985801e-02 6.486574475697033659e-02 2.873676081400875632e-02 -1.501723412277279346e-01 2.855799931955075865e-01 4.006400231833258663e-01 -1.718815861384080657e-01 2.494288727325844751e-02 1.695541015576856325e-01 2.667302528689850516e-01 -5.687260072392584520e-02
1.141376789699777468e-02 -1.147368749849725922e-01 -3.119148507609392426e-02 -2.118968366668192438e-01 -5.775643480957544200e-03 -3.948933905661402427e-02 -1.567666082569369457e-01 7.574239715407816986e-02 8.098371175887242313e-02 2.374478203500665630e-01 -4.565817428908473113e-02 -1.293915126411996352e-01 -1.566756651267527112e-01 -1.039514633782740068e-02 1.044474682153102157e-02 -3.057528952873792560e-01 2.469239516344967078e-01 -8.308892210213413010e-02 -1.845111172094176799e-01 -3.753741296752082790e-01 -2.219481682963033997e-01 -2.217288888609254549e-01 1.314567423262749946e-01 4.386221825319950446e-02 2.337771123345579183e-02 -1.509465266484962820e-01 3.597335478340104586e-01 3.985381147780810984e-01 1.831090760966244957e-01 5.791999828740680700e-02
