-1.715728894180053032e-01 2.921595430650071878e-01 -4.594344133466914948e-01 -5.789813326139719996e-01 -4.037949588364907888e-02 -3.384880648837705897e-01 1.813142264447711871e-01 3.009746958108688517e-02 -2.571412715266539403e-02 -4.338889084222863346e-01
2.525050999555991105e-01 2.422556056618700437e-01 -3.689237206177797823e-01 5.200876101112882344e-01 4.892434760007863814e-01 -3.625395296724663319e-01 3.226292080141898722e-02 -2.558938225328725169e-01 1.825413641551386357e-01 -1.787676466446467410e-02
2.888268153285804551e-01 3.133132372034811569e-02 5.500172685643986981e-01 -1.785379878331518899e-01 3.166739557316752829e-01 -2.620318892450489434e-01 -4.102404696634001091e-01 -6.241316394612789892e-02 -2.464334021549753062e-01 -4.234825110690664807e-01
-5.679612465322233517e-01 -2.603881506557531034e-01 -1.880784949755714974e-01 2.850875841002583830e-02 1.029693458026842284e-01 4.424062380098663788e-03 -3.517231434181202765e-01 -5.717208781488042346e-01 -3.336275172021408442e-01 3.046724458625357443e-02
1.310937431719363666e-01 2.761019592328141092e-01 -7.808810159758085463e-03 5.330106007196988918e-03 -5.781035846874009732e-01 -4.873693325885659067e-01 -4.222880260129763252e-01 -8.134734293828345397e-02 1.249059546793716705e-03 3.870581388109016752e-01
-1.225998272475348205e-01 1.806099119788613927e-01 2.029242831644477163e-01 2.304578625928266344e-01 -3.975463355240355795e-02 -2.578901082303269310e-01 5.239150946052867353e-01 7.031757762653463584e-02 -7.046836513444878491e-01 1.181603806804056161e-01
-2.100552520137252965e-01 7.837591458846270287e-01 2.695533371695358824e-02 1.612363498847300958e-02 1.761429313848178191e-01 4.597824411562860258e-01 -2.641734773232447542e-01 1.039127161524925486e-01 -9.896778712883574913e-02 8.834876151777329434e-02
-3.947548247207343097e-01 -2.213362310657487550e-02 2.916990392088503886e-02 5.290366322420713141e-01 -2.683692092594447964e-01 -1.232217292718767870e-01 -1.812449585604180013e-01 3.834131181597772997e-01 1.191698315098734529e-01 -5.307406707358484077e-01
7.958414280173141397e-02 2.363224763576404763e-01 2.669638236842502566e-01 1.013357193699750969e-01 -3.788736790470002003e-01 1.880969862916760937e-01 2.969197859911770210e-01 -6.582146814223206466e-01 2.080699376025438307e-01 -3.356377127095226953e-01
-5.121508643296371899e-01 8.776412145525254449e-02 4.481477362727831482e-01 -1.343615925303042469e-01 2.564126013708683538e-01 -3.454135170539288646e-01 1.745420263365058955e-01 -1.550283354303540022e-02 4.796987731044028425e-01 2.554122754472991641e-01
