# CEC 2010 F20 shift vector (D=1000)
-1.0915744900000000e+01
3.7831922100000000e+01
-9.9376740600000009e+00
7.4468610300000004e-01
1.6324361000000000e+01
4.9112624199999999e+00
-7.1669536399999998e+01
5.1431827800000001e+01
6.0632866800000002e+01
5.1883305999999996e+00
-4.1705253700000000e+01
4.7030875799999997e+01
-1.5212966500000000e+00
7.7627116099999995e+01
7.9622487699999994e+01
7.6614106299999998e+00
7.7091966999999997e+01
5.6317589499999997e+01
-2.1585466700000001e+01
6.6240633799999998e+01
4.6928744899999998e+01
3.6450727899999997e+01
-1.4531904100000000e+01
9.4696151200000003e+01
-4.9275822200000000e+01
2.7385810100000000e+01
3.6713307000000000e+01
-1.4432227200000000e+01
-8.9613262899999995e+01
7.6578235800000002e+01
-7.5243805899999998e+01
8.8077694899999997e+01
-6.7924908000000002e+01
8.6847252200000000e+01
1.4153808900000000e+01
-8.2053886599999998e+01
-4.2715705800000002e+01
-2.1373311600000001e+01
-1.3430605099999999e+01
4.0178437799999998e+01
-1.6651986500000000e+01
1.4207639800000001e+01
-5.1675261700000000e+01
-1.3327430800000000e+01
-5.1967913100000001e+00
-6.5839554199999995e+01
3.0439417200000001e+01
-2.1554527900000000e+01
-6.5418828099999997e+00
9.8115587300000001e+01
2.4508418199999999e+00
9.4685153000000000e+01
-3.1108610899999999e+01
5.7863027299999999e+01
2.2168347199999999e+01
-6.0047338400000001e+01
4.7128221000000003e+01
-2.2078014499999998e+01
-6.2288414099999997e+01
-4.3344087899999998e+01
2.3155122299999999e+01
-4.5024023000000000e+01
-7.0341473600000000e+01
4.0844681500000002e+00
2.4982409700000002e+01
-9.5148409999999998e+01
2.2722986200000001e+01
8.9540613899999997e+00
-9.3952642499999996e+01
5.9129448900000000e+01
9.1008097599999999e+01
-1.0473823100000001e+01
1.3612508099999999e+01
6.2505025600000002e+00
8.4810826100000000e+01
3.2349224800000002e+01
6.9604819599999999e+01
2.5294824500000001e+01
4.1283753400000002e+01
2.6640729099999998e+00
-6.7003867999999997e+01
3.8587599200000000e+01
-3.9969833800000004e+01
-2.2597525300000001e+01
-8.4495120200000002e+01
3.6342889399999997e+01
-1.1357202400000000e+01
6.8229022799999996e+01
8.9242228299999997e+00
-1.4260900200000000e+01
-3.9080757300000002e+01
8.4268558200000001e+01
-2.7768472899999999e+01
-3.6240441099999998e+01
4.4733073400000002e+01
7.2205004099999996e+01
5.4695198200000000e+01
1.8326008999999999e+01
-4.1076755499999997e+00
-3.5409542100000003e+01
3.1651272200000000e+00
-2.6303427899999999e+01
-2.4209416900000001e+01
7.7903579800000003e+01
-7.1918455699999996e+01
-4.1338794499999999e+01
-8.8506561099999999e+01
2.8474667799999999e+01
3.7129344400000001e+01
-4.4321308500000001e+01
7.9396962900000005e+01
8.5218516500000007e+01
-9.2023027099999993e+01
2.2333641499999999e+01
-4.1755257600000002e+00
-5.7394203300000001e+01
-2.1943638000000000e+01
-1.4772438200000000e+01
8.6424975599999996e+01
1.6890008600000002e+01
-2.5032359400000001e+01
-5.6007608099999999e+01
2.5935828399999998e+01
-3.9278931800000002e+01
9.2117637500000001e+01
3.9055617200000001e+00
-7.3960515000000001e+01
-6.3198827600000001e+01
9.4424126700000002e+01
2.8718293800000001e+01
7.6506080000000001e+00
6.7363053700000002e+00
2.7130206000000001e+01
9.1596458200000001e+01
7.5192459800000000e+00
-8.4017524399999999e+01
-4.3684274600000002e+01
4.4906272299999998e+01
-3.5044433499999997e+01
7.5544742700000000e+01
5.1077159999999999e+01
-3.4333675900000003e+01
3.1893295200000001e+01
-7.8341776499999995e+01
-6.9563313500000007e+01
6.4906735499999996e+01
-1.3426988400000001e+01
1.0547565499999999e+01
-3.2039222000000002e+01
8.0422952600000002e+01
2.6663734300000002e+01
1.3578943700000000e+01
9.4928060400000007e+01
-7.1697898300000006e+01
-4.2073028299999997e+01
4.8143026499999998e+01
-3.1082880700000000e+01
-8.4095319300000000e+01
4.9772786099999999e+00
-8.0359545199999999e+01
-1.0841783000000000e+01
-6.1792824299999999e+01
5.2008746100000003e+01
-1.8822877299999998e+01
-7.6497908800000005e+01
-7.0703350000000000e+01
6.7626511899999997e+01
-4.6830909900000002e+00
-5.0848395300000000e+01
7.1921326699999995e+01
6.4276844100000005e+01
-6.0679965099999997e+01
-2.7405954399999999e+01
6.1908338399999998e+01
6.6057747300000003e+01
-6.4758839699999996e+01
4.8452584999999999e+01
5.4376872199999999e+00
-2.3081111100000001e+01
-9.4405390100000005e+01
-7.4624426999999997e+01
3.5043225399999997e+01
-1.9137592800000000e+01
-7.6411016799999999e+01
4.3891929400000000e+00
-4.4649800599999999e+01
1.1265957999999999e+01
6.4618518100000003e+01
9.4600395300000002e+01
8.4367725800000002e+01
4.0243478799999998e+01
-9.0179758800000002e+01
7.6051766499999998e+00
1.6256521500000002e+01
6.3710218699999999e+01
4.5786248200000003e+01
1.2919226999999999e+01
-1.8593309699999999e+01
-6.5292007799999993e+01
-4.5020179700000000e+01
6.9378484000000000e+01
-5.9075743600000003e+01
4.0673011000000002e+01
-5.2057600600000001e+01
-4.9343979200000000e+01
-1.8015721899999999e+01
-5.0918558599999997e+01
-2.1425794499999999e+01
7.7591216699999999e+00
7.7446180999999996e+01
4.3265947400000002e+01
1.1405505300000000e+01
5.3420838600000003e+01
1.1306662100000000e+01
1.3702321899999999e+01
5.8231734500000002e+01
5.3454637400000003e+01
6.3639691399999997e+01
9.7522478600000007e+00
8.2848928599999994e+01
7.0818323400000001e+00
-6.6883417800000004e+01
5.4885294700000003e+01
2.0165821500000000e+01
3.1450299099999999e+01
2.5288907200000001e+01
5.4536794000000000e+01
7.3328305900000004e+01
-2.6898807600000001e+01
2.9245832000000000e+01
-7.3034281800000002e+01
7.2687023000000002e+00
6.5854312199999995e+01
-9.2344956600000003e+01
-1.8133080300000000e+01
9.5312301099999999e+01
-1.0217169699999999e+01
1.8096906199999999e+01
2.3746946200000000e+01
-5.3279176399999997e+01
-6.1233010299999997e+01
-2.7941707800000000e+01
8.1459631400000006e+01
9.7267737600000004e+01
2.2558953700000000e+01
-9.7280276099999995e+01
8.8418169300000002e+01
7.6284922399999999e+00
5.6586826000000002e+01
-2.2965069100000001e+01
-4.5473199999999999e+01
-4.6125840299999998e+00
1.1674289499999999e+00
3.2225576500000003e+01
7.1034650700000000e+01
-7.2655209200000002e+01
-2.4874214200000001e+01
2.3697722500000001e-01
9.8208741599999996e+01
-8.3028633900000006e+00
2.8050173699999998e+01
-7.4361115600000005e+01
-7.6478465700000001e+01
-5.1964563099999999e+01
-6.4458668299999999e+01
1.9028401599999999e+01
-6.3797845299999999e+01
9.0191738299999997e+01
3.3744013500000001e+01
-1.8908842900000000e+01
3.3984876100000001e+00
-2.9663205200000000e+01
3.9818883700000001e+01
-3.5623807399999997e+01
-8.9280010500000003e+01
7.9739360199999993e+01
7.4332011399999999e+01
-7.3106655500000002e+01
-6.8359778000000006e+01
-7.4234321899999998e+01
-3.5870516700000003e+01
-4.7170871099999996e+00
-1.8164731900000000e+00
4.6924498300000003e+01
3.4512646199999999e+01
-3.6797586600000002e+01
1.0353779100000000e+00
-1.7101695299999999e+01
5.5754671899999997e-01
2.9921151600000002e+01
-1.7739015400000000e+00
-8.2738636600000007e+01
-8.7316291500000005e+01
1.2737617900000000e+01
-1.1682241599999999e+01
-5.9257204799999997e+01
7.1029876400000006e+01
-6.7626818799999995e+01
-6.8179486200000001e+00
8.2653572400000002e+01
-5.6677403900000002e+01
2.2153760200000001e+01
-2.1859909200000001e+01
-1.1132519300000000e+01
-7.4373881100000006e+01
2.7122989199999999e+01
-6.5645992399999997e+01
-9.8104876599999997e+01
-4.6256023199999996e+00
8.1283828700000001e+01
9.1136970599999998e+01
-2.9947818999999999e+01
-2.2886288400000002e+01
8.6206283299999996e+01
8.8318280900000005e+01
-6.3895566899999999e+01
4.1130806600000000e+01
-5.1360076599999999e+01
-2.3193915600000001e+00
-1.5099912300000000e+01
2.2855932599999999e+01
-3.5593031100000001e+00
5.1216690300000003e+01
8.4996776699999998e+01
4.1312582200000001e+01
-2.8317604699999999e+00
2.8067766299999999e+01
1.7330448900000000e+01
2.5632720100000000e+01
9.6285680199999994e+00
-7.9111309399999996e+01
-1.0585677300000000e-01
-3.7724902399999998e+01
3.6835657500000001e+00
-3.1673118800000001e+01
-3.3449558900000000e+01
3.3226446600000003e+01
-7.8343345799999994e+01
-3.0236631599999999e+01
-3.0213275200000002e+01
6.7973212899999993e+01
-7.7759411900000003e+01
3.3890443200000000e+01
-3.5241330699999999e+01
4.2673386800000003e+01
-9.8175591099999995e+00
-6.8592913800000005e+01
9.5590709899999993e+01
-4.4607232000000003e+01
5.5518871200000000e+01
3.8985956700000003e+01
4.2377298400000001e+01
5.6837971999999999e+00
-3.8799876200000000e+01
3.7661425399999999e+01
7.4086381000000003e+01
-9.0633999900000006e+01
-8.8605942600000006e+01
2.8954125200000000e+01
9.6597824700000004e+01
-4.0195405899999997e+01
7.6434589700000004e+01
5.0196678300000002e+01
-9.6503199400000000e+01
4.5576319099999999e+01
7.4676969200000002e+01
-7.6041278700000001e+00
1.7693831100000001e+01
-9.6923626799999994e+01
1.4226437799999999e+01
2.7044103700000001e+01
-8.6761595400000004e+01
-4.8538837399999998e+01
-5.3943364899999999e+01
-8.0755252999999996e+01
3.7454966400000004e+01
-7.8823335600000002e+00
4.9656196000000001e+01
-4.7031733699999997e+01
-6.6383200000000002e+01
-8.8658902100000006e+01
-6.7860873699999999e+01
9.2595919600000002e+01
-2.6062651500000001e+01
-2.1721806300000001e+01
6.7369613099999995e+01
-2.4851762600000001e+01
-9.8478698399999999e+01
1.5916079200000000e+01
-7.7781233299999997e+01
4.3380593300000001e+01
5.4996688100000000e+01
-9.6748496599999996e+00
-3.3613419899999997e+01
8.2561228600000007e+01
5.7331582300000001e+01
8.9379628400000009e+00
8.9562497600000000e+01
-3.4887083500000003e+01
-2.0601652900000001e+01
2.7943479300000000e+01
1.5622870300000000e+00
2.9212483700000000e+01
-6.3353861799999997e+01
-7.4207035200000007e+01
-6.6867976299999995e+01
-1.0446218800000000e+00
1.4978848899999999e+00
4.3111292499999998e+01
9.7959141500000001e+01
4.2934512300000002e+01
5.4979507900000000e+00
-8.2476377200000002e+01
2.8336897100000002e+01
-4.7775403300000001e+01
-4.6818421000000001e+01
7.4992692500000004e+01
1.9255498299999999e+01
-6.0667400299999997e+01
-3.3908301600000001e+01
-5.9491580600000002e+00
-3.7246270400000000e+01
-9.2390119799999994e+01
9.4496235700000000e+01
3.6425607999999997e+01
4.2799906600000000e+01
-1.8108718900000000e+01
-7.0442645200000001e+01
-1.0308879100000000e+01
-8.3687709600000005e+01
2.1640048799999999e+01
-3.2788163599999997e+01
7.0304715000000002e+01
9.8997520100000003e+01
6.9621129499999995e+01
6.9362741400000004e+01
2.0855547400000001e+00
5.1301196400000002e+01
5.5141765499999998e+01
-7.3559221600000001e+01
-4.3299599999999998e+01
-4.8395370399999998e-01
8.9542151399999995e+01
5.5649220000000000e+01
2.0533104300000002e+01
4.2839859599999999e+00
6.2774220800000002e+01
9.4915028300000003e+01
6.5937158999999994e+01
5.2159726700000000e+01
3.5114959700000000e+01
-2.7178520400000000e+01
6.2439802899999997e+01
-1.9057157700000001e+01
7.6803210500000006e+01
-8.8865585600000003e+01
5.9163042300000001e+01
2.6678590300000000e+01
6.5904815099999993e+01
6.7740095299999998e+00
3.1911353000000000e+00
-4.1220856099999999e+01
6.9836984200000003e+01
-1.0127799000000000e+01
-3.0499319900000000e+01
9.0353103099999998e+01
-1.0319540699999999e+01
6.9134435199999999e+01
-6.1219677799999999e+01
-7.6227946900000006e+01
6.2336156400000000e+01
-8.5158790699999997e+01
8.3025753899999998e+01
4.0199176399999999e+01
1.6142612400000001e+01
6.3960486799999998e+01
6.4531003699999999e+01
-4.7245699500000002e+00
7.4100977499999999e+01
1.6701727500000001e+01
6.1241981099999997e+01
6.7285379000000006e+01
-2.1812386300000000e+01
-7.9269604700000002e+01
9.7379910899999999e+01
-1.7436969600000001e+01
5.3525590500000000e+01
-8.4518235300000001e+01
-2.1492383000000000e+01
-8.5642055799999994e+01
-6.8636581600000002e-01
-3.0912826800000001e+01
-4.3162750000000003e+01
2.3270043699999999e+01
7.2261055799999994e+01
1.4018922699999999e+01
-4.9882002700000001e+01
3.3453236300000000e+01
7.7678460600000001e+00
-1.2377000799999999e+01
4.4340722200000002e+01
2.1701974499999999e+01
1.9678933400000001e-01
3.9314386200000001e+01
5.3692593000000002e+01
3.3730327099999997e+01
-3.5820765500000000e+01
4.1581355400000000e+01
-2.6886996000000000e+01
-5.9674322199999999e+01
-8.7953617600000001e+01
-2.6030211600000001e+01
-6.1497683600000002e+01
-1.7817556300000000e+01
-1.3422762600000000e+01
-1.5860711200000001e+01
-6.5661041200000000e+01
-4.3042630000000003e+01
1.6163038900000000e+01
-8.7220821599999994e+01
1.3023037499999999e+01
3.3431519399999999e+01
-2.8846141899999999e+01
7.7331472800000000e+01
-1.7781981300000002e+01
5.0031403300000001e+01
-4.7880769399999998e+01
-4.9908643200000000e+01
8.1481226399999997e+01
-1.3405858000000000e+01
9.0275716299999999e+01
-4.0319811399999999e+01
-9.9874740000000003e+01
-8.6629422099999999e+01
-2.3920358000000000e+01
-5.2435103200000000e+01
6.7025352499999997e+01
8.6358966400000000e+01
-2.3162152599999999e+01
5.9346416099999999e+00
-8.3877596699999998e+01
3.4351421000000002e+01
8.7754409199999998e+01
8.6028719199999998e+01
1.5876377900000000e+01
2.1858655800000001e+01
3.3713536300000001e+01
-7.9838923100000002e+01
-3.8300357300000002e+01
3.9543115399999998e+01
-2.5005121400000000e+01
4.3521275900000003e+00
8.1115903500000002e+01
-7.1037249799999998e+01
5.3284887500000004e+01
1.2831165700000000e+01
2.3036066699999999e+01
3.8857389300000001e+01
-2.5557087800000001e+01
-9.0921140500000007e+01
-5.1955533699999997e+01
5.4399243499999997e+01
8.8509289199999998e+01
-8.4842415299999999e+01
1.0524185200000000e+01
-4.2663698400000001e+01
9.8421139900000000e+01
7.2411787899999993e+01
-9.4028420600000004e+01
-5.4106992800000000e+01
1.2690994799999999e+00
8.6147354699999994e+01
-2.4456933400000000e+01
4.9732490800000001e+01
-8.7907102699999996e+01
5.3032881300000000e+01
8.0505982100000004e+00
-1.4815647300000000e+01
8.1731420999999997e+01
-3.0404875400000002e+01
-2.9676673200000000e+01
5.7265053199999997e+01
-4.9473812500000001e+01
-5.2299047100000003e+01
1.5970734499999999e+00
-3.5815098399999997e+01
-9.4975818500000003e+01
6.1146887700000001e+01
-7.9868206099999995e+01
-3.2303832200000002e+01
-6.3414341600000000e+01
2.1894765100000001e+01
2.0080578100000000e+01
-4.8803615999999998e+01
-1.6667287099999999e+01
9.1371118300000006e+01
3.4152410599999999e-01
-7.1651919800000002e+01
2.5530591099999999e+01
-4.9267875199999999e+01
6.5891452599999994e+01
-4.2254885500000000e+01
1.3489685600000000e+01
-6.9377230299999994e+01
5.0002834000000000e+01
-8.6620439899999994e+01
-6.2966656399999996e+00
4.1400852000000000e+01
-4.4698904499999998e+01
2.6318042599999998e+01
6.1282309300000001e+01
-8.5407393799999994e+01
-6.7104998600000002e+01
-4.5051779000000000e-02
7.6399181900000002e+01
2.2148116000000002e+01
-4.4393185199999998e+01
-5.2686893599999998e+01
-8.0980460600000001e+01
-3.2442249900000000e+01
-5.0267511999999996e+00
8.8451614100000000e+01
5.9687767700000002e+01
9.1454018800000000e+01
-7.2454928499999994e+01
-7.5338204500000003e+01
-6.6020117299999995e+01
-7.3553422299999994e+01
-3.3496193499999997e+01
9.5643189599999999e+01
5.2503771200000003e+01
2.5558406800000002e+00
-1.9235040099999999e+01
7.6142297799999994e+01
-6.1426308200000001e+01
4.3336658200000002e+01
-7.9456449000000006e+01
-3.6179973199999999e+01
-2.1588465700000000e+01
-7.0861308399999999e+01
-3.8623521699999998e+01
9.7894295600000003e+00
9.8289078300000000e+01
2.8118857700000000e+01
6.2514430500000003e+01
-7.4091477299999994e+01
9.2649347100000004e+00
5.9767321699999997e+01
1.4881239900000001e+01
2.6263502700000000e+01
-6.1077180499999999e+00
-2.9957443000000001e+01
3.5464101800000002e+01
8.7736500100000001e+01
-5.3689510700000000e+01
6.6815763099999998e+01
-4.7154384499999999e+01
2.3868538699999998e+01
-1.5161839199999999e+01
6.9835806199999993e+01
8.9745632900000004e+01
-1.1504998700000000e+01
-6.8769996599999999e+01
9.5456820600000000e+01
-7.2986512599999998e+01
-5.6390579099999997e+01
9.2722441399999994e+01
-5.5197325800000002e+01
3.7401561600000001e+01
-9.1531865000000003e+00
-6.4678418500000006e+01
-2.1078159699999999e+00
1.6199082900000001e+01
7.2354712800000001e+01
-5.1522481900000002e+01
3.3102330199999997e+01
8.3618972100000004e+00
1.9027818300000000e+01
1.5740793200000000e-03
3.0055834899999998e+00
3.9219904200000002e+01
8.2254189999999994e+01
-6.9395865700000003e+00
-4.1538003199999999e+01
-5.8854482200000000e+01
-3.0573903399999999e+01
1.1452933199999999e+00
-3.2615651100000001e+01
-6.4796872500000006e+01
6.8583915599999997e+01
-2.4447013500000001e+01
4.3223571000000000e+01
-3.6204702800000000e+01
-2.4891552500000000e+01
2.9386463100000000e+01
3.6446545899999997e+01
-8.6760947999999999e+01
-8.4212143699999999e+01
3.9676220600000001e+01
5.7128236700000002e+01
4.7741224699999997e+01
-4.0182734199999999e+01
-6.2879712300000001e+01
9.5158911000000003e+01
6.6469402000000002e+01
-5.5894857000000002e+01
-1.6629324799999999e+01
-1.7246623599999999e+01
1.9814006299999999e+01
4.8690904699999997e+01
-9.3347281600000002e+01
2.5736471399999999e+01
-1.3090272799999999e+01
-4.8394524300000000e+01
8.3877576599999998e+01
-6.8840133499999993e+01
-6.5524634800000001e+01
-7.5549407500000001e+01
-5.8364122000000002e+01
1.1211425900000000e+01
-3.0531533000000000e+01
1.4926444099999999e+01
3.9501373600000001e+01
-4.7207363600000001e+01
3.6504741599999999e+00
-2.1248356200000000e+01
-6.7565405200000001e+01
-1.1673900700000001e+01
-5.0652756300000004e+00
-2.7883820900000000e+01
-2.9202669700000001e+01
2.6746816700000000e+01
-5.0592519500000002e+01
4.2787214800000001e+01
-2.8363452599999999e+01
-6.4346907500000000e+01
-3.5433899300000000e+01
-1.9034079500000001e+01
-5.8741062499999998e+01
7.0087825400000000e+01
8.3709559400000003e+01
-4.6954009999999997e+01
2.9186104799999999e+01
3.1585912999999999e+00
-1.6265578999999999e+00
8.7170219799999998e+01
-4.1940116300000000e+01
4.1891190000000002e+01
-6.3581995399999997e+01
3.7781646199999997e+01
-5.5679554500000004e+00
-5.1616678700000001e+01
8.0513649299999997e+01
4.9618192399999998e+01
-5.8009936400000001e+01
-2.3693719099999999e+01
6.0517218700000001e+01
2.5165235200000002e-01
-1.2748465200000000e+01
9.8050933400000005e+01
4.0105837299999997e+01
-5.5140793199999997e+01
3.3259652699999998e-01
-4.1878622900000003e+01
-8.1663276800000006e+01
1.4229020000000000e+01
1.3704405100000001e+01
-1.6003524200000001e+01
-9.7538743699999998e+01
6.1189430999999999e+01
-9.4186032499999996e+01
-1.5297524599999999e+01
-1.5988513599999999e+01
5.2553692599999998e+01
-7.3627173999999997e+01
-8.3113490499999997e+01
-6.8795110599999996e+00
1.1365424400000000e+01
-4.9170070299999999e+01
-2.2745803299999999e+01
-2.0600079399999998e+01
-8.6916725499999998e+01
4.1611713299999998e+01
5.1032254799999997e+01
1.1206709500000001e+01
9.5463565700000004e+01
1.8185305899999999e+01
-1.0384960299999999e+01
7.8422347500000001e+01
6.1407772000000001e+01
5.5028120000000001e+01
-5.1759122699999999e+01
-4.3651307099999997e+01
-5.2994436600000000e+01
-6.9500622100000001e+01
6.6459999800000006e+01
-8.7624396200000007e+01
-5.4179815499999997e+01
-5.8767142800000002e+01
-6.4009623800000000e+01
3.6913692000000000e+00
5.1941401700000000e+01
-3.3695194200000003e+01
4.8079382500000001e+01
9.6827311499999993e+01
-8.4399308699999995e+00
1.4670280800000000e+01
6.5707014099999995e+01
6.9957708900000000e+01
-4.2335037300000003e+01
9.4863257200000007e+01
-6.4763196699999995e+01
1.4164809699999999e+01
-2.4854040399999999e+01
-6.6935356100000007e+01
-4.2403407100000003e+01
-3.9875615300000000e+01
8.2533122000000006e+01
6.2476397700000000e+01
-1.2175518000000000e+01
3.1369560400000001e+01
-3.1122357999999998e+01
1.4618129300000000e+01
-6.9960514599999996e+01
-2.5275243000000000e+01
5.9044179000000000e+01
4.2962795700000003e+00
-1.8430279200000001e+01
6.9044770000000000e+01
-9.4622907400000003e+01
7.3052215200000006e+01
9.7169603800000004e-01
-4.4608691800000003e+01
5.2136636999999997e+00
1.7754890300000000e+01
7.0260540700000007e+01
3.4547231699999998e+01
-1.7321634299999999e-01
-5.4313184700000001e+01
8.0404149399999994e+01
-9.6988373999999993e+01
1.6063108100000001e+01
7.1749223499999999e+01
9.6484257899999992e+00
-9.9709010199999994e+01
5.0243720699999997e+01
8.1493277599999999e+01
5.2825296899999998e+01
-2.7661064400000001e+01
4.4371926899999998e+01
5.8661890499999998e+01
-4.8455448300000000e+01
9.2555605499999999e+01
5.8897630100000001e+01
-2.8319482499999999e+01
5.7686705799999999e+01
4.5293185899999999e+00
-4.2531642200000000e+01
8.5111852999999996e+01
4.2373437299999997e-02
-5.3819164999999998e+01
-4.7355704600000003e+01
-5.5340846599999999e+01
2.3890071299999999e+01
6.9128614299999995e+01
-3.4538528700000001e+01
7.2663537700000006e+01
2.8627885299999999e+01
5.3694729199999998e+01
5.5940034699999996e+00
2.0209496999999999e+01
6.1403854699999997e+01
1.3104663100000000e+01
2.7281920000000000e+00
-5.2647833200000001e+01
-5.7770422400000001e+01
8.8886018399999998e+01
9.7680110799999994e+01
1.2800803100000000e+00
7.0106313299999997e+01
-3.6255581100000001e+01
6.5570329000000001e+01
-3.6374026299999997e+01
8.1182881899999998e+01
-2.8438368999999999e+00
1.4718404200000000e+01
1.8240326499999998e+01
5.3822482899999997e+01
-2.6760722699999999e+01
-6.9006116700000007e+01
-9.2506738300000002e+00
9.3547078700000000e+01
6.0459845199999997e+01
5.2173087299999999e+01
2.9116434600000002e+01
-7.5599473500000002e+01
5.4312978299999997e+01
9.8646879499999997e+01
-2.3788982000000001e+01
9.7711992900000002e+00
-4.1357066400000001e+01
8.5673632699999999e+01
5.1584155299999999e+01
5.4873811600000003e+01
6.5936480200000005e+01
8.4645139100000009e+00
8.5620158900000007e+01
-6.5995242599999999e+00
-4.0305530699999998e+01
-2.8376293900000000e+01
3.1770129200000000e+01
2.6589610700000001e+01
-5.1177360100000001e+01
-7.5565364299999999e+01
9.2296457200000006e+01
-4.3769578099999997e+01
5.2808100600000003e+01
-5.8162855600000000e+01
4.2260840899999998e+01
8.3634789299999994e+01
-1.6010943099999999e+01
-1.6743725200000000e+01
4.7243884799999996e+01
-7.7168537900000004e+01
1.5729594499999999e+01
4.4500524900000002e+01
3.4866560900000003e+01
6.0470050200000003e+01
9.8738707899999994e+01
-6.4146678800000004e+01
-6.9630876400000005e+01
-6.6919596400000003e+01
3.0534098400000001e+01
2.7800140599999999e+01
9.5733086599999993e+01
-7.3712207199999995e+01
1.3384578700000000e+01
-8.4069883000000004e+01
-7.1620684499999996e+01
7.1805878000000007e+01
8.6229663599999995e+01
3.2400085599999997e+01
-6.5882574399999996e+01
4.4159900600000004e+00
6.4518931600000002e+01
7.0031065999999996e+01
3.2327326999999997e+01
5.3541501300000000e+01
7.0451325900000001e+01
-4.4795844700000004e+01
9.1846567199999996e+01
5.8784550199999998e+01
-4.8265263500000003e+01
1.4566495800000000e+01
-6.6361620799999997e+01
1.6424810500000000e+01
-2.7204301399999999e+01
-5.5868366399999999e+01
2.4821301899999999e+00
-4.4615724700000001e+01
7.3118509200000005e+01
-5.4683970799999997e+01
-2.5627475499999999e+01
-9.3754326599999999e+01
6.7830693499999995e+01
5.5811529200000003e+01
-8.2662153599999996e+01
8.0803218200000003e+01
3.4425734499999997e+01
7.2414661199999998e+01
3.9661441500000002e+01
8.0579436400000006e+01
6.6069879099999994e+01
-4.1869022999999999e+01
5.4829370800000000e+01
-1.1717389900000001e+01
-7.5752872599999998e-03
5.0880815599999998e+01
-1.4576539400000000e+01
-1.6794885799999999e+01
-7.0257253100000000e+01
8.0407812500000006e+01
-1.5902083200000000e+01
8.7453201100000001e+01
5.6399318999999998e+01
4.7139856399999998e+00
1.7338688000000001e+01
8.5030219299999999e+01
-9.0500320400000007e+01
-1.6505058300000002e+01
7.7132207500000007e+01
4.0507540499999998e+01
-3.7267299399999999e+01
4.7185016400000002e+01
-9.7371352500000000e+01
-6.7933644599999994e+01
3.0069796499999999e+01
-4.2428880999999997e+01
-6.9815103000000001e+00
5.5271013000000004e+01
