6.072582791438474459e-02 -3.478796530578192464e-02 -1.404230279471788412e-01 1.244112266932518168e-01 7.743283639841992694e-02 2.217667692815465143e-03 -1.929779867315540853e-01 -4.059795267402508401e-01 -2.628429854972645363e-01 -1.546373040921941167e-01 1.856072633903212421e-01 3.190285198154187846e-02 -5.113467877989516519e-02 5.538297227205440931e-02 2.290920722158550638e-01 -3.306776232331836152e-01 1.055132872876490407e-01 3.250812100744074166e-03 3.745101735672106691e-01 1.953534982801126071e-02 1.910946189786560390e-01 3.155345816703770262e-02 4.717408692705212653e-02 -2.066047833852416027e-01 1.638227071266223078e-01 -3.258135669631333498e-01 -1.361050588649280468e-02 -2.201956473051449870e-01 1.603904326232858668e-01 1.194538701390086416e-01
-1.892425319903095482e-01 -1.512892171690544407e-01 9.961142821801449720e-02 5.751861509973150988e-03 2.917388387212846435e-01 -2.530218753684211896e-01 1.350995678498401464e-01 -2.254673619401366957e-01 -1.228327887719063843e-01 -3.918301787159975680e-01 -1.444579489435723896e-01 3.068354249152823177e-01 -1.319624398185243741e-01 2.092360774582870120e-02 -2.976644599826885895e-01 9.847194784307712612e-03 -1.582486238736469097e-01 -2.438156891905930018e-02 -2.247639797126570471e-01 2.275767430340013275e-01 2.668377654341725497e-02 -2.774299674068706617e-02 -7.037092130542148272e-02 -1.497277474200428282e-01 1.413258587406044098e-01 8.248984288955744926e-02 -9.846192785082545640e-02 -1.197082925772489093e-01 5.930429406299665869e-03 -3.395579351816587210e-01
-8.427823850388163618e-02 -8.201639550585898553e-02 -2.290841141265685943e-01 3.950430089045564586e-01 -7.810097716087559261e-02 -1.456782396333203278e-01 -8.734891050444343330e-02 1.531691557377322099e-01 2.790627170233841645e-02 -4.462186071375191521e-01 -3.614941720811667425e-01 -1.469743671418712594e-01 1.090848627015492955e-01 1.081981899329041569e-01 2.702761848076969953e-01 3.524753947784229346e-01 8.956827766766728427e-02 3.312834317953593233e-02 6.564725902065443597e-02 8.649821575931351814e-02 -1.636458823408368513e-01 9.606176788532773403e-02 3.579169040434497517e-02 -4.900871433503623670e-02 -1.064731309833984313e-01 3.880642136315744228e-02 1.052314926265114498e-01 -4.310442196204055873e-03 2.291859907226607429e-01 9.535474124657052075e-02
-6.487196264210290386e-02 3.396637410894262632e-01 -1.049349947234818427e-04 3.306757326068532343e-02 -1.812544967071978153e-01 -1.594808366053118431e-01 -1.318165029270629285e-01 -5.057947293206902645e-02 2.926809261900004677e-01 8.323559996190978139e-02 7.323705947474302980e-02 1.787564901895343228e-01 -1.899349112216221214e-01 1.166318839346362117e-03 1.319604057566198252e-01 6.257228695990470213e-02 -1.103120912689555672e-01 -1.156430955516715015e-02 -4.942050507025085894e-03 2.474811613440671201e-02 -1.908663588996515059e-01 -4.622142655473138184e-01 -4.071147198916276189e-01 -1.118282691506357895e-01 2.205803949438724931e-01 1.247786918093976433e-01 -2.782103415769648924e-02 -1.943645116321900679e-01 2.179842984810382300e-01 1.491264144827536275e-01
2.539450163032965641e-02 3.644069225040182883e-03 7.412332231066420807e-02 -1.046494242932180865e-02 1.027940151038270467e-01 -9.773031814858160193e-02 -1.803781578666109262e-02 -3.020365259832086258e-01 1.453281911996406883e-01 6.565892858164971979e-02 1.061373718640772623e-01 -2.001271362876896331e-01 1.531900916329261841e-01 -2.193050575032914062e-01 7.259701485770403417e-02 3.890959522316769781e-01 -5.409899632986903129e-02 1.080306163250190077e-01 3.937093251336677008e-02 -2.690351160969192690e-01 2.802966329128185885e-01 -8.001416243367882875e-02 6.410994782030285388e-02 -5.369409898970224360e-01 4.366147892349102506e-03 1.547445762003023528e-01 3.632770528469952964e-02 2.663080162472344914e-01 -1.416140706249982215e-02 -1.215602887347226879e-01
-2.089204159327654187e-01 2.062081433565865762e-01 1.361152139443285169e-01 1.086304891257837413e-01 -2.676183141144222732e-01 -7.612171450576096440e-03 -1.245654269485760718e-01 1.188589243929019240e-01 -2.255291572063148620e-01 -2.482165818334440277e-01 1.575071383841735451e-01 2.853245331891876568e-02 4.144442380483936428e-01 -2.741029071519702209e-01 -1.231925362129599605e-01 -4.345731031748442663e-02 -3.277561289620403717e-01 -8.189667280146432915e-02 1.665647626406636106e-01 -1.566683872749627393e-01 -1.358211436747883416e-01 -8.664986983167657919e-02 -9.567986700487156326e-02 -1.309397055954389030e-02 -1.544698444284647865e-01 -1.865258263715955656e-01 1.243400090864296564e-01 -1.153450295152778360e-01 -2.458927807536040455e-01 -1.747557679767653138e-01
1.673564408172330820e-01 -2.386067963539806602e-01 1.519640820963912842e-01 2.856580347156217337e-01 7.786488513174330550e-02 -3.409285227496033910e-02 -1.310317921245258144e-01 -6.633156514244645252e-02 -1.351011198796741863e-01 2.763547803519200707e-01 -9.199755790003920353e-02 -1.572114386704776823e-01 2.565991456122981157e-02 -6.810986565628454614e-02 -4.051400993121582195e-01 1.287665411388074985e-02 -1.176066606417201094e-01 -1.075544062139578150e-01 1.811506987892580745e-01 2.624089306450196335e-01 -1.903080915745239687e-01 1.205083115487682738e-01 -4.070720818924828954e-01 -1.508686773531711378e-01 -4.274855268752315862e-02 -4.139344292528845254e-02 6.028165714850612558e-04 2.089298230597730899e-01 5.994394730298322621e-02 2.590321770067633977e-01
1.009602081435620885e-01 -8.087339288626647915e-02 -6.423862482965997378e-02 8.917257318150884071e-02 6.874560510367141997e-02 3.398491366418868870e-02 -1.397621746975216683e-01 -7.593518605633885199e-02 -9.285978242194885268e-02 4.446253009942446877e-02 1.086444887143908633e-01 -1.856524464858629597e-01 -2.399096978124053980e-01 -5.254850405473056041e-01 1.550522780870405015e-01 -5.190487190201305973e-02 1.763843037441824302e-01 3.528056957372704971e-01 -1.787265553076702596e-01 1.581585995791036023e-02 -4.249857635260348987e-01 1.089956918217572096e-01 -5.608362570712686207e-02 7.917584647015926680e-02 1.150859915533128247e-01 3.508711491352980993e-02 1.186904026450781996e-01 -9.340567247937882345e-02 -3.685709022923179534e-02 -3.072143948344198128e-01
3.899140706248634403e-01 6.255498839635702246e-02 -8.912342156691765993e-02 2.161955304053140570e-01 1.869209105904222068e-01 2.383027348758036124e-01 -2.131520184429468723e-01 6.567864083007372844e-02 2.658766045911573755e-02 -2.520338573319255704e-02 -5.680037346219700412e-02 3.055467900930172176e-01 1.001856595444424458e-01 1.520312111651271336e-01 7.173172947012888823e-02 -1.235170016953964084e-01 -2.429066574427424241e-02 -1.615299813578605914e-01 1.540725567726885792e-01 -2.396316454713941224e-02 -2.745414988469137563e-01 -2.538403753595893653e-01 2.083929293194609900e-01 -8.542934160048717973e-02 6.946957013500469624e-02 1.718669423345123293e-01 -1.203942342567043688e-01 3.191368023970010404e-01 -1.194565715057204353e-01 -2.998499707776163814e-01
5.615250040522384856e-02 -4.467582193565039494e-02 7.535212750282020699e-02 -1.006433567536237361e-01 -1.587898587284725660e-01 -4.169487643798028831e-01 1.354061886381122681e-01 2.384738717151243526e-01 -1.529670233464805185e-01 1.309231187578956679e-01 -1.709945180065596260e-01 -1.900326612288475991e-01 -1.288079696338911839e-02 2.028847217628375055e-01 9.998828679739943381e-02 -1.728376040760304377e-01 2.872665576624346476e-02 -6.199214377592879299e-02 9.740194762051591904e-02 -4.378166716833468280e-02 9.742774901389346029e-03 -5.309946876862133708e-02 -3.354905540490560334e-02 -8.922254681240306129e-02 4.696842691711351492e-01 -1.105974389188669887e-01 3.879885624552876222e-01 1.926207510753584762e-01 -6.288260546728650924e-02 -2.553209535396003815e-01
-3.419688229346459218e-01 4.291428836122174878e-02 1.487568161374137055e-01 4.285093720426860070e-02 -1.404278432569341095e-01 1.410339318333090897e-01 -1.666029510057528140e-01 -1.442995881946587122e-01 -5.430032707983054041e-02 -2.833554258725511782e-02 1.594683416472922610e-01 7.587765268865312440e-02 -5.959620717421468955e-02 -1.115277449824209899e-01 -4.849832565760231473e-02 -2.758678074807166189e-02 1.809803058857513691e-01 -9.651456391129424606e-02 1.158291143456394723e-01 3.416965807262878352e-01 1.790898554190016034e-01 -1.132087605221716448e-01 1.342989410143130280e-01 2.405731653690367788e-01 -2.936590742401608972e-02 2.741229314366263603e-01 3.867294067985592720e-01 3.488381843352384437e-01 2.610245629400939626e-01 -8.117248866555525078e-02
1.523078832457832044e-01 3.188026898794608655e-01 5.270213508546875425e-02 -1.994066147446615644e-01 1.097013370672463017e-01 -2.753811716110918240e-01 -7.359181654130025896e-02 -1.414536275631301243e-01 -1.644204062259690680e-01 7.054710174557340951e-02 -1.386106947700613823e-01 -2.049570461208317929e-02 -2.053737846062798911e-01 -9.302332768127466456e-02 -2.063433928982972773e-02 4.146310882297459810e-01 -1.224970248151100588e-01 -1.644944401012888788e-02 3.156660447823483318e-01 6.612160250584585286e-02 -3.693108961852323291e-02 -2.010504694254426281e-02 1.525753626897830562e-01 3.818325516274011511e-01 -6.258506496216584281e-02 -2.790724149777396024e-01 -2.004309446509318637e-01 1.155908835773575977e-01 8.242380755731092135e-02 -1.106783236490500172e-01
1.332561862566701005e-01 -9.298299577300847205e-03 1.278988693827900341e-02 7.219151660782660573e-02 2.736386875862766369e-02 1.041764942374786840e-01 1.403800814631087773e-02 1.729117085660661080e-01 1.389450209036826797e-02 -1.341359576601986181e-01 -3.777932833988542072e-01 3.674285147040736721e-01 -1.268262007989386653e-01 -4.063898051138837841e-01 -5.053478517433699496e-02 -1.148353346204544490e-01 2.193430903052715972e-02 1.984156323425006196e-01 -7.262337811225948181e-02 -2.423357472459925499e-01 3.256689086916704778e-01 -1.223232445886389269e-01 -1.261290872075270242e-01 4.526042539141560128e-02 4.043206911709988638e-02 -2.620248646095574285e-01 1.402331404272756377e-01 2.469181397405754985e-01 6.937435436022455770e-02 2.088521491379164430e-01
7.303614799134473812e-02 -2.141205145602521065e-01 1.866831470851314234e-01 9.795217650691415145e-02 -2.952986541529367247e-03 -3.698920589276973314e-01 -1.031975130160017046e-01 4.893649390186667614e-03 2.209494740832587678e-01 -1.955753328518221312e-01 2.147432731660844640e-01 3.081687181128582934e-02 -2.326455626828067835e-01 1.041479563486959886e-01 -1.004743804847095176e-02 -1.742633721824458082e-01 1.598439587289242070e-01 -6.928129183466735785e-02 2.006431227695286978e-01 -4.275725935468241978e-01 3.486131327079838166e-02 1.007861382251175747e-01 -2.348926380322803875e-01 2.108446885871735066e-01 -3.324162609787085776e-01 1.516202738700611896e-01 -5.473944316060651988e-02 9.183174080076535184e-02 -1.519142613172061917e-04 -1.339786044777074026e-01
3.148741525418333187e-01 2.455625003103382165e-01 1.132532184389265090e-01 -1.671493057753767331e-01 -3.281851505993640949e-01 -1.143896759340174984e-01 -2.914768455358208721e-01 -2.838948968521489563e-02 4.253552283085292908e-03 1.478791499113959931e-03 -2.638085638957155532e-01 -2.234357042089397602e-02 1.622764683149389708e-01 -1.116772912478280200e-01 -2.273156811006106157e-02 -2.432036595009062774e-01 2.294681528241693941e-02 -9.861864660267100069e-02 -2.007392906826997725e-01 1.106121512487305003e-01 1.588781592499865503e-01 3.238212392131873396e-01 1.588433765831429728e-02 -1.423020763336821093e-01 -1.075793259789157574e-01 1.855652578525436580e-01 -1.657204098751307864e-01 -9.998990000528490407e-02 3.095900758202733694e-01 -1.787318222498459896e-01
-5.028581518370720677e-02 2.465019410737609440e-01 3.507809885840965647e-01 5.194094509720753594e-01 2.784394385227791091e-02 1.002993100142687971e-01 1.327137059981042255e-01 8.181855460277173697e-02 -1.735101597249251448e-01 2.967467135970503489e-01 -3.015767825033054128e-02 8.726354200477190459e-02 -2.386461355755976621e-01 1.550178806106362883e-01 2.610221924055658449e-01 8.532022234595151855e-02 2.277388497976565521e-02 -9.239295796702495442e-03 -1.380832759399851783e-01 4.971550507692287096e-02 2.144990416587359283e-01 8.769105846809185922e-02 -5.760696219059659173e-02 -1.016108724792265522e-01 -2.169035979249225587e-01 -1.094866669085575311e-01 1.795047388138108768e-02 -1.351076045752957755e-01 -7.797175795005362176e-02 -2.290695412989905977e-01
4.850397844531120078e-02 2.919536830716253084e-02 2.754897866946897159e-03 8.863804399255099942e-02 4.078165101193662739e-02 1.479464139547436718e-01 2.161863419673570319e-01 -3.613076605163434429e-01 1.056665581261484075e-03 -1.335493508985225244e-02 -2.205761271070424412e-01 -2.991822723178063081e-01 3.218858845476709751e-01 3.600379461496942823e-02 -5.502293397130444269e-02 -5.556627915865695183e-02 3.297492012695786845e-01 -1.809788763379686360e-01 -1.702639704233547546e-01 -1.371969111924553064e-01 1.925761903755567744e-02 -3.543377694587145910e-01 -2.584348316288241909e-01 2.752320942629237766e-01 -2.511424290531821119e-02 -1.519219278820165830e-01 -6.590619956321373818e-02 -2.287745520265072052e-02 1.108231159441713243e-01 -2.002661999457545638e-01
-4.565714207834081079e-02 -4.783324242321882469e-01 1.981381073430357187e-01 1.475578617713953489e-01 -3.222180495182053184e-01 -2.147822516642782648e-02 -1.837933874698204073e-01 4.834961182943501440e-02 -1.497041782973700386e-01 4.464513147639512930e-02 -1.055157463319718845e-02 -1.469115383763695271e-01 -1.412783334014674208e-01 -1.144468594937133321e-01 9.894687581583733182e-02 4.073015846544172924e-02 -1.941339141998433548e-01 -1.448799638685251689e-01 -1.699858119346069618e-01 -7.248847733328814269e-02 9.593599460083045150e-02 -3.232967036286000240e-01 2.860654093002248932e-01 9.938746593182938571e-02 1.611423193914402474e-01 -3.960080625177306128e-03 -3.829527422503676282e-01 -3.068923657940205232e-02 4.783047842394955174e-02 5.425354275074432964e-02
7.171091847392174756e-02 -4.820554741081611860e-02 2.717683340591898755e-01 -4.581692054952533899e-02 -9.761566391281104038e-03 8.446306289359097053e-02 1.441074866476504124e-01 -1.215042788846206201e-01 -1.933259893792774464e-01 -9.848924760440950013e-03 -1.514945891424074598e-01 -3.107991747707385122e-02 1.662821213988460445e-01 2.232010015681053228e-01 9.749266838728530560e-02 -1.260026844778718569e-01 -2.806009956694837659e-01 6.523050232990582620e-01 1.975058327337760600e-01 -5.100982775295589966e-02 -3.215744961357387688e-02 -1.058884799835295848e-01 -3.413041070575664054e-02 1.496118247674636526e-01 -4.283183318846603416e-02 3.232270310375823796e-01 -1.506740063012569804e-02 -3.196388233320598959e-02 1.337961617274645021e-01 4.973706538484647804e-02
-4.167803589157542121e-01 3.024854230807130784e-02 -4.785068916816658802e-01 -4.871877590103206035e-03 9.896517675452483342e-02 -1.380099412717407936e-01 -2.190555127854526551e-01 1.166904535079999472e-01 -1.522985223905060082e-01 3.206013609483735483e-01 -2.212832756025798764e-01 -9.395556655363929144e-02 -8.008974797785144151e-02 3.587014661067750021e-02 -1.414516526764105497e-01 -2.258277798323746477e-01 -6.822864042653978105e-03 1.583766023019159974e-01 5.098470991144363890e-02 -9.355652155981356022e-02 7.230104474099934009e-02 -2.002377333925166591e-01 7.005112602382813740e-03 -1.186641260501683642e-01 -3.020336836584698315e-01 4.878281608916897050e-02 -1.458017153961018442e-01 4.254450706268404075e-02 4.078461378022148892e-02 -1.708551368139509252e-01
1.541782981243993988e-01 -1.312612615528504882e-02 -1.632619479194588885e-01 1.450653227937335754e-01 -1.418592814319128703e-01 7.149073119263610332e-02 7.067843976748511281e-02 3.764400418168907525e-02 4.824288460093113795e-02 1.909694943999708239e-02 3.217486965703132973e-01 1.953821537067347916e-02 -4.814540394792246603e-02 2.250270887974684109e-01 -3.542137073648266021e-01 8.442473315131239497e-02 -1.980778360827386009e-01 1.665433121192312627e-01 -2.081388627218272724e-01 -1.809866201888755410e-01 -7.278196792465202458e-02 1.403363653951162152e-02 1.513060733512205103e-01 -1.816392226399319437e-02 -2.482871205523220701e-02 -2.974645295778801102e-01 1.619002783907893817e-01 5.081245747554049424e-02 5.307271726612702301e-01 -1.822941335657019546e-01
5.582434712134818483e-02 2.141054428914128671e-01 -4.128940618440683774e-02 9.715431252991774125e-02 3.808389528998548101e-01 -1.420418314388134928e-01 -3.991757703239013910e-01 -6.676099974956182744e-05 -1.539389380510977900e-01 -1.054427254588748836e-01 1.554888300694031444e-01 -2.115873973374445827e-01 8.255411095708835301e-02 1.505798230780070746e-01 8.724250471103654758e-02 -5.880122830028080422e-02 -2.433357619617891043e-01 -1.090800593355633306e-02 -4.501075642863623383e-01 -7.159882902008915528e-02 1.663814649411904101e-01 1.604422784253431433e-02 -7.807551854120876877e-02 2.450480029398644788e-01 1.166242723157530636e-01 7.103972144129715172e-02 1.176826013979037772e-01 1.372175985945378873e-01 -9.636437242225946720e-02 2.219746305225675231e-01
7.708372590477499675e-02 5.129733144135195655e-02 -9.943157321506411461e-02 1.159157054107357449e-01 -4.495020846317780427e-01 -1.733993922108481578e-01 -1.153768248765021098e-01 -3.630640048090781336e-01 9.451792154344923480e-02 -3.496545439131312077e-02 -3.182713325717426156e-02 1.062778301016176069e-01 -4.705406434521221259e-02 2.145901053017511273e-01 -1.416782865759249055e-01 1.123078141720434617e-02 1.558395612188414880e-01 3.105571841588859461e-01 -1.870051921356224167e-01 1.648879926625265724e-01 -2.058235431440928048e-02 -4.406203997452080856e-02 8.361053524143187421e-02 1.845218786203435177e-04 -8.573760238804792322e-02 -1.544247168876713427e-01 7.495186555838903586e-03 1.849475006931141918e-01 -4.835168572361678296e-01 9.184766548807916930e-02
-2.507429121751403311e-01 -2.830274955683240862e-02 1.818575748770576428e-01 -1.749577496740161442e-01 4.051175696427537776e-02 1.819980870673997830e-01 -1.146094084293002163e-01 1.179204961171085447e-01 2.817488626987287303e-01 -1.526871969189390887e-01 5.712927267512805246e-02 -1.402126109774245455e-01 2.247652826766693979e-02 1.100074936796195668e-01 2.467021976898692848e-01 -1.203550993935541547e-01 -8.858960645469637907e-02 1.642340869213863574e-01 -2.963944116166301185e-02 2.260960651491469020e-01 -4.482508136088656642e-02 9.407386146798260573e-02 -2.261367516304821634e-01 -8.592490902488962579e-02 1.670940113417136719e-02 -3.962613213228135534e-01 -3.137630662306742368e-01 3.853765359321089656e-01 6.843880435673528606e-02 -1.792170860607263938e-01
-2.451535431472204665e-02 -2.051108884313558867e-01 -3.039714144589845124e-01 -1.257534462674351761e-01 -1.824127960653043057e-01 3.424797920188568656e-02 1.562856780818489000e-01 -3.051133786993718289e-01 -1.834631105127882411e-01 1.539702683026293317e-01 -2.587860084608250774e-02 2.718835376579433749e-01 2.486992722402798107e-03 -7.064657537313983465e-03 3.998834582260601400e-01 5.128630900569570300e-02 -3.505017548967825913e-01 -2.280699435049269030e-01 -1.351063473805194093e-01 -8.930056802066745070e-02 -8.603278020979449048e-02 2.060812879594549896e-01 -2.581308465093094529e-01 9.378559578243367278e-02 -1.246060854762333081e-01 4.098561346311754838e-02 9.094114978973404095e-02 2.155292338318685885e-01 3.602671873807079816e-02 -5.457550469198840792e-02
-1.944327236433345818e-01 1.247267251948536576e-01 3.180525442875901665e-01 -2.134980585316341994e-01 3.126426587311886135e-02 7.905895842332326092e-04 -3.667568773578808172e-02 -8.628821072252688962e-02 -3.399391466980364873e-01 -5.016985352231729395e-02 -8.164101689969600895e-02 8.147087295301184973e-02 -9.426229229613189431e-02 1.140904076296309910e-01 6.072089770622931919e-03 -2.453192488804771879e-02 2.593719938276903281e-01 -8.823633372120025242e-02 -1.969716457372772678e-01 -3.040115678573164781e-01 -4.479565155040707292e-01 -1.153445948837296745e-02 1.487021580733207116e-01 -2.583601043338532577e-01 -1.215840058138967644e-01 -6.111597356200202530e-02 7.026836371170955796e-03 1.719501671675855436e-01 1.318236480564365931e-01 2.734230200164051161e-01
2.078049402193284101e-01 -2.320024866670129526e-01 1.236071298788660178e-01 -3.027573912468290995e-01 1.041743891491519330e-01 9.895612810077683563e-02 -2.306508752326132949e-01 -2.782278253965161929e-02 1.253001083428832152e-01 -3.804722815055123358e-02 -1.506409309000601993e-01 -1.091084417534676082e-01 -1.538912668704223996e-01 9.253618472114968907e-02 9.105117555445006727e-02 1.957298719166772338e-02 -1.594781710393206042e-01 -7.233931231086677960e-02 -4.489887679291805489e-02 1.579739523135558488e-01 -4.209104646675453608e-03 -2.995897060041664561e-01 3.174516428034960397e-02 -1.184999822405194414e-01 -4.153619494079979213e-01 -1.713848545612459140e-01 4.456763696657663476e-01 -2.396899413351163133e-01 -6.512649938702397279e-02 -6.395763612462214420e-02
2.152698912269846929e-02 -2.286205438932173983e-01 9.268653504350254924e-02 -1.519734461880917209e-02 1.642493484153803029e-01 -3.848675927299273769e-01 -7.709487358241715049e-02 1.172131441998537360e-01 4.735068953679864509e-03 2.733905243850972000e-01 1.833475777865350431e-01 3.807632080250035189e-01 5.054288160494397886e-01 -6.452255293875486242e-02 1.747832707567702482e-01 7.968089313493210979e-02 2.364980026933576895e-01 1.392410265316001150e-01 -1.146926342213526601e-01 1.741109303453103607e-01 -2.475928810034674216e-02 -1.020749971664221822e-01 4.684517343937849576e-02 6.093852221560711047e-02 -1.049975185366012753e-01 -1.557164204286843878e-01 -1.559958650706613943e-02 -6.345362379641203421e-02 1.339828916026745420e-01 2.367904152054373448e-02
-2.679612962712858426e-01 -5.208607874296697186e-03 1.574012036214595678e-01 1.902766696887655262e-01 1.258439192505841353e-01 -5.135946661307512484e-02 -1.041636123695055538e-01 -2.821622964022821867e-01 4.760933088547184555e-01 2.281781000684773020e-01 -2.962866770575663389e-01 4.676778983792331812e-02 9.659875729170917802e-02 -3.708137922820474441e-02 -1.479781072801670053e-02 -1.767840498644217273e-01 -2.253459915789039758e-01 -6.349301993793551868e-02 4.329328350958860927e-02 -1.779127303820766115e-01 -1.719419071460200066e-01 2.245723700783529564e-01 3.086129788022475839e-01 1.320409252964677149e-01 1.434757131897547444e-01 -1.096886829494966298e-01 1.487294571267287757e-01 -1.027389068870870198e-01 1.625924223757362758e-02 2.825191230241393472e-02
1.173070690029466151e-01 1.591370339142777479e-01 -4.014131365006622792e-02 1.381946906529284702e-01 6.055465852108797564e-02 -2.854474131196964581e-01 4.698739928671751276e-01 -1.737223129422152401e-02 9.151101202128450463e-02 -9.399599842982273024e-02 1.084269317382043629e-01 -1.867953975462220695e-01 -4.766618698518059610e-02 -2.424611454755445650e-01 1.234975929815240320e-01 -3.747405279771031106e-01 -1.844737987613588870e-01 -7.867167589588901222e-02 -6.555488589133286192e-02 2.342747087549102991e-01 -9.366990974415602411e-02 -1.762626853211397282e-01 2.429339135982728215e-01 -7.667541143613802734e-02 -2.780850807784411849e-01 6.475192083008656429e-04 -4.287513983938683049e-02 1.861507018147441905e-01 6.319814726680740569e-02 1.772520548077415881e-01
