2.677542782109498809e-02 2.596840004264537871e-01 6.923616165868541339e-01 3.672000956863725740e-01 2.547337503242819712e-01 -3.054374781486426937e-01 1.271681910501091806e-01 2.145837348156110769e-01 2.622915315483661525e-01 -1.686732515730640092e-01
5.323019275733322786e-01 2.404430326485883229e-01 -4.826859024670501069e-02 -3.521838918492974924e-01 9.738094097240322655e-02 3.515205070618000471e-01 -8.177519486857254272e-02 3.235554681458456816e-01 7.612744880614875920e-02 -5.312796146999093638e-01
6.197071639510571411e-02 -2.357353151160844762e-01 5.512223452280088504e-02 6.121575814113645597e-01 -3.711947312606088678e-01 4.953557423173847174e-01 -8.179978827020657761e-02 -2.228973368740650718e-01 1.970258023268566527e-01 -2.906143344826848107e-01
-2.792413977338700226e-01 -2.689171760433606839e-01 -1.710635894302801191e-02 -3.179358966065413683e-01 3.863522149989698229e-02 1.906117168984093335e-01 5.220669579812139416e-01 7.424939478789054081e-02 6.575939649294764155e-01 3.117922401859098483e-03
1.102703840355290649e-01 -3.663147978410231237e-02 5.510407537193433569e-01 -3.784613616549482584e-01 -1.972642927326494489e-01 2.337551486536474377e-01 -4.627184292317885750e-01 -1.747810856140710190e-01 1.921989671321333026e-01 4.055462689422220102e-01
-2.108123505029649847e-01 7.585607986961722116e-01 -2.557842342696515225e-01 9.822665826012987045e-02 -3.872154868294673258e-01 6.261257436459220782e-02 -5.620828189785002232e-02 1.472961964821183634e-01 2.931645579917271371e-01 2.010284816620306336e-01
-5.993843496664051640e-02 -1.685571321904897613e-01 -9.823931424789839745e-03 -2.182690496936164348e-01 -5.303526896605944563e-01 -5.945115095570021602e-01 -2.122391233666282295e-01 -5.027924280591953426e-02 1.796437738055028099e-01 -4.535358264581179077e-01
-6.690165291167323725e-01 1.239375990344665363e-01 2.060763122390221747e-02 -1.081810136500897385e-01 3.753206218952880313e-01 1.899723677437775426e-01 -4.076971425928292980e-01 -1.674434543942719678e-01 -1.785731634769640447e-02 -3.916635356579958871e-01
-2.275826918074731198e-01 1.835317859291807074e-01 3.762311224417376199e-01 -2.166541768109411514e-01 -3.798887446815635838e-01 1.979814422987390132e-01 4.799824227300664159e-01 -9.130133629404431350e-02 -5.215225748599342515e-01 -1.783713711951905034e-01
-2.730395354521227280e-01 -3.043870550244136552e-01 6.190249163156676809e-02 7.839283425525662985e-02 -1.761971126646328101e-01 1.189085825505621502e-01 -1.974403892626398760e-01 8.384054152385670422e-01 -1.633900492385151337e-01 9.504340356724794159e-02
