# CEC 2010 F08 shift vector (D=1000)
5.6815328600000001e+01
7.7641595100000004e+01
-6.3623596800000001e+01
-1.4983196299999999e+01
9.0534104099999993e+01
2.8011303300000002e+01
-8.8078462900000005e+01
3.6568658499999998e+01
2.5594680100000001e+01
6.4691988600000002e+01
-1.5075089600000000e+01
-5.3244627500000000e+01
3.6450335099999997e+01
-2.9383429499999998e+01
8.7574452300000004e+01
-5.8569607699999999e+01
-8.3094956100000005e+01
-4.7227888200000002e+01
-3.0603385700000000e+01
5.5890027199999999e+01
5.6478749800000003e+01
-6.9523948200000003e+00
-6.2563278799999997e+00
2.2493879600000000e+01
-1.2119068499999999e+01
2.6751596899999999e+01
-9.0878229000000005e+01
-7.8491715900000003e+01
-3.7256208999999998e+01
3.4643292500000001e+01
-3.4281706100000001e+01
9.3008385399999995e+01
-4.9739284900000001e+01
6.8216498000000001e+01
-9.1704641699999996e+01
-4.0469037200000002e+01
2.9515440700000001e-01
-2.0494607400000001e-01
1.1365055399999999e+01
2.3765827000000002e+01
7.9022361799999999e+01
1.4195212800000000e+01
8.0965740799999999e+00
2.1480027100000001e+01
5.7047846100000001e+01
-4.3618207099999999e+01
-5.5570427400000000e+01
6.7299384200000006e+01
8.3293467100000001e+01
6.2417224900000001e+01
1.1679087000000001e+01
-1.8757477000000002e+01
8.7893248299999996e+01
3.4427813299999997e+01
9.1735773100000003e+01
7.4280016200000006e+01
-1.7969366500000000e+01
1.9479193700000000e+01
-4.9093913100000002e+01
1.2317951000000000e+00
4.8851356099999997e+01
3.8085647199999997e+01
1.3510797500000001e+01
2.0371525900000002e+01
-7.3669985400000002e+01
-8.7488721800000002e-01
2.4169882600000001e+01
-6.0683413600000002e+01
-6.8954015799999993e+01
1.4824449099999999e+00
7.6115871299999995e+01
9.2671001799999999e+01
-2.8683945300000001e+01
3.4142117300000002e+01
-7.4540739700000003e+01
-3.6295452699999998e+01
2.4499148600000002e+01
5.3361085000000003e+01
-2.6168024200000001e+01
3.6323193500000002e+01
3.3212436400000001e+01
3.0113572699999999e+01
6.1432265999999998e+01
-6.6326014000000001e+01
-1.1851201100000001e+01
-8.9053735700000004e+01
2.9412425700000000e+01
-2.2295072099999999e+01
3.9828456899999999e+01
-5.7306309900000002e+01
-6.4061874300000001e+00
1.3943067500000000e+01
5.8161788600000001e+01
7.2240094600000004e+00
-9.5065885800000004e+01
-2.4967545600000001e+01
-1.0555438300000000e+01
-1.8938075800000000e+01
1.2577160900000001e+01
3.3164504399999998e+01
-6.3905915200000003e+01
7.4360921700000006e+01
-5.4706600299999998e+01
2.8078594299999999e+01
3.8869907499999997e+01
5.1905300900000000e+01
9.3738994700000006e+01
-9.3073969300000002e+01
-4.0227390600000000e+01
-5.6873518299999999e+00
-9.0817015600000005e+01
-4.6748811800000001e-01
6.1622403499999997e+01
-6.2579698000000000e+01
-8.9085502899999994e+01
7.4526784199999994e+01
7.6147859200000001e+00
-8.5296203500000004e+01
7.6876742199999995e+01
-1.7411678400000000e+01
8.8563563400000007e+01
-5.1958315499999998e+01
4.9166313299999997e-01
9.2170961100000000e+00
-7.8710879500000004e+01
-1.7115963199999999e+01
-4.0222544599999999e+01
-2.5489271299999999e+01
4.9822509300000000e+01
-4.8896440699999999e+01
-8.5011953199999994e+01
-8.3910783400000000e+00
4.7475959899999999e+01
3.0212701899999999e+01
-5.5612932200000003e+01
-3.1797815900000000e+01
1.1366830300000000e+01
9.0626805599999997e+01
-3.9663170399999998e+01
2.6771508600000001e+01
6.7262597799999995e+01
-3.1119257800000000e+00
-4.5013906599999999e+01
-9.7301541700000001e+01
-8.0111436100000006e+01
7.0063169900000005e+01
-1.4770910799999999e+01
-7.6596607700000007e+01
-2.9767358300000001e+01
5.5890672700000003e+01
-6.9252519300000003e+01
8.3456845500000000e+01
5.4630754400000001e+01
-1.1872057399999999e+01
4.9082559699999997e+01
4.9056471999999999e+01
-9.9164414199999996e+01
2.4196172199999999e+01
-6.2934416200000003e+00
-1.3180988899999999e+01
2.4564338100000001e+00
3.7463050600000003e+01
-7.6471032100000002e+01
6.5777919699999998e+01
-1.1294642200000000e+01
7.3478154399999994e+01
-1.7273944799999999e+01
-4.0834086800000001e+01
5.5115506699999997e+01
3.5954028000000001e+01
8.3094872199999998e+01
6.4413406699999996e+01
-7.7926612700000007e+01
-6.5454257200000001e+01
4.0246454900000003e+01
-5.0339724699999998e+01
3.6724426700000002e+01
-8.1402233300000006e+01
3.3625703199999997e+01
-2.4431169600000000e+01
-5.5698788200000003e+01
-3.9115069400000003e+01
-5.5723827300000004e+01
-6.2385168999999998e+01
5.2653114899999998e+01
5.3038044399999997e+01
-2.4747873800000001e+01
9.4380737900000000e+01
7.3195117600000001e+00
-1.2072621000000000e+01
-1.4780771500000000e+01
5.2541052299999997e+01
-5.0504559399999998e+01
7.7776390599999999e+01
-2.7085663400000001e+01
-1.2798864800000000e+00
3.2249931199999999e+01
-8.8530833799999996e+01
-5.1202795000000002e+01
3.3352741999999999e+01
-4.1640369800000002e+01
6.5306407899999996e+01
3.5919330299999999e+01
3.5428461300000002e+01
-9.6054198700000001e+01
5.6907013200000002e+01
-2.1296022499999999e+01
-1.4978172900000001e+01
1.5208371000000000e+01
9.3989234400000001e+01
5.8908409499999998e+01
4.2202829800000004e+01
-6.4573433800000004e+01
-6.8736900599999998e+01
4.4800960500000002e+01
-4.6052291699999998e+01
-6.2244586099999999e+01
1.7089982100000000e+01
5.1688441699999998e+01
3.3738658500000000e+01
3.8294004500000000e+01
8.8498426100000003e+01
6.3593213900000002e+01
-2.4332012899999999e+01
-8.9366498500000006e+01
7.4751252800000003e+01
-2.2495798400000002e+01
4.6704697799999998e+01
-8.2008666500000004e+01
-2.4914061000000000e+01
-2.5794002899999999e+01
-2.0312791300000001e+01
-5.0992685799999997e+01
-5.7690237000000000e+00
7.9914116699999994e+01
3.8963865700000002e+00
6.5175568699999999e+01
6.3507301800000002e+00
3.1954591700000002e+01
-9.3294135900000001e+01
5.5362658099999997e+01
2.5948965500000000e+01
-4.4080925399999998e+01
2.3418595799999999e+01
5.5729693400000002e+01
5.2399389599999999e+01
1.1498573600000000e+01
3.5595703200000003e+01
-3.2785176999999997e+01
-4.5375335000000000e+01
-6.1053088899999999e+01
6.5939361099999999e+01
-3.2862673299999997e+01
7.5976378199999999e+01
9.7157508000000007e+01
4.9595731100000002e+01
5.2446567999999999e+01
-8.6625717399999999e+01
-7.0429836100000003e+01
-9.6701512300000005e+01
-9.5181049700000003e+01
2.2596452899999999e+01
-9.9638740600000006e+01
5.4321460299999998e+01
5.8192653000000000e+01
6.1375254900000002e+01
7.2008120800000004e+00
-4.1755012100000002e+01
-7.8655353600000000e+00
6.0755455800000000e+01
-9.6377506600000004e+01
-2.9021547999999999e+01
4.2344345099999998e+00
1.3251619099999999e+01
-1.9689175400000000e+01
7.6103948499999996e+00
-2.3994265599999999e+01
-4.9728206800000002e+01
1.4419825299999999e+01
9.8293000899999996e+01
-5.9844922599999997e+01
2.5692902600000000e+01
3.0394020500000000e+01
-2.6723186599999998e+01
-1.5207167699999999e+01
-8.4471469600000006e+01
4.8562465400000001e+01
2.4311461999999999e+01
-4.2912701400000000e+00
-1.2950066300000000e+00
6.2330504300000001e+01
-4.6250128200000002e+00
-5.5332370800000000e+01
6.0011706900000000e+01
4.7464331000000001e+01
5.8205554800000002e+01
3.6399833899999998e+00
-3.5380287899999999e+01
4.1389961200000002e+01
-9.2509206299999995e+00
1.8095735999999999e+01
6.5722291499999997e+01
-4.2237119200000002e+01
2.3623917299999999e+01
1.7803133899999999e+01
6.2384789300000001e+01
-2.1997166199999999e+01
5.3124234299999998e+01
-1.2845092299999999e+01
7.0376330100000004e+01
1.4582393600000000e+01
-8.0856457300000002e+01
-7.8246171500000003e+01
-1.6777021399999999e+01
9.4057589800000002e+01
2.3499528200000000e+01
3.6402622999999998e+01
-5.0081979199999999e+01
-9.8507345799999996e+01
-5.7786755499999998e+01
8.8451963699999993e+01
-8.9937017400000002e+01
2.0670467800000001e+00
4.9968639500000002e+01
2.7033724899999999e+01
9.8881460799999999e+01
-9.5342039600000007e+01
7.8463849000000003e+00
2.3725377300000002e+01
-4.0068779200000002e+01
6.0980909400000002e+01
4.0039991499999999e+01
2.3800167999999999e+01
7.7792487199999997e+01
7.7747084099999995e+01
-4.0182459000000001e+01
6.9815913699999996e+01
8.6138798600000001e+01
-1.3171388900000000e+01
7.0617486500000002e+00
4.5842898800000000e+01
6.7434545200000002e+01
-4.2284412500000002e+01
-6.2739890000000003e+00
-3.7928487799999999e+00
-3.4434450400000003e+01
-5.5835751600000002e+01
4.6612239099999996e+01
3.4598407899999998e+01
-8.8187025300000002e+01
6.1949009599999997e+01
-3.1918683800000000e+01
-6.1329688200000000e+01
1.3660098800000000e+01
-4.4885559600000001e+01
4.2407172099999997e+01
-4.3338250799999997e+01
-7.4025751600000007e+01
5.1835472600000001e+00
8.7938667499999994e+00
-8.5504262499999996e+01
-8.9737931900000007e+01
7.7376282399999994e+01
3.7682213400000002e+01
8.4644170299999999e+01
7.4813742700000006e+01
1.9956994200000000e+01
7.0818741000000003e+01
7.0339583500000003e+01
-8.4294008899999994e+01
7.2210196900000000e+01
9.8973437300000001e+01
9.5746277000000006e+01
9.3257978800000004e+01
8.0739017599999997e+01
-2.9515567699999998e+01
-5.7876647300000002e+01
2.7117323100000000e+01
-9.5725413399999994e+01
5.1807141100000003e+01
-3.1786129100000000e+01
5.1040487600000004e+00
3.6651529400000001e+01
-9.3989376199999995e+01
-4.3369521499999998e+01
9.1694792000000007e+01
8.7767337299999994e+01
9.2585620300000002e+00
-2.3947327000000001e+01
-2.2445772300000002e+01
-4.1967003900000002e+01
-2.2382873700000001e+01
1.3800576700000001e+01
9.8788962299999994e+01
-3.9418844999999997e+01
5.9753491500000003e+01
-6.1113709000000000e+01
-4.7377023800000003e+01
6.5113899200000006e+01
6.0456467199999999e+01
-1.5912355800000000e+01
9.7679802100000003e+01
6.9919553199999996e+01
-7.1975527600000007e+01
-4.7871256299999999e+01
3.9511268399999999e+01
7.9604047899999998e+01
-5.6084660100000001e+01
4.5253475500000000e+01
9.3642870200000008e+00
-5.0279346400000001e+01
2.1065156699999999e+01
-5.1825616099999998e+01
8.2543874500000001e+01
9.0808948299999997e+01
8.1066921199999996e+01
1.8475430500000002e+01
2.5334759000000000e+00
1.0294667000000000e+01
-8.0009486800000005e+01
9.1006912500000006e+00
-4.1129332099999999e+01
5.8409422700000000e+01
-6.5109810100000004e+01
-3.3549211600000000e+01
-9.0237840000000006e+01
1.2089792600000000e+00
1.2850679800000000e+01
8.2867361900000006e+01
-1.9749678800000002e+01
-8.5575788399999993e+01
2.5759042200000000e+01
-3.2515934999999999e+01
6.6048411400000006e+01
7.2101140099999995e+01
2.0676501300000002e+01
2.7752752399999999e+01
-5.0400430999999998e+01
5.8027908199999999e+01
-9.6732869600000001e+01
-1.4267878200000000e+01
3.2319324399999999e+01
-2.7685303800000001e+00
2.3076264200000001e+01
-6.0334405699999998e+01
-1.4785618100000001e+01
8.1430813299999997e+01
-3.3899651100000000e+01
4.9474095599999998e+01
-9.1973721600000005e+01
-5.3633564199999995e-01
6.3395312300000001e+01
6.8801999300000006e+01
-7.6185317999999995e+01
4.4720942099999998e+00
3.6196371800000001e+01
-6.3508680300000002e+01
-8.1336541400000002e+01
3.6852702999999998e+01
5.2960247600000002e+01
1.6610686800000000e+01
5.0740783600000000e+01
9.9505915300000005e+00
1.9210307000000000e+01
2.5182495800000002e+01
7.8780399399999993e+01
-5.4475834599999999e+01
2.8641237400000001e+01
-5.2859850799999997e+01
-3.9102191500000004e+01
4.5715777899999999e+01
-8.4776519100000002e+01
-2.7845073400000000e+01
4.8334638800000000e+01
4.3064275299999998e+01
2.9869027599999999e+01
9.8313823299999996e+01
-8.2428049000000001e+01
6.6821083999999997e+00
9.6533376000000004e+01
-1.8674664900000000e+01
-6.0829350999999997e-02
-5.7919091000000000e-01
-5.6681555899999999e+01
-3.7108446100000002e+01
-5.9173429400000003e+01
-7.7562801899999997e+01
-6.3901711300000002e+01
2.7679940099999998e+00
1.3485036600000001e+01
-9.5386771800000005e+01
2.8766159900000002e+01
-4.9724022099999999e+01
5.9487140500000002e+01
2.8834649299999999e+01
6.4032220600000002e+01
-6.3161445999999998e+01
4.8642474499999999e+01
-9.1960989799999993e+01
-2.4235187600000000e+01
2.6308053900000001e+01
5.2264698400000000e+01
-5.1068664900000002e+01
3.1449488100000000e+01
-6.3558139599999997e+01
1.0144425699999999e+01
-3.4461216800000003e+01
1.1294379200000000e+01
7.8195263199999999e+01
8.7406357900000007e+00
-7.1369881399999997e+01
1.0325499799999999e+01
-1.5509248899999999e+01
7.3371956200000000e+01
2.0686484900000000e+01
-3.8990205300000000e+01
-1.7410704800000001e+01
4.7138981299999998e+01
-3.1484907000000000e+01
-2.9312130199999999e+00
-9.9763115299999996e+01
-6.2756705500000002e+01
8.8984809700000000e+01
-1.2820895600000000e+00
2.5797347899999998e+01
3.8828828700000003e+01
6.1774689199999997e+01
-7.7877357399999994e+01
3.5908324399999998e+01
-8.7957454499999997e+01
9.3047165699999994e+01
-4.5312000099999999e+01
7.7988152099999997e-01
-9.6261912699999996e+00
-2.9653644400000001e+01
-6.4059484699999999e+01
-9.4637782799999997e+01
-3.5579488400000002e+01
2.0395732899999999e+01
1.3245251300000000e+01
6.3219077400000003e+01
3.3431664800000000e+01
-5.4262619600000001e+01
7.2435984299999996e+00
-2.1731627499999999e+00
-2.7887460699999998e+01
-5.6504594599999997e+01
3.5555260899999999e+00
4.0433756000000002e+01
4.6342438600000001e+01
7.8788130299999999e+00
6.1814983599999998e+01
2.5649325900000001e+01
-6.2034406099999998e+01
2.3185038800000001e+01
-7.8667011100000002e+00
1.9760188400000001e+01
-4.6095068599999998e+01
-1.0328465400000001e+01
6.0299501900000003e+01
8.4707409100000007e+01
1.4859670599999999e+01
-1.1042930600000000e+01
4.1309885100000002e+01
7.5244351100000003e+01
7.8161189800000002e+01
-3.5737847899999998e+01
1.6550365899999999e+00
1.8586239299999999e+01
-1.6605063499999999e+00
-1.7686364400000001e+00
-2.8200809499999998e+01
9.1319016700000006e+01
-3.2346194400000002e+01
-6.4432407299999994e+01
5.0086196399999999e+01
4.5073652600000003e+01
-6.7002676899999997e+01
1.7541463199999999e+01
-8.3600555299999996e+01
4.1662918800000002e+00
7.5795945799999998e+01
2.5895271099999999e+01
5.1902124800000003e+01
6.5978680100000005e+01
9.3659985300000006e+00
7.6011294300000003e+00
1.5928514900000000e+01
3.4443284799999998e+00
-8.0866747199999995e+00
-5.8821680700000002e+01
9.1648790300000002e+01
-6.6481198299999997e+00
3.5030099000000000e+01
1.3061059999999999e+01
4.4937185200000002e+01
2.2988965299999999e+00
6.7430313100000001e+00
-1.4802775400000000e+01
5.0142907999999998e+01
4.8729058799999997e+01
3.4701764300000001e+01
-9.7628228600000000e+01
2.4940217100000002e+01
5.0262477300000000e+01
5.2537320000000001e+01
3.7741530800000000e+01
8.5117678100000006e+01
-5.3625912499999998e+01
2.0535477000000000e+01
2.1077772400000001e+01
8.3051353500000005e+00
-9.5259690599999999e+01
8.4087705700000001e+01
3.9873831700000002e+00
8.3949049500000001e+01
-6.9781908200000004e+01
5.0911131300000001e+01
-2.4639388499999999e+01
-3.5779400600000002e+01
-5.0604062999999996e+01
9.6653891700000003e+01
-1.7521829499999999e+01
4.5093340400000002e+01
7.7757078300000003e+01
-8.8632657699999996e+01
-9.4549872899999997e+01
-5.1461006699999999e+01
-4.2478915299999997e+01
2.4421096499999999e+00
-3.3056725800000002e+01
9.3712142900000003e+01
1.7204626400000000e+00
-7.0177590699999996e+01
-8.8496832699999999e+01
-5.0267422300000000e+01
2.3390533300000001e+01
-6.7271223300000003e+01
-3.8659503100000002e+01
-3.1920969199999998e+01
6.8885133199999999e+01
2.6882711000000000e+01
-5.1961429099999997e+01
-2.7753877299999999e+01
-9.4460392200000001e+01
-7.1147507099999999e+01
4.9019859500000003e+01
3.2696729599999998e+01
-5.9329490000000000e+01
7.1403452200000004e+01
8.3316646199999994e+01
-8.2042390999999995e+01
-1.2952789599999999e+01
1.7472408200000000e+01
5.0409883499999999e+01
-5.7887821500000001e+01
-3.8939894799999998e+01
5.7478110999999998e+01
-4.8241095399999999e+01
9.0066539500000005e+01
-5.5390236899999996e+00
5.2829408700000002e+01
-7.0394197900000002e+00
3.5339953299999998e+01
9.5493501499999994e+01
1.5489058000000000e+01
9.4937824000000006e+01
4.8481388699999997e+00
-2.4441122400000001e+01
1.5561056700000000e+01
8.9356436700000003e+01
-8.2268733200000000e+01
6.9713867800000003e+01
8.6989829099999994e+01
-3.6453072200000001e+01
-7.6899282099999994e+01
8.9723414300000002e+01
7.7811605700000001e+01
3.6275008999999997e+01
2.3696378599999999e+01
-1.9312954399999999e+01
3.8422273199999999e+01
6.1486715900000000e+01
8.8109089600000008e+00
-8.2182703399999994e+01
3.1050070099999999e+01
8.9511140900000001e+01
9.7385033700000001e+00
-8.0450620299999997e+01
1.4948352300000000e+01
-9.2903184100000004e+01
-1.2097567200000000e+01
-3.9994474000000002e+00
3.9619597499999998e+01
4.9189063300000001e+01
2.6459839700000001e+00
-5.0677677000000003e+01
4.1325520900000001e+01
4.9906499799999999e+01
7.0825642900000005e+01
-1.0978789400000000e+01
-1.3664449599999999e+01
5.1001724199999998e+01
-3.1453655400000002e-01
-3.8686414399999997e+01
-3.9101750400000000e+01
5.7216534299999999e+01
7.7051051700000002e+01
-7.0808349100000001e+01
-1.0793036200000000e+01
4.1971953900000003e+01
4.6900361699999998e+01
-3.7613102800000000e+01
8.5803246799999997e+01
4.5825535299999999e+01
-1.8830410199999999e+01
1.6404310299999999e+01
2.3022097799999999e-01
-4.3011561999999998e+01
7.2363145000000003e+01
-2.1906698299999999e+01
1.4525956799999999e+01
6.5412013799999997e+01
-6.4800492899999995e+01
-1.7441972900000000e+01
5.8775517800000003e+01
-8.6798579899999993e+01
-7.4165674899999999e+01
7.6354148800000004e+01
-7.3203694200000001e+01
7.4050186600000004e+01
-2.4280259099999999e+01
2.3328957800000001e+01
1.6905775599999998e+01
4.1995255499999999e+01
2.0728877799999999e+01
3.3048627900000000e+01
-5.9441961999999997e+01
-7.8210773099999997e+01
1.8626256300000001e+01
-4.6589515700000000e+01
1.1678775900000000e+01
-3.1236546900000000e+01
6.7418403400000003e+01
4.8880790599999997e+01
5.5859549999999999e+01
-6.3604476800000000e+01
3.5241982399999998e+01
-3.2807434999999998e+01
5.5648946799999997e+01
2.2667535000000001e+01
-8.8005865900000000e+00
-4.2008658799999999e+01
-5.3458885000000002e+01
9.9047599799999997e+00
7.1807991700000002e+01
7.6228034300000004e+01
2.8087412600000000e+01
1.7010048300000001e+01
-2.8466398600000002e+01
2.7280370800000000e+01
4.6182914400000001e+01
2.2889473299999999e+01
-4.1472481600000002e+01
3.0033568100000000e+01
-2.7238416800000000e+01
-3.5074636500000000e+00
-6.4346596700000006e+01
-4.3772410100000002e+01
2.6119281000000001e+01
3.4990466699999999e+01
1.0879519900000000e+01
8.7700946599999995e+01
8.4078661400000001e+01
1.2027670900000000e+00
1.5501364799999999e+00
6.0265644100000003e+01
9.0511998700000007e+01
-6.3303524899999999e+01
-5.6786018700000000e+01
2.0795524400000001e+01
-4.9547742999999997e+01
4.2643042600000001e+01
4.7127253899999999e+01
-3.3125498899999997e+01
-2.1784024500000001e+01
8.6067029799999997e+00
-1.6494158299999999e+00
-9.6151919500000005e+01
3.2265215200000000e+01
2.3039970799999999e+01
4.4000463799999999e+01
-8.0377481999999993e+00
-7.9912189999999995e+01
-5.3327153500000001e+01
5.6915767099999997e+01
7.2587127300000006e+01
-2.4240322599999999e+01
3.9695667499999999e+01
-7.4225778800000001e+01
4.6894305899999999e+01
7.9414604200000003e+00
-3.8384554799999997e+01
-4.5648527699999999e+00
-8.3466100600000004e+01
6.3169152500000001e+00
-7.4448080099999999e+01
-1.8469786800000001e+01
-5.8824349900000001e+01
-7.7993276499999993e+01
7.5609415100000007e+01
-2.8772764700000000e+01
9.1332083199999996e+00
8.4385353799999994e+00
-3.4921315399999997e+01
-9.7634460399999995e+01
-3.2099262099999997e+01
-8.7261807899999994e+01
-1.2104602099999999e+01
5.8475546199999997e+01
3.0047769500000001e+00
-7.2744080100000005e+01
-8.8400527199999999e+01
9.1639848099999995e+01
5.0469581699999999e+01
-5.2245668600000002e+01
2.4126101200000001e+01
-9.9597859299999996e+01
-9.8035247999999996e+01
-7.6275146000000007e+01
6.1799069199999998e+01
-8.8668748100000002e+01
2.6335902099999998e+01
-2.4673299400000001e+01
-4.8353986799999999e+00
-3.7483554499999997e+01
8.4054702500000005e+01
2.0100878699999999e+01
3.9449680000000001e+01
-4.1878236600000001e+01
-7.0533432500000002e+00
-7.7916918300000004e+00
7.9683525599999996e+01
-4.8772456699999999e+01
8.3489537799999994e+01
5.2967277000000003e+01
6.1402162300000001e+01
4.3545098400000004e+00
-5.5110174000000001e+01
-9.9232434900000001e+01
4.7518699599999996e+00
-6.3885974200000000e+01
7.5646413100000004e+01
4.4676041499999997e+00
2.2576347499999998e+00
-3.1575404899999999e+01
4.7448848099999999e+01
4.6957197800000003e+01
7.8312465000000003e+01
-5.2893195000000004e+00
-8.6824650500000004e+01
-9.1744907999999992e+00
-8.8332244299999999e+01
5.9224998600000001e-01
8.1934798299999997e+01
-4.2518697799999998e+01
-5.2457021200000000e+01
4.1337116199999997e+01
1.5588268500000000e+01
-1.7849088600000002e+01
-6.0672891699999996e+00
5.3577072299999998e+01
5.0659982100000001e+01
5.3466306199999998e+01
-5.0062645400000001e+01
5.0285694300000003e+01
5.0743464600000001e+00
2.3758526199999999e+00
7.6289119400000004e+01
3.9491423699999999e+01
7.1536582899999999e+01
8.0283993799999998e-01
1.3977977599999999e+01
-3.0534713799999999e+01
-9.4979008300000004e+01
2.5294488699999999e+01
-6.7290370599999996e+00
3.0233772600000002e+01
-6.9018373600000004e+01
5.7697670900000002e+00
1.5047436899999999e+01
6.8765612899999994e+01
3.6282071199999997e+01
-7.9935188699999998e+01
-8.1076630100000003e+01
5.8063186799999997e+01
-2.3344553300000001e+01
-9.3601143100000002e+01
9.4475196400000002e+01
-9.3714533099999997e+01
9.7075600400000006e+00
1.9554778200000001e+01
4.9832714699999997e+01
-4.5273356499999998e+01
3.9276608899999999e+01
-2.0748410799999998e+01
6.2536791000000003e+00
7.4391497799999996e+01
1.4500491000000000e+01
-8.9632716200000004e+01
6.7439104499999999e+01
2.3807894600000001e+01
8.9027697300000000e+01
5.2184718599999997e+01
2.0142529199999998e+01
2.5210210100000001e+00
-5.3781717899999997e+01
1.0091650100000001e+01
2.1035054599999999e+01
5.4494961500000002e+01
6.5667216199999999e+01
-2.0498638699999998e+00
2.9799917900000001e+01
-7.1588992099999999e+01
9.4366190799999998e+00
-6.2361908300000003e+01
-2.2972916600000001e+01
2.7925424300000000e+01
3.6006801899999999e+01
3.2632506800000002e+01
7.2019066600000002e+01
-9.4360398399999994e+01
-3.4536888599999997e+01
-7.0717462100000006e+01
-1.8095025600000000e+01
3.9014918500000000e+01
3.6833385600000000e+01
-8.5328409399999998e+01
5.6212997100000003e+01
-2.6413351700000000e+01
-7.2835921700000000e+01
5.3605783899999999e+01
-6.7132313999999994e+01
8.4208650400000007e+00
-4.4673931099999997e+01
-2.1937386600000000e+01
-3.5429929999999999e+01
8.7783795699999999e+01
-3.1592455800000000e+01
4.1218877700000000e+01
-4.6427625800000001e+01
1.6607699000000000e+01
9.0233986399999999e+00
5.9946520000000000e+01
2.4827761599999999e+01
-7.7262177300000005e+01
-6.0733857100000002e+01
-3.0375446499999999e+01
-4.4550887000000003e+01
-6.2292175499999999e+01
5.6597071700000001e+01
-2.2678399899999999e+01
9.0106788600000002e+01
1.4282351900000000e+01
5.3287347699999998e+01
-8.9954120799999998e+01
7.6457102599999999e+01
-9.6365494999999996e+01
-2.5932956500000000e+01
-5.4285238999999997e+01
5.8190297800000003e+01
-5.1422688200000003e+01
-2.4146142600000001e+01
-6.0692561599999998e+01
-9.8095593699999995e+01
2.4903784300000002e+01
-9.9825947200000002e+01
-8.9858068000000003e+01
8.9036242999999999e+01
8.6243147100000002e+01
-1.9166181900000001e+00
-1.0109147200000001e+01
5.2508619600000003e+01
-9.6964836099999999e+01
-6.6453753000000006e+01
-2.7706551999999999e+01
-4.9710227099999997e+01
1.3482985899999999e+01
9.2314854600000004e+01
-7.5568113800000006e+01
-1.7062334300000000e+01
-1.4988433199999999e+01
3.4505723200000000e+00
-7.3140305200000000e+01
-9.4407993200000007e+01
5.1500745600000002e+01
-2.5055238500000002e+01
2.0699785700000000e+01
4.7156765100000001e+01
4.2615246200000001e+01
