# CEC 2010 F15 rotation matrix (50x50)
-7.4020346500000000e-02 6.6983474200000004e-02 5.6759271799999997e-02 1.7701990300000001e-01 -8.6044533000000006e-02 5.0150798000000003e-02 1.8040642900000001e-01 -1.3670893500000000e-01 3.0817999600000001e-01 -7.8605791300000005e-02 3.3417143300000002e-01 -1.6300651499999999e-01 -1.0179156200000000e-01 -2.8717113100000002e-01 1.6946949300000000e-01 2.6521189300000001e-02 1.1144812799999999e-01 1.2891741000000001e-01 2.6987836900000001e-01 -3.9239164600000001e-02 1.4470728899999999e-01 1.2843908100000001e-01 1.7091602900000000e-01 6.1301471999999999e-03 1.9007401199999999e-01 -2.0875378600000000e-01 -8.0957497800000000e-02 7.7312064200000002e-02 6.5757908899999995e-02 -1.0637093900000000e-01 -8.4631434500000005e-02 1.6091664000000000e-01 1.2116279000000001e-01 9.6778122100000002e-02 3.0934655200000001e-02 -1.6474558800000000e-01 1.8080657700000000e-01 8.5889177100000005e-02 -9.3973278199999996e-02 1.7955710699999999e-01 -1.0042168600000000e-01 1.5311030000000000e-01 9.7611705100000001e-02 3.7908115800000001e-03 1.2066312000000000e-01 1.2874753700000000e-01 5.1556792800000004e-03 8.1995056100000005e-02 -8.0250978500000000e-02 -3.0998328400000000e-02
-2.6513683900000001e-01 -4.4027468700000003e-02 -8.4482359399999998e-02 -1.7458248499999999e-02 2.5854681299999999e-01 -6.9012720299999997e-02 1.7600580800000001e-01 -1.9297400800000000e-01 -3.9965514400000002e-01 3.7192224499999998e-03 1.3579454499999999e-01 -5.2770458399999998e-02 -5.5837715599999999e-03 6.0438187200000000e-02 -1.3813215300000001e-01 -2.1870779500000001e-01 7.2184053799999995e-02 3.5466698800000002e-02 -1.0070804699999999e-01 -4.2752314600000001e-02 1.1320303500000000e-02 7.3312144599999999e-03 1.4027426200000001e-01 5.9586276399999999e-02 1.1846128600000000e-01 -5.9335842999999999e-02 6.4243232299999994e-02 -1.2728107799999999e-01 2.3895781499999999e-01 2.1588696099999999e-01 1.0277038300000001e-01 -1.3241067100000001e-01 -4.9253322500000000e-03 1.8546316500000001e-01 8.7173635200000002e-02 -2.6844425099999999e-02 1.8042574300000000e-01 7.6927072599999993e-02 9.4768770200000005e-02 5.3984133599999998e-02 -6.8876192399999994e-02 -1.5784965400000001e-01 8.1129620599999994e-02 2.8220464099999998e-01 2.7445097699999998e-01 -5.2285672399999998e-03 3.4892751700000002e-02 4.2904234800000003e-02 1.5105550800000000e-01 8.4781273800000001e-02
6.1038332299999998e-02 2.2970561800000001e-02 4.9407893299999998e-02 5.2340161699999999e-02 -1.3689765000000000e-02 2.6830207600000000e-01 -1.0143716400000000e-01 2.1100267299999999e-02 -8.3035723100000000e-02 -5.7467429899999999e-02 -2.9318619399999999e-02 2.3641998500000001e-02 1.7618652100000001e-01 -2.1292393199999999e-02 1.5057286700000000e-01 1.1001306000000000e-01 8.0662395200000001e-02 -8.6917078199999998e-02 -9.4697540199999999e-02 3.2656226700000002e-01 2.9233857400000002e-01 -8.7093599100000006e-03 2.6710733500000000e-01 3.6976476400000000e-02 -1.7015863700000000e-01 -3.9301045499999998e-01 3.4453870200000000e-02 -1.2336886399999999e-01 -5.3248051400000003e-02 3.4071660800000000e-02 -4.8556218300000002e-02 -1.2325105200000000e-01 1.9609576199999999e-02 -5.2146330900000003e-03 8.3117326800000002e-02 1.2824539300000000e-02 -1.3867807500000001e-01 -2.0711588500000000e-01 1.9318909100000001e-01 1.1910781199999999e-01 -4.7256369899999998e-02 -5.2470412199999997e-02 -2.1791025900000000e-01 -6.2157759999999999e-02 1.7699338900000000e-01 -1.8659646199999999e-01 1.0769876600000000e-01 1.9200862799999999e-01 2.6523859699999999e-02 -1.6647706000000001e-01
2.7743036300000001e-01 -1.6660064099999999e-01 -1.2436296199999999e-01 -4.3688120000000003e-01 -1.7272939700000001e-01 -1.4503904100000001e-01 -9.1019672600000004e-02 -7.2425470199999994e-02 1.5407259300000001e-01 1.4247827200000000e-02 5.0704500100000001e-02 7.7306968899999995e-02 -1.2036066900000000e-01 -1.2068820000000000e-01 -1.3534925200000000e-01 -6.4233602000000001e-02 5.8237208700000001e-02 -2.1003379999999999e-01 2.3838602900000000e-01 -1.0643250500000000e-01 1.3610854400000000e-01 -8.9200006299999995e-02 9.8217050299999997e-02 -8.5189851900000002e-02 1.3275365400000000e-01 -1.6948626700000000e-01 -6.4505086300000000e-02 1.4550728200000000e-02 5.6719825900000000e-02 -1.0334700400000001e-02 -4.5423112000000002e-02 -2.1578222599999999e-01 -2.7100009700000002e-03 -1.3842255900000000e-01 1.8532809300000000e-01 1.0861097900000000e-02 2.5068012099999998e-02 -2.0363947499999999e-01 1.8181751500000001e-01 -1.3200322000000000e-01 9.4097264099999994e-02 -1.7540093600000001e-01 7.2614493099999997e-02 9.3899358500000002e-02 1.0377099700000000e-01 1.2981952299999999e-01 -1.9832872400000001e-01 -2.1849094199999999e-02 2.6227529100000001e-02 1.0390007100000000e-01
-2.4682686900000000e-01 7.7138538199999995e-02 4.4998390999999999e-02 -2.1381722100000000e-01 2.2938120000000001e-01 1.1560112900000000e-01 -9.2639130200000003e-02 -1.5326489400000001e-01 -1.2019334000000000e-01 -1.4326454000000000e-01 -3.7935383800000000e-02 -1.4000407000000001e-01 -2.1079865199999999e-02 -2.1192669100000000e-01 -2.0512912500000000e-01 6.3812769899999996e-02 4.8921239800000002e-02 -2.4586704800000000e-01 1.1238337100000000e-01 3.2011873199999999e-02 2.8610262300000000e-01 1.1679702000000000e-02 -1.1919914299999999e-01 -2.2293883900000000e-01 -4.1943411000000000e-02 1.3772940300000000e-01 1.4738254500000000e-01 -1.1088793399999999e-01 -3.0533435300000000e-01 -1.0900193100000000e-01 -2.8002216999999999e-02 3.0816433399999998e-01 -2.0939041799999999e-02 1.1622234500000000e-01 -1.0749701000000000e-01 9.6953475399999996e-03 5.0870663900000002e-02 -9.0876185900000003e-02 1.2404671300000000e-02 -1.5380798000000001e-01 1.2961912300000000e-01 1.1148498900000000e-02 6.5634837400000007e-02 4.7150044600000003e-02 -3.1204194599999999e-02 1.3208127599999999e-02 6.8353367799999995e-02 1.8434853100000001e-01 -1.7920483000000001e-01 7.8604994999999997e-02
-9.4732440800000004e-04 4.3559006400000003e-02 -6.6522972900000005e-02 -9.5290485300000005e-02 -2.3048197800000000e-01 -1.0733678600000000e-01 1.3106420499999999e-01 -3.4679888700000001e-02 -9.9999328999999998e-02 -1.1465578000000000e-01 -4.3448929999999997e-02 -3.3607525700000002e-02 1.2484712100000001e-01 1.6446300899999999e-01 -1.5495506800000000e-01 -5.9980265099999999e-02 4.2902938600000003e-02 1.7027544500000000e-01 6.1358835799999997e-02 7.8649548599999994e-02 -1.8361426200000000e-01 -1.6582848400000000e-01 8.4335342199999996e-02 -2.8740412700000001e-01 7.1462059400000000e-02 1.0795165600000000e-02 2.9632048799999999e-01 2.2376308800000000e-01 -1.5289940399999999e-01 -2.2556357300000000e-02 -2.3710092700000001e-02 -5.5589216400000002e-02 3.9639144999999998e-01 6.7703949400000005e-02 -6.1551554199999997e-02 -6.8734004700000004e-02 -1.9528083299999999e-02 8.5503831099999997e-02 2.6429776799999999e-01 -8.8523554700000007e-02 -1.1811231500000000e-01 2.2663689000000001e-01 5.3962311700000001e-02 -5.4554090000000000e-02 1.4144593200000000e-02 -2.7235176199999999e-02 -8.4123046100000001e-02 2.0272960200000001e-01 3.2700547000000003e-02 -2.5655502600000002e-01
1.2234115299999999e-01 -1.2981958199999999e-01 3.4730281400000002e-01 -8.7622635599999998e-02 1.3482201499999999e-01 1.0342298599999999e-01 3.2635395299999998e-03 -6.1047054699999999e-02 -2.0908496200000001e-02 3.9235011100000002e-02 1.0673968299999999e-02 2.5086490900000001e-02 3.7935256400000000e-01 -1.4747733299999999e-01 -1.7116746299999999e-01 -6.7808297700000006e-02 8.0172656699999997e-02 1.7628515500000000e-01 2.1939216800000000e-01 -1.3513980500000000e-01 -1.3434417500000001e-01 3.7561108500000003e-02 -4.3961906699999997e-02 -2.4992880200000001e-01 -9.9857636099999994e-02 6.5061302500000001e-02 -2.7194602700000001e-02 -8.8809084199999999e-02 -1.0428966200000001e-01 1.4855992900000001e-01 -6.7075988099999997e-02 -2.1516431200000000e-01 1.9814862100000000e-02 -1.2354133200000000e-01 7.9314998999999997e-02 -7.1747243599999996e-02 1.5887614700000000e-01 -1.4872467200000000e-01 -2.3979493800000001e-01 1.3797741799999999e-01 -1.2181547600000001e-01 3.0813531400000001e-03 -6.4627928700000004e-02 8.5058616700000006e-02 1.2296085300000001e-02 -6.4153237000000002e-02 1.7933128900000000e-01 -2.3178763399999999e-01 -1.1548116600000000e-01 -1.7299586200000000e-01
-1.9559672400000000e-01 2.6312126699999999e-01 6.0126395200000002e-02 -3.7736996799999999e-02 -9.4596501900000005e-02 -2.8233390100000000e-01 1.2344367000000001e-01 3.2421400599999997e-02 3.9716838300000001e-02 -2.5758270500000002e-01 -4.1245257600000002e-02 2.3516129800000000e-02 -5.0711114000000002e-02 4.3699653900000003e-02 -5.6800266600000003e-02 -1.2148574900000000e-01 1.9598065100000001e-01 -1.3054177500000000e-02 -2.1559603399999999e-01 1.0344764600000000e-01 9.5119675400000006e-02 5.0522490099999998e-02 6.6842177700000005e-02 1.8238067899999998e-02 -4.9621465199999999e-02 -2.2415583400000000e-01 -1.6637894800000000e-01 2.5196480300000001e-01 -1.7376699100000001e-01 1.0424703800000001e-02 -4.3910185300000001e-02 -9.6180352799999994e-02 -1.7280690900000001e-01 -1.1647935099999999e-01 -2.0964557600000000e-01 6.0759619600000002e-02 1.9234329800000002e-02 -1.2231558900000000e-01 -1.6259013999999999e-01 -1.3322388099999999e-01 9.2699068300000007e-02 -8.3391849399999995e-02 1.0361115500000000e-01 1.9060256700000000e-01 -3.2348108100000002e-02 1.4607575100000000e-01 1.4255526600000001e-01 -2.2658228499999999e-01 1.8409624900000001e-02 -2.9114676600000000e-01
-6.8130811400000005e-02 1.6157304100000000e-01 -8.6792551300000007e-02 -6.3256829700000003e-02 -6.2689048599999997e-04 1.2028451000000000e-01 9.4112607900000006e-02 -2.9321230899999998e-02 1.9074247999999999e-01 2.4753007599999999e-01 -6.5890139799999997e-02 -8.9551511099999995e-02 -8.3853017000000002e-02 7.6631177800000005e-02 8.0253070900000001e-02 -8.3552196400000001e-02 -4.2414035800000000e-02 9.8027813599999999e-02 1.6327979000000001e-01 -1.5090741000000000e-03 4.8910136200000003e-02 -1.3080911500000000e-01 -1.2119349000000000e-01 -1.4384252300000000e-01 -5.3031247699999999e-02 -1.3616448600000000e-01 6.9743958300000006e-02 -1.9441046699999999e-02 -1.0389235900000000e-03 -5.3957698100000000e-02 -2.2950245799999999e-01 -5.3471172599999998e-02 1.6936035299999999e-02 3.6514484300000000e-01 1.7860132500000001e-01 3.3224957399999999e-01 6.6305748200000000e-02 1.4810208500000000e-02 1.0097095300000000e-01 -1.0162499000000000e-01 7.9501817899999994e-02 -1.9798799200000002e-02 -1.3673578900000000e-02 -1.8442893900000000e-02 -1.3407660499999999e-01 -5.8525638400000003e-02 3.7886680700000003e-01 -2.4664294800000000e-01 2.8966939300000000e-01 3.5132637400000000e-02
-6.8710761600000003e-02 4.2535887699999997e-02 2.6591849099999998e-01 1.4315366299999999e-01 -7.2515215300000005e-02 6.7417721299999997e-02 -1.8536111500000001e-02 -1.1618637500000001e-02 -1.0537326599999999e-01 2.5306405100000001e-01 -1.7262805999999999e-02 2.7902344600000001e-01 -4.1447072899999998e-01 -1.6110575899999999e-01 -1.2161180700000000e-01 1.8408816500000001e-02 1.0241910899999999e-01 -4.5012912500000002e-02 1.7759891300000000e-02 1.0608076200000000e-01 -1.7582530199999999e-01 -2.7439552499999997e-01 -7.2755388700000007e-02 -2.3210725299999999e-02 1.3308862499999999e-01 -1.4306280800000001e-01 3.1949176699999998e-02 -1.0927572000000000e-02 -1.0165719800000000e-01 -1.3733939600000000e-01 2.5617661800000002e-01 6.3634923499999996e-02 9.4844376199999997e-02 1.9729316199999999e-03 5.3108011199999999e-02 2.2092320100000001e-01 8.1567239099999994e-02 -3.6497422100000003e-02 -5.0615436399999998e-02 1.3921297499999999e-01 -1.3931827999999999e-01 -2.7039538899999999e-01 4.8677097900000001e-02 1.5780401699999998e-02 -4.2733940400000003e-02 -9.0709980900000001e-02 -7.8350982499999999e-02 3.6913839300000001e-02 -1.3801779400000000e-01 -1.7087598000000001e-01
-1.8534368600000001e-01 -2.4939191999999999e-01 8.1566747699999997e-02 5.5719843499999998e-02 6.4963136199999993e-02 -1.1711185400000000e-01 -1.0369490500000000e-01 -1.1887984700000000e-01 -1.0508835699999999e-01 -6.7256556999999995e-02 5.7331364800000000e-02 -7.5359689100000002e-02 7.2385300399999998e-04 -4.2718770000000003e-02 -1.4471927300000001e-01 3.4284630399999999e-01 1.0438773300000000e-01 -1.0971721299999999e-01 2.3954132000000000e-02 -2.5220646499999999e-02 -1.4446940400000000e-01 3.2147953299999997e-02 7.0096779400000003e-02 1.7831163899999999e-01 -3.1891570800000002e-01 -6.3102353500000000e-02 -6.5028693799999995e-02 2.1068136100000001e-01 6.8681938200000001e-02 -1.0926360700000000e-01 -2.0176218900000001e-01 -2.3213861499999999e-02 1.4375867900000000e-01 7.7161301500000001e-02 3.1326493900000002e-01 -2.1365950900000000e-02 -1.3112696500000001e-01 1.4257877999999999e-01 1.9384184100000000e-02 -1.9685934499999999e-01 -2.4019548499999999e-01 -1.6199970200000000e-01 -4.5610325799999997e-02 -6.7089534399999998e-02 -1.6542735500000000e-01 2.4988412300000001e-01 8.7349323699999995e-02 -2.5996341199999998e-02 -1.6893534599999999e-02 -1.6722454000000001e-02
-8.8531929900000000e-02 3.3136490099999999e-01 1.1394252600000000e-01 -9.1924330100000007e-03 1.1208149900000000e-01 -2.1181107100000001e-03 -1.6703411900000001e-01 1.4492290799999999e-01 9.9603951100000004e-02 -9.0783259500000005e-03 -1.3638580500000001e-02 -1.9418668500000000e-01 7.8352007599999995e-02 -3.1619451000000000e-02 -3.6030459799999998e-02 2.2608826800000001e-01 -2.5201496800000001e-01 -5.8730576200000002e-02 6.2749339900000006e-02 1.3617234500000000e-01 -2.3652696300000001e-01 1.0287507300000000e-01 2.7736976999999999e-02 -2.5279205400000001e-02 5.5710825600000000e-02 1.0278316400000000e-01 1.2319322100000001e-01 2.2913520499999999e-02 -4.2661635699999999e-02 -5.8099109800000000e-02 1.2970028700000000e-01 -5.0206058599999999e-02 -1.0669294999999999e-01 -1.0835790300000001e-01 3.0404452500000001e-01 -1.5657418999999999e-02 -7.4620210600000000e-02 -8.3695639199999998e-03 2.2666763600000001e-01 2.9365563400000000e-01 1.7673254199999999e-01 -3.4096338699999999e-02 2.3431366900000000e-01 1.6013758900000000e-01 1.5779664099999999e-01 2.2646045600000000e-01 -3.4864742200000000e-02 -6.4303559299999993e-02 1.3885723000000000e-01 -1.2752485699999999e-01
1.8931426500000001e-01 1.0904070200000000e-01 -2.7421250899999999e-02 4.9707799400000002e-02 -1.0521452100000001e-01 -1.0219093100000000e-01 -1.6280135600000001e-01 2.6223123999999998e-01 -2.4939351800000001e-01 1.1818246500000000e-01 1.5593309000000000e-01 -1.4716610999999999e-02 -1.6737465999999999e-02 2.0371723000000000e-01 -3.2422012799999997e-02 -1.2190496200000001e-01 5.5827292399999999e-02 -2.7858544000000002e-01 2.0063648800000000e-01 -1.4574500300000001e-01 -8.5870537600000005e-02 1.0196182299999999e-01 3.3271190200000000e-01 -1.7157340900000001e-01 -8.7799103500000003e-02 -3.4829640600000003e-02 -1.7386086000000001e-01 -1.0353348200000000e-01 -1.6904038800000001e-01 2.5339702900000001e-03 -1.6693806400000000e-01 1.5051296400000000e-01 -1.2976241199999999e-01 7.6805750500000006e-02 -1.1155697400000000e-01 9.5811072600000005e-02 -6.0272779799999997e-03 3.3959380400000000e-01 4.6724935400000001e-02 1.1692475800000000e-01 -8.3979606900000003e-02 -3.9116272500000000e-02 1.0007675900000000e-01 -3.8581259100000001e-02 9.3344256400000006e-02 -1.7401207200000001e-02 1.3260623999999999e-01 -3.6642754499999999e-02 -1.4548913199999999e-01 -1.5850016300000000e-03
2.4366320000000000e-02 1.1740687100000000e-01 -2.1524530900000000e-01 -1.5110282600000000e-01 1.6618172100000000e-01 4.1278912600000002e-02 8.2082201699999996e-02 4.8971284499999997e-02 5.1352443499999997e-02 1.3467908200000001e-01 -1.0968554899999999e-01 1.0883875699999999e-01 -3.4105703799999998e-02 -1.3616192499999999e-01 -2.8762313300000002e-02 5.4740984800000003e-02 1.2432704200000000e-02 2.9217291100000001e-02 1.4602391900000000e-01 3.3506430799999998e-01 -5.1746276299999998e-02 1.5245691200000000e-01 1.1528695400000000e-01 1.9250923000000000e-01 -4.1100123299999999e-02 1.4343158200000000e-01 -1.5840007100000001e-02 1.1542897200000000e-01 -2.2150204500000001e-01 -4.3500001400000002e-02 -1.6062525500000001e-02 -2.7908067199999997e-01 1.4083845200000000e-01 4.7066793599999997e-02 -3.0033918399999998e-01 -2.6813208300000002e-01 1.5816152300000000e-01 5.3870924500000000e-02 2.3347699600000001e-02 9.7479534600000001e-02 -1.5535525500000000e-01 -2.7285217499999997e-01 1.3206213600000000e-01 -1.7634469600000000e-01 -4.6760490299999999e-02 -4.6988372100000002e-02 8.5570276200000003e-02 -6.5904923099999999e-02 5.1106932100000002e-02 2.1473156600000001e-01
-7.5568703299999998e-02 -2.2589414499999999e-01 -6.7036591100000001e-02 -7.8981883399999994e-02 -5.2751769599999998e-02 -6.1477008299999997e-02 1.6155784400000001e-01 1.9537201800000001e-01 1.0497825500000000e-02 8.6393021500000000e-02 2.6289407099999999e-02 6.2823215799999998e-02 -1.0933603800000000e-01 6.6521025799999994e-02 9.6318085900000003e-02 4.7612110499999999e-02 1.4120175900000001e-01 -1.1682969700000000e-02 1.6560137499999999e-02 7.0784863099999998e-03 1.5477571600000001e-01 2.5639328300000003e-01 -1.2985695800000000e-02 -1.7042150800000000e-01 -1.7698870200000000e-01 2.2714710299999999e-01 8.1023122500000003e-02 1.0029855800000000e-01 1.2110894000000000e-01 -5.1467019800000000e-02 -6.4935392300000006e-02 -3.6030359400000003e-02 -1.9744009200000001e-01 1.1303705000000000e-01 2.1814830399999999e-01 -9.8427930100000005e-02 1.0268186999999999e-01 -3.4908005100000000e-02 -1.2868651900000000e-01 1.3485175799999999e-01 1.4152060699999999e-01 -1.5005659599999999e-01 2.2316771499999999e-01 -2.7959206600000001e-02 -1.5342249899999999e-01 -2.7714051800000000e-01 -1.0585740800000000e-01 2.5413870199999999e-01 1.0347974400000000e-01 -3.5264691999999997e-01
-1.3688995600000001e-01 -8.2892690599999999e-02 -2.4881584700000001e-01 -1.3927323200000000e-01 1.3496475499999999e-01 1.1019497400000000e-01 1.6448431499999999e-01 1.6178762999999999e-01 2.5341799400000000e-02 -2.3272869099999999e-01 1.7161608700000001e-02 -1.2849554099999999e-01 -1.1202021700000001e-01 2.3161783200000000e-01 2.0020636400000000e-02 4.1561062699999998e-02 -2.2110418999999999e-02 1.9621153299999999e-02 2.5059948300000001e-01 2.0677244400000000e-01 -4.4910623300000001e-02 -2.2076243600000001e-01 -3.1912809500000000e-02 -1.9048403300000000e-01 -9.9107780899999998e-02 -1.5940465500000001e-01 5.7529790899999997e-03 9.9857947500000002e-02 1.7446854500000000e-01 6.3602163599999997e-02 2.1762898400000000e-01 -7.1502490599999996e-02 -9.3146005500000004e-02 -2.2480577199999999e-01 5.8464400299999997e-02 7.1829829799999995e-02 5.6359369100000001e-02 1.5365669100000001e-01 -1.0969230000000001e-01 1.8752210799999999e-01 4.8741875699999999e-02 -8.3432432100000002e-03 -1.8977051300000000e-01 6.7540883700000004e-03 -1.4603516300000000e-01 6.8510116400000001e-02 1.0082349700000000e-01 1.5632750099999999e-02 -3.3571982400000000e-01 1.1603285500000000e-01
1.3307853700000000e-01 -1.5049489699999999e-01 1.3815087300000001e-01 1.5136225500000000e-01 7.8636115199999995e-02 -1.3004022800000001e-01 -1.4056914800000000e-01 -5.3458739100000000e-02 5.7340735599999998e-02 -7.1601747800000004e-02 -1.7659666500000001e-01 -1.2931808000000000e-01 -2.3611345100000000e-01 1.5177101500000001e-01 -1.2893789999999999e-01 -7.7820991500000001e-03 -5.1619043900000001e-02 -1.8236704300000001e-01 -9.4815144800000001e-02 -2.5561826999999999e-02 -3.1121884300000000e-02 2.6539526499999999e-01 -1.2726550200000000e-01 3.5776557399999999e-02 -8.3831359800000005e-02 -1.9146634000000001e-01 2.3180680600000000e-01 -1.1367819300000000e-02 -3.9953720799999998e-04 -1.6661177299999999e-01 -8.0086512299999996e-02 -2.4509919599999999e-01 1.0246055499999999e-01 5.7857790999999999e-02 -1.1012042700000001e-01 4.5610851000000001e-02 4.6859992600000000e-01 6.2374954900000001e-02 -1.3572406300000001e-03 1.2235492700000000e-01 2.0275569700000001e-01 1.5590795700000001e-01 -1.8174647399999999e-01 -8.6273961699999999e-02 1.3327436100000001e-01 3.8328095200000002e-02 -2.2697145700000001e-02 7.3095955099999996e-04 -4.0698085500000002e-02 -9.9869103200000003e-03
2.6300485000000001e-01 -1.1122182600000001e-02 -1.2858282600000001e-01 -1.4549423900000000e-01 -7.9330421400000004e-02 -1.7733845800000000e-01 1.0748032600000000e-01 -2.5946845600000001e-01 1.6595269100000001e-01 3.8818262700000002e-02 1.6661355999999999e-01 -2.2630447700000000e-02 1.4924059400000000e-01 7.2629625300000000e-02 5.0554602499999997e-02 9.9618392299999997e-02 8.3876100900000000e-02 3.5248953699999999e-03 -8.7210538000000004e-02 4.2950319299999998e-02 -7.2734225400000005e-02 1.0632683300000000e-01 -1.9554064199999999e-01 2.1487882400000000e-01 -6.7209280299999993e-02 2.7107533800000000e-02 2.7406792300000000e-02 -7.4537751299999996e-02 -1.5610934800000001e-01 3.6333317900000002e-02 3.7301497000000000e-01 1.5843894800000000e-01 2.8960198699999998e-02 6.8205929000000002e-03 1.3993642600000000e-01 6.9453287099999997e-02 6.1764778800000003e-02 1.8686159999999999e-01 3.9815495200000002e-02 -1.1015544300000001e-01 9.5900650099999998e-02 -1.5026453700000000e-01 1.7229052500000001e-02 -4.0070954499999999e-02 2.1680074499999999e-01 -1.1292975700000001e-01 3.4935823199999999e-01 6.6861800099999993e-02 -1.9105085199999999e-01 -1.6075832000000001e-01
-5.4303666000000000e-02 -7.5631448800000001e-02 2.1979369900000000e-02 3.2658992700000000e-01 -4.3054652999999998e-01 4.9585954299999999e-02 -5.3263116300000003e-02 4.4098589700000003e-02 2.6953972699999999e-02 -1.2159263500000000e-01 -1.2760248299999999e-01 1.2339526100000001e-01 -9.9048239000000000e-03 -5.4660292700000002e-02 -1.4418278700000001e-01 -4.3688784799999998e-02 -1.3080312899999999e-01 -5.0800642200000003e-02 1.2106662100000000e-01 1.4901745799999999e-01 -6.7205740700000002e-02 5.1801960899999999e-02 5.9187024299999997e-03 -9.6632783200000003e-02 1.9230913299999999e-02 1.5255486100000001e-01 -1.2720403000000000e-01 -2.6902461300000000e-02 5.6720407799999997e-02 2.5439114800000001e-01 9.8485016199999997e-02 -1.6555790100000001e-01 -1.1983326600000000e-02 2.8976063499999999e-01 3.9684641999999999e-02 -9.9468619400000000e-02 -1.1772992800000000e-02 -1.5294336300000000e-01 -6.5043878499999999e-02 -1.0569486600000000e-01 1.8971068099999999e-01 -6.6551187100000006e-02 3.7690226500000000e-02 5.1855907499999999e-02 4.8247263300000003e-02 1.9742934200000001e-01 2.9682313799999999e-01 2.3284422499999999e-01 -1.1616641100000000e-01 1.5460319100000000e-01
-1.9147947200000001e-01 1.8917872499999999e-02 2.0316782200000000e-01 -3.7726016499999998e-01 -6.9131035499999993e-02 -1.2355808900000000e-01 3.6935177800000003e-02 4.9196340999999998e-02 9.3945590699999998e-02 1.8226229199999999e-01 -3.7531843500000001e-01 9.6252281199999998e-02 1.1913405000000000e-02 4.4491894099999998e-02 2.3027918800000002e-02 -1.3584964400000000e-02 1.2473819999999999e-01 4.6674681099999997e-02 -5.0010463099999999e-02 9.5919413800000006e-02 -8.8067918900000000e-02 2.0432345299999999e-01 4.2291904299999999e-03 2.0701536400000001e-01 2.2886867100000000e-01 -1.1398660700000000e-01 -5.1368370100000000e-03 -1.2514075799999999e-01 1.0311190100000001e-01 1.2796279999999999e-01 -2.1354738600000001e-01 6.1877091400000001e-02 -5.6964490100000001e-02 9.2962009700000001e-02 1.0350093100000000e-01 -1.6252844799999999e-02 -9.2654821299999995e-02 9.3080461000000003e-02 8.5884241299999997e-02 1.1438230400000000e-01 -8.1892928399999995e-02 2.2357085800000001e-01 7.6892219700000000e-03 1.0002907599999999e-01 -8.3685629600000006e-02 -1.3965922299999999e-02 6.2161791100000002e-02 1.1517863400000000e-01 -3.5456066899999999e-01 6.2056174499999998e-02
-2.5911047500000001e-01 1.1956695400000000e-01 9.3846046799999999e-02 2.9690791599999999e-02 3.3179114699999998e-02 -1.8933197900000001e-01 -6.1515472100000003e-02 1.7581424599999999e-02 -7.5026848399999999e-02 8.9447582999999997e-02 -5.3924359099999999e-02 -5.0119285700000002e-02 1.0978614200000000e-01 9.4225741400000007e-03 9.8488712899999997e-02 -3.0180706500000001e-02 3.4455117299999997e-02 -1.3484673999999999e-01 2.8705280799999999e-01 -2.0721847199999999e-01 -1.8800623299999999e-01 9.9320867300000004e-02 -6.9516254999999999e-02 -1.1564467500000000e-02 9.2116705399999999e-02 -2.9018647600000003e-01 3.1221670999999999e-02 2.4387450699999999e-01 -8.7750627200000001e-04 -4.5602312800000003e-03 1.2873140999999999e-01 -4.6670697699999998e-03 8.2512993100000001e-02 -6.2886154999999999e-02 1.8959490100000000e-02 -1.7762439699999999e-01 -2.0791898500000000e-01 -7.5519064699999999e-02 -1.7559827800000000e-01 -9.8315889599999998e-02 2.4400097600000001e-01 -8.7669691100000002e-02 -1.0495719500000000e-01 -1.7905915900000000e-01 1.2768777100000001e-01 -3.8438798299999999e-01 2.4701675700000002e-02 7.8511557300000007e-02 1.1363914200000000e-01 1.8770835199999999e-01
1.1337620100000000e-01 2.0433956100000000e-01 -1.3725016400000001e-01 2.9033809000000001e-02 3.9443651900000001e-02 -2.5006148700000001e-02 2.1968527400000001e-01 -1.4946910299999999e-01 -1.5683219700000001e-01 -4.3134641699999998e-01 -1.8459174000000000e-01 2.8278334500000002e-01 -7.0344747599999993e-02 -6.2950585599999997e-02 2.5240031299999999e-01 -1.8362953800000001e-01 5.7669969000000001e-02 -2.3180574700000001e-01 1.7422462599999999e-01 -5.4261008899999998e-02 -1.6923194400000000e-01 4.7478300000000001e-02 -1.8281981999999999e-01 4.7438747199999999e-02 -7.9007688399999998e-02 5.3081530100000003e-02 5.3726729199999997e-02 -2.1743422900000001e-01 2.2647211500000000e-02 -5.7955960199999997e-02 -1.3583017100000000e-01 6.0974441099999999e-02 8.2469644999999994e-02 1.1488309100000001e-01 1.9066879200000000e-01 -8.9393841599999996e-02 -1.0983819600000000e-01 -7.5646420800000003e-02 -6.9923821400000004e-03 1.6338380899999999e-01 -4.3041501500000003e-02 -4.0862309100000001e-02 -5.9983581899999999e-02 -1.1499512400000000e-01 2.1308361000000001e-02 8.9785689099999996e-02 -7.6449524399999996e-02 -1.4853721200000000e-01 -7.2198398599999996e-03 -1.1836202899999999e-01
1.9925463900000001e-01 -1.4500495299999999e-02 2.3949519499999999e-01 -1.3761732800000001e-01 2.0662678300000001e-02 -5.5607339999999998e-02 1.6258151400000001e-01 2.4531599600000001e-01 -2.6529168700000001e-02 -2.1290876300000000e-01 8.8056504800000004e-02 -3.6532238699999997e-02 8.2592619899999997e-02 -1.2494162300000000e-01 -4.4843459299999999e-02 2.1031461300000001e-01 -2.3117198899999999e-01 -8.6085920799999993e-02 -1.1405323100000000e-02 8.4437264700000000e-02 5.1918871399999997e-02 -2.0243686200000000e-02 -6.6410236800000001e-03 3.0126629600000000e-02 1.3934308400000001e-01 5.5685974100000001e-02 1.4560909399999999e-01 2.2020241400000001e-01 3.4126614100000002e-01 9.1102479500000000e-02 -1.0870468799999999e-01 1.3781237299999999e-01 9.0414245099999999e-02 3.0288103799999999e-01 -2.2941881500000000e-01 1.7758012700000000e-01 -5.4721201700000000e-02 -6.1423778000000004e-03 -1.9391624300000000e-02 -1.8732640100000000e-02 1.4743097199999999e-02 -2.3804593399999999e-01 -5.8015354800000002e-02 6.3973541599999996e-04 1.4415407099999999e-01 -1.5743357999999999e-01 -3.1041479199999999e-02 -1.9337787200000001e-01 -1.2865008900000000e-01 -3.6750327399999998e-02
-1.9508533400000000e-01 -2.5150155499999999e-01 -6.9923932499999994e-02 9.5011187400000002e-02 -6.2668096199999995e-02 2.1334651600000001e-01 1.0771399000000000e-01 -6.8277173400000002e-02 2.4421762399999999e-01 -3.3924694599999999e-02 -4.7956297199999998e-02 -4.6373611500000002e-02 -7.3396719999999999e-02 1.1366703400000000e-01 -1.0025617400000000e-01 4.7197676500000001e-02 6.4830435399999997e-02 -3.4864461699999999e-01 -5.3856068500000000e-02 1.3760117599999999e-01 -5.8112333500000002e-02 1.2997020200000001e-01 2.4174130100000000e-02 -9.4249151599999997e-02 2.0345763200000000e-01 5.6743120299999998e-02 4.8125973000000002e-02 5.5819936299999998e-02 -2.1695860600000000e-01 3.8387148199999999e-01 -2.3171673500000001e-03 9.9979370200000001e-02 -7.3018426400000003e-02 -7.2720095400000004e-02 1.0094260300000001e-01 5.6824892699999997e-02 -2.6567684099999999e-02 4.6105792200000002e-02 -1.8825577499999999e-02 -4.7488570600000002e-02 -2.0334682300000001e-01 7.0182716100000000e-02 1.8557308299999999e-02 -1.5736934599999999e-01 1.9191822400000000e-01 -1.2927190199999999e-01 -1.3774727600000000e-01 -3.2282130599999997e-01 1.1498239200000000e-01 -2.4771756400000001e-02
-2.9351618400000001e-02 -5.0848129799999997e-03 3.9998627699999999e-04 -6.4365284099999996e-03 1.1957076200000000e-01 3.7114461900000000e-02 2.3077103099999999e-01 3.9921242900000002e-03 4.1842681399999998e-02 2.8780623700000001e-02 9.2673335100000004e-02 5.4935382499999998e-02 1.0496596100000000e-01 8.2145774199999994e-02 -2.5066654199999999e-01 -3.6516676999999997e-02 -7.6854654699999997e-02 -2.7333537800000002e-01 1.1489848599999999e-01 -1.7959045500000001e-01 6.5491246599999997e-02 -2.6596349699999999e-01 1.3667999600000000e-01 4.4686134199999999e-01 8.0407051500000007e-02 1.8332198399999999e-01 -1.7910772000000000e-01 1.8726758600000001e-01 -1.4881274999999999e-01 -4.1819624000000000e-02 2.7922380500000001e-03 -1.3323832099999999e-01 -1.7398361700000000e-02 1.1078957700000000e-01 4.2076395599999997e-02 1.4050601200000001e-01 -2.0072840800000000e-04 -1.3843275099999999e-01 -4.8158540400000003e-03 2.3089615499999999e-01 1.3560560899999999e-01 2.7111526400000002e-01 -9.6199394999999993e-02 -6.8295913200000002e-02 -7.2168847699999997e-02 -4.2333699599999997e-02 5.9389476400000002e-02 1.5236961500000001e-01 1.1238695900000000e-02 -1.3926725900000000e-01
7.3504319200000001e-02 6.8835906600000002e-03 2.3693685700000000e-01 -6.3320577800000000e-02 -2.7796251300000002e-01 8.2950447600000005e-02 1.8748777899999999e-01 -1.1093347500000000e-01 -5.2859312800000002e-02 -1.2604488999999999e-01 -1.6275374900000000e-01 -2.7306790900000000e-01 8.5296601599999994e-02 -9.8561078199999999e-02 -5.8425718000000001e-02 -1.3048709200000000e-01 3.0919661500000001e-02 -9.3321361699999994e-02 -2.3562462700000000e-01 1.4489624200000000e-02 1.4334159499999999e-01 -1.3386914499999999e-01 1.1587158000000000e-02 -1.4801099000000000e-02 3.8730547599999998e-02 4.9059625900000001e-02 -4.7557597399999998e-02 -4.2234758599999998e-02 -5.7432803800000001e-02 -6.4701184499999995e-02 -9.1557629000000001e-02 -6.2083879000000002e-02 1.6199749699999999e-01 -1.9661478399999999e-01 1.3111090600000000e-01 3.0901194100000001e-02 -6.6936899100000002e-02 3.8254874400000000e-01 -1.5955707799999999e-01 2.5071749399999999e-01 1.4877747099999999e-01 -2.1988765499999999e-01 9.8753405500000002e-02 -7.0702240299999997e-02 -1.1505313900000000e-01 -5.7750489299999999e-02 2.7229256899999998e-02 6.8817123699999996e-02 1.7374752199999999e-01 2.3255545699999999e-01
1.9382912699999999e-01 8.9283243599999997e-04 2.1083579900000000e-02 5.1735456499999999e-02 7.5573186599999995e-02 -3.9705216900000000e-02 3.6945921700000001e-01 -1.5520088300000001e-01 -2.4058194799999999e-01 2.5446392000000001e-01 -9.6766726599999998e-03 7.5864316200000004e-02 -2.6345820399999997e-01 -2.3144572899999999e-01 9.5230993700000002e-02 1.8775167900000000e-01 -1.9185448499999999e-01 4.3833231000000000e-02 -3.8599587900000003e-02 1.1128077300000001e-02 4.7536594699999997e-02 1.0221775000000000e-01 6.9085547299999994e-02 -1.6929183500000000e-01 -6.5137187999999999e-02 -1.3093939900000000e-02 2.3772246500000000e-02 1.8338448299999999e-01 -2.2853937999999999e-01 1.6164261599999999e-01 -6.7020204599999994e-02 -1.1179448200000000e-01 -1.1622842000000000e-01 -4.0860986400000000e-02 6.3553338700000003e-02 -8.5944682600000002e-02 -2.0694628000000001e-01 1.6481680200000001e-01 3.1227200900000002e-02 -6.2967125099999993e-02 2.1681060099999999e-01 1.7428407700000001e-01 -2.3075350100000000e-01 1.7037705800000000e-01 3.7489546600000000e-02 6.1489182500000003e-02 -2.6576253200000000e-02 -4.4128025500000001e-02 -7.5273736100000002e-02 2.2695401899999999e-02
5.2507436800000001e-02 1.3144864800000000e-01 -1.4454116000000000e-01 -4.5224802299999999e-02 8.8420380000000007e-02 -1.3518447100000001e-02 -1.5155055900000000e-01 -4.4497041900000001e-01 6.8572794399999998e-02 -3.4215464299999998e-02 -2.6827742000000002e-02 -8.3465813899999998e-03 -1.1348729600000000e-01 -1.7310893200000000e-02 -1.0463794900000000e-02 2.9509562199999999e-02 -1.2888644399999999e-01 7.0649318799999999e-02 -5.9939165400000001e-02 5.0470717100000000e-03 -2.5770121299999998e-01 8.9698732399999995e-02 1.4950991699999999e-01 -1.1709016500000000e-01 -3.6720525200000000e-02 8.0934379099999995e-02 -1.0596661700000000e-01 1.6346180900000001e-01 1.4614883900000000e-01 2.1941438699999999e-01 -2.9678994800000003e-01 9.9735050100000000e-02 -7.2867770400000002e-03 -1.8574747999999999e-01 -1.1684488300000000e-01 3.4341963800000003e-01 1.4578426699999999e-02 -1.6272121600000000e-01 -1.0659250400000000e-01 1.6162888900000000e-01 -7.5939289600000003e-03 -1.0053904200000000e-01 2.9116024800000001e-02 -9.2450051000000005e-02 1.6350486000000001e-02 -9.2807543199999995e-02 5.6632176200000002e-02 3.0913329800000000e-01 9.2392492400000005e-03 -2.2316936700000001e-02
-1.8374164400000001e-01 9.8937964200000006e-02 -2.0669622500000001e-01 1.3057072100000000e-01 -7.8784904500000003e-02 3.1084691100000000e-03 1.1899307800000000e-01 4.9324530700000001e-02 5.2954511099999997e-02 1.7654398199999999e-01 -2.1736634700000000e-02 3.4811931099999999e-02 2.4274492400000000e-01 4.7604344399999998e-02 4.8842729100000001e-03 -2.3968004000000001e-02 -3.8228275900000003e-01 -1.7123537400000000e-01 6.6063206400000005e-02 2.2784920100000002e-02 1.1738835100000000e-01 1.1310790799999999e-01 -2.1253087300000001e-01 -1.1169349300000001e-02 9.2753176399999998e-02 -1.5420260400000000e-02 -1.0857928900000000e-01 -9.1039983199999994e-02 -2.5250908300000000e-02 -1.7763433200000001e-01 -2.1717489100000001e-01 -1.1477344500000000e-01 1.7517156200000000e-01 -1.8166303200000000e-01 3.2005224999999998e-02 1.0200094899999999e-01 8.7763570200000002e-02 1.1040971800000000e-01 -1.2861429299999999e-01 -1.6179219700000000e-01 -1.8548801000000001e-01 -1.9075431200000001e-01 -1.3616241900000001e-01 2.8641059499999999e-01 9.2463624199999997e-02 -2.4227014900000000e-02 -1.4053156500000000e-01 1.3888826200000001e-01 -1.3882799700000001e-01 -1.6193631100000000e-01
-1.8458721099999999e-02 1.2313300600000000e-02 9.9623164000000000e-02 -1.0506022299999999e-01 -3.5542422300000001e-02 3.2291501700000003e-02 9.7404265700000006e-02 -9.1301314800000005e-02 -1.8004754000000001e-01 1.6682314900000000e-01 3.2514605299999999e-02 -3.0311772500000000e-02 -1.5926890499999999e-01 2.2756278999999999e-01 1.7623279700000000e-01 1.7217638499999999e-01 -9.3398546099999993e-02 -2.0850465600000001e-01 -2.7477815700000002e-02 -4.4531784700000000e-02 1.7677998400000000e-01 1.4873701200000001e-02 9.3206495999999998e-05 -7.7850329699999998e-02 3.8973817100000002e-02 8.4995052299999999e-02 6.0102614800000002e-02 -8.1869477299999993e-02 2.1892111300000000e-01 -1.0822404700000000e-01 8.0341016099999996e-02 -1.7505472300000000e-01 2.2706398500000000e-01 -1.8165631099999999e-01 -9.5882554300000006e-02 -1.8008835800000001e-02 -1.5041038800000001e-01 -2.0998349299999999e-01 -1.9468143500000001e-01 -3.1204260700000000e-02 -1.3795675199999999e-01 2.0600130400000000e-01 3.5803159400000001e-01 -1.5989397100000000e-01 1.2939226400000001e-01 1.3229395699999999e-01 2.9993348600000003e-01 -8.2712373500000005e-02 -5.6850297199999997e-02 -3.0158700500000000e-02
1.0649320299999999e-01 -1.2945436399999999e-01 -9.7920624999999997e-02 -4.1604659900000000e-02 9.4234043200000006e-02 2.3637568800000000e-01 -2.2040685300000001e-01 4.5329020400000003e-02 -7.3399117000000000e-02 -1.9028317300000000e-02 -2.4733913599999999e-01 -6.8058365699999998e-02 6.6526026899999993e-02 -2.0963198899999999e-01 3.9587082600000001e-01 -1.5955155400000001e-01 5.4109879399999998e-02 -1.8050876699999999e-01 -1.1315599599999999e-01 1.1423263800000000e-02 -1.4464551000000000e-01 -1.8350689300000000e-01 3.5022394999999998e-02 2.5676733100000002e-02 1.6563660299999999e-03 4.3728624500000000e-02 -9.0065504599999999e-02 3.9442081400000001e-01 4.1393252200000001e-03 -7.7660043299999995e-02 4.0374388099999999e-02 -2.6160363200000002e-02 3.5468526100000002e-02 9.3528068100000000e-02 9.8822857900000005e-02 1.0382328700000000e-02 1.7718627100000001e-01 9.7035088199999994e-02 -9.2737181799999999e-02 -1.3115135900000000e-01 -1.6055628900000000e-02 1.5850966599999999e-01 2.0065465199999999e-01 2.6529858000000001e-01 1.4624219299999999e-01 -7.4212170699999996e-02 6.0418614599999997e-02 7.7026350899999999e-03 -9.8875894000000006e-02 -3.6164937100000003e-02
-1.1998995400000000e-01 -1.1104752900000001e-01 -1.6063636300000000e-01 -2.0260472200000001e-02 -2.1877483300000000e-02 2.4739965899999999e-01 7.4046124000000005e-02 8.5154146799999997e-02 1.3017462799999999e-01 -8.4582130800000002e-02 -2.4688612000000002e-03 1.2045166000000000e-01 -8.4910539600000001e-02 -1.5168543600000001e-01 -1.7332115700000000e-01 -7.6212971099999999e-02 -6.1662175100000001e-02 1.5238992500000000e-02 -1.0245886000000000e-01 -2.0921239599999999e-01 -1.4504606600000000e-01 2.9725637399999999e-01 3.0808734700000001e-01 3.1338308199999998e-02 -1.7494761800000000e-01 -5.1347335799999998e-02 2.2681803399999999e-02 -1.3353222700000000e-01 7.9932279199999998e-02 -1.3412288700000000e-01 1.4086824300000000e-01 5.8745395600000000e-02 3.6511472499999997e-01 -9.6527119400000000e-02 -6.9577953700000000e-02 1.0029165000000000e-01 -1.5748199199999999e-01 -1.2879675000000000e-02 1.0075351900000000e-01 -6.3405631699999998e-03 2.3369915599999999e-01 3.9534061400000001e-02 7.5068265900000000e-02 2.2358075199999999e-01 -1.2987992500000001e-01 -1.8339658400000000e-01 8.8047075799999999e-02 -1.8657629700000000e-01 -8.4044894800000006e-02 -2.1850630300000000e-02
-1.1509762300000000e-01 1.1685363800000000e-01 -1.0339402400000000e-01 -1.2486826199999999e-01 -2.9334566000000001e-01 3.6244350699999997e-02 -4.8899504199999999e-02 -1.6949811300000001e-01 3.8476682399999997e-02 3.4367798300000002e-01 1.1427382600000000e-01 -1.4618019099999999e-01 6.1891085200000001e-02 -7.2550573100000001e-02 -2.4792277900000000e-02 -8.9573067500000006e-02 6.5322476899999996e-02 -2.9020508099999998e-01 -1.3297877399999999e-01 6.6699564200000006e-02 -1.3354752100000000e-01 -1.6390191300000001e-01 1.8601532899999999e-02 -2.3607385700000001e-02 -2.2004210299999999e-01 8.5114667899999996e-02 1.3479900300000000e-01 2.9688517599999999e-02 2.4700317499999999e-01 4.7069546000000004e-03 -2.0952254100000001e-02 1.4744202300000001e-01 -3.0947379399999999e-02 5.7322327399999998e-02 -1.6065994300000000e-01 -3.3894311399999999e-01 6.2795836300000005e-02 -8.8685878499999996e-02 -2.2292508999999999e-02 1.7560955900000000e-01 7.4433726699999994e-02 -2.4185479800000000e-02 -2.9806561399999998e-01 6.8603773000000007e-02 -4.5485149400000001e-02 8.7315565900000003e-02 -2.3096230200000002e-02 -1.6985782399999999e-01 -3.6426724600000002e-02 -1.1944441100000000e-01
1.3803067299999999e-01 2.0378187500000000e-01 -2.4131667300000001e-01 -1.2409924399999999e-02 4.1904752500000003e-02 7.3200514999999994e-02 -2.9935575599999997e-01 -5.5836112600000003e-03 -1.0159282400000000e-01 -5.0695582800000000e-02 1.3760639699999999e-01 -1.3993416400000000e-01 -1.3144101899999999e-01 4.5112431400000000e-02 -1.7142242299999999e-01 -2.5035398100000002e-03 -9.6359402100000005e-02 4.2716974700000000e-02 -2.4017768800000000e-01 -1.2449317400000000e-01 1.6223706299999999e-01 9.2450832100000005e-02 -1.5828191899999999e-01 -3.6196035900000000e-02 2.5596596999999999e-01 -1.2586332100000000e-01 -7.8930761799999999e-02 1.1092137100000000e-01 -7.6499792400000002e-02 1.7051369199999999e-01 4.6711864499999999e-03 -1.2897970400000000e-01 1.6038508800000001e-01 2.1518205500000001e-01 2.3269700300000001e-01 -2.2394886999999999e-01 -1.0133116000000000e-01 -3.9122858800000000e-02 -1.1888375700000001e-01 1.3736368700000001e-01 -6.9837353300000002e-02 -2.8570119000000001e-02 1.3256174600000000e-02 -4.7427723800000002e-02 -2.6400216799999998e-01 -1.3459475700000001e-01 9.7785059900000002e-03 -1.1315077000000000e-01 -2.1678779000000001e-01 -1.0100581600000000e-01
1.7744355400000000e-01 -7.8715603100000003e-02 9.1040894400000003e-02 -6.2719742800000006e-02 1.2966237300000000e-01 -4.0755246799999999e-02 8.6202337899999995e-02 7.5155208799999998e-02 -3.6524579000000001e-02 1.6597959600000001e-01 -6.5050090300000002e-02 1.1055338300000000e-02 7.3375902300000004e-02 4.3396457300000003e-02 -1.1359585899999999e-01 -3.6702319900000002e-01 -2.4113133600000000e-01 -6.1429052999999997e-02 4.8760016699999999e-02 2.1421288099999999e-01 9.6894722200000005e-02 2.0596316500000000e-01 -7.5952490200000000e-02 1.2547052800000000e-02 -2.1594210500000000e-01 -2.3960995099999999e-01 -8.5780974800000007e-02 1.8159013500000001e-01 8.9209602999999991e-03 1.4554487799999999e-01 1.9941609399999999e-01 3.7808660799999999e-01 1.8739742200000001e-01 2.9481813100000000e-02 8.4294564599999997e-02 1.7263969500000000e-02 -6.4124218599999998e-03 -1.1298403999999999e-01 -1.0455061600000000e-01 6.3058818700000005e-02 -9.5154473200000006e-02 6.1285704599999997e-02 9.1999757000000001e-02 -3.4932441500000001e-02 -1.1722126600000000e-01 2.4943041199999999e-01 -7.0403801200000005e-02 8.0713074800000006e-02 1.8084374900000000e-01 2.0567622700000000e-02
-5.4945968499999998e-02 -4.3882880899999997e-02 -8.0496972000000000e-02 -1.4903414000000001e-01 -7.6977781300000006e-02 -2.0905265200000001e-01 -2.1519798600000001e-01 1.0342791699999999e-01 -1.3610071800000001e-01 -7.7513475700000001e-02 3.5432316500000000e-01 1.3749176299999999e-01 -2.2577335899999999e-02 -2.5667522100000001e-01 -1.0876533200000000e-02 -8.3043333200000000e-02 -4.6640496099999998e-02 -3.6625744000000002e-02 6.8388272099999996e-03 4.0983390300000000e-01 -9.0732480899999995e-02 3.6516166300000000e-02 4.8393743400000001e-02 7.5949886999999994e-02 1.0979419200000000e-01 7.4468643299999998e-02 1.5985429300000001e-01 -1.5444131000000000e-01 -1.0021572600000000e-02 -4.8557491899999999e-02 -5.6800389899999998e-02 -6.9599306999999999e-02 4.0081619300000003e-02 -5.9405235899999999e-02 1.3758283399999999e-01 1.6488818999999999e-01 -7.1702116199999998e-04 9.6587069499999997e-02 -3.4229869899999998e-01 -6.1517127800000002e-02 4.7956771799999999e-02 3.1003764900000003e-01 -1.1835769800000000e-01 -7.0779280499999996e-03 -5.8807512999999999e-02 -8.9383396500000004e-02 7.8839475600000000e-02 -2.6362994700000000e-02 1.9379105599999999e-01 2.5941625300000000e-02
1.2572328100000000e-02 -8.1780952299999998e-03 -1.3758411000000001e-01 8.1710625499999995e-02 1.2361347700000000e-01 -1.7732887899999999e-01 -2.2997809099999999e-02 4.8990454099999997e-02 1.7268827800000000e-01 5.6533840799999999e-02 -1.8307843700000001e-01 -9.3497111100000002e-02 -2.4713684000000000e-02 -2.5352857499999998e-01 -2.2030996200000000e-01 -2.3778701999999999e-01 1.3721310200000000e-01 1.7012899900000000e-02 -8.1351128400000000e-02 -1.9717593900000000e-02 1.2619974100000000e-01 8.9277220599999998e-02 -2.6858628700000001e-02 -2.0466160999999999e-01 1.1493851600000000e-04 1.5956360999999999e-01 -1.0465654899999999e-02 1.0321554099999999e-01 1.5763884100000000e-01 -2.7566805100000003e-01 1.6323589199999999e-01 -1.3440237499999999e-01 -1.2658838400000000e-01 7.1666604600000003e-02 2.3569798000000002e-03 1.2534651199999999e-01 -3.7200026800000002e-01 6.7913156000000002e-02 3.3431951799999999e-03 1.2474446800000000e-01 -2.6041468099999998e-01 4.6732103200000000e-02 -1.8303469000000000e-01 -1.2638153699999999e-01 2.7088316200000001e-01 3.5866326900000002e-02 1.1105744900000000e-01 3.4707148899999998e-02 -3.0866480299999999e-02 -2.8118381099999999e-02
-2.2585586000000001e-02 -5.4675071999999998e-02 -1.2236160400000000e-01 -3.5198590000000002e-02 3.8034242300000000e-02 2.9430951200000001e-03 1.7818061399999999e-01 2.8903383399999999e-01 -1.4464762200000000e-01 2.0484850900000001e-02 4.0905092200000000e-03 2.1822145000000001e-02 1.0195393400000000e-01 -2.6368463399999997e-01 5.3176867500000002e-02 9.6334822400000006e-02 2.6713041100000001e-02 -1.2597682700000001e-01 -2.6279088900000003e-01 -1.6578822900000001e-01 -1.5975106200000000e-01 8.5841311099999998e-02 -3.3179422299999997e-02 -1.6488406100000000e-01 3.1796839799999999e-01 -7.8934692099999995e-02 -9.3117742300000000e-02 -6.8777874099999997e-04 2.9004060299999999e-02 -7.6515175600000004e-03 -4.3572033899999998e-03 1.1237042300000000e-01 -1.4070250300000000e-02 -1.8087556699999999e-01 3.4267838199999998e-02 -1.4330406900000000e-02 2.8080431700000003e-01 -1.2598635100000000e-01 2.1137971799999999e-01 -2.1950822900000000e-02 -2.0362530300000001e-02 -4.5082934900000003e-02 -1.6039647500000001e-01 -2.6499676900000002e-01 -1.4160602600000000e-01 1.8208722699999999e-01 2.9962570100000002e-01 1.1962408700000000e-01 1.2073214600000000e-01 -3.7046392900000003e-02
3.5790346700000003e-02 -1.4128762700000000e-01 3.5437279500000002e-02 -1.4284160100000000e-02 -4.1695083000000001e-02 3.9908676499999997e-02 -9.8713153999999997e-02 -9.5608145600000000e-02 3.6391437999999999e-03 -1.0593986300000000e-01 -5.7470786099999997e-02 -1.3481567400000000e-01 -1.1046473499999999e-01 -1.9898510000000000e-01 1.9363099599999999e-02 -5.5048376000000003e-02 -1.9978783000000000e-01 -1.3460047400000000e-01 2.3998569800000000e-01 -1.1075798100000001e-01 -7.7427952999999999e-03 7.0266404099999999e-03 -1.5446243200000001e-01 1.5621884400000000e-01 5.0233149499999998e-02 -1.5750128899999999e-01 1.3836907400000001e-01 -8.4880685900000002e-02 7.5172272200000001e-02 1.7004575499999999e-01 9.7410485000000005e-02 -1.1630219000000000e-01 -2.2025361600000001e-01 -7.9611500099999996e-02 -3.1503757100000002e-01 -8.3236731199999997e-02 -1.4581183100000000e-01 2.2705551700000001e-01 1.3843069099999999e-01 -6.9577378900000002e-03 -1.9534205599999999e-01 1.4543070300000000e-02 8.1574456000000004e-02 1.1600077800000000e-01 -2.7165942900000001e-01 -6.5252087200000003e-02 1.8674298400000000e-01 1.2171679800000000e-01 2.1267379500000000e-01 -3.0842667299999998e-01
-6.0451282500000002e-02 2.2102759000000000e-01 -6.4587357900000003e-02 -1.3845889200000000e-01 -1.9675499199999999e-01 2.0064887600000000e-01 7.3710825499999993e-02 -3.5244148400000001e-02 -1.2788690699999999e-01 -3.9661175600000001e-02 9.2761356499999996e-03 1.6044294500000000e-01 8.6473897499999994e-02 -1.7973499100000001e-01 -2.8641360300000002e-01 1.7687945599999999e-01 -7.4984527199999998e-02 2.7192370500000000e-02 -4.6009483599999998e-02 -3.3816541600000000e-02 -3.7379997599999999e-02 2.4103158199999999e-02 -2.3004026899999999e-01 -2.8686056299999999e-02 -2.7410697200000000e-01 -2.1593826799999999e-01 -2.4345548800000000e-01 2.7951787400000001e-02 1.8480235200000000e-01 -2.9508537599999999e-02 5.8184060099999997e-02 -7.7475710300000000e-02 -2.0904964800000000e-01 4.7841652800000002e-02 -1.4467098199999999e-04 3.2971884000000000e-02 1.6053805800000001e-01 1.6064049399999999e-01 3.2451266600000001e-02 -4.4324141900000003e-02 -4.9510211499999998e-02 2.7487228600000002e-01 2.1759741899999999e-01 -2.1855996899999999e-01 1.6556233500000000e-01 -1.3839159400000001e-01 -1.5856680600000000e-01 -2.0572167200000002e-02 2.6079439400000001e-02 4.9695919200000001e-02
-2.2383657899999999e-02 -9.3091624600000006e-02 7.8665926900000002e-02 -1.7724773399999999e-01 1.1123643699999999e-01 2.7961178100000000e-01 2.4354500800000001e-02 -1.3359819300000001e-02 1.8014722599999999e-01 -4.3971722300000004e-03 3.2254021199999999e-01 2.3392661500000000e-01 1.2043120400000000e-01 1.3526421799999999e-01 8.9120379400000005e-02 -4.2003846800000001e-02 6.2644355299999996e-02 -1.0632718300000001e-01 -2.1544244700000001e-01 -7.7969164300000005e-02 -2.2628546299999999e-01 7.8119193200000006e-02 -1.5508971899999999e-01 -1.4033483199999999e-01 5.2413887499999999e-02 -1.7805992500000001e-01 1.0233282700000000e-01 3.6826866399999998e-02 -1.2741480599999999e-01 -9.1327324799999998e-02 -3.7862789399999999e-02 -1.9733299300000001e-01 -7.3124589899999995e-02 2.3832887999999999e-01 -1.8284815099999999e-01 2.8753559500000001e-02 -2.4705141300000000e-01 1.0725243399999999e-01 -1.4476710000000001e-01 7.7956366400000005e-02 5.5926770399999999e-02 -8.8360530300000004e-02 2.9992412000000000e-02 3.2949514499999999e-02 2.1002044599999999e-02 2.8056773000000002e-01 -6.6062595399999993e-02 2.1812715599999999e-01 4.8314197800000000e-02 7.6288569599999995e-02
8.4396262999999999e-02 -2.3000350700000000e-01 -3.3949045700000002e-01 1.9929459599999999e-01 -8.6764430000000003e-02 -1.3804582700000000e-02 8.3928297999999998e-02 5.1024858300000003e-02 -1.4987637800000000e-01 1.0491332700000000e-01 -8.4385923500000001e-02 -7.2697734099999994e-02 1.5109400700000000e-01 -9.1411037799999997e-02 -1.7922686700000001e-01 4.0329331300000000e-02 3.4422989799999998e-02 1.2884264200000001e-01 1.5727851000000001e-02 -4.8180417300000000e-03 -5.8172826400000002e-02 -1.1075676100000000e-01 -9.2056786599999996e-02 1.7700549900000001e-01 4.9520914499999999e-02 -2.4756780200000000e-01 3.7234692800000002e-01 1.0811822600000000e-02 -9.9211551800000006e-02 -8.9773012200000002e-02 -2.5668178800000002e-01 1.3780074700000000e-01 -1.8225426700000000e-01 -6.3424701299999997e-02 -3.3053374000000003e-02 2.9344058300000000e-02 -1.1781106800000000e-01 -1.6913808699999999e-01 -1.5460421999999999e-01 1.6722695800000001e-01 9.0575321400000006e-02 -3.5541505299999998e-02 3.0438305799999998e-01 5.5638923800000002e-03 1.0193447100000000e-01 6.9039145100000004e-02 5.4734909499999998e-02 -7.0302808899999999e-02 -1.2437768800000000e-01 6.1461143599999997e-02
-9.5010798899999999e-02 1.2378000000000000e-01 -9.1184228399999998e-02 -1.7820140299999999e-02 -1.5616201900000001e-01 1.4148517099999999e-01 -1.4451835399999999e-01 -5.4823964000000003e-02 -1.8391847300000000e-01 1.0172376200000000e-01 -1.0570515599999999e-01 6.8408528800000007e-02 1.9672757399999999e-01 -8.1360814700000006e-02 1.3228677899999999e-01 4.6748499399999997e-02 1.9288047500000000e-01 6.5791150100000001e-02 1.7035215100000001e-01 -1.6631704800000000e-01 2.3892126899999999e-01 2.2577115500000000e-01 8.5124611099999997e-02 1.1557908700000000e-01 6.3126313700000006e-02 7.9758391600000006e-02 2.4210701400000001e-01 1.4691163500000001e-01 3.6037315399999999e-02 1.8730067200000000e-01 2.1146688000000000e-01 -9.7604319600000003e-02 5.4332561500000001e-02 3.3462321999999998e-03 -4.3096436100000003e-02 3.6516486300000001e-01 6.4787748800000003e-02 1.3527727600000000e-01 -7.6790260700000001e-02 2.7726001500000000e-02 9.8365001399999999e-02 -6.5033540500000001e-02 -9.7617484599999998e-02 -1.5833310300000000e-01 -9.2371709799999993e-02 3.0491363999999999e-01 -1.7692671800000001e-01 -7.9494937000000002e-02 -4.1838205199999999e-02 -9.4531674800000007e-02
-1.0301142800000000e-01 -3.3754297999999999e-01 -1.0533286600000000e-01 -1.5232437099999999e-01 -1.1907898500000000e-01 -5.8091464000000002e-02 -4.5785054100000000e-02 -1.2838867500000001e-01 -2.2603643500000001e-01 -3.7383341600000001e-03 -9.9279928700000006e-02 -2.3066123799999999e-01 2.7228671400000001e-02 3.0566810999999999e-02 1.1467792800000000e-01 1.6563016000000000e-01 -4.6803919800000003e-02 1.3765609400000001e-01 9.2388694399999999e-02 1.2504526499999999e-01 -9.5127614200000002e-02 7.6391147100000001e-02 -8.6292021199999999e-02 -6.4400236200000002e-02 1.3976039400000001e-01 -2.9954282100000000e-02 -4.6637575999999997e-01 -1.1742916900000000e-01 -1.3145074900000001e-01 -1.8466055800000000e-01 1.0058135100000000e-01 3.3492610800000003e-02 7.4797617699999999e-02 2.2685244099999999e-01 -1.9047976100000000e-01 9.9110654800000003e-02 -8.7929815199999997e-02 -8.9067030100000000e-02 -3.8934411799999998e-03 2.2323708200000000e-01 1.2353935200000001e-01 4.5809322300000000e-04 -7.8160651499999997e-02 1.3876042900000000e-02 5.3552615300000002e-02 4.1191418500000000e-02 -1.1841764600000000e-01 -1.3810325500000001e-01 1.1286460800000001e-01 -1.4771964500000001e-01
-1.7375510199999999e-01 -9.1093625700000000e-02 1.0804343399999999e-01 -5.6234764700000002e-02 6.1014298000000002e-02 7.1126381299999999e-02 1.9519028599999998e-02 -7.0252572000000001e-03 -2.2276151099999999e-02 4.7223490399999998e-02 1.1352872899999999e-01 -1.9911149300000000e-01 -6.3876908900000001e-02 -1.1089876500000000e-01 9.7589638899999998e-02 -4.0415436399999999e-01 -2.7553850600000002e-01 1.3035303500000001e-01 -4.8444468200000000e-02 5.8288675400000003e-02 -9.2023948199999997e-02 -5.6869269000000000e-02 1.0690208299999999e-01 9.4797644000000000e-02 -3.8452870899999998e-02 6.9994017700000001e-03 -1.4192136300000000e-02 -9.1919467800000002e-02 -3.5116648299999997e-02 2.4721497400000000e-03 -9.2046399900000006e-02 -1.3113653300000000e-01 -9.3484316200000001e-02 -4.1871532599999997e-03 5.6939429499999999e-02 -1.7268622899999999e-02 -3.5343535400000001e-02 1.7312470000000000e-02 1.0083009400000000e-01 -2.3322542800000001e-01 1.8038393699999999e-01 -1.2094493000000001e-01 9.3504480799999998e-02 -4.7281475000000001e-01 7.3480351599999993e-02 7.1872992400000002e-02 -1.0751664399999999e-01 -5.3338651299999998e-02 -3.0647285499999999e-01 -2.1984646699999999e-01
-7.1911096100000004e-03 -1.0184407199999999e-01 4.6897706800000001e-02 6.1494573300000001e-02 9.7775479499999998e-02 1.9729040900000000e-01 -1.8232875300000001e-01 -1.2106009800000000e-01 -7.7211478000000000e-02 1.7264663400000001e-02 3.3278046100000000e-02 3.5040123299999998e-01 7.8541127800000005e-04 1.4981301499999999e-01 -1.6076035599999999e-01 -9.8965236799999995e-02 7.6923823899999993e-02 8.7037827900000003e-02 1.1606085700000000e-01 1.7268155900000001e-01 1.6807936200000001e-01 2.1893485500000000e-02 -1.6053100500000000e-01 7.4262411500000004e-03 2.2375599900000001e-01 7.4886193500000003e-02 -1.1415709000000000e-01 2.1487321300000001e-01 1.9651569799999999e-01 -1.2335005700000000e-01 -1.9837208000000001e-01 1.6487438900000001e-01 3.3857855200000002e-02 -2.1282648000000001e-01 -1.9453182499999999e-02 -1.8436259899999999e-01 -5.7052634499999998e-02 2.3637509400000001e-01 1.7816431899999999e-01 2.3493412000000002e-02 2.8619463400000000e-01 -3.1525289400000003e-02 -2.8317486100000001e-02 -3.6137874500000000e-02 1.1405539700000000e-01 4.6459337199999999e-02 1.9560620700000000e-01 -1.1783046500000000e-01 5.8329776100000001e-02 -1.5633975600000000e-01
-2.5908394699999998e-01 -1.5202948299999999e-01 6.7424974499999998e-02 -1.0701255300000000e-01 -2.4886688000000001e-01 -1.0442158700000000e-01 -1.0941879400000000e-01 2.3229730600000002e-02 -6.1395784600000003e-02 -1.0863610999999999e-01 1.9560626800000000e-01 1.6398755500000001e-01 -6.8158323300000004e-02 -2.4608154699999999e-02 1.9610078600000000e-01 -1.3298025299999999e-01 -2.3848199800000000e-01 1.0043327600000000e-01 -6.4200742000000005e-02 -1.6495406100000001e-01 1.5382602100000001e-01 4.4459151400000001e-02 -1.8604721299999999e-01 3.5424232999999999e-02 -1.8476762499999999e-01 8.6017126499999999e-02 9.2426358400000005e-02 2.5147023499999999e-01 -2.1814197900000001e-01 8.5593554599999993e-03 -3.0783947300000000e-02 1.2067436000000001e-02 -1.5409041599999999e-02 -7.9454179999999999e-02 2.3861050799999999e-02 6.4645102199999999e-02 5.1275676999999999e-02 -1.0482897700000000e-01 2.7270286900000001e-01 3.2347293199999999e-01 -1.9197973800000001e-01 -2.0508992399999999e-02 -4.4052312199999999e-02 4.4521481799999998e-02 1.0945687200000000e-01 -7.6982683199999999e-02 1.4043488600000001e-01 -8.2643439700000002e-02 -6.5785756200000003e-02 2.2477466800000001e-01
-1.3208339199999999e-01 -3.6872289199999998e-02 -1.1063829900000000e-01 -1.7253540000000001e-01 8.0891083300000000e-02 -7.7231378800000000e-02 -1.3189318000000000e-01 2.3723609300000001e-01 1.5162432200000001e-01 1.4535499500000001e-03 -1.8013840200000000e-01 1.3620273799999999e-01 -1.6612401199999999e-01 -8.1680708199999993e-02 -1.2231045700000000e-02 1.3891681800000000e-01 -1.0345428199999999e-01 1.3188610500000000e-01 -5.3413275400000002e-02 -2.3109310999999999e-01 1.0520700299999999e-01 -2.8246506199999999e-01 3.1332725800000003e-02 2.6241271500000000e-02 -1.4782603899999999e-01 -4.0946418499999998e-02 -1.5443067600000001e-02 -1.4909541400000001e-01 -9.2121633999999994e-02 2.7786887300000002e-01 -7.1552177499999994e-02 1.0409406000000000e-01 2.2364609499999999e-01 2.7734330500000001e-02 -2.8724642700000001e-02 -1.3859358599999999e-01 7.0773124700000004e-03 1.7713557499999999e-01 -2.5433818800000002e-01 8.1883412200000005e-02 7.6496133199999997e-02 -3.9699626000000002e-02 -5.7644864400000002e-02 -7.2636613799999999e-02 3.4064630000000001e-01 1.5265053800000000e-01 5.8333836899999998e-02 8.0695991999999994e-02 1.5491881199999999e-01 -1.9452128199999999e-01
-3.4278814200000000e-02 -1.3561700499999999e-02 -2.5899652200000001e-02 1.9568282700000000e-01 1.4709652200000001e-01 -1.8658480000000000e-01 -2.0519353399999999e-03 1.4117965199999999e-01 5.4432756600000000e-02 1.1882210200000000e-01 1.7325418300000001e-01 -9.1136188500000007e-02 4.9458052500000002e-02 -1.8137084400000000e-01 8.6433771899999998e-02 -1.7769839900000001e-02 3.1259483399999999e-01 -1.4386636700000000e-01 1.6716379600000000e-03 1.0974187300000000e-01 1.7787495399999999e-02 -7.7142702399999999e-02 -3.5748529499999998e-01 -3.6668017700000000e-02 -1.5344008000000001e-01 2.0191639599999998e-02 -1.5172726600000000e-01 -6.8433656499999995e-02 6.1451994099999997e-02 3.2614716500000002e-01 -1.2675064799999999e-01 -1.5023881500000000e-01 3.0247385100000002e-01 -7.3401853399999994e-02 -1.2802457800000000e-01 1.5499856000000001e-01 -1.0414612600000001e-01 9.9654926699999993e-03 2.5515369300000001e-01 1.0115391400000000e-01 1.7423534500000001e-01 8.4956124800000005e-02 1.8653066800000001e-01 2.2095889099999998e-02 -4.0099240500000001e-02 -1.6399822599999999e-02 -9.1019037900000002e-02 1.8004530500000001e-02 -1.0632199200000000e-01 1.5123115100000001e-02
-1.0298555700000001e-01 -1.1745529000000000e-01 -4.1114696800000003e-02 1.4207090900000000e-01 1.4139323700000000e-01 -3.4858930799999999e-01 -6.8166464400000001e-02 -2.5610847799999997e-01 1.5411142300000000e-01 1.6371493700000000e-02 -9.2408259500000006e-02 3.1759522200000001e-01 3.0569535799999997e-01 -5.8235319100000002e-02 9.6866152100000005e-02 8.9607833600000006e-02 -2.3668605400000001e-01 -1.3672720499999999e-01 -1.1010788700000000e-01 2.2662887900000001e-02 1.4098198600000000e-01 -1.7930269500000001e-01 2.2586167700000001e-01 -2.4964644100000000e-01 5.2673001800000001e-02 -1.3224746100000001e-01 2.5257571999999999e-02 -5.3684978799999998e-02 4.5428944600000000e-02 -3.0468676900000002e-02 1.2523655500000000e-01 -1.5921048000000000e-02 -4.5570740499999998e-02 1.2561538000000000e-01 -1.2121052300000001e-02 -3.2934452000000003e-02 7.1946173000000002e-02 1.4457003700000001e-01 4.1637693599999998e-02 1.2676497100000000e-01 7.3474315299999995e-02 2.6410537200000000e-02 1.8389602999999999e-01 -1.1454513800000000e-01 -2.2762046399999999e-01 -4.1622415800000000e-02 -2.6923524099999999e-02 -1.4226619700000001e-01 -8.9354437800000006e-02 1.9471689600000001e-02
