# CEC 2010 F15 shift vector (D=1000)
-6.0528072200000005e-01
-4.3180282200000003e-02
2.3881396700000002e+00
9.9556047800000003e-01
-1.9804710900000000e+00
2.1477411800000001e+00
-2.0643888200000000e+00
-1.9143223300000001e+00
4.1159006100000001e-01
-3.1585975400000001e+00
1.1866742699999999e+00
3.8508723100000002e+00
4.9872054500000002e-01
1.4157032599999999e+00
2.4101599000000000e+00
4.0761346899999999e+00
2.7509213500000000e+00
2.0926390800000001e+00
3.4188968900000001e+00
1.1386812100000001e+00
-1.0049008100000001e+00
4.7980043099999996e+00
7.8316157900000005e-01
1.0004780200000001e+00
2.6288919000000002e+00
-1.5704555700000000e-01
-3.2448945400000002e+00
7.7970409900000004e-01
2.9119506899999998e+00
4.6831999199999998e+00
-4.0509393600000001e+00
-2.3458868000000002e+00
-7.5439110600000003e-01
2.3643621499999998e+00
4.6376264599999999e+00
-1.4556489700000000e-01
1.0228269000000001e+00
-1.9083460600000000e+00
4.8168850699999999e-01
4.2289530700000002e+00
2.3487586000000000e+00
9.3968528299999998e-01
-1.6622794299999999e+00
2.9953485999999998e+00
3.2653238299999998e+00
-9.1209299300000002e-01
2.5427749500000001e+00
3.4592856699999999e+00
-2.3467124100000000e-01
-3.5120575300000001e-01
4.0409262799999999e+00
2.9938834700000001e+00
-2.6301298599999998e+00
3.9225062199999998e+00
4.8004557999999999e+00
-1.1932494899999999e+00
-3.9690507099999999e+00
-2.7734256700000000e+00
4.5530527899999997e+00
2.9458932999999998e+00
-2.0924118799999998e+00
-3.8776280999999999e+00
-1.0892694300000001e+00
1.8866360300000000e+00
4.5023147899999998e+00
4.3379172800000001e+00
3.6963219800000000e+00
-1.0648129600000000e+00
-1.6428500200000000e+00
-1.2489392800000001e+00
-3.5831143100000000e+00
-2.2469252000000001e-01
-2.5661049299999998e+00
-4.7163138499999997e+00
4.9463944299999998e+00
1.1453518600000001e+00
1.1212350900000001e+00
-2.1411403800000000e+00
-2.6966591300000000e+00
-3.0836482699999999e+00
2.3095319299999999e+00
3.0671173999999999e+00
-6.3382115600000000e-01
-4.8837571200000002e-01
3.6138380799999998e+00
-3.8046639500000001e+00
-2.7597619000000000e+00
2.6550433400000002e+00
3.2310360700000000e+00
-2.2932304000000001e+00
2.9923353399999999e+00
-1.0194527300000000e+00
-9.0729349100000001e-01
-1.3133783299999999e-01
-3.6542962299999999e+00
6.0928075100000001e-01
3.0926529500000002e+00
-1.6563525699999999e+00
-3.1107251200000002e-01
-3.1823490400000001e+00
2.6502559600000000e+00
-2.0321999399999999e+00
4.5525739500000002e+00
3.9550736999999998e+00
-4.5991316700000000e-02
1.0720100200000000e+00
-1.1527827100000001e+00
-8.6931672000000004e-01
1.8080699899999999e+00
3.7882341199999998e+00
1.9985655700000000e+00
2.0687370899999999e+00
-3.5646420299999999e+00
-4.0787739800000002e+00
-3.5756231600000001e+00
-9.6155050700000000e-01
-4.1063574400000000e+00
2.2694946300000001e+00
-9.7788366100000002e-01
-9.2581282799999998e-01
8.5892713099999995e-01
5.1630247100000004e-01
-2.9044342400000001e+00
1.8246851799999999e+00
-2.7594232000000001e+00
1.0922980799999999e+00
3.2066994499999999e+00
-4.3266369700000000e+00
3.8923878099999998e+00
2.9064508000000000e+00
6.0181904200000003e-01
-1.7324782599999999e+00
-3.2257936200000001e+00
2.0361109000000002e+00
-3.4792946800000002e-01
-2.4618592700000002e+00
-5.0281087099999999e-01
3.2877501100000002e+00
-1.3484552700000001e+00
-4.2920812300000000e+00
-3.3231054100000001e+00
3.4862445900000001e+00
-1.9453330299999999e-01
1.8617067000000000e+00
1.0168680600000000e+00
4.9134685300000003e+00
4.6760755200000004e+00
1.2009485300000000e+00
3.6192126000000002e-01
9.6911568999999997e-01
1.5327318900000000e+00
4.2430636599999998e+00
1.6432409800000001e+00
-4.0380925799999998e+00
1.0563946200000001e+00
1.7963926500000000e+00
3.0348248000000000e+00
4.0667374000000001e+00
-4.1033664999999999e+00
4.0435894799999996e+00
-4.9388793499999997e+00
-6.8405504200000000e-01
-2.0687456599999998e+00
-3.4828127300000000e+00
3.6281600799999998e+00
1.8234070400000000e+00
-3.3387886900000002e-01
-1.4387430500000000e+00
-3.5177645700000002e+00
-2.6008901099999999e+00
3.9880371100000001e+00
-3.3757417300000001e+00
3.3235684000000001e+00
9.7357329400000003e-01
1.5095719400000001e+00
7.2713877400000003e-03
5.9189682799999999e-01
-2.9343146299999998e+00
-4.9212901000000002e+00
3.9381643000000000e+00
-2.8283409000000002e+00
-1.5396715999999999e+00
-1.6700109700000001e+00
2.9318370100000002e+00
-3.5712810699999999e+00
1.8785603399999999e+00
4.8380558000000002e+00
6.9067769000000001e-01
2.3549589700000002e+00
3.5086137800000001e+00
-4.5335160900000000e+00
2.7306740700000001e+00
-6.2795577300000005e-01
1.2880522800000000e+00
-7.8576719699999997e-01
-3.8641731400000001e-01
-9.2838372199999997e-01
9.6421784899999996e-01
-4.6977765900000001e+00
-4.2679136499999997e+00
-2.4703799599999998e+00
4.2089637299999998e+00
8.1383826000000004e-01
-4.0713859200000000e+00
-1.4803594600000001e+00
3.1085190699999998e+00
2.8148075500000003e-01
-8.3180081299999997e-01
-1.9104968300000000e+00
7.6830507999999997e-01
-4.6626676299999996e+00
-9.1505489200000001e-01
1.8230269100000001e+00
3.1938865999999999e+00
2.1225994199999998e+00
3.8620314800000002e+00
8.1886714399999998e-03
-1.6438522499999999e+00
1.9400701899999999e+00
-4.4605692699999997e+00
4.2425744900000000e+00
-3.0903338800000002e+00
-3.0483623600000000e+00
-2.7847334400000001e+00
1.6207231600000001e+00
-3.4701924800000001e+00
-3.4903726400000001e-01
-1.7204062600000001e+00
-3.3918404999999998e+00
2.9193678900000002e+00
4.9320693200000001e+00
-2.5646261500000000e+00
3.1633998900000000e+00
3.6887905900000000e+00
-1.8744028200000000e+00
3.5173627900000000e+00
-3.2634412799999999e+00
2.9369719700000001e+00
-1.2832677600000000e+00
-4.4403373300000002e+00
6.0926563700000003e-01
-3.4220771299999999e+00
-3.7809145300000000e+00
-1.4600629800000000e+00
-1.8662022899999999e+00
-6.2633160499999996e-01
1.7411368599999999e+00
-2.3301430399999998e+00
2.7953290499999999e+00
-4.5233130800000003e+00
2.1652032200000000e+00
-8.4668890799999996e-01
-1.6373812900000000e+00
7.7781847500000001e-01
-3.9541140000000001e+00
-1.5911879799999999e+00
-2.1627610700000002e+00
4.0239774400000003e+00
8.8979323200000005e-01
3.2412753900000002e+00
-4.5411857800000002e+00
-8.6938208299999997e-01
3.1496592799999998e+00
-1.0332969700000000e-01
-1.7834267600000000e+00
-2.8126128000000001e+00
4.4198673499999996e+00
2.3235761199999998e+00
-4.2708139200000002e+00
3.8763844900000000e+00
-7.1758923900000005e-01
4.8171507199999999e+00
-1.9060731500000000e-01
4.3918125300000002e+00
-2.9220942700000001e+00
5.7955012299999997e-01
-3.1256598100000001e+00
-2.1766934800000000e+00
-1.1110012000000000e+00
-2.0422435999999999e+00
-3.5710382799999998e+00
-1.8723759400000001e-01
-1.3882060000000001e+00
3.2805101300000001e+00
4.4029300600000001e+00
-4.8023271200000001e-01
-1.5640470700000000e+00
5.9496587999999995e-01
-1.7214485500000001e+00
-4.1916824799999999e+00
-4.6256070500000002e+00
-4.4068496399999999e+00
-3.9363126099999999e+00
1.2208642900000000e+00
-2.8808756000000000e+00
-1.4802044900000000e+00
4.1870417499999997e+00
4.8620420299999996e+00
2.1107035900000000e+00
3.1821836000000001e+00
4.4867317399999997e+00
3.3432194000000002e+00
3.1805397200000001e+00
2.6974143300000000e-02
-1.0945484300000000e-01
3.4011404000000001e+00
-2.8639206100000001e+00
-1.4041469900000001e+00
6.4237411199999997e-02
4.7839860800000000e+00
2.2613376399999998e+00
-7.4321938700000001e-01
-2.0510072300000002e+00
3.2226188400000000e+00
3.0098124500000001e+00
3.9840706899999998e+00
-4.3166735599999999e+00
2.9626193199999999e+00
1.2848167600000000e+00
-3.4222307299999999e+00
-4.4344516200000000e-01
2.3571304799999999e+00
-2.8368559100000001e+00
2.0415487099999998e+00
2.9743167800000001e+00
4.4676478800000003e+00
5.1728957399999997e-01
-2.3555491599999998e+00
-4.7741644799999996e+00
3.8125334100000002e-01
1.7741345700000000e+00
-1.9255954200000001e+00
1.1329951400000000e+00
-1.8366626600000000e+00
1.9574052799999999e+00
-3.4433789099999998e+00
-1.9608980899999999e+00
-3.2047114600000000e+00
-1.9292468300000001e+00
1.1014634900000000e+00
1.2573499900000000e+00
-4.5665171400000002e+00
-1.6782871999999999e-01
-1.7146679600000001e+00
1.2659603399999999e+00
2.3256349900000002e+00
-3.1820284499999998e+00
-3.3934258499999999e+00
-4.1798165899999997e+00
-4.3202280700000001e-01
3.8616931399999999e-01
2.1707376699999998e+00
-1.8696871100000001e+00
4.6934784799999997e-02
4.1686164000000003e+00
2.0170260400000002e+00
5.7703945300000004e-01
-1.7035751599999999e-01
3.6131879599999999e+00
-2.0451961900000000e+00
1.4570286900000000e+00
7.0324437200000001e-01
-6.2028499100000002e-02
1.5570766899999999e+00
-5.3564553199999998e-01
-1.9051311099999999e+00
-2.1640599200000001e+00
4.1123724800000000e-01
-1.5975944900000000e-01
1.5223949200000000e+00
9.2883395199999996e-01
-5.8666354399999998e-01
3.8070813499999998e+00
2.8940447499999999e+00
1.1721718900000000e+00
4.5870386600000002e-01
-3.1377614199999999e+00
-4.2829953700000001e+00
-6.5819882900000004e-01
4.2681761200000001e-01
2.5410333999999999e+00
2.8439040400000000e+00
-3.7408499000000002e+00
-4.1763353199999997e+00
1.0246784900000001e+00
6.6293859899999996e-01
3.5836749299999999e+00
4.4893585700000003e+00
1.6675920700000000e+00
3.7134196199999998e+00
-1.8244148000000000e+00
2.1768179399999998e+00
-2.6192879200000001e+00
4.3940446299999998e+00
-3.9959806699999998e+00
-3.8267473800000000e+00
-2.9849240500000002e-01
9.1140608800000000e-01
9.1468449299999999e-01
-1.0207121500000000e+00
-1.1326005699999999e+00
-3.3380253500000001e+00
-1.0531498100000001e+00
-1.8723231800000000e+00
-4.6769276199999998e+00
7.4369347900000005e-01
-2.4298944599999999e+00
1.0930048699999999e+00
-3.1419173900000001e+00
8.6669733599999998e-01
-4.6142178999999999e+00
-2.8087074900000002e+00
-2.5572300299999999e+00
2.1426031999999999e+00
1.1592551099999999e+00
-4.1480634800000002e+00
1.8791694100000000e+00
-6.9622165000000003e-01
-2.9318871799999999e+00
1.4405874100000000e+00
2.4992683800000002e+00
-1.9782361200000000e+00
2.9099687200000002e+00
3.3838941199999999e+00
-4.5459366299999999e+00
-4.6382891700000002e+00
-3.1657355500000000e+00
1.2732463300000001e+00
1.3648530700000000e-01
-2.4498859300000002e+00
-4.2423657700000000e-01
4.1774059599999998e+00
-4.5389513299999997e+00
4.7999499200000001e-01
1.5994656899999999e+00
8.7136171200000001e-01
-2.1182558700000000e+00
3.0438659100000001e+00
4.1634446299999999e+00
1.4597407499999999e+00
2.1233296199999998e+00
4.2517349400000004e+00
1.7389646500000000e-01
3.1254890800000001e-01
3.6812067800000001e+00
-3.7934098999999999e+00
3.6380324900000001e+00
-4.2501673200000001e+00
-9.0447274700000002e-01
3.2424422100000001e+00
3.6370268700000001e+00
-1.3693872500000001e-01
-1.8739611800000000e+00
4.7122263599999998e+00
-4.5736033899999997e+00
4.5036589800000000e+00
-3.3093359300000000e+00
-1.6357653500000000e+00
2.7118693399999998e+00
-2.5195937599999998e+00
-4.8091337300000001e+00
1.7248129100000000e+00
-9.1091691600000002e-01
-4.8140364099999999e+00
-1.9084879800000001e+00
3.2295414500000001e+00
1.2984198199999999e+00
4.2866905800000001e+00
3.6429835399999999e+00
-2.1946689600000000e+00
2.5474104799999999e+00
1.5940498599999999e+00
1.3955226800000000e+00
-3.5180057400000000e+00
2.4967429999999999e+00
-3.0721394100000001e+00
-8.1376477500000000e-01
2.1225172600000000e+00
3.5802957300000000e+00
-4.4710284400000004e+00
-1.3932762700000001e+00
-3.1067326999999998e+00
-3.1888291899999999e+00
-3.0028740100000002e+00
-1.8974697199999999e+00
1.4357608200000000e+00
-3.5200060399999999e-01
1.5966067799999999e+00
-3.0991582200000001e+00
-5.2797479400000003e-01
3.9412005600000000e+00
-2.3413904699999999e+00
1.4896053700000000e+00
-9.1291334400000002e-01
1.3530486799999999e-01
-2.7779853700000001e+00
-4.9622232000000004e+00
-2.4738047600000002e+00
-9.9078664699999996e-01
-1.6989057200000000e+00
-2.0712156099999999e+00
9.8496648300000000e-01
-3.1334735399999998e+00
-4.9402742599999998e+00
4.8075594500000003e+00
2.0702126200000001e-01
-3.4347890599999999e+00
-3.4504363499999999e+00
1.1299045100000000e+00
3.3750546400000001e+00
7.5414208699999999e-02
-3.4064347800000001e+00
-3.2942841199999999e+00
-1.6434097200000000e-01
-4.9112995499999998e+00
9.0150968300000001e-01
-5.8907018099999997e-01
-2.9738193000000002e+00
1.9071338000000000e+00
-1.5114051300000000e+00
4.7626209399999997e+00
2.3894603999999999e+00
-4.6949289199999997e+00
-5.9888252600000003e-01
-4.0730228100000003e+00
3.6589795399999998e+00
-9.4178681700000000e-01
-4.6765394200000001e+00
-1.3996905300000000e+00
4.8409679399999996e+00
4.2571675700000000e-01
4.8533500399999996e+00
2.1670685800000000e+00
-2.7916190900000002e+00
-4.3253607299999999e+00
-2.5756344499999999e+00
8.0450909500000001e-01
-2.1023304999999999e+00
1.3311866800000001e+00
-3.6284487300000001e+00
-1.6235988100000001e+00
4.9299478299999997e+00
3.2552173500000001e+00
-3.1922680500000000e+00
1.5410930199999999e+00
3.3229458900000002e+00
-3.8161990499999998e+00
-2.8636877799999998e+00
3.0342897799999999e+00
-2.3757523900000002e+00
4.0866209299999996e+00
2.3234611300000001e+00
1.4439690400000000e+00
4.1736211900000004e+00
-4.8395970600000000e+00
4.6448248699999999e+00
-4.8846626100000003e+00
2.0960342199999999e+00
-1.4199222600000001e+00
2.7856346200000002e+00
2.0082755799999998e+00
-6.4159569599999999e-01
7.6183314199999996e-01
6.9135061099999995e-01
-1.1086587999999999e+00
-1.9506457800000001e+00
2.1008770900000000e+00
-1.8048273800000000e-01
-3.5962971499999998e+00
-1.5215282100000000e+00
-3.2660540000000000e+00
4.2391802199999997e+00
4.5774951100000001e+00
1.4140496700000000e+00
3.2262444700000001e+00
-4.7773986500000003e+00
2.2211321900000001e+00
-1.5951972900000000e+00
1.1730812300000000e+00
-4.2017050100000004e+00
-1.2424105500000000e+00
8.6298436199999995e-01
2.9081692199999998e-01
-1.2442804199999999e+00
2.7908818000000002e+00
-6.9398077000000002e-01
2.7474305299999999e+00
-1.8235615500000000e+00
1.0012434200000000e+00
2.0890627300000002e+00
-2.4299196200000002e+00
-3.8344807500000000e+00
-3.4059496299999998e+00
-1.0372863500000000e+00
-3.9544407600000002e+00
3.0560583200000000e+00
2.4085908599999999e+00
2.3160060399999999e-01
4.7875642799999998e+00
3.3636122799999999e+00
-2.2800324900000000e+00
3.6163332200000000e+00
-1.1075986200000001e+00
-9.2289203700000000e-01
2.7392424399999999e+00
1.1692129300000000e+00
3.0351391799999998e+00
-9.7907121100000005e-01
-1.0445225499999999e+00
6.1672437800000002e-01
4.6450053499999999e+00
-4.3549539399999997e+00
-3.0872381400000002e+00
-1.8779835800000000e+00
4.5845914700000003e+00
-2.6702533000000002e+00
-2.5465834699999998e+00
1.3958631699999999e+00
-4.0292728499999999e+00
-4.4720967800000002e+00
2.6841405499999998e-02
-3.9043019600000002e+00
-8.6902723000000004e-01
1.1342534800000000e-01
-1.0928168899999999e+00
-3.3591289700000000e+00
-4.0344177200000004e+00
-1.2026696100000001e-01
3.4866957900000001e-01
-8.3881392200000005e-01
3.8537141699999999e+00
2.5270499800000001e+00
3.2960942400000000e+00
2.6681289000000001e+00
-1.9948819600000001e+00
-4.1291656699999999e+00
-9.5923068700000003e-01
-3.9230140499999999e+00
-2.0031735899999998e+00
-3.0651748799999998e+00
4.7286415999999996e+00
3.6563649399999998e-01
-4.4814082400000004e+00
6.8355431400000000e-01
-4.5766839999999998e-01
3.9948050600000000e+00
7.1041107500000000e-01
2.0854667500000001e+00
-4.0094692500000004e+00
4.0170634800000000e+00
-1.8494613099999999e+00
1.6209973099999999e+00
-3.5451826400000002e+00
-2.3184552300000000e-01
4.9803544600000000e+00
-2.9471467300000000e+00
1.4938592100000001e+00
-1.3870331899999999e+00
-3.0227323400000001e+00
3.3120022399999999e-01
-4.1801634099999996e+00
3.9712014000000000e+00
-4.1000921000000004e+00
-1.8284214500000001e-01
-4.2853293499999996e+00
1.7726678400000000e+00
3.2148313100000001e+00
1.2334476599999999e+00
-3.5537919300000000e+00
-4.6173033500000003e+00
2.6433057400000002e+00
4.2050145700000003e+00
1.1934994400000001e+00
-5.7626375299999999e-01
-1.9696983900000000e+00
-5.1345944499999996e-01
-1.5023612799999999e+00
9.1614835900000002e-01
2.4197299999999999e+00
-2.3875965400000001e+00
-1.0848915400000001e+00
-3.6432269499999999e+00
6.5628936999999998e-01
2.8755605800000000e-01
1.1554614599999999e+00
-3.8120961100000001e+00
-3.0873976500000002e+00
-3.7601366199999999e+00
-2.0856661600000001e-01
5.3014240300000004e-01
-2.1358038900000000e+00
-2.0429297100000001e+00
-2.2839678600000002e+00
2.4042095400000001e+00
-3.7652677699999999e+00
-4.3149355199999997e+00
3.6117126000000002e+00
2.3799506099999999e+00
-3.3777868199999999e+00
-1.2746658200000001e+00
-4.0982977500000004e+00
-1.2884094300000000e+00
-2.6394464300000000e+00
-1.9469219499999999e+00
3.4887574200000002e+00
4.2169647299999999e+00
3.1544738300000001e+00
-4.0104033000000001e+00
1.9464758000000000e+00
2.5099660500000001e+00
-1.5561563500000000e+00
-2.9276485100000000e+00
-1.5546661900000000e-01
6.2202323800000003e-01
-2.2453591199999998e+00
2.5273494499999999e-01
4.8767487699999998e+00
-3.1337126799999999e+00
4.0055296399999998e+00
-2.8646724400000001e+00
2.8843451899999999e+00
-2.0309645500000002e+00
4.0529079899999996e+00
-4.0194790300000003e+00
3.8073753600000000e+00
-2.9014342399999999e+00
-2.0470428500000000e+00
-1.7441642600000000e+00
1.7370810800000001e+00
-4.6237002999999999e-01
1.7672799400000001e+00
4.0932981699999997e+00
-3.2976643200000000e-01
9.9200964700000005e-01
3.5993115100000002e+00
2.5625189499999999e+00
1.5189770600000001e+00
6.9869892099999997e-01
3.5810894499999999e+00
-3.6592970000000000e+00
-1.4118155600000000e+00
-8.3841650700000003e-01
4.8746742300000001e+00
-2.4012924000000000e+00
3.1122372700000001e+00
3.7575745600000001e+00
4.8762552299999999e+00
-1.4965892700000001e+00
1.8386722499999999e+00
5.1743433900000002e-01
3.6864152099999998e+00
3.2244120599999998e-01
2.1559016799999999e+00
-1.0310088399999999e+00
-2.1387039299999999e-01
-4.3883489400000002e+00
-1.8896249000000001e+00
-2.1964991700000001e+00
3.9246862800000000e+00
-2.8168631400000002e+00
-3.6520925700000002e+00
1.4519068500000001e+00
1.7024428899999999e+00
-4.9060812599999997e+00
4.5056501100000004e+00
-3.9813147799999999e+00
6.4724293799999999e-01
1.6750240100000000e+00
8.9649852100000005e-01
-4.6128044399999997e+00
2.4177797200000000e+00
3.4723372800000001e+00
-1.3786968700000000e+00
-2.6574891400000000e+00
-2.5633823499999999e+00
5.5885497899999997e-02
3.6288679400000001e+00
-1.5260731199999999e+00
3.1112792800000002e+00
-1.7039510300000000e+00
1.1851067700000000e+00
4.2779793599999998e+00
1.1111076400000000e+00
-4.3539063599999999e+00
-4.9166036599999998e+00
-2.4518659399999998e+00
1.5849733100000001e+00
2.8188798700000000e+00
-3.1640267999999998e+00
2.5192330599999999e+00
-8.9537403199999999e-01
-2.8499010700000000e+00
1.3956302500000000e+00
-1.4840261100000001e+00
3.0912124699999999e+00
5.2135034499999999e-01
1.2402858100000000e+00
4.3171010599999997e+00
3.8488239100000001e+00
-1.6859284200000000e+00
1.3335433699999999e+00
-2.7078551399999999e+00
-9.3728277000000004e-01
2.6838767099999998e+00
2.2338971800000000e+00
2.1203556899999998e+00
3.9922179799999999e+00
-8.5323310699999999e-01
-7.6792534499999998e-01
-4.2590894400000003e+00
-1.1661014999999999e+00
1.8702805700000000e-01
1.9994635999999999e+00
1.0148898000000000e+00
2.8406254300000000e-01
4.6279785499999998e-01
-2.8899562900000002e+00
5.4756626500000005e-01
-1.0370951300000000e+00
-1.1003840800000000e+00
-3.1589433200000001e+00
2.5008701400000000e+00
-2.3165897400000000e+00
4.3105326899999996e+00
-1.2174510599999999e+00
3.1952727699999999e+00
2.5594085700000000e+00
3.4865645399999998e+00
3.2765136600000000e+00
-2.3903971700000000e+00
-2.0731950299999999e+00
3.4614981800000000e+00
-2.1491142899999999e-01
-2.2704949299999999e+00
-4.6686912500000000e-01
-3.3444349400000002e+00
-7.8719930299999996e-01
8.3439989400000003e-01
1.9454748999999999e-01
2.4357877800000001e+00
1.3453693300000000e+00
-1.3017026400000000e+00
2.5983377399999998e+00
3.8126287500000000e+00
-3.2963596100000001e+00
3.1853083500000001e+00
-3.1768314600000003e-01
-3.8903166200000001e+00
2.1822745000000001e+00
3.1089484000000001e+00
3.0174289999999999e+00
-5.5664844099999999e-01
1.8311029599999999e+00
1.6118537300000000e+00
-1.4685896400000000e+00
1.1689872800000001e+00
-1.1074445100000001e+00
2.1826763300000001e+00
-1.8043268500000000e+00
3.2137880999999999e+00
-2.4034464299999998e+00
4.8930483100000002e+00
2.4611808300000000e+00
-3.7727368299999999e+00
5.4656117400000004e-01
3.0833117699999999e+00
1.4839441900000001e+00
-8.6293077100000004e-01
2.8919807600000000e+00
9.3098565499999997e-01
2.6638306799999998e+00
2.7504424900000002e+00
1.6160622999999999e-01
-4.6170138600000001e+00
5.4628737500000003e-02
1.7292337799999999e+00
-1.1048310200000000e+00
2.1447718299999998e+00
4.2460644300000003e-02
-1.6359135700000000e+00
-8.6593091499999997e-01
-1.1635912799999999e+00
-2.3822730900000000e+00
2.6344613600000000e+00
-4.9559721500000000e+00
-3.7051736499999999e+00
-1.6422060199999999e+00
-4.0438095199999999e+00
3.1715580700000001e+00
-3.6470357600000001e+00
3.1150537700000003e-01
3.9659734300000000e+00
-4.2109868900000000e+00
1.9482938800000000e+00
-2.3277272299999998e+00
2.0489522600000001e-02
-1.0674548800000001e+00
-1.4968088399999999e+00
1.9386264499999999e+00
2.5796158899999999e+00
1.9554324500000000e+00
1.1127687900000001e+00
1.2473436200000001e+00
-3.7298726599999998e+00
6.1937561900000004e-01
6.6599386100000005e-02
-4.3806399799999998e+00
-3.7761403599999999e+00
3.0132168300000002e+00
-1.5448389300000001e+00
2.0229667999999998e+00
-1.0134848700000000e-01
-4.2590018599999997e+00
-2.6524308300000001e+00
2.3797826099999999e+00
-4.6989082500000001e-01
-9.4577178399999995e-01
1.6623108400000000e+00
-1.3435184899999999e-02
1.7974688999999999e+00
-1.8051872099999999e+00
4.6743591899999997e+00
1.2270673599999999e+00
-1.5000058900000000e+00
4.7037948500000004e+00
1.5762617600000000e+00
-2.5244065999999998e+00
-6.4546365000000006e-01
4.7932000500000003e+00
3.9303288400000000e+00
-3.0079245999999999e+00
-4.3930774299999999e+00
1.1749829300000001e+00
1.9045201300000001e+00
1.6221932200000000e+00
2.7787162900000001e-01
-1.0145509600000000e+00
-1.4160044800000000e+00
1.5423718399999999e+00
-4.7511823099999999e+00
4.6331186200000003e+00
9.6844314700000000e-01
-5.9495098400000002e-01
1.7123287200000001e-01
-3.2566178699999998e-01
5.4063032799999999e-01
-3.5615978300000002e+00
4.9926851299999999e+00
-1.2029675399999999e+00
4.4795849399999996e+00
3.9928798200000002e+00
1.7244029000000001e+00
2.5513950799999998e+00
-3.6075599299999999e+00
-5.3806972500000005e-01
4.6336215300000001e+00
4.1929692699999999e+00
8.5777851000000005e-01
-2.1055126199999998e+00
-4.6608272299999998e+00
-2.0751347600000001e+00
1.2306304500000000e+00
4.5623159299999996e+00
-3.3460954900000002e+00
1.0656365200000000e+00
3.9809188600000001e+00
-1.2398764700000000e+00
-4.9792640800000001e+00
4.9030706500000001e+00
1.1725617900000000e+00
8.7564288099999998e-01
3.0660928799999998e+00
1.4046755200000001e+00
1.3911424800000001e-02
-3.2744358400000002e+00
3.8455055100000002e+00
-4.3301541099999996e+00
-4.9634874699999998e-01
2.9981264500000000e+00
-9.5916476100000003e-01
-7.7685785500000004e-01
-1.4823654300000000e+00
3.7416246499999999e+00
8.6421484699999995e-01
1.7125090999999999e+00
-4.2435419100000003e+00
1.8267046400000000e+00
-1.6009379399999999e+00
2.4941442999999999e-01
8.7744054000000005e-01
4.8058262400000000e+00
4.6776786500000000e-01
6.1670849699999997e-01
-2.0009988000000001e+00
-4.1681744600000004e+00
-4.1467163999999999e+00
-3.7884978000000000e+00
-2.5733346699999999e+00
-1.5954059700000001e-03
-5.1829604200000001e-01
