# CEC 2010 F15 permutation vector 0-based (D=1000)
915
475
751
891
931
235
982
876
427
320
592
518
225
444
23
972
844
431
612
556
413
966
606
694
921
512
135
52
692
602
935
566
740
230
100
57
969
736
481
216
738
180
627
979
34
768
303
470
270
167
268
806
102
999
485
174
614
646
434
998
944
9
86
359
198
373
280
541
827
642
814
840
136
366
864
732
821
179
205
236
377
679
830
127
737
997
392
382
494
465
75
97
557
156
276
190
384
468
852
322
509
362
250
131
271
432
733
744
425
730
51
696
292
542
517
705
660
752
651
511
974
754
42
95
832
165
791
572
104
406
94
259
155
192
0
32
287
787
962
272
195
615
757
507
559
714
571
961
99
758
513
965
176
346
282
912
563
27
148
546
491
376
897
295
374
877
433
60
968
775
932
801
356
983
886
449
829
741
688
47
5
152
151
943
776
811
341
831
144
719
784
147
85
672
188
834
545
600
711
678
77
119
904
333
674
924
443
118
138
809
173
898
323
527
120
647
530
552
735
273
629
499
953
210
395
858
405
650
946
183
555
202
219
172
823
243
868
92
990
899
987
515
529
843
724
218
143
411
584
326
976
177
419
388
903
855
587
599
375
779
355
519
487
72
640
368
916
380
469
55
888
837
949
483
785
70
782
901
619
416
635
88
655
78
345
495
561
774
767
919
971
87
649
634
816
128
908
367
709
687
36
164
718
40
941
211
49
638
332
695
662
708
680
154
909
575
33
1
476
19
671
532
865
83
839
948
663
761
296
289
841
486
859
54
291
454
833
458
927
106
920
358
6
426
342
74
334
383
812
182
141
534
978
441
817
796
677
963
613
593
370
822
607
284
50
215
73
124
585
770
266
863
299
497
905
996
810
980
446
480
704
925
387
765
734
957
582
558
533
463
860
142
520
802
636
939
703
853
241
364
196
415
975
523
902
498
547
958
16
894
158
579
906
101
401
700
298
691
490
763
189
26
459
62
302
201
808
569
653
37
213
352
896
294
197
275
828
496
319
805
870
448
756
723
429
261
245
29
149
743
329
247
278
482
955
620
871
804
504
304
286
590
656
318
645
169
163
399
641
423
549
973
698
386
337
81
960
885
693
249
666
617
914
63
134
669
790
989
457
535
35
285
117
39
466
133
161
684
510
452
379
879
824
237
883
591
742
819
260
780
573
632
437
400
544
126
766
339
728
253
460
628
221
610
759
160
893
845
357
838
105
836
880
643
603
576
929
344
8
408
451
750
146
625
550
265
950
538
800
793
846
637
305
624
220
682
402
4
123
594
881
644
930
508
15
300
45
18
717
242
992
630
596
516
842
658
145
500
309
789
933
994
488
175
588
347
185
193
985
862
200
861
583
436
993
548
103
68
598
372
274
428
438
21
890
668
857
389
986
450
803
229
526
38
256
232
665
725
745
107
528
30
474
324
209
311
869
531
435
716
96
799
567
267
622
952
580
22
781
252
317
951
445
652
360
783
749
648
721
773
231
578
11
722
414
308
363
2
453
7
720
813
397
911
327
826
729
818
442
539
114
217
212
701
792
553
115
90
71
59
995
654
10
130
277
409
207
473
204
959
403
420
455
297
670
874
306
255
98
181
981
153
404
398
328
984
194
748
514
726
335
618
639
554
307
239
25
64
506
664
150
570
923
187
91
122
290
895
248
251
233
492
258
206
56
61
396
562
690
875
390
125
689
707
17
753
162
484
928
706
129
947
659
887
608
661
988
794
873
464
82
170
472
900
31
310
621
710
111
12
385
203
222
849
381
954
110
825
391
421
312
316
786
53
524
354
850
605
315
28
574
991
14
525
313
121
281
43
764
234
338
918
139
478
79
755
778
772
970
186
371
616
477
884
140
848
537
938
604
685
244
922
777
417
917
410
166
314
586
581
343
715
521
633
226
964
892
20
3
113
551
626
907
301
264
240
697
945
84
66
889
577
350
159
112
69
171
467
712
361
331
283
191
936
108
116
288
854
224
820
24
867
279
393
769
65
536
631
109
505
795
739
471
424
657
227
522
847
788
157
913
815
178
168
365
208
760
412
560
340
67
872
595
503
747
589
349
977
407
184
330
934
746
797
609
456
623
731
878
493
727
254
479
246
807
262
910
48
93
46
80
422
565
336
937
132
564
597
223
214
851
967
611
676
89
866
713
940
502
540
675
418
137
257
369
771
942
702
699
462
41
762
667
798
835
673
461
378
543
683
430
601
263
447
956
568
58
321
501
681
348
351
13
353
439
269
76
293
686
238
856
926
489
394
325
440
228
44
199
882
