8.107455398843166350e-03 1.514968876868526548e-01 -2.443492995868298268e-01 1.165102832246825981e-01 9.695924667669421348e-02 2.295369406196790807e-01 -3.066616100614141804e-01 -3.022748264274842112e-01 3.120242589706716946e-02 2.543829978137399084e-01 -2.301865581787465864e-01 1.472603530331559607e-01 -2.733129727248474472e-01 1.465414301427402088e-01 3.079332900226596226e-01 1.413747039041803599e-01 2.239852059338665879e-01 5.102765518408269863e-02 -4.487224856289922376e-02 -2.575673882034368867e-01 -1.725191990185618099e-02 -2.901705165234979775e-02 -1.728110939321602646e-01 1.553462199862218340e-01 1.476286382234289207e-01 -7.124321550980663997e-02 -1.114375747926906884e-01 7.116589899341069225e-02 8.202015584753677424e-02 -2.784218350967196387e-01
2.058819882152803371e-01 -3.185978442006736078e-01 1.219381513836197972e-01 5.039294810267272440e-02 -1.220418696323110480e-01 2.749753740218079390e-01 6.668144162508754524e-02 -3.704645120224170363e-01 -2.586771534230248859e-01 3.589029447624969005e-01 -1.475770408269813372e-01 -9.198075374524505854e-02 6.542474570105677456e-02 2.950238312443571528e-02 -2.900475293381649666e-01 -7.229612713887693942e-02 9.564709267282583971e-02 -1.560717488236739448e-01 -1.048223116938938188e-01 2.452928288639976973e-01 8.153760004252215421e-02 -2.256352746742403270e-01 2.094235819594396104e-03 1.348181477118096105e-01 -3.029715394783016880e-01 -5.883974923059976520e-02 4.956452084361073762e-02 -3.590483363698498270e-02 -7.138634146120548252e-02 -3.918152252105693706e-02
8.243667547816477259e-02 9.218486334234762825e-02 3.609680899370749929e-02 2.655908764154776280e-01 -1.759979763554150034e-01 -1.081674191107442548e-02 1.235776500957962154e-01 3.640521678722948712e-02 -1.638430134651050751e-01 -1.751493828933213537e-01 4.991140757436138276e-02 3.139343449541585618e-01 -6.034675057662934883e-01 -8.874058352563762853e-02 -2.393459567480834549e-01 -2.376573148156270188e-01 1.779868332365348166e-02 1.755598488307519994e-03 6.380006813829033896e-02 -8.393224178584098027e-02 -7.575847895097571894e-02 1.178159668635980067e-01 -1.238348537842573205e-01 -1.409013935115180638e-01 -1.630586361417406815e-01 -2.178652415667278741e-02 2.559404054614054513e-01 -1.900895932979587977e-01 6.366233313029090457e-02 -1.476280513641468339e-01
1.978419751764011816e-02 -1.078354508071101281e-01 -2.758759125897421449e-01 2.801143435365209267e-01 -5.457398637353540888e-02 -6.786428503436553244e-04 1.005607936094417981e-01 1.232969770922384967e-01 3.188347861019306673e-01 3.165020598219687176e-01 2.068605044191021980e-01 9.271046530946729092e-02 -8.236997438409808525e-02 3.156730945234015873e-01 -9.604000164939072159e-02 2.623035572468965237e-01 8.008950635401294871e-02 -1.538616207526218027e-01 2.493966351595205966e-01 7.690091924904474130e-02 -1.272129011356470107e-01 1.209706858279629149e-01 8.298368815873798099e-02 1.251684053935159802e-01 8.984223718951009352e-03 4.374939730505881391e-02 2.877609625900963142e-01 9.858340861529628352e-02 -1.623165524181180430e-01 3.082227287826023177e-01
1.523928474953939183e-01 -3.065420966363996969e-01 1.061504963785201983e-01 3.105951270709579257e-02 2.174582836028266797e-01 2.083919165506033511e-01 -3.015691609588920241e-01 -3.021213301249111791e-02 1.494638077037822033e-01 -1.069307048019529083e-01 1.004509408119723390e-01 -6.503797068381038382e-02 -2.043872096296371899e-01 4.419069457286429331e-02 -1.079727549902872313e-01 2.267857160246768145e-01 -2.067104635984741978e-01 4.267068755682280057e-01 3.221912461821190288e-01 1.709047377716362837e-01 -9.006204534148076757e-02 -1.566599222467688138e-02 1.098537183879055440e-01 -1.216037432145740393e-01 -1.399017534421626296e-01 1.211610703419379043e-01 -2.318143897512288665e-01 -1.262772148317873322e-01 1.884161999100950058e-01 -2.490843918895591091e-02
-1.987066260380945804e-01 1.930785190859612699e-01 -1.404853450935162618e-01 2.430179384491354053e-02 -3.499054590759355376e-02 -1.547243397304920998e-01 -1.711829257914272706e-01 4.188183150491796292e-02 -1.281812582536961953e-01 2.990137282892156301e-01 4.378329961231818279e-01 -3.146539309379427496e-01 -3.832134133908578211e-02 -1.240661319760609782e-01 -2.657730722350533648e-01 -1.266802139254686321e-01 3.863494359895471297e-01 2.349303031677694720e-01 1.344849519288599526e-01 -9.644810193003504339e-02 1.335260489603554146e-01 -1.247676029824040245e-01 -2.061741476801064871e-02 -1.137868522158136941e-01 -1.972454505581349576e-02 -1.431255020451119853e-01 -1.843776314274892525e-01 -9.669756918578377436e-02 -5.982536403341836423e-02 1.362256691039638069e-02
-1.011441686120784916e-01 -2.562109765503333206e-02 -2.952514783669797360e-01 -1.080290494923287492e-01 -2.186391414903097186e-01 -2.107879151244574090e-01 -2.023741654483501295e-01 1.425870592499895728e-01 -1.793939792053996229e-01 -3.560699723342829193e-02 -2.136853373785017884e-01 1.274621624721817836e-01 6.265782589598162255e-02 -1.238073808859478792e-01 1.483581438065461056e-01 2.906897609163505147e-01 1.198055162446414190e-01 1.061292720408319734e-01 2.243571990547340439e-02 1.065365048181843716e-01 1.220395598272514537e-01 -2.832712497914715022e-01 2.227377481415611024e-02 -1.142628256358335231e-01 -3.447342832012591507e-01 4.038292592657386632e-02 3.086736432057228807e-01 2.960642540096170353e-02 3.621388887825290892e-01 1.472891747199762957e-01
3.974147637539248712e-01 -2.065413829696892412e-02 1.121984512105825144e-01 3.184370523273098441e-01 -2.053953943493796314e-02 -6.448088284654371338e-02 8.331858934779362569e-03 -1.043337638308516196e-01 -1.009447068885658931e-02 -8.743300470983196571e-02 2.626278603812750578e-01 -5.742716171213802824e-03 8.756302405310653625e-02 -2.418258652247880780e-01 4.257448865204564448e-01 3.367200365891300645e-02 1.032738040020152875e-01 -1.445936771407436150e-01 2.481806380414719460e-01 -3.736087185065518207e-02 3.187612411732579920e-01 -1.706495598255805268e-01 2.657387423499851797e-01 -1.132121836333469661e-01 3.926722188530257229e-02 7.551720615718619800e-02 1.062445200704922460e-01 3.714463113221232876e-02 -1.371590465061672537e-01 -1.984085827207116848e-01
-2.478612402304902207e-01 4.346494743188994425e-02 1.681862212705894088e-01 5.198817379239463465e-02 3.435897803558325969e-01 5.602889255111574707e-02 -1.531005608549236563e-02 3.781251611321515549e-01 -1.109471400985684135e-02 7.286939210469801920e-02 -1.938720529132846315e-01 -8.670884577770761326e-02 -2.349827560098926849e-01 1.225944966999110292e-01 7.050432394747015163e-02 6.570277760629029962e-02 -1.158804675990876693e-01 -2.821590042870981141e-01 3.752020534786024847e-02 -1.335176721544647227e-01 1.363216872977636440e-01 -2.686112106454012771e-01 2.924032830931247995e-01 2.824072298620780228e-02 -2.407896401383500529e-01 -3.269555014920529357e-01 -4.413302089990122495e-02 -1.813975291566956027e-01 -1.435257643238671554e-01 -3.958097298187172181e-02
-2.075702912617879425e-01 2.649311700774900288e-02 2.448435712952443666e-01 4.180637962944896979e-02 -4.345697566603340389e-01 1.920834573504480169e-01 -1.605920895992988262e-01 5.600445425919512582e-02 -1.707798478703912437e-01 2.758124716568412238e-02 7.576496456253184464e-02 3.191104213549154911e-02 3.097815829760708350e-02 -2.407712833522368534e-02 3.248498558022962224e-02 1.754306143918318295e-01 1.368372290866418650e-01 -3.669224964918930132e-01 1.115620667089343016e-01 3.188842189240257557e-02 -1.591306027744009977e-01 3.309256644677960879e-01 3.061109010740773462e-01 -3.181383874847763110e-02 5.369102143738075511e-02 -2.387293379061726853e-02 -2.757266514363790888e-01 4.816384691525183413e-03 3.054730400569956039e-01 -2.455554589220871470e-02
-2.131799347456323768e-01 -3.301521272370815802e-02 3.397955209633460316e-02 -2.008501973265272578e-02 2.439188111595865238e-01 -3.693136388163132944e-01 1.416091243998764682e-01 -2.559856230384837672e-01 3.446587254726653921e-02 2.259529420893066076e-01 1.713201483052497476e-01 -1.040826736669860919e-01 -2.265956136888617745e-01 -3.092860674200986759e-01 8.973011011856704688e-02 2.676223600852954965e-01 -1.978353676080876478e-01 -2.303226196130187253e-01 -6.849400524668231016e-02 3.607901227541140954e-01 -1.141590331393767949e-01 6.118779661581342372e-02 -1.577667450059136445e-01 -6.492930123023384070e-03 6.760048420671678493e-02 -6.061729374559298583e-02 4.366934063934957422e-02 -2.875262473327179144e-02 1.746817255612214126e-01 -2.026912451472283050e-01
2.499976362875365732e-01 -2.518688869511060413e-01 5.601534136436177314e-02 -1.824498427452047600e-01 -7.754086739794335478e-03 -3.596580939350463302e-01 -6.561592658011804191e-02 3.038842347304870906e-01 -1.867806442648341780e-01 2.556715941785747681e-01 -1.383390365483338214e-01 3.792470209943845649e-01 -1.564756954206660833e-01 -1.482386884189903775e-01 -1.434769591921486454e-01 6.996910385084197104e-02 2.488550901419555456e-02 -2.907464063025911802e-02 8.491482951799850243e-02 -5.515026863887990266e-02 9.621017623108207850e-02 -7.315040505827458996e-03 -2.368984721912106503e-02 1.208558143429686316e-01 1.764479101868901556e-01 1.165417881155918767e-01 -3.534497444946296252e-01 1.973491133844293699e-01 -1.778414719885799689e-01 1.344380463891544698e-04
6.373938298535056224e-02 -1.490302633432676327e-01 -4.319154307640226675e-01 -2.137665038115119792e-02 -3.184909940385109717e-02 -1.137028827076344839e-01 -1.299930964634385920e-02 -2.350250005114766227e-01 2.286675554547561995e-01 5.015462063859121161e-02 -2.622249716632619743e-01 -3.968037580752793031e-02 -7.509944171630707210e-02 -1.439773900664348960e-01 -8.168037768950607569e-02 -1.503001152226934312e-01 -4.434171866698612130e-02 -1.628256884457025266e-01 -1.425015687548828736e-01 -8.979431454754403796e-02 6.393687208408269096e-02 1.199219035406184075e-01 3.733356863734932363e-01 -3.952270713625676835e-01 9.626070213677467846e-02 3.324904396224152847e-02 -1.755910124009457396e-01 -3.187238638669993573e-01 -3.049410005049327244e-02 1.482532091071520342e-01
1.354454800997576813e-01 7.665412922503794801e-02 -2.071179788631170582e-01 -1.046808842503470088e-01 7.359691274261542793e-02 1.289240112284872064e-01 2.559348169880534263e-01 4.906974565234553318e-03 -1.511965451193106880e-01 -1.303836503231603217e-01 1.387054109946369851e-01 -1.426336327106422497e-01 -2.148844226094647758e-01 2.577767762783007566e-01 -6.240060952031514785e-02 -4.632478044109713394e-02 -4.713904795691725713e-02 -2.789191817719163802e-01 6.157141908236431899e-02 4.840913917933044319e-03 -4.336165993337289665e-02 -3.910289198885324446e-01 -5.040262600301872314e-02 -2.788721277950536592e-01 1.337116674735992217e-01 1.126050785424537459e-01 -2.146432256767618341e-01 3.913903531506721656e-01 2.837785814936674700e-01 8.352685810292999335e-02
2.855428610421780200e-01 1.230805876095473622e-01 2.453732866126520362e-01 -3.643552365572740471e-03 3.184817209592460951e-03 -3.422143026288518991e-02 4.463467222528459954e-01 2.252955952413473670e-02 7.742784191700720353e-02 -3.549480223231484682e-02 -2.181793396823626385e-01 -1.840093917357852327e-01 -1.022129568199906247e-01 -6.130720599707277507e-02 4.763098010106671387e-02 4.123772370411684651e-01 4.315269134916569493e-01 1.599906275373289555e-01 -7.827834559583092544e-02 -7.832810934456048424e-02 -1.116985046768906170e-01 2.185754654591576251e-02 -7.984843721406098549e-02 -6.809423519912179146e-02 3.764245473918462464e-03 -9.123239888910310291e-02 -1.270928956379351604e-01 -2.065803968867291063e-01 5.245369517966188416e-02 2.213037511025532367e-01
-1.979240778556815572e-01 5.716077778666923959e-02 2.686805100590928044e-02 -1.360429313064190626e-01 -1.715256947245238223e-02 -1.105292698141952246e-01 3.379878395103483313e-01 -2.603110222072611557e-01 7.214452505190799281e-02 7.558379640723605908e-02 1.711340048895667043e-01 4.200286210709038293e-01 1.356594529557055180e-02 8.272056356120979781e-02 2.152844384688550605e-01 -1.724396085294295777e-01 6.254608126809187152e-02 2.482373617337808591e-01 3.276967910171969117e-02 -7.253906632979496795e-04 -2.634190361248109902e-01 -1.969134735730778407e-01 3.663929443130146124e-01 1.152671931788286780e-01 -2.727545260759129397e-01 3.380753329033579259e-03 -2.149361974784382290e-01 3.198044596126221883e-02 -9.891084053152239194e-03 7.403874332631043761e-03
1.218778097401389815e-01 3.485424131731341968e-02 -2.689951811008483781e-02 1.290540463205718524e-01 -1.104865400442043427e-01 9.489388935784889845e-02 -1.974030081057208674e-01 1.116598645953333635e-01 2.012650388143968350e-01 -1.196926919945552475e-01 1.031412482002524167e-01 1.103182455763979525e-01 -1.792209444523470974e-01 -1.181799569425882879e-01 2.258689132719323700e-01 -2.176652539901412775e-01 6.234703637528327125e-02 -1.706191160885884781e-02 -2.593973618502872780e-01 4.812758512324664117e-01 7.508498019521994693e-02 -7.672906311386050449e-02 -1.307533180328668831e-01 1.117489562459109131e-01 1.234832426670310832e-02 -3.662966465694162954e-01 -2.347010109570653313e-01 4.848252202305894376e-02 -1.417288264670154251e-02 3.682633835103373277e-01
3.558706798333092364e-02 3.710687412242173050e-02 -1.762076956427801600e-01 -3.724200612311041880e-02 2.261268466547714795e-01 -6.049473496314727861e-02 -9.343109050401297855e-02 -2.944454661757095471e-01 -1.664664625717060809e-01 -3.545374105220491789e-01 1.078154937112314332e-01 7.478615214187897542e-02 8.369851773000433481e-02 -1.264100806832568202e-01 -7.645355633747631663e-02 1.232892071988470756e-01 1.130858624803320750e-02 -3.064873382969260374e-01 2.508818726905030494e-01 -2.275050977014785591e-01 2.255914710344457657e-03 1.316821301693020252e-01 -2.062333199452212884e-01 2.688988138021801144e-01 -3.205843522678339386e-01 -5.899145567943347296e-02 -1.993668817819695682e-01 -8.020638001604657452e-02 -9.455841964286200441e-02 3.126055180118484378e-01
8.736604888990871787e-02 -2.330991070705806245e-01 1.381534088117093440e-01 -3.698333823570910256e-02 -1.397338789371586343e-01 -3.982651551490593717e-02 -1.543711442857138849e-01 4.682617579464169039e-02 3.493684981025078073e-01 7.624177623765676648e-02 1.211083780002493032e-01 1.268042921111950730e-02 1.152203402098097296e-01 -1.350883570003899581e-01 1.359587697205074004e-02 1.778649656700855008e-02 -2.020205491623511262e-02 -1.403446384231553934e-01 -1.275373268219959222e-01 -3.638909932302182848e-01 -3.580280396264132192e-01 -1.186400580010869565e-01 -2.543390666300474612e-01 -3.435028927507088325e-01 -2.933080425979991968e-01 -2.296577436407007122e-01 -6.159395193908316288e-03 2.165634757730917626e-01 -6.455786612354104392e-02 -1.100501064904685633e-01
-2.697347866109590098e-01 -4.597235389139842643e-01 1.327305743188868514e-01 2.209066048651151526e-01 1.365185344611731175e-02 -9.596271520615234918e-02 1.576918641728125847e-01 -3.529160458327817908e-03 2.517231244177777216e-01 -6.086342075138224256e-02 5.737249021240388609e-03 5.778857244230605622e-02 5.832361085754464436e-02 5.707676857114617197e-02 -1.071843592755314031e-02 -1.914614987369747945e-01 1.695514877037392898e-01 -5.107328082846482320e-02 4.892862959691488683e-02 -2.097454795656575055e-01 3.144189718796527311e-01 -1.230196797680649379e-01 -1.984372238920295017e-01 1.836100816236106437e-01 1.360013496864479476e-01 6.000639781818118551e-02 -7.057971320834585671e-02 -1.284859686977578019e-01 4.365090883001207511e-01 4.877316845247875454e-02
-1.080408522688568601e-01 6.877365567572400751e-02 5.616458639484477738e-02 -3.214752299135278379e-01 -3.592771485731426767e-02 4.369484191869411616e-01 9.333087816544372028e-02 -4.118579578212972631e-02 1.299796302689983918e-01 1.550406707323915279e-01 -3.636215679065157164e-02 1.233599195834944318e-01 -6.931122885793271349e-02 -5.151170960706628055e-01 -3.711942762268011231e-02 -2.635618035731733533e-02 -9.807697473910317876e-02 3.892556967156126594e-03 3.351708774047276185e-01 -1.104667580880086541e-01 2.185426647595745814e-02 -1.770820447537031495e-01 -1.599906798184958651e-02 3.152238753479142536e-02 2.676820551399125003e-01 -8.465139024881337959e-02 2.140163119700323746e-01 2.141568651845834198e-03 8.882405955500159364e-03 2.298099379936589248e-01
-1.039818190579303719e-01 -2.361860442833955687e-01 -1.005350716126692523e-01 -3.779308089753793953e-01 -1.368139370501574026e-01 7.857754844167934294e-02 1.963138718877814881e-01 1.983139743280536160e-02 6.972245262813851763e-02 -2.585694609269254332e-02 -3.064199415202288265e-02 -2.434729099297665567e-01 -2.701781370644470437e-01 6.393061208729124145e-02 2.755329691928047886e-01 -9.817734536850836191e-02 1.135945819216161445e-01 5.092135745996228396e-02 1.782323104922243773e-01 5.442736662925177354e-02 3.156212206136782550e-01 3.964906565330986177e-01 -8.070837324598714724e-02 -4.269553353309429866e-02 -2.807167616396242793e-01 -4.518205175171958327e-02 -7.361433230046546608e-03 2.335549252886580385e-01 -1.518051033860629839e-01 -1.199054933339844253e-01
2.681387040079509856e-02 -1.841177447695869773e-01 -3.989503149828384498e-01 7.778784699117046765e-03 -3.249395820813924529e-01 3.574567220013326330e-02 1.772596552935296055e-01 1.585089829217987967e-01 2.444070534364979272e-02 -2.655526043336105535e-01 2.397317623582973303e-02 -1.645874430536369004e-01 2.139320349862530724e-02 -1.124544340474188386e-01 -6.806114054648268463e-02 1.462083706073933898e-01 -7.526805295580545063e-02 3.295016642187859057e-02 5.972895359236252838e-02 2.014012436222939462e-02 -2.065585509308368040e-01 -2.167111294919011333e-01 3.674100387856379241e-02 3.613675276606622688e-01 1.289371128177965453e-01 -2.259351210415366240e-01 -1.160697170684967944e-01 -1.623998367860231551e-01 -1.033422499606089784e-01 -3.929000147967707246e-01
7.722055033638640376e-02 -1.338439268379658931e-01 -1.072751598504127768e-01 -3.086860288907242733e-01 7.552468318912632095e-02 2.412241686471407742e-01 5.950732662211727364e-02 1.569036380672101938e-01 -1.490670407401638031e-01 9.327007261948554173e-02 4.062991580089026500e-01 2.989638602424414260e-01 1.094417348709715160e-01 1.834053726684545527e-01 1.682606063125364759e-01 1.457924857187076206e-01 2.754414499735570801e-02 -1.020529754077602325e-01 -2.042583634630206202e-01 1.510253862719540888e-02 1.087150120990753588e-01 2.245090316930725347e-02 -1.932043713020937248e-01 -1.864882763125788601e-01 4.511493158556961064e-02 2.723388560247912843e-02 1.126427821466188806e-02 -5.011264479750013878e-01 -2.010207517013352582e-02 -6.874904345786132798e-02
-3.902562430006036864e-01 -2.401020385248956446e-01 1.115397217957244530e-01 1.616717282162546121e-01 -2.061105818722201721e-01 3.892489895811054174e-02 -2.812618015571482361e-02 -2.071161867495373843e-01 -2.185313524619474645e-01 -1.824478445714266261e-01 7.400948345915811522e-02 -1.491418065249556710e-02 -2.108378917422555898e-01 1.416463852272254430e-02 6.936040224831518941e-02 3.018694920755551903e-01 -1.012705215668804337e-01 1.365356282956750322e-01 -2.370188685127216643e-01 -1.198001138861939097e-01 7.463943728635297203e-02 -1.652474865343671884e-01 -1.929419648535755233e-02 -1.465426674253992312e-01 1.746267942486584290e-01 1.151339112190100517e-01 -1.636447333237926391e-02 8.939679399541122784e-02 -4.199286889774471732e-01 2.322766941375717653e-01
6.606601574212962735e-02 4.967245724293415515e-02 -1.731854114629107211e-01 2.848202748996006561e-01 -8.554502313554182905e-03 2.050265936473736061e-01 2.058755978698212086e-01 2.157204965547541153e-01 -1.159501948725817772e-01 2.762681194876979163e-01 1.138969626242378880e-01 -1.310625168230869220e-01 -6.456663257376865986e-03 -2.878853230427471099e-01 1.324795620056369305e-01 1.551039343867618124e-02 -3.547110219316149116e-01 1.363371694574164461e-01 -2.834586013282072159e-01 -2.507523463359911942e-01 6.434376506537860252e-02 1.514938208193222224e-01 3.072863722831767862e-03 1.593797616057655298e-01 -2.543010149345860671e-01 2.176660925681336012e-01 -1.716870572593652278e-01 7.280009725138021637e-02 1.692880428106116886e-01 1.215570759082719027e-01
-2.671921976669238141e-01 4.147381404823981092e-03 -1.250411528373556180e-01 3.074894602171308611e-01 1.198140434039746682e-01 1.718369999106325041e-01 1.346543374737842469e-01 1.713801525212132193e-01 -4.943283125228158104e-02 2.108393154712308662e-02 -2.594483982584568360e-01 1.026278876269633017e-01 2.199694276646101676e-01 -1.550152992156354492e-01 9.938670802211312105e-02 -9.061926844816328708e-02 1.684378098973610960e-01 -4.836492775515026377e-02 2.625539658259540832e-01 2.855807421812279756e-01 -1.662272014476898485e-01 -2.582694623833665243e-02 -2.917677386836199371e-01 -2.858546169681369653e-01 -8.496345718931530566e-02 2.427917172772108279e-01 -2.244162172020787993e-01 -4.011539306865397059e-02 -2.229120427862354148e-01 -1.077513112177444221e-01
5.572719192170207808e-02 2.464574290425151915e-01 9.743376764731968842e-02 4.256177878979248985e-02 -4.056710412582185121e-01 -1.861814760045405470e-01 6.211336601927648637e-02 -1.295844463512117462e-01 3.796910868978567444e-02 1.986288389082187245e-01 -1.176583432769214010e-01 -1.631703183750475572e-02 6.819826430408688911e-02 2.638061114682131447e-01 1.042351165182970468e-01 1.746840508659367602e-02 -4.665410748687529585e-01 3.978586965203709247e-02 3.219053241584902691e-01 -2.022467891884700830e-02 1.834981236978246166e-01 -8.828676288202708111e-02 -2.783500025200758565e-01 -1.015333506158631882e-01 -1.700351959382535860e-02 -1.438967062100501293e-01 -1.890863599790995886e-01 -2.236678323668978285e-01 -1.287971278471704631e-02 7.123496696523791416e-02
-4.766243587286096706e-02 2.999343183294214121e-01 8.826478874522536433e-02 -1.513769079134139883e-01 -1.754527534810861322e-01 4.642798526891413896e-02 -9.812255475585189568e-02 8.748806713298950752e-03 4.482363669250823968e-01 -7.280772998574540356e-02 4.515882472668528852e-02 4.094957500558563980e-03 -1.374055902831518849e-01 -5.236704581422968463e-02 -1.868392894102937629e-01 1.281892233615877785e-01 6.656415496950454647e-02 -1.906351944202142878e-01 -1.561552180308044546e-01 7.359135070262091960e-02 2.014876199367193754e-01 -1.936525087347677199e-01 -3.695950899821038443e-02 1.552231578942332435e-01 -2.020984477875696628e-01 5.328283449838296937e-01 -1.144960117510792075e-01 -7.556002919765605896e-02 -1.171660895582820466e-01 -1.474906416728495595e-01
-6.921144954115487913e-02 1.342788489779380146e-01 -8.112209823404163689e-02 1.261196339215109596e-01 7.213322578638435567e-02 1.303287863503230781e-01 1.787185797948567800e-01 -6.766462835274701659e-02 1.289503261046835991e-01 -9.282037755469867146e-02 1.735269039873581567e-02 3.276321538813605772e-01 1.957594592630972075e-01 -3.664759775864707275e-02 -3.601624852748841477e-01 3.023547380723799471e-01 -4.532840489894926495e-02 1.100907057900719910e-01 -8.906038642475909428e-02 5.286501940741238081e-02 4.192638685243686436e-01 1.336776675866339359e-01 6.010840485553630569e-02 -1.803689781358827349e-01 -3.458438391520402694e-02 -3.471913825520975827e-01 -1.008703811405805423e-01 2.723716445519512308e-01 4.167162693518661198e-02 -1.994036521307337440e-01
