4.170034197755010386e-01 -2.795344872065851360e-01 -1.355472849638948429e-01 8.767365896991692609e-02 -2.379798158476746084e-01 -8.503218978023195651e-02 -3.795986136258174687e-02 9.205609169248718526e-02 -4.425832572333852390e-03 6.137736466040024513e-02 2.680614736925785238e-02 1.422297395221453764e-01 3.781435099082197659e-01 -2.419804707643591346e-01 2.655127648050277234e-01 8.468393644276104096e-03 2.002637389312218463e-01 -1.132559771656779929e-01 -2.098820692328010606e-01 8.942718842160496395e-02 1.345518985394822571e-02 2.650780421142303056e-01 -1.444937027993155876e-01 -1.675530915967948786e-01 1.028013976623273484e-01 -9.556479887875617141e-02 -7.740965620491083166e-02 2.868123615037304064e-01 -7.677535798139947798e-02 1.142341180925409705e-01
-2.640329679565443510e-01 2.940761530864640094e-01 7.902348688314320482e-03 1.678269401506894964e-01 -2.134939019627171003e-02 1.654977475729889902e-01 1.876469104924304854e-01 -1.275454163622328661e-03 2.069583545834727534e-01 -8.466858917747660529e-02 -9.370435092957335454e-02 2.379344268756319186e-02 5.266282528142244290e-01 -1.964465251677660895e-01 -2.174615634576072473e-02 2.043683525480415597e-01 2.454632913512293235e-01 -3.690588037438820301e-02 -1.513059357014953366e-01 -2.545494016028828077e-01 -4.527461348089487081e-02 -1.879440992348095363e-01 5.492517672137883084e-02 -2.327598042132036568e-02 -1.987467122892630222e-01 5.014672595738877553e-02 3.909765721935008070e-02 -1.949303500980608117e-01 -1.819149770290164891e-01 1.735949254420895982e-01
1.653366359996736451e-02 -6.264439706143469511e-02 1.934619601605945816e-01 1.483776350520600931e-02 6.021699837735369071e-02 2.053787787853872115e-01 9.688889230253690255e-02 -3.706122763605199655e-01 -4.000764031766943646e-02 2.667685363868755877e-01 -1.192190336028133360e-02 1.493298239601860700e-01 1.643695771702785302e-01 -4.525093322541895446e-02 -1.761146384783573438e-01 -5.346481472094636450e-02 -2.392930382662751820e-01 4.767434807592872692e-02 -7.259455088439325686e-04 5.738601508619876196e-02 -4.894223506387955780e-01 -2.182042033168371808e-01 -3.918260962522076424e-02 -2.115479040132199340e-01 1.118516574743696861e-02 2.081542885252225285e-03 2.184163204797287816e-01 3.533498955650896667e-01 1.863596613235408428e-01 6.144708055952088216e-02
1.332298110450062800e-01 3.500991245775235683e-01 1.492778329513405333e-01 -5.325598836744619563e-02 -8.582411888130635214e-02 -2.153060681279827041e-02 6.300923367855694630e-03 -6.045179807528568150e-02 1.874567799245330513e-01 -2.181260107509121471e-01 -2.989322279474880273e-01 -8.366323664233003832e-03 -3.427313207707275572e-02 -1.547649506057076629e-01 -2.620587082640302157e-01 -7.089415942254204128e-02 -7.015431081694870064e-02 -8.138499163726413410e-02 2.077495220608667481e-01 1.939793558550936547e-01 1.320498412533406205e-02 7.119600055167792096e-02 -8.533884026585732141e-02 -4.087743046672833586e-02 -1.831579042512849753e-01 -4.808748990876410834e-01 -2.789479114493327305e-01 2.307664815631995103e-01 -1.756966420605985679e-01 -1.371422479122489102e-01
1.536731157077181331e-01 -7.293138196047585509e-02 -2.781170650845359860e-01 1.809128572085838826e-01 -3.012221913023379466e-02 -3.830729098154846413e-01 -1.140252363379005707e-01 -2.214113936648270664e-01 1.929138819572062402e-01 1.205193404376397326e-01 -3.818147414176348287e-01 -1.598625181548260499e-01 -1.011252054579306892e-01 -2.893853481705721542e-01 1.292974487505326592e-02 4.301598848433070554e-02 -9.758279448526015198e-02 1.286480467516351762e-02 -2.410584938473441224e-03 6.765898009060763996e-02 -3.373247771162918990e-02 -3.171308863481583917e-01 -2.965445977336882977e-01 6.377044610628782029e-02 4.783012921360885877e-02 5.130973730544817479e-02 1.847649085502461597e-01 -2.863292061760935314e-01 3.994395210364055926e-02 -4.022444052167821471e-02
1.717999474170558150e-01 -1.048657015103862493e-02 -3.017871704423745818e-02 -2.814438899943046968e-01 -6.987819934026742730e-02 1.569861762048821441e-02 -1.769896009372081969e-01 -6.988757811918218377e-02 -2.638166274184443050e-01 1.262593131911869393e-01 -2.143133245246811036e-01 -1.286797056638648851e-01 2.501644712496592926e-01 -8.308817082114396124e-02 -2.989762867000573254e-01 -1.172827026385689086e-01 1.920369396475988533e-01 3.909956572001108133e-01 -1.652396351386838935e-01 1.724934756573049954e-01 1.795995135798096887e-01 -2.667897193293702549e-02 3.635763073422781932e-01 -4.427264863277102086e-02 -1.662147374643609954e-01 1.570263758746322791e-01 3.641170970764535941e-02 -6.898946630756461196e-02 2.173983177991500523e-02 -2.355526633614963006e-01
-1.043347197973498904e-02 6.913621183105386758e-02 5.924517212283680195e-02 2.152725724399338902e-02 2.546059971315072223e-01 1.902556135890743072e-01 -7.056452474174198554e-03 -3.768054833337986659e-02 -2.010111399033828739e-02 -1.144087878672133823e-01 -1.165522050898262080e-01 6.462489796118213448e-02 -8.672078121008348905e-02 -1.920556452794564550e-01 3.799523434476262951e-01 1.698484615584848201e-01 4.466182459515868897e-02 3.095160089326203789e-01 -4.779369450153460319e-02 -3.055794463107294190e-01 3.159098070724099955e-02 1.243692094561641565e-01 -1.724430973496112185e-01 -1.667817031179316678e-01 2.103402159508253877e-02 -7.479390562402730980e-02 1.012202102997000475e-01 8.818841771764386606e-02 1.152485715350957812e-01 -5.787544166861285921e-01
3.029859748455061008e-01 3.166075621456749256e-01 7.802755196501490187e-03 1.051681041536345514e-02 1.102278340223932923e-01 -2.513090414727392474e-01 8.585731564837488505e-02 1.456535126757035024e-02 6.522098023535947975e-02 -2.833059594869018483e-01 3.456998703500102077e-01 -1.362995298912389464e-01 1.684201403188169133e-01 -1.464154165104907500e-02 4.376648578397619727e-02 -1.767546516622876263e-01 -3.789804813553110385e-01 2.204632615084675673e-01 -2.854260352258501388e-01 -4.671141080931438122e-02 -1.037115918236515971e-01 8.019849147173438442e-02 1.132728534956180810e-01 2.005436651052800168e-01 7.155843069154638192e-02 -9.819653709174250289e-02 2.744957830136047217e-01 -2.788618544486632517e-02 -5.243415096910535728e-02 2.834575468137851342e-02
-1.170532109500033863e-01 -1.152876802107000442e-01 1.995470564457136817e-02 -7.538500092024418009e-02 1.805262850350635925e-02 1.560665672160850836e-01 -3.256993659238875405e-01 -1.585987727505608624e-01 3.002218565255155847e-01 5.164446326333312770e-02 3.911830019358370492e-01 -2.168697190074273806e-01 3.049375027999498555e-01 -4.417223664317120740e-02 1.464792449135668972e-01 -1.376783704392485486e-01 8.904507733379089796e-02 -9.330033433042816959e-02 1.596942513637532590e-01 1.526520273768521008e-01 1.201661463796681456e-01 -2.670103503877832574e-01 -7.252129945716753734e-02 3.374730863956454385e-01 1.619635130560791517e-02 -9.946885871580909977e-02 -9.305393812759556182e-02 9.786373463939233852e-02 1.155382518445136203e-01 -2.659715286833435610e-01
-1.691185184874076652e-01 2.292794612699503576e-01 1.563591814927618728e-01 1.388819102738293211e-02 -2.491630910251250719e-01 -3.225145029520463114e-01 -5.482979342136003187e-02 6.020004999767997363e-03 1.309391614294049544e-01 3.344610562961750078e-01 1.784781091441640377e-01 3.198425799286578469e-02 -1.699749519976935797e-01 -2.234978119773476102e-01 -6.540061095778007538e-02 -2.621393574441413174e-02 2.935398394017146306e-01 1.149299125717284792e-01 -1.038939348988703743e-01 -1.545531157242176767e-01 -2.833701879704689230e-01 1.584064826234305445e-01 1.769269521834482828e-01 2.630209115181020296e-02 2.359573236172028965e-01 -1.517083614589737062e-01 -2.027767419104518631e-01 -8.725386535628158746e-02 2.783248977712247108e-01 -5.500442105096611106e-02
-3.588919875915164148e-02 -1.277338872549855231e-01 -1.101227051556086106e-01 -3.252482535973707511e-01 -1.538177983327412846e-01 1.642194168826151546e-01 7.972793887205018026e-02 -2.178238525849570950e-01 -1.325487875613488575e-01 -3.718129881469975917e-01 9.795722438291677714e-02 -2.237579815134945194e-01 2.126582077311693630e-02 2.905731026606156887e-03 -1.336479171665392596e-01 4.480758060328424164e-02 1.076990945880098027e-01 -2.969144810495349396e-01 -1.679133919167216660e-01 5.807673465802132284e-02 -2.460956744046329803e-01 1.367498361475571467e-01 -1.539826766773745581e-01 -2.116482498885263464e-01 1.107860576931681690e-01 -1.853767621688489908e-01 6.993452883592696234e-02 -3.877845208605215088e-01 1.750351546755772869e-01 -1.122761989020113760e-01
2.564229816297960429e-01 -9.963338783843805890e-02 1.906835644143247202e-02 -1.092750900203401931e-01 2.364949544206107757e-01 -3.752843904407644759e-02 2.112008630113861585e-01 1.826186432048545749e-01 1.601620166648241306e-01 -7.401805171723303822e-02 7.215686562771793378e-02 1.870481006825722436e-01 3.492004643121922325e-02 1.656072981588756210e-01 -3.269036499703683596e-01 3.389694821720534712e-01 3.932955213721915366e-01 2.388419265001797687e-01 1.616366594525227574e-01 1.063342165741056194e-01 -1.949364170547312688e-02 -1.450022427278048476e-01 -1.562055210225903323e-01 1.792034243344918509e-01 2.678770979488882542e-01 -1.474939040657326783e-01 1.705446866940445172e-01 7.688181537639607842e-03 6.856421731519089791e-02 2.341790358862578386e-02
2.305172474489135537e-01 5.395948908019876540e-03 7.688869706226385270e-02 -1.689643372091350904e-01 -5.859174714864298639e-02 3.784917405619412922e-01 -8.826299061534570445e-02 3.355085552513530356e-01 1.807549594321162800e-01 2.260311324383156295e-01 -1.993848612269097653e-01 -1.575028328570165226e-01 1.140200418798019422e-01 -4.339060971079524570e-02 -3.927062056491835429e-02 2.563740183388195648e-01 -4.306816080980314099e-01 1.808522962936458950e-02 -5.019234719161652647e-02 -1.047471338871406310e-01 -7.435526934578315372e-02 8.322588582995904538e-02 -1.960357685205321721e-02 1.465413144415756153e-01 1.802139766520655384e-01 4.942348180951765951e-02 -2.670924141010523334e-01 -1.977065564405391385e-01 1.774451968624785603e-01 6.631617727973428134e-02
2.090101999149486175e-02 3.225630918836500660e-01 -5.526603396367893439e-02 -2.998717273209588474e-01 3.352956252925630154e-01 -1.874182791606593401e-01 -2.685184672825908225e-01 -2.316216463139254486e-02 -2.094208294005406312e-01 2.867840339512180842e-02 -2.011898747195245696e-01 7.825395919316853466e-02 2.663173905450971768e-01 1.245332133230019483e-01 1.809895399944571603e-01 -1.330250727834629554e-01 5.009815370575215754e-02 -2.167983267842989448e-01 2.089070314734826073e-01 -1.657688979586741940e-01 5.763659962214603277e-02 -1.112335817734388527e-01 3.314680140992356389e-02 -1.769482422752299833e-01 3.697869213687723922e-01 -7.556178424362167134e-02 -2.343195415402851006e-02 -5.357413429396518448e-03 1.024401960682899404e-01 1.786719215693555740e-01
-1.192612553804366510e-01 -1.980033587063657896e-01 1.874107563971998125e-01 -3.305646448360990419e-01 -1.102937773447769942e-01 -2.467841291148956118e-01 -4.495359697933988818e-01 3.085191123829162385e-01 2.354110191293838639e-01 -2.128678130030279281e-01 -6.244925207964082542e-02 7.469296788471704862e-02 -5.199056410015448493e-02 6.272075445988195552e-02 -2.336794131073455932e-02 1.227435501442438043e-01 -2.495449208449632833e-02 -1.676211705852595490e-02 -1.409367676320843477e-01 -1.951866718315173055e-01 -1.701397248573191801e-01 -1.194534126357042342e-01 -2.751535008996913376e-02 -1.083909795181426383e-01 -3.149112959407668888e-01 7.771028053766132308e-03 2.274571780117897457e-01 1.690332886117180689e-01 2.146437245296356489e-02 6.925776665482169525e-02
-6.139865322298601602e-02 -1.617122222800645159e-01 -9.120677719435874020e-02 -2.251404886051779075e-01 -3.382430344395138122e-01 1.274621740658061358e-02 2.764371859451010272e-01 1.597930977789302487e-01 5.774289777735464035e-02 -5.503172554741272288e-02 6.091682495127729441e-02 3.075468435578433968e-01 8.799813841991402374e-02 -1.478999164132898392e-01 -8.351984444817513176e-02 -4.603216120807488987e-01 -1.678408620383338989e-01 1.821972146174385410e-01 2.533480696465639781e-01 -3.005485126138670582e-01 1.404131904592748892e-01 -2.016860818671901145e-01 -1.237954382440928647e-01 -9.104543396995724847e-02 1.263093724436535614e-01 -1.263851919931490743e-02 -6.601218518835256718e-03 -1.240348113809480873e-01 -4.306227820874698048e-02 -9.009385174930435725e-02
6.978344297403282770e-02 5.648855307894634636e-02 2.488071899753329097e-01 -2.117902545082420707e-01 7.269077080121984225e-02 6.635355496766422168e-02 3.075560332298933330e-01 7.435019559293583324e-02 1.082971181087385021e-01 6.945347662492104557e-02 -5.421628636249251065e-02 -3.373643265053378748e-01 -2.477315533522466418e-01 -3.311379373952051675e-02 1.145924576899543107e-01 -2.011611627503064326e-01 1.760535955122442819e-01 -6.394769972106387201e-02 -4.413242024833379240e-01 9.207687131393022320e-03 2.250948479019474757e-01 -3.649345742039841745e-01 -1.278015010803076335e-01 -1.308213278526225432e-01 1.071421217421268668e-01 4.116683954412848206e-02 -8.765146345050524312e-02 2.058151717285887083e-01 5.305392152820776787e-03 1.246178129047149780e-01
9.974963030314949741e-02 6.164499368491162951e-02 2.068171951111025531e-01 -5.858142320204770895e-03 -1.926096521568408104e-01 3.194697737818865679e-01 -3.060022625105044969e-01 -3.026997014912807260e-01 1.543136832745394260e-01 -1.450223273315726369e-01 -9.643760783588292695e-02 3.388640726286159532e-01 -2.381258507002788904e-01 -9.753374593323035913e-02 1.895679391474267700e-02 -2.615363093885049450e-02 7.001968450773601860e-02 -4.765991524641086802e-02 -1.435304630854210284e-01 5.899355490170682913e-03 1.294313107930108731e-01 1.231737862264523434e-02 1.675028251683279013e-01 1.615176385769916956e-01 3.695018234284725422e-01 7.602169308673238646e-02 2.241745721062811392e-01 -7.831614389746729965e-02 -2.735589721422723719e-01 1.019437727695249457e-01
-7.865517875793602565e-02 8.918160380999536063e-02 -6.043905690950789333e-01 -4.317814235838694087e-02 2.358112479721214683e-01 1.769461056905749508e-01 -3.666924815447533681e-02 8.719717002473711953e-02 2.106994230901007292e-01 -1.421311579581896190e-01 4.442786979357852412e-02 2.461066367753481643e-01 -1.771801945181886717e-01 -2.627961527244639384e-01 -1.434923918347912053e-01 -7.432364583479059150e-02 -2.174932613052341784e-02 -7.342221708254127732e-02 -1.906567722318740221e-01 8.787627100334115260e-02 4.864822895287221338e-02 -2.587596002843714146e-02 2.036069635409435419e-01 -2.630220918931123336e-02 -5.546364515891272912e-02 3.712021118586934787e-02 -7.364315764262149844e-02 1.938872870438696772e-01 3.433721085290850628e-01 9.296378854963729954e-02
-1.302970936523775713e-01 2.352396545951927209e-01 -1.082000205355655581e-01 -4.990658982379754249e-01 -1.388524581911850797e-01 -7.822816860888380519e-02 1.542991174110492358e-01 -5.456165726324556375e-02 -2.071346783819824344e-01 2.113713062178879665e-01 1.783361582824288527e-01 5.272483326352663674e-02 -6.922765714981295171e-02 -3.290892421473066709e-01 9.612403202343500208e-02 3.830475291841474728e-01 -1.119684743423827178e-01 -9.281255103123434158e-02 9.013241071575045504e-02 1.361410289610558988e-01 9.604486508067770767e-02 4.257935846562870691e-02 -1.444701650392757886e-01 1.909745053520184310e-01 -6.420301107232503912e-02 1.139798341294860073e-01 1.759592325467867202e-01 1.557426205266433661e-01 -1.866963990559642739e-01 1.123124116512832539e-02
-1.302170690356185268e-01 -1.141357453551576778e-01 1.222113491099184324e-01 -9.255043290837071390e-02 2.704728669986249945e-01 4.230882268629310855e-02 -1.422380040166319470e-01 -2.355766185398622814e-01 -4.262589634310254933e-04 1.324734015490165902e-02 3.734161334722421038e-02 -6.204752291250041629e-02 1.410762543006744557e-02 -1.972084922670568063e-01 -1.794213727286096127e-01 -1.715739976004033163e-01 4.004676872990261399e-02 2.913278931368477598e-01 -1.180076947359129380e-02 -1.447190051442102943e-01 1.665862812367541468e-01 3.805374343783276547e-01 -4.223610831461351300e-01 1.034576222278299484e-01 -1.302174223228341476e-01 -8.124820049177231343e-03 -7.488800877762098740e-02 -5.291961227055439615e-02 6.410664234136392858e-02 4.369786348852918723e-01
-2.798179013788269498e-01 5.472330504383684374e-02 -2.311891790698628324e-01 -5.065673593776608835e-02 -1.731059710465280843e-01 1.536214713065235937e-01 -4.856129462652766099e-02 1.332618707118317647e-01 -1.691383381321441559e-01 -1.034248783204381739e-01 -2.399218600411673341e-01 -4.791216640163448864e-02 -1.063444687766082301e-02 1.552245536645710244e-01 3.120362011414710146e-01 -1.258684569104292217e-01 8.498561734242165988e-02 4.069923297210467084e-01 -8.412238926113155268e-02 2.566835002190009929e-01 -3.538449936449075128e-01 -8.775870052916305564e-02 -1.255010696500888367e-01 2.515878049278205131e-01 1.008117449944542360e-01 -1.908551637395780598e-01 -4.799845151285760808e-02 7.802238884139858777e-02 -9.561541502220355371e-02 1.747150798756160750e-01
1.227586834387694587e-01 -9.590363273545532419e-02 -2.392770770179921541e-02 -1.355716330957472127e-01 1.020968005028229375e-01 7.072782220099090023e-02 2.130557986981621299e-01 5.764988003561180574e-02 1.473121606775865400e-01 3.325226642839360786e-02 -2.673226821229882644e-01 -2.307543921048232638e-01 -4.167820336416651339e-02 -1.077267763923693139e-01 8.191042874907573934e-02 -2.907593879934146641e-01 2.308881060383667361e-01 -2.296237316149960517e-01 2.550914278613081732e-01 -1.947749350101072863e-01 -2.700088874198442457e-01 2.804245695991600673e-01 2.026187174438156546e-01 3.463947647893528270e-01 -8.416739614710981587e-02 1.442194311548184171e-01 2.754982507811949977e-01 1.176439034971595299e-01 -1.954629912421067608e-02 -2.989212218149601974e-02
2.875643753596158758e-01 -2.785597709253910884e-02 1.867573530521102199e-01 -1.633870121422603683e-01 1.880684427526435609e-01 4.627591635534395592e-02 6.048950726179087162e-02 -2.312560602811044447e-02 2.386396967147542611e-02 3.865662384805950563e-02 1.176251371872917839e-01 2.830315196669377920e-01 -1.178568113774105808e-01 -1.483801826615117059e-01 3.887923842593055679e-01 -6.794495750139133150e-02 7.600842570471333381e-02 4.744994205167507584e-02 1.139778383819561453e-01 2.286533223801396619e-01 -1.628769465421992524e-01 -1.528678304527096021e-01 1.377182253058931161e-01 -4.927115147863489475e-02 -3.901918229249816683e-01 -8.684124836912832102e-02 -1.412457586234123486e-01 -4.170878933079566475e-01 5.231140354809079435e-02 1.566179460071246421e-01
-3.000542998571594788e-01 -3.466359521493983520e-02 1.672844861670809979e-01 4.145579827534437434e-02 -1.370538275194238195e-02 5.910941591927257495e-04 1.079980281475417941e-01 1.759735811744559952e-01 2.367311486862129222e-01 9.300885919520433809e-02 -1.162641181256464235e-01 -6.373874996470879628e-02 1.094912032748977249e-01 -7.063653288918643469e-02 1.302466516899762616e-01 -3.202347431772722269e-02 -1.085397749021139308e-01 4.270908803787996921e-02 9.793895303291080823e-02 4.219512355664644665e-01 2.787187538231675199e-01 2.251070540449125190e-01 1.418221596173598054e-01 -2.448320694397276842e-01 1.094058937603998444e-01 -1.986168319133234106e-01 4.413121769388606008e-01 -1.041255086992186746e-01 2.131646043215166819e-01 8.303902955639196060e-02
-8.518400211978614800e-02 -3.959069926325261418e-02 -1.671478529510604383e-01 -1.535699060570996644e-01 1.851824099054527328e-01 -1.582442325261055119e-02 4.314393728083725649e-02 -4.377319854705555985e-02 1.750409465707901679e-01 4.530001199490377717e-01 -6.210632005255529303e-02 2.557018510210413154e-01 4.105950529533910348e-02 3.394541000402907516e-01 -5.269379948303484079e-02 -1.382404582938739634e-01 -4.668747642143151327e-02 -1.441944732728059342e-01 -3.740551819943858658e-01 -3.925332477946982812e-02 1.317796982649879420e-02 1.434496085392852893e-01 -1.027853826583735586e-01 9.031244832539819800e-02 -1.167095055773165468e-01 -2.982399878927474712e-01 6.777945789542269561e-02 -1.510412659704747362e-01 -2.739040849298753910e-01 -2.203201116526773418e-01
-1.364861584431051045e-01 -2.617581519473053953e-01 2.171584348328932657e-01 2.037300157266492932e-03 5.279580195656147831e-04 -2.027194596851754904e-01 2.106692604241172662e-01 -1.489608409632832142e-01 -2.301883200303528887e-01 -1.811056523685938280e-01 -2.571306483894441053e-01 2.248885552143273792e-01 1.284159157468069412e-01 -5.031301672161483246e-02 5.932978125520699253e-02 1.087665761463021408e-01 -1.332732067278957211e-01 -1.378871697111537786e-01 -2.074500002720068292e-01 -6.607478050093228139e-02 1.732053937542489264e-01 -7.238359218330059353e-02 1.576124814658391438e-01 4.569191809160106366e-01 -1.021357982976273636e-02 -1.886179580662083743e-01 -1.205139900647415468e-01 5.638904735449828953e-02 3.384480015969800748e-01 -1.459358690133716503e-02
9.167043921773611326e-02 -1.911496931459661375e-01 -2.138590135590641705e-01 -1.045482205978545687e-02 -7.333089335575569689e-02 1.045755419644785328e-01 -1.696890038588038524e-02 -1.675833044469995370e-01 -5.005014532539553418e-02 1.325695971826349184e-01 8.061005388747767564e-02 -2.634783715214968347e-01 -1.378474857540411269e-01 -7.517478739207325740e-03 6.069038446390939701e-02 1.986892172990799843e-01 -2.604424315511238638e-02 1.280289891878833020e-01 1.235474979004068247e-01 -3.578900845847353684e-01 1.421170982282141670e-01 -1.311141945990574320e-01 3.339265443437184899e-01 -8.211470904162815332e-02 -5.831572645183303455e-02 -5.499097856434232989e-01 1.089457789806481669e-01 6.187218528383139904e-02 -9.091807885947138235e-02 2.459433391426653071e-01
-1.012364522937810596e-01 -1.366040566082477870e-01 1.262726422284336791e-01 1.933597965866837576e-01 2.726947296192615555e-01 9.243315132859508676e-02 -1.665908665203351402e-01 4.087664223740847258e-01 -3.865817914247467457e-01 6.079811493804823663e-02 8.948725457817709172e-02 -2.873080136363781803e-02 -4.722895982519888236e-02 -4.464019110415436975e-01 -2.065194138030109483e-01 -1.226852448681291924e-01 -9.981109441768777971e-03 -1.729589801454933518e-01 -7.045053227848584176e-02 4.017661051696594376e-02 -1.160774257050169456e-01 -1.451044841041555511e-01 -1.166044476019107920e-02 6.627491097585767876e-02 1.062814381547092096e-01 -2.202084088328113420e-01 1.108556748359021404e-01 -8.630690734916791895e-02 -2.405867963240755913e-01 -7.595774793297417615e-02
-2.164461438890982470e-01 -3.378448703011315835e-01 -2.909928443497034230e-03 -1.780715397898636754e-01 2.903816595695062897e-01 -2.072278133870010253e-01 1.129659104459458524e-01 -1.416859979842200468e-01 2.404525413538005363e-01 -1.259218580323753223e-01 -2.004130167814411126e-02 -7.747682896745730630e-02 5.713689526134425878e-02 -1.411070868939936218e-01 2.967964099327462940e-02 1.153811964909110116e-01 -1.376673545893557227e-01 1.332299962386543635e-01 1.066178734041255127e-02 1.028162538567970186e-01 -1.636622975724786044e-01 5.586862986629969469e-02 2.726048792039436619e-01 -1.476377441073543351e-01 2.727909139540617423e-01 1.250579629664900216e-01 -3.199478640471645208e-01 2.210581256400702757e-02 -4.021375465603637678e-01 -4.143233478169052603e-02
