-3.302959902242368351e-01 1.980377897150904232e-01 -1.768917436757680081e-02 -2.040181304108392990e-01 2.559903559484929536e-01 1.808422527782388156e-01 8.250940710489454988e-01 1.660346119200974413e-01 1.361768447439383987e-02 -5.459986965042268325e-02
2.753641191225036366e-01 -5.775438003604658199e-01 -3.476609785163430888e-01 -1.302295312672537286e-01 8.653391004592593527e-02 3.769950065066028644e-02 7.321896244145591204e-02 4.105950957944075053e-01 4.968871784409930048e-01 -1.517705062929870508e-01
9.437206902592058799e-02 -2.711487723037535602e-01 5.617629335647861266e-02 3.776765772663370074e-02 3.661880328604714685e-01 4.988693852650462161e-03 -8.103575293262836599e-02 4.607671371597489851e-01 -7.482681778753704771e-01 9.649223971458136331e-03
2.781362401980727594e-01 2.879838550929410546e-01 -2.592479340319518988e-01 -3.881574496482505521e-01 -5.791164086462124994e-01 2.636427497136464293e-01 2.172728969008838606e-02 3.123161005304678772e-01 -1.963626478579258983e-01 2.835045124782832326e-01
1.949068535830266180e-01 5.069820495703252217e-01 1.851835815966957621e-01 -2.706417999158933774e-01 4.623553017206502580e-01 2.728940155612915586e-01 -3.739565418758315496e-01 2.138388416757085464e-01 2.380359860693939955e-01 -2.587766068287747356e-01
2.798542439961040351e-01 7.978067291224388846e-02 2.327615964829970741e-01 -4.056271519412664173e-01 -1.117505082120030524e-01 -7.410902031338233442e-01 1.710755678167939220e-01 1.843587118126574151e-02 -6.751037873715112769e-02 -3.173925824651308014e-01
1.096232225589514470e-01 -1.872446092008013818e-01 5.891806496610921817e-01 -1.857738559031618109e-01 1.208794780931768537e-01 -1.968638524328754011e-02 5.228080470087864001e-02 6.591829282891792374e-02 2.196146690426162840e-01 7.077908824027474566e-01
6.854399799471988519e-01 2.415117612387931434e-01 1.351149373500122076e-02 5.875168880871788346e-01 7.871872668921081617e-02 8.103386859057823757e-03 3.411719360142066448e-01 -1.063071679733262886e-02 2.539753533915897407e-02 5.537877885938986833e-02
-2.072740222116041808e-01 3.227728676559399879e-01 -4.692235118985602083e-01 1.271642720142296124e-01 2.522376316820537090e-01 -5.177517030052178892e-01 -1.295558115745042704e-01 2.587892662612851225e-01 1.270084958629158767e-01 4.300410445045207419e-01
2.961393058066705275e-01 -9.900142448877009838e-02 -3.905069111877718657e-01 -3.945695481237866953e-01 3.831689180935263783e-01 6.431611928916508569e-02 4.234693845000053747e-02 -6.135954891136308209e-01 -1.680135634202708783e-01 1.919458922985092797e-01
