-1.210678713830322106e-01 -4.374714420457669339e-01 -2.021850572440433425e-01 5.182573477941722073e-01 -2.379889532949810635e-02 1.494106369444197224e-01 -1.246370965947330017e-01 6.446732105396500989e-01 -1.608726664714985044e-01 6.770477895980434035e-02
-1.445767942522160621e-01 1.590944511244834214e-01 3.160542120282881506e-01 -2.224137584906329679e-01 -4.317433581741504933e-01 -7.961264984519225707e-02 -4.356662369937298052e-01 2.726649016403353554e-01 -2.434051165649042392e-01 -5.369269880744952372e-01
5.607534152476622430e-02 -1.716525530772687047e-01 -2.072199868236470621e-01 -6.787438542796934149e-01 7.671297941613716698e-02 -7.244513369699989713e-02 -3.814964461278100294e-01 2.803111953845839888e-01 3.916685939588251952e-02 4.764204952402790738e-01
4.557228334847905349e-01 4.780482468528646223e-01 1.012556325513575689e-01 1.870199910282749345e-01 -4.403748507730587680e-01 3.059503634103063474e-01 -3.903597765642261713e-02 1.234520206477205811e-01 -1.035930273836878079e-01 4.511385975656453384e-01
-2.393971772745421833e-01 2.134152560214001501e-02 -3.332863746502139901e-01 1.113339723291213029e-01 4.648024102381788369e-02 4.901440190359246385e-01 -5.322423056559481003e-01 -4.943069231856433432e-01 -2.207606694613397924e-01 -6.467250831316911051e-04
5.928646007217553970e-01 -2.476222749187161620e-01 -4.902161639344675970e-01 2.817384660915902422e-02 -2.525833194826634376e-01 -3.609931559259974554e-01 -3.862369579933734587e-02 -1.981515012842183510e-01 -2.297205806635403691e-01 -2.417589227612000624e-01
8.696570366294514853e-02 -1.322943534253078479e-01 1.832081803674483200e-02 1.900286917246563345e-01 -2.454084975457562490e-01 -3.331627912522598656e-02 -3.595178332702488877e-01 -7.026143739167665936e-02 8.597221635635670101e-01 -6.197877634765785321e-02
6.211531241067080877e-02 -5.162597181680641523e-01 1.372452622012718670e-01 -3.182301437587444215e-01 -3.740126062918555649e-01 5.647372945226186713e-01 3.617707672486809578e-01 -9.601905640127858521e-02 3.322514949564068371e-02 -9.744539851063413471e-02
3.721529888892672333e-01 -3.666425695898642978e-01 6.485015128286349961e-01 1.406124553970044821e-01 3.097159826404570215e-01 -4.521714756014687253e-02 -3.183644547272160841e-01 -1.889290727252573576e-01 -1.921033836972609044e-01 1.217657314378042671e-01
-4.414677113123249286e-01 -2.123394677895747706e-01 1.221486397896657111e-01 1.262122617234273381e-01 -5.012214066926503619e-01 -4.240806179845543200e-01 3.655721297453540936e-02 -2.877180221991973985e-01 -1.548280941694434865e-01 4.359028413944366354e-01
