# CEC 2013 LSGO F02 shift vector (D=1000)
4.5711250951001530e+00
-1.7478588123270611e+00
1.9790389187667790e+00
-5.3761651740517935e-01
2.9700506797218691e+00
-2.9250492419092091e+00
1.8973042141884020e+00
1.6615194210171420e+00
2.8669505457860189e-02
-1.7836953474137720e+00
1.9029259372985649e-01
2.0475428898409290e-01
7.9431878331240380e-01
9.9945506140622409e-01
-2.8999957653420081e+00
3.3812318911224848e+00
-1.1675982711002790e+00
-2.8947983147677512e+00
-1.9226494754700589e+00
-4.8623475694025844e+00
-8.1392468680055441e-01
3.1881843995131598e-01
-3.6029216051701081e+00
-3.6959046724065319e+00
-3.4685269882001242e+00
2.4111184039661682e+00
-2.9725765228551162e+00
-1.9008976169414080e+00
-9.2139538151452749e-01
-5.1592574849455675e-01
-4.9120303956912181e+00
4.7348218588290552e+00
-2.9909900172184170e+00
-3.9289270539363979e+00
-6.8575997500633437e-02
1.0030909547953819e+00
3.9037471512512489e+00
2.1320419952307539e+00
3.4089838812042590e+00
1.4993823747954409e+00
5.7115615650352070e-01
-3.3694521113205269e+00
1.1093953412390540e+00
1.5081146918623050e+00
2.3488298805268011e+00
3.9823561060726942e-01
-2.9364571502722780e+00
1.4470805304856180e-01
1.7714323583254561e+00
2.6973190056150980e+00
-2.2070404488952549e+00
-3.3707002253397520e+00
4.2093082114528189e+00
-1.9143873323642200e+00
-2.5314486705368320e+00
2.1858175966544420e+00
-2.4711754572592390e+00
2.8030584162649790e+00
1.3202553653597069e+00
-3.6827704991421328e-01
-3.6299699045965222e-01
-4.6891923602453369e+00
-1.9808503109460740e+00
-1.3423496388290781e+00
2.9728353777546799e+00
-6.3287283678789596e-01
1.4259318495991140e+00
3.1858781464399759e+00
4.2268521792142453e+00
2.2427516987459568e+00
2.8555478063094122e+00
-3.8930155839448122e+00
-1.0058269836104701e+00
-2.6121589489217358e+00
-4.1612303885057997e+00
-4.2034792433098440e+00
2.6982684793140133e-01
4.2010699946195169e+00
7.1856185212337897e-01
2.0409686208773019e+00
-1.5997595092912260e+00
1.3434973032030910e+00
-1.6357192878300930e+00
-1.8060980169892371e+00
-2.6240310760086980e+00
1.2836028268377750e+00
-2.1678926269864909e+00
-2.9987474095131490e+00
1.8483752519127421e+00
2.9302991429744401e+00
-7.2879350701931478e-01
4.7149420049774884e+00
-4.8224575504184122e+00
-2.2095408292786658e+00
3.9942569894135289e+00
3.6340807538952680e+00
1.5680188416833800e+00
-4.6308896970342426e+00
1.0811123796466791e+00
-2.1725183365505192e+00
4.3104256492488870e+00
2.2114636254190132e+00
-2.8845909207899449e+00
8.4406678509866728e-01
-1.7023997231885080e+00
-1.5055173377538120e+00
-1.6143275630312639e+00
2.5586077281725301e+00
4.7101386536605041e+00
-4.5673877520643824e+00
4.9435998520708226e+00
-8.1884075949912272e-01
-3.2608561608997859e+00
-1.5011422549848721e+00
-4.1174327421762813e+00
-1.2454542622338269e+00
4.7606570880739509e+00
1.4947465518835590e+00
1.1274332007418699e+00
-4.9616132459267632e+00
-1.6868320228775830e+00
-3.8425722200271339e+00
-2.3181125860602170e+00
-1.2914709489369569e+00
-8.7070607491689811e-01
1.7428382363175869e+00
-1.3990283564404431e+00
-3.2882629699921968e+00
3.3709266618765170e+00
-1.4390856710165829e+00
-4.0149371264367986e+00
-7.5123041322862044e-02
-1.6808272542056220e+00
-1.2438955034390731e+00
-3.0533614106081872e+00
1.0577544743708771e+00
-3.5264863086501470e+00
-2.3608792004996921e+00
2.2287065150341001e+00
9.2611602632242973e-01
-2.8664191584052712e+00
-3.2673773334638501e-02
2.2228219172645751e+00
1.8327658221971981e+00
3.1948553929762351e+00
-3.7861027353296581e+00
1.0420026905825619e+00
8.3099868915748398e-01
1.1746410586867579e+00
-3.3205446986608700e+00
-1.7618819390354881e+00
3.6301920837230610e+00
-4.1183555211919289e+00
1.4522351571725789e+00
-8.5183504479498762e-01
-3.5494716865172991e+00
-1.0713256488693870e+00
-3.0170244747069130e+00
-1.2297370519978810e+00
-4.4168995070064554e+00
-8.2654972337606814e-01
4.8247977673406889e-01
6.0062735368389408e-01
-4.2769907043598181e+00
4.6107910853173610e+00
-3.0933398356312911e+00
1.6875936268035549e-01
-2.2536766100211039e+00
2.4333915846763889e+00
1.0136882418818070e+00
2.5589180550127782e-01
-1.0714843306074839e+00
9.0398013610473105e-01
1.3229056682520191e+00
-3.0946866977256819e+00
1.1001147796864850e+00
-7.8241878205587034e-01
-4.6746229776672249e-01
3.7683922993323722e+00
-9.0765757538964964e-01
-1.1472575783044070e+00
2.5987481694627630e+00
-4.2994041784799109e+00
9.7683902537933265e-01
4.4893556003046173e+00
2.6780562179421099e+00
4.1328483529863984e+00
3.9316204868837450e+00
-2.3234119125381449e-02
3.5007353774631338e+00
3.7135543833292002e+00
-1.0746578974623631e+00
-3.3010527959355800e+00
1.4449984490091019e+00
1.3590441998699900e+00
5.3416615989967686e-01
-3.7113011531250071e+00
1.9146052502653801e+00
-9.4226958188243159e-01
2.6776593311523040e+00
1.2930909346717341e+00
1.7151827490184059e+00
-4.8970214230043032e+00
2.2133629176209539e+00
-3.8335478311969640e+00
1.8739405518901320e+00
-4.0363772250819379e+00
1.5476758841796241e+00
4.1966293640181540e+00
1.1030224954405430e+00
2.0950976353338961e+00
-3.4567753256008787e-01
-1.4956532546192420e+00
4.9362341807001489e+00
2.7238226284881102e+00
1.5959739424670381e+00
3.8548959122604738e+00
-3.9367034579090499e+00
-3.7354581941582671e-01
-2.5033477433535328e-01
-6.2269953960406843e-01
-2.3759872353278708e+00
-5.1157119014273400e-01
-1.6855008468417801e-01
-3.7068540952510109e+00
1.2462726215018469e+00
-1.6736015331277840e-01
-2.8094126866320428e+00
-4.2538152605783957e+00
9.5432333497498700e-01
-2.4040817003495860e+00
-4.6753614634336573e+00
-2.7709611609784139e+00
1.2401019471302619e+00
8.3504569698528941e-01
-4.8870246610878398e+00
-4.5052638452138902e+00
4.2473661600622101e+00
-2.7586020517931811e+00
-3.1660277675555641e+00
3.4090515813207078e+00
4.2027593449069176e+00
2.1496059028889911e-01
-4.8901901561861969e+00
-4.6175376879213559e+00
-9.2531310136958089e-02
4.7777394666458788e+00
4.1751235422174142e+00
-2.3801733918087231e-01
2.0131695929890010e+00
5.1046720057773687e-01
1.6936682231284139e+00
2.2268066698493869e+00
4.1806486839468811e+00
1.6976296738486460e+00
-3.5397000339343352e+00
4.6135524706397222e+00
1.8638264949514529e+00
3.1636497024000159e+00
-2.9540694726607262e+00
-1.0975442434599680e+00
-4.5120296837225746e+00
2.6556816625402919e+00
-3.9542219829084468e-01
2.8654861989663649e+00
-7.6542767189399874e-01
-2.0214968709124590e+00
3.9246328804405808e+00
-3.3103852413949020e+00
4.6417796109057328e+00
-2.8566564727596000e+00
2.8556224497737990e+00
4.2466286178507460e+00
1.7127097495292001e+00
4.1443055219955998e+00
-1.2432302083102520e+00
-9.3698636349782916e-01
-4.1864076743633882e+00
-5.1653039609530071e-01
4.6397561767169941e+00
1.7212374350076860e+00
-1.8350357330139260e+00
-1.7733651263928329e+00
-1.2655640638318779e+00
-3.5562790519010710e+00
-1.3199800747051080e+00
8.6100623963383816e-01
3.0163845885619152e+00
-2.3973414008573308e+00
-1.5797894297820101e+00
1.1977844327393269e-01
1.5950307292542221e+00
-7.1471610824787035e-02
-1.5091437932043581e+00
-1.9374144756824609e+00
1.6741566714946099e+00
1.7777124454229680e+00
6.6472093986422387e-01
4.5821528467198658e-01
-2.1175818829062178e+00
1.7643994990889049e+00
1.5014798333574451e+00
4.0923245333684113e+00
1.5248902282969190e+00
2.2681775836988050e+00
-3.8562694676906699e+00
6.1022567305553566e-01
3.3155010235095612e+00
-1.5707763400979111e-01
-3.5647858516329798e+00
-2.0539287272030871e+00
2.2386201615234032e+00
-2.0087602265147688e+00
2.1141815371765971e-01
-1.7775003386366131e+00
-1.9508504979096499e+00
2.4169706361379109e+00
2.4870220745435310e+00
4.6327444732569062e-01
2.4535425025249560e+00
5.0975950407830295e-01
4.2974582009933124e+00
5.6250494449335786e-01
-3.8739758777872439e+00
-8.3029633831736438e-01
3.2522038068921750e+00
5.1678697521030148e-01
-3.5480984327620182e+00
3.3047852157194990e+00
-5.8782283559544801e-01
-1.0643428651216831e+00
8.1363214679904483e-01
6.5561124979269603e-01
-4.4875093036014606e+00
-1.1392538357922459e+00
-1.6850754440761651e+00
1.4727430931098711e+00
-4.1946610417643218e+00
-2.8003088770942330e+00
-2.9896128112275239e-01
-6.6998167494902794e-01
-1.0328311316414731e+00
-2.7512184880537291e+00
1.4458234392026159e+00
-1.9258329647620200e+00
4.2977156469743971e-01
-1.2767082622045409e+00
3.1316055383727330e+00
-3.5020134094330613e-01
-4.5783785991148314e+00
8.7919934519062559e-01
-2.7394707593704331e+00
-1.2109247220977031e+00
3.1998945541769488e+00
8.5139281209641593e-02
3.3414586773186410e+00
-1.8885765033927451e+00
-2.2901193141628782e+00
-2.9804961368961358e+00
1.4070448042429140e+00
1.3884505771050450e+00
-3.9596039843424560e+00
1.8848559216432561e+00
2.9380191872551271e+00
-4.5478139552556147e+00
4.4114923343265904e+00
-5.9259375737613418e-01
3.5824834795225091e-01
4.8656025865326411e+00
4.1475884261582179e+00
4.1699971766582982e+00
-3.5649926672065240e+00
-2.0636570831166630e+00
-2.9336535575799011e-01
-1.4632915841276239e+00
-1.2428454367877040e+00
-4.4656955013982920e+00
-4.4147325099312864e+00
-4.4055034386197320e+00
2.7392761259838339e+00
-3.1791790643104272e+00
2.1997563031578711e+00
2.7363847094337319e+00
-3.8282724746348968e+00
-1.8340785709196950e+00
-2.0123087499574779e+00
-5.5224974278330752e-01
4.2746821235253973e+00
-1.4934476295305390e+00
2.5037734974408332e+00
3.1270400182992240e+00
-1.5132275640992330e+00
-3.9701088933430730e+00
-4.2154900206969831e-01
1.3877122794572121e+00
-3.4144202255410638e+00
-1.1223906713867839e+00
-3.8988475047941011e+00
-1.6142637171706391e+00
-2.7505361962845498e+00
1.6864434785611111e+00
-2.9139678614113009e+00
4.5436813340875331e+00
3.3956559289961319e-01
-2.2523620625246471e-01
-3.6446049035477839e+00
-2.4697011541230118e+00
-2.7641185598093991e+00
-7.7617152169688619e-01
-2.9570043260590162e+00
1.9537212106921411e+00
4.7717478728034042e+00
1.0839617482177160e+00
-3.6360688663149112e+00
2.1714101006486728e+00
-2.4575538211552779e+00
-2.4830254438991308e+00
1.8189367281535529e+00
-2.1953061650937622e+00
4.3958067903935776e+00
9.7803720304128494e-01
2.2669428176077240e+00
-3.2545485871251980e+00
6.7867148203911620e-01
3.1275845282565018e+00
1.9796918001918101e-01
-2.8811529192163920e+00
1.8011395415126279e+00
-2.3974650567796050e+00
-2.5657709156024389e+00
6.3875169252650066e-01
3.4244839536047151e+00
4.7344856022513886e+00
6.7828049448374517e-01
3.3794027209853521e+00
-4.4107179543263921e+00
3.7703879837516299e+00
-2.6498348250309669e+00
-2.3283787070704509e+00
1.9603467548694420e+00
-3.9282963486004210e+00
-3.8127524404330519e+00
-1.0140387427666921e-01
3.8495092053578932e+00
3.6810188770702168e+00
2.7342689587458771e+00
2.1758393679892900e+00
-1.7062507653649850e+00
-1.6257985022578101e+00
4.6185305591642880e+00
-3.5395912435657002e+00
-3.3171155982922640e+00
1.1659961572868409e+00
1.6413511542485359e+00
3.3483993167630182e+00
-1.7215423570853869e+00
1.5556277848485470e-01
1.9089774933630830e+00
1.7140860902704319e-01
1.4208533963167880e+00
4.6664223074917430e+00
-2.4277065578528751e+00
-3.6326947599032211e+00
-3.1006440977901200e+00
9.3622360326043441e-01
-1.4897022926583151e-01
2.1434132935338952e+00
7.5568837247215392e-01
1.9321401239578331e+00
3.4440906429128488e+00
-4.9027714040459253e-01
-2.2784463199944160e+00
-2.8453981908716690e+00
2.7079396558972459e+00
-1.5486897428722610e-01
-3.2466148259704708e+00
-1.7062836477401340e+00
-3.1496717895893571e+00
4.3964083053458323e+00
4.5912142044900923e+00
1.1182653260367530e+00
-1.3590472639152711e+00
-2.6791557838978721e+00
-3.0438498696512062e-01
-2.8417991687112369e+00
-1.0390660358418000e+00
-4.9846652799978202e+00
2.3367335489875480e+00
4.4802823305809083e+00
1.4189166614568720e+00
1.3278746755467481e+00
-4.0293343024279764e+00
-1.8514273640926420e-03
-3.1851052541222602e+00
-2.3967805623806639e+00
1.4319721686400040e+00
1.4823811237639830e+00
3.8952920669469830e+00
-6.7727838189276257e-01
3.2467131886360590e+00
-4.4490406955681543e+00
9.7633450021805346e-01
-3.3605019510155532e+00
-4.5594396296567190e+00
4.3284461770127747e+00
1.2396163905425881e+00
-2.7231260487666562e+00
-1.0834458031553731e+00
4.6290197126440367e+00
-1.4994439106662201e+00
-3.0621517281340580e+00
-1.5481815342174179e-01
2.3287608880794188e+00
-1.7875747338528500e+00
-2.0711591953323971e+00
-5.7359893112256488e-01
-6.0098615555412160e-01
-3.1925611690014928e+00
-2.4548395477702889e+00
-1.5878107379183229e-01
-2.5302545980961439e+00
-3.1687568331897431e+00
-3.6698709945300632e+00
-4.1078015354894513e+00
3.9713598970210889e-01
-4.7292606874083223e+00
3.1245194844590418e-01
9.7000348290632288e-01
1.1968234735405230e+00
2.3234532176776090e-01
-1.1962963574318279e+00
1.1515631315249281e-01
1.6765070300131590e+00
9.1594158281701676e-01
2.2845984659800949e+00
2.7482839270488730e+00
1.0295043608777670e+00
1.6415135798122520e+00
-2.4810513713452358e+00
-6.8516817991231571e-01
-1.0982256707119820e-01
-1.5714779859271899e+00
2.9741128133198309e+00
-1.1096656942418530e+00
-8.0308405218742585e-01
-4.8306744929747039e+00
4.5247100279534080e-01
6.9175927285591532e-01
2.3411254482302009e+00
-1.8130892815268349e+00
2.2224246070606690e+00
-2.4424877398786360e+00
-1.6242579548230580e+00
-1.0095925574137330e+00
1.5697004159617549e+00
-2.2280564858465429e-01
-7.0011216868817061e-01
-3.3380735517205991e+00
4.1509077967760186e+00
-1.3918700186289351e-01
-1.4829050832285671e+00
4.8539152387959934e+00
4.8910189339926200e+00
-4.1966754249294591e-01
-1.9656592272510680e+00
-2.4529557630656780e+00
1.7953474522652380e-01
2.2342662874213510e+00
-1.9601274744165560e+00
-4.0837263544902331e+00
-2.6813912080439071e+00
-4.0180109269919964e+00
2.5108815318271689e+00
2.0944861582506680e+00
4.7850654547040641e+00
1.5101300544202469e+00
-4.9154917158387801e-01
4.3634233664173570e+00
-1.6007143610288270e+00
-5.6600711586845665e-01
2.7995419538699950e+00
5.2654931232219881e-01
-9.8971229985877318e-01
-4.4892842396699164e+00
1.6718517857319219e+00
-1.0017959927098801e+00
4.3890173500699692e-01
2.9196313252227788e+00
-9.4963795329360623e-01
-1.4809472967553201e+00
-3.3677474630445409e-01
-1.5833726198277189e+00
-3.9884638465916469e+00
4.2926773444035318e+00
-3.8850731288865710e+00
3.1285944863842818e+00
-3.1617933062098338e+00
9.8271882533122779e-01
3.2960242864090881e+00
2.9739349649833389e+00
-4.0332530639349766e+00
4.0081324682955373e+00
-2.4545936190413178e+00
3.5964610988439372e+00
-2.2487476063703848e+00
4.1956057146215198e+00
-4.7899564391194449e+00
-2.4293010275656148e+00
-2.1210914221984880e+00
8.1593702442521410e-01
7.5329640237166062e-01
1.7767967319496389e+00
1.8286740102990471e+00
3.1503739317684412e+00
3.9022778146369350e+00
-2.1790622308541421e+00
-4.8862984413975354e+00
2.6276087831490509e+00
4.6124378297599593e+00
-3.6764447534907849e+00
-6.2283895791259103e-01
-1.3981885740054281e+00
4.1030283652389814e+00
-1.4528987545426850e+00
6.6648530949110429e-01
-1.4759063500790631e-01
1.4638501569788701e-01
2.9569778786783889e+00
2.2834829717802849e+00
-7.4489942528523689e-01
-1.6248205690893460e+00
5.1841153471761390e-03
3.6320546568758849e+00
-1.8454257830870731e+00
2.4147473177092489e+00
-2.1080216412280750e+00
-1.8258220398917091e+00
3.1668339019982561e+00
2.9855028364858771e-01
-6.1218274599394817e-01
4.9193923704178033e+00
-5.2199306713295579e-01
8.5295952400126007e-01
-1.0451461987686850e+00
-1.1731803124141349e+00
-2.7792040120889978e+00
-3.4712064746968521e+00
-3.2961056800162138e+00
2.2324855747348780e+00
-2.2533445777546550e+00
-6.3049284750223711e-01
-3.3423751543021751e+00
3.3599999268312830e+00
6.3538933910892437e-01
-1.3272048474841340e+00
-4.4733206339448586e+00
3.1779506256752228e+00
3.3925406907805611e+00
3.7108934730022090e+00
-7.6822900079431622e-01
-2.8525072876999351e+00
1.3067263571063250e+00
-1.6391908054936759e+00
1.4938175515695971e+00
-1.6644341369199149e+00
3.0411252558371542e+00
-7.1686579939726380e-01
-4.4997372397552260e+00
1.3292765987198769e+00
1.9611769733892310e+00
5.9010667135340511e-01
-2.0652115039269932e+00
-1.0486481739627009e+00
-4.2976418456302321e+00
9.4116616583627366e-01
4.8083696271709693e+00
-3.8395277422725100e+00
-4.7184877436355626e+00
-2.0703441730863550e+00
1.4237170978499130e+00
-3.2698712578379241e+00
-2.6867703744488480e+00
-2.7779939847191599e+00
-1.7624090916814059e+00
-8.5119681756216592e-01
-4.8791968019247820e+00
1.9253711250254100e+00
3.6924853605247150e+00
-1.7514429355609300e+00
3.4702369847702341e+00
-2.7978572459618438e+00
1.2369588403335869e+00
-2.0265169006164800e+00
-4.3753337162728743e+00
1.3323166658222960e+00
-3.1224942197300471e+00
-7.0456230983321722e-01
-1.8649033754664579e+00
4.2844400361528401e-01
2.3467310408073732e+00
-1.2175375862291651e+00
-1.4351975550472200e+00
9.6175043800558957e-01
6.2421837925591372e-01
-1.9082932165545921e+00
3.9702258932299950e+00
1.8322439616919231e-01
-8.0437842509656798e-01
1.5286467422072600e+00
-4.0266797962366918e-01
6.7368119472514143e-01
-4.4087764366316353e+00
-1.8648215398062911e+00
2.0720888936741408e+00
1.0380591389278739e-02
8.5854291271666971e-01
-4.5022502663490984e+00
9.3244149487027618e-03
-4.9711500935040792e-01
3.1260521355686528e+00
4.9310914558022778e-01
2.3755275608609319e+00
-2.8415390131404572e+00
-7.8563190455037502e-01
-3.8937895111146932e+00
1.8105792473571689e+00
-3.6653305720659229e-01
2.9894914167885092e+00
2.2436120650931981e+00
3.4702443175156490e+00
-1.6462204597738379e+00
-1.3493386306792990e-02
-4.7699622209635306e+00
-2.5128077650547929e+00
1.3605651143497061e-01
3.2742812593368509e+00
-2.6337094222474100e+00
4.6114673610897832e+00
-4.4826810300508546e+00
2.3081271362178790e+00
2.9546122507366679e+00
-3.4507451120637000e+00
-4.5338813328030731e+00
3.4613833346127580e+00
-2.5877745868936302e+00
1.6964561850335871e+00
1.5149555062023330e+00
2.8111355498983470e+00
1.5208633042646691e+00
3.0131909471713221e+00
4.3032159802713937e-01
-1.2212322563298921e+00
2.8555110818905058e+00
1.9301040753742451e+00
4.2531726460065391e+00
2.5279516447189678e+00
-1.9033002416351780e-01
8.6539215805594982e-02
2.4334900976606719e+00
4.4019191674801812e+00
-2.5761673639751592e+00
-1.7767167420373360e+00
1.1487496511359330e+00
-7.2369542830357325e-01
3.2271445366041132e+00
9.4074148383728717e-01
2.2757040623206048e+00
1.3292232806970110e+00
-9.4687335127018335e-01
1.1390924372667579e+00
3.6808229690609848e+00
-1.6209470169095210e+00
-1.6794903778530761e+00
-3.1813003667751580e+00
8.5116334770217172e-01
2.8985703242289480e+00
-9.3531421983850160e-01
4.0439969904278730e+00
1.0807548293176601e+00
-4.6781664158129450e+00
3.5233775913907279e+00
-4.2321293492706156e+00
-3.7248348326119558e+00
2.8989682196637139e+00
-2.0923740593345310e+00
-9.6928996326924843e-01
4.8013089396105686e+00
-9.2103576371270546e-01
-3.5617814212221288e-01
1.7246682718090069e+00
-2.4928332303380998e+00
1.6907301267825150e+00
2.9705499915293299e+00
1.1056273816001370e+00
3.4406650101264358e-01
-9.9845681036041478e-01
-1.9655313481496191e+00
-5.9113010555295320e-01
3.8899542148055288e-01
2.5054515141766811e+00
7.9949643507507451e-01
4.1158080841969968e-01
-1.5389086854669881e-01
-3.8903579353826312e+00
1.4018687432816650e+00
3.6607849855352641e+00
4.5075704196979771e+00
-2.9705910955752159e+00
1.8303681858612839e+00
-4.2009458335604757e+00
-9.6006872617407993e-02
-2.6815010508189729e-01
2.7847177012540549e+00
4.4669006361686409e-01
-3.7392740118536733e-01
-2.6441530416033898e+00
1.5027980097764631e+00
-9.9722510671165121e-01
2.1075507254075290e+00
4.2943447183960348e+00
-1.5692862493658031e+00
-3.2862583919576629e+00
-4.8426178064127816e+00
-6.9228525034862032e-01
2.1402060339710061e+00
2.2838339552390599e+00
-1.5914477586522260e+00
4.2691122467729157e+00
4.8230694838738000e+00
2.0767973656658199e+00
3.0657719152073630e+00
4.5943595336396514e+00
8.9735175051992966e-01
2.6161016289461680e+00
-8.5644512927059369e-01
3.7588864623129109e-01
3.4184447197755059e+00
-2.1282923977694979e+00
9.5419047386924538e-01
-1.3341214975929740e+00
4.7363636357508190e+00
-1.2873819711482810e+00
-3.6128949578839729e+00
1.4581715306012450e+00
-3.0967723220557000e+00
-2.3490580859919250e+00
1.9964658733168530e+00
-2.6932110283705799e+00
2.4924832497925751e+00
1.4676254872196290e+00
1.2239888418297110e-01
-2.7701571342050788e+00
-4.8324304476354136e+00
3.1092568381610199e+00
1.7723427272595511e+00
-2.8809098723133570e+00
9.9697832449949164e-01
-3.4242416140976650e+00
-1.3225516901087659e+00
1.2383757203369259e+00
2.8986306571274851e+00
-2.1709008059137291e+00
1.4193547905201540e+00
5.4288650340065869e-01
-1.4025786783225820e+00
1.4793446471780669e+00
-2.5333973202418050e+00
4.8464381237663812e-01
4.3559549613873418e+00
4.8024631635798514e+00
-5.1433325226266391e-01
2.5206680511697899e-01
1.6388634286900861e-01
-4.1717067509295047e+00
1.1909977633372850e+00
-1.7517702367690260e+00
-3.8810092762921409e+00
2.1020287142344372e+00
4.6676685208729252e-02
4.3462713616495394e+00
1.6278141855690771e+00
-2.0738662758451429e+00
-2.6818340210133269e+00
-5.8734340718643629e-01
-4.0750443859016707e+00
3.1547966706125079e+00
3.3216230152156512e+00
-3.3675287510922320e+00
-1.8999257718091720e+00
3.2712057735631719e+00
-6.8944650384849471e-01
4.5301200630080167e+00
1.7620621779453720e+00
1.4201317295389571e+00
1.8306478185764281e+00
-1.0075640054762880e+00
-3.2160614083308432e+00
9.8794757707329461e-01
-3.7258531987033550e+00
1.2004069495904830e+00
1.0807029023856229e+00
-3.1828813876418289e+00
-8.3715061526575718e-01
1.9488043685483460e+00
-1.6733921621447010e+00
2.1395303441783118e+00
4.0333243663712048e+00
1.5686321156989580e+00
-1.2670065072385459e+00
1.0391965575343931e+00
8.2652658669970402e-01
3.0190265972855519e+00
1.3575253684605750e+00
2.5587568900819742e+00
-6.9377455045357406e-01
5.0360567735153894e-01
-2.0463989230813042e+00
-3.9283003416702011e+00
-4.4376615181965722e+00
-1.4478398227704330e+00
-9.3834270068973957e-01
2.9051259011566782e-01
-1.1759226386977630e+00
2.5469372012408482e+00
-1.1511428082239230e+00
4.7013929047990177e-01
5.6240231072455193e-01
-3.3078170514065661e+00
3.0524357299667998e-01
3.8197450549915799e+00
1.4713789045998831e+00
-1.5766364348064410e+00
-2.1084334132305300e+00
4.8178848216047978e+00
2.9117472811024521e+00
4.4107215644526052e+00
1.7918179722478250e-01
2.2469380065252249e+00
4.0921420828735258e+00
2.6701397370222208e+00
-8.8472762595129439e-01
1.5389665283528459e-01
-1.8006323487091529e+00
-2.1497541177754029e+00
-2.4062390217659910e+00
-2.1835955012552200e+00
2.1517622853660900e+00
2.7908694401090899e+00
-4.0687928621517973e+00
1.2836885686140549e+00
-2.5596418506073948e+00
4.1301157334797942e+00
-2.2294999870004020e+00
1.0688540928190491e+00
2.7011429223448942e+00
1.8467209336909380e+00
8.7046384548085898e-01
4.1841745665373277e-02
-2.5225882871563270e+00
-8.3361959573010502e-01
-2.8695198677353102e+00
-8.8551683674055348e-01
2.7237683428769919e+00
4.6559664243254462e+00
4.0006064886960138e+00
-1.0237648997135100e+00
4.9965784360273631e+00
-2.5535587400989601e-01
-8.6494673368217301e-01
-3.5214601757759660e+00
3.0142271186497900e+00
3.7285583117695120e+00
-4.9699716750641230e+00
2.6766495777529520e+00
-2.9669639822004918e+00
3.4342308367001979e+00
-2.3164533642530509e+00
-7.0187339878458044e-01
-1.0773263792741710e+00
3.8479215051581681e+00
-1.6623368008306989e+00
-1.5337762783104489e+00
-3.9041039598660370e+00
2.9998270612574598e+00
-7.1544034993728756e-01
3.3001032241100261e+00
-3.3770242690444729e+00
-3.0216859074584161e+00
-7.7637116106499315e-01
-2.6202593364980249e+00
1.3072815122402210e+00
-3.8537560655483811e+00
-2.8784844271148740e+00
3.1271876056323689e+00
-2.8924080182944500e+00
-6.3533658335368592e-01
-1.8771824993130490e+00
-2.5964001419539251e+00
-3.0829132059291098e+00
3.4849573309264130e+00
