1.326455777788082546e-01 -6.500442397944723727e-02 -1.476480753672645418e-01 -5.032900991873756613e-02 3.827453000866953142e-02 -5.363909670009078812e-02 2.092570534488104039e-01 -1.369685843834791694e-01 7.695861645169657650e-02 -1.184468339103970508e-01 -1.767200852140056455e-01 -1.203799342858745125e-01 -3.715274926730665617e-01 2.025628713992640509e-02 2.830020463388571161e-01 4.167479657143752930e-02 -1.687277160069181881e-01 -3.607100701732677273e-01 -2.644322761905676944e-01 2.734658415264164533e-01 9.562218987552360827e-02 1.277795745166281638e-01 1.870574040402607149e-02 2.698082753569905692e-02 9.899411259659483819e-02 4.439315056521875302e-01 2.021102950237154694e-01 -3.687987047349677860e-02 4.491707659538950875e-02 -1.416789734157191671e-01
-3.313533009782364952e-02 -1.471014317428085416e-01 -1.796785505361504498e-01 -1.892242118366962433e-01 1.199036999275948645e-01 3.615517734888279433e-01 -1.696468015327311576e-02 -4.721940229973223269e-02 -1.318659567019822565e-01 1.909636137880432460e-01 2.044485257739997175e-01 5.326994175535911674e-02 5.763277794085817224e-02 -2.473662073984850829e-01 1.159176379589815647e-01 4.257569373219306091e-02 -2.274989831022319609e-01 -6.234997847863410492e-02 5.171351101986577936e-02 -3.437800102828687532e-01 -8.048850425972718658e-02 -1.908235856288024446e-01 1.563827933368763246e-01 -1.441354022664558254e-01 -3.307332400756517465e-01 2.847309868044203829e-01 2.489379773101500770e-02 -2.034599026458388249e-01 -2.466837307786876599e-01 -1.592343120392860634e-01
-1.111605853073087229e-02 -4.267079466731888981e-01 4.104112974913329270e-01 2.565080304286185831e-01 3.466343423700925935e-02 5.747569386508871725e-02 -1.676614816327757357e-02 8.145853639603811702e-02 7.388754450918728900e-02 -1.856141357709773995e-02 2.113328611782915312e-01 -4.265964053952896878e-02 -8.164198927430098285e-02 -1.243053291670125765e-01 -2.433178110820641976e-02 3.482603604215367965e-01 2.387625999589857440e-01 -9.739847049991758043e-02 -9.523683903872912082e-02 -2.668063835143061335e-01 -3.196753389529491396e-02 1.469492812025165185e-03 -5.152853087376128155e-02 3.367086135888882059e-01 6.945285329983810763e-02 1.345742681465694479e-01 -1.244128553413793511e-02 8.801235108044265509e-02 1.802579375902333969e-01 -2.207531861206962209e-01
-1.820201812373610506e-02 1.852973019720149661e-01 1.496578071014101619e-01 5.201556213096451267e-04 -1.256367528563570313e-01 -1.103013896842078706e-01 2.335719852053532927e-02 -8.834838347734165487e-02 -6.112635945252792302e-01 1.041075109013445132e-01 3.954452036570929585e-02 -1.864980128217722521e-01 5.511064639203042126e-02 -2.382083404279588257e-01 1.887278462392211892e-02 3.149777680490187248e-01 2.933987894172936789e-02 1.020344797685098226e-01 -2.125207879243565523e-01 1.210133412375002521e-01 -3.305815641457574700e-02 1.041810929670729802e-01 3.780583104168067782e-02 -2.299585649053619285e-01 1.665736242987975180e-02 -1.574629665467540129e-01 3.159098085115752408e-01 1.435819819677267850e-01 -4.679480101715658563e-02 -2.035802850198259739e-01
3.179570050051114261e-01 -8.110078527351202715e-02 5.099756798127926677e-02 1.640433945098553406e-02 -2.585229984993654972e-01 1.121540727287878431e-01 7.825331211100425288e-02 -7.742144514516181679e-03 -1.411413073587107492e-01 -1.194820133475704531e-03 1.823878493052691063e-01 5.682594868247507064e-02 -6.338719196631344976e-01 2.129597967979667272e-01 -2.417616008077572501e-02 -1.027804217214032950e-01 -1.754317119843064599e-01 3.473141305999760120e-01 -3.869627131325324015e-02 -1.547725603404697670e-01 4.208381412457404963e-02 4.746103215422990684e-02 2.133138544629439859e-01 -3.204961419079216389e-02 -9.743089269328429614e-02 -1.731388858055811220e-01 -9.265030382156444477e-02 1.636163233343930490e-02 1.120683323799120390e-01 2.931713930711429134e-02
-1.340858425213310168e-01 -8.202152105582203451e-03 -2.518504247393391765e-03 -2.955531603716521349e-02 2.754309941887982116e-02 -1.578873562436762523e-01 1.570865636302107293e-01 1.232259884784565884e-01 9.942340568003503465e-02 9.056270196733934297e-02 -3.426513458119075095e-02 -2.355469521709559477e-01 1.620813514974712433e-01 -5.948487040383659136e-02 -1.094937314564922021e-01 -3.637647146313812141e-01 -1.571418144923553695e-01 -4.389542541597975245e-02 -8.025162117070742951e-02 -1.159958884742711277e-01 1.759989652931815141e-01 4.213366942483186620e-03 3.762837176373649561e-01 2.197769981417826424e-01 -3.424677656342603460e-01 -4.845680559625555051e-02 2.285035107334824622e-01 3.920198834877824945e-01 2.449117855911624453e-01 -1.172710480918539022e-01
1.024006592771609936e-01 1.338376391372168017e-01 2.408890021436589923e-01 2.268420689099972520e-01 1.784396221285014239e-01 3.767210582500161720e-01 1.443944373404792703e-01 2.472131573712285368e-01 2.407974376840802677e-01 -2.004958876345013311e-02 -3.770400164013931743e-01 -2.146760919086116159e-01 7.149350751452439312e-02 1.608753222354311618e-01 8.909728099238614640e-02 1.496207821751922296e-01 -1.049475785795470767e-02 3.197140610032077612e-01 -1.176786598949240009e-01 1.985707781477690989e-02 -9.151721405449517177e-02 -6.055757632132105495e-03 4.885576186736340781e-03 -2.804685837972150653e-01 -1.539847432580769837e-01 1.368679985996241466e-01 -1.896225815057376099e-02 1.808467798318846298e-01 -1.374356172774951479e-01 -1.948676187913162342e-02
5.103995757341949630e-02 2.146300199306533929e-01 -1.718344087800078579e-01 -8.297957811676123785e-02 -2.607284698812886159e-01 -6.351395883317653701e-02 2.174598419650337067e-01 -1.480862564696107664e-01 1.757245629698490352e-01 2.991763564121844438e-03 -1.607127633127773333e-02 -1.659716802966064719e-01 5.878219234631789497e-02 1.054745765546065278e-01 -3.001140059782332337e-01 2.443347976205434424e-03 1.207092285521495917e-01 -9.593951223970713371e-02 -1.231571183855879881e-01 -3.657038765213924680e-01 1.469867684112846455e-02 1.018839881215456572e-01 -2.942063773559465134e-01 -2.374269706712402173e-01 -2.947650154878306977e-02 2.018171932915467648e-02 -2.122497685495458308e-01 -8.525459145511853076e-02 1.463784166676376230e-01 -4.572836800157044079e-01
-1.867048638439265940e-01 -2.294747861269240408e-01 -4.566220371342856466e-02 -2.306232231665176768e-01 -1.960435114847584315e-01 -2.367094457909582617e-02 -1.687221582309545997e-01 6.006946222368650390e-02 9.318364985127114419e-02 1.781547713789495835e-01 -2.433444885649338196e-01 9.127025011823240719e-02 -2.257938660669179531e-01 -6.331687370054678299e-02 2.068054574285855540e-01 -7.330932491477891444e-02 1.474197972446967542e-01 -5.018185117209423424e-02 3.224934351216804385e-01 -6.286149951924914492e-02 -1.925994969613070706e-01 -8.478209752596571613e-02 6.276511513780284185e-03 -2.880995249451203666e-01 2.245701314992589182e-01 -1.562201414069207608e-02 2.336726295390171432e-02 4.726410802028437885e-01 2.365162899359746804e-04 -2.022342654978077359e-01
-2.792243503715190478e-01 -1.906337833804309934e-02 -4.969873677084535313e-02 -3.016905708150464105e-01 1.324567670463000502e-02 -8.066217567680315781e-02 1.408612261808555588e-01 6.772132748543276126e-02 7.363568679614852786e-02 -5.606034100712939394e-02 -5.111530611040521893e-02 -3.180693137391125136e-01 -1.023335641852870792e-01 7.048529124899524656e-02 -1.728943809435919687e-01 3.784068312566543635e-01 1.696604488865646188e-01 -4.330532213939495417e-02 1.189158734486926022e-02 -8.329485415094069201e-02 -4.013248687235899254e-02 -2.237053033647514941e-02 5.225307196768547158e-01 -1.181581840843425046e-01 1.431527618367919585e-01 1.004387247315680944e-02 -1.300475459970223124e-01 -2.037911540978552538e-01 6.698669306515295241e-02 2.929653222706077864e-01
-1.429471658134449930e-01 -1.425863899290270853e-01 -2.357740682205901050e-01 8.364213539666982833e-02 -3.281185605101005764e-01 1.423213007681494446e-01 1.770070563405384823e-02 3.685452812780437570e-01 -6.210245364334917445e-02 5.437883224122939951e-02 3.871805096336981833e-02 9.100899370513362840e-02 -3.111879346166475033e-02 -1.424111698593011344e-01 -3.035390105904500202e-01 1.330235850800825237e-01 -1.848736703590266317e-01 -1.828311829480520900e-01 -1.893689109436203222e-01 1.639717271365249140e-01 -2.097511176668135635e-01 2.273052759064010664e-01 -2.130261453380695447e-01 -3.623677535442034608e-02 -1.995032262948604196e-01 1.028953930128737454e-01 -1.255245573026300965e-01 2.024250843524516563e-01 6.028426221749388914e-02 3.185167136589878711e-01
-2.325301870643784741e-01 -8.350811769255191142e-02 -2.262408099031444353e-01 2.045581692623926404e-02 -3.793609594271792063e-02 -4.682170795650991701e-02 5.802514006899149590e-02 1.091943358622475546e-01 -1.190718542123258283e-01 -1.226235051069426568e-01 -1.523910231265394322e-01 -4.459560861496883466e-02 4.396985872351481112e-02 -9.640954818853657293e-02 2.462950116095520836e-01 -5.777474295673152432e-02 -1.312660417826337911e-01 3.414405111510508961e-01 -3.198426954932574451e-01 -4.302149093336700425e-02 -1.909925891649467411e-01 -4.759658958021171227e-01 -1.507768498085100273e-01 1.077725583075634375e-01 1.449778970250139298e-01 -2.640468475591014122e-02 -8.201082620781036114e-02 -1.547872262940988286e-01 3.861577677234414030e-01 -4.388547686465310571e-02
-9.389936813346153044e-02 -1.014796328106677553e-01 9.294488682620294373e-02 -6.314893901367319567e-03 -1.111252436616240180e-01 -1.477408910861550406e-01 -5.324518344263121095e-02 -1.036162052335082295e-01 1.979150678083337611e-01 -3.261992437895343544e-01 1.293644155384116035e-01 -1.666403387470185848e-01 2.890521294790122930e-02 -1.071260131460706200e-01 4.964504844121993971e-02 2.898530022004529028e-01 -5.014688826769733154e-01 -1.473653600838469154e-03 1.568237921406815394e-01 2.114918803206764786e-01 2.189743081354117438e-01 -1.807753471180364446e-01 -4.007934851114138691e-02 -6.367429736687224562e-02 -1.073191558994735645e-01 -2.016492787690279676e-01 -3.035776346724572972e-01 1.425788957916498123e-01 -1.740440928074991900e-01 -1.831446630169484002e-01
-7.665754923649891264e-03 -1.782671516837874559e-01 -2.466512303532912564e-01 -1.102318184288182540e-01 2.176785396427710351e-01 -3.929145187452167121e-01 6.947910706353783994e-02 9.676420135941667111e-02 1.054327800075042787e-01 2.461047249514216606e-01 2.147149168226267571e-02 -1.607032030407555545e-02 -9.326738435018540330e-02 6.487708677226183829e-02 9.316285490684051221e-03 6.371142819196315421e-02 8.575905804640882035e-02 2.785891301674940368e-01 -2.933002876392597491e-01 7.195620064015979811e-04 -1.310854368573059758e-01 1.489454913071918130e-01 -5.806221199011525613e-02 2.274928700340138887e-01 -4.516144036763445474e-02 -8.977038095204230295e-02 -1.190277131553873352e-01 7.039845251222530409e-02 -5.268961107638282515e-01 -1.320427385080260585e-01
-2.351124372675179597e-01 -5.727040553143700891e-02 3.231213200450334111e-01 2.803447230491646347e-01 -2.265737211084454528e-01 -1.590466232364779742e-01 2.814452677097708522e-01 -4.269684610301360261e-01 -3.533483074914254424e-02 2.642056655805657961e-01 -1.011510295040309593e-01 -2.608381138083349163e-02 6.055995096049338750e-02 -1.179387031085392390e-02 8.027281662273431928e-02 -2.004154701617816836e-01 -1.429147782974422576e-01 6.729035129088262179e-03 6.890473312044050058e-02 4.293268280080899529e-02 -3.555137077398697887e-01 8.820211668872635080e-02 1.015319771835728607e-01 1.180939212295423202e-02 -3.963548431965218527e-02 1.511271952445958633e-01 -2.428638133569765434e-01 -1.143554681456339095e-01 -8.661989524770996596e-02 1.107371684912962367e-01
-8.863031964864730161e-02 -2.861355152237259891e-01 -9.823589278025079974e-02 -2.539814912554553064e-02 -3.653692033574912346e-02 -1.578302556727695372e-01 -7.637479870469339102e-05 8.873765382182065287e-02 -2.468514627405166140e-01 -4.265066301254361036e-01 -8.460656692989147742e-02 -2.590527711221562307e-02 1.367432363011261143e-01 5.838158058942351236e-02 1.614684829224538876e-01 -6.407454626367667383e-02 1.787395166900811461e-01 2.841377946971272994e-01 2.936395261042085703e-01 8.517564964147940343e-03 6.241374047322763990e-02 4.241376618786956154e-01 -1.598669651226267141e-02 -7.282716632468118345e-02 -2.826884818175259828e-01 2.401117374078597655e-01 -5.620117681955649064e-02 -1.301145582546890112e-01 8.825428467100539243e-02 -9.554256634180194330e-02
1.111926901031786291e-01 2.582686206938851828e-02 2.979853436960374080e-01 -1.836542993100838406e-01 -1.783965251862992263e-01 -2.868096953706936736e-01 -1.991186124883308206e-01 2.393364794483867630e-01 7.019611919829671365e-02 -1.106913697633967325e-01 -1.852740972956509746e-01 4.043742158491016592e-01 1.594375997514848597e-01 2.634303313879265973e-01 2.174679233043861834e-02 1.145704271310546141e-01 -2.373943408348530570e-01 -1.526580118318317525e-01 -1.866426707586766320e-01 -1.281666079481574294e-01 -2.544220392650634044e-01 -1.940291787452396279e-03 1.794426795145666331e-01 -4.966559130422676382e-02 -1.122312113121581578e-01 -1.689834328668079338e-02 1.616524957642877236e-01 -2.033168370750128850e-01 -3.106948212011527693e-03 -1.389450348943221669e-01
1.262108071850649715e-01 -2.488242908812292598e-01 1.387835314221853855e-01 -1.115048622134001827e-01 3.468743888001534631e-02 1.162597177862625779e-02 -2.782922087082525531e-01 1.421882537815269687e-01 1.349490816082742628e-01 1.813773730283478047e-01 3.331519966395577459e-01 -3.578984009171019554e-01 1.009284264766323325e-01 3.954719415231593149e-02 -1.459900146930770692e-01 -2.854961072186756321e-01 -4.199301106161822811e-02 8.996753949132504924e-02 -8.019552070742447247e-02 3.858410814889322582e-01 -1.731757686247148986e-01 4.190467401696405803e-02 2.270287731302684728e-02 -2.580028202848533847e-01 1.385844743932780343e-01 8.306989028576612644e-02 1.656944188768890922e-02 -2.241200085570722034e-01 1.316270027356325756e-01 -1.696269146126469785e-01
2.799116641715461706e-01 -4.628314061089029707e-02 7.611987972441461303e-02 -2.566464922174320207e-01 2.287717146586205896e-01 9.224089402208354715e-02 1.175330246494458650e-02 -2.713549830998608914e-01 -2.342121497735805136e-02 -4.579432692365078550e-01 -8.502973976354119556e-02 -1.036040221523691759e-03 -1.097742160485716371e-02 -3.165624616754592058e-01 -1.784645155186510845e-01 -1.664267620126693437e-01 9.855516483658129101e-02 -6.589282186418733700e-02 -1.624263092139231757e-01 8.564452390438732953e-05 -4.547523737226884522e-01 1.619365398908636025e-02 6.450605137321384353e-02 2.556913733668068206e-02 -5.525509051685309481e-02 -1.195016565946720316e-01 -1.463116157205132384e-01 2.045542290192583768e-01 -9.908158500731593585e-03 5.349887434518931645e-02
-3.376122377627170656e-02 3.171398567209288144e-01 1.933977574495169549e-01 3.169318191240515920e-02 3.730067961066246135e-02 -3.650695016432813356e-01 -2.225480927345376697e-02 2.549752718487569569e-01 -1.368413816640087115e-03 -1.955189163339528247e-01 3.062151896950863761e-01 -7.984446161244919404e-02 -1.472672811322844333e-01 -1.886795653629148861e-01 4.303719008439688132e-02 -1.893229642140150104e-01 -4.737861394296949413e-02 5.720673680524042404e-02 -7.816448633283606257e-03 -2.885259233595664496e-01 6.000465739466403874e-03 -9.447733857001183733e-02 -1.213018319099577608e-01 -1.808345530947723379e-01 1.503568383211655035e-01 4.055495375968080074e-01 -1.303165654099853327e-02 1.392156532820571779e-01 -1.520770177389411115e-01 2.266857704168050713e-01
-4.558634951789600764e-01 2.699989153200796910e-01 1.699661462035737536e-01 1.634251417632195599e-02 2.371829976804017415e-01 5.633938627575020563e-02 -9.130411059334075929e-02 1.037282043820885596e-01 1.355791022139384294e-01 8.064671573898608142e-03 -4.163659876303048291e-02 2.353639588227414703e-01 -4.020392584037749684e-01 -3.070796533574347009e-01 -6.292099899854557143e-02 -8.636007032198533828e-02 7.533867331439875192e-02 2.181579172638121664e-02 -5.804916840621834884e-02 1.723617938287671236e-01 3.720118772505106447e-02 1.737186909330590556e-01 1.138969134341675550e-02 -4.612616053228188462e-02 -2.070743577946215219e-01 -1.288816855221701640e-01 -8.366232317084447423e-02 -2.347855828969986902e-01 1.043364115448097984e-01 -2.512585667702902370e-01
-6.271426357658406447e-02 -1.178397630197890317e-01 8.411519524768676370e-02 -4.559454612276272328e-02 -3.445523129658912415e-02 1.777797628295705590e-01 1.023481691489473017e-01 1.417749674209275168e-01 -1.477624244115859353e-01 -8.351639927475919267e-02 -2.979671361203393154e-01 3.888799577751886338e-02 3.545713577754657647e-02 -1.657612651662897507e-01 -3.942151621899478986e-01 -1.668556846145554384e-01 -3.094003129214091263e-01 1.351195845431547582e-01 7.638469025618349617e-02 -1.001201454326240275e-01 1.723699802053759167e-01 1.453589748312295316e-01 5.232709554301265970e-02 1.702272705535489983e-01 5.151396457835905052e-01 7.498776873571633139e-02 5.026229983031253734e-02 -1.124691334460836273e-01 -2.296254470678322224e-01 -1.651559044740659177e-01
2.282224435378906735e-01 1.746731931184593856e-01 -6.146958511007216686e-02 1.001801566980334429e-01 -1.887237088055052359e-01 -1.632157393749978161e-02 3.364740109588426620e-01 3.657306581689536706e-01 -1.203636110918469282e-01 -3.666690342277752895e-02 7.548752233975106196e-02 8.458334169401035552e-02 2.106010280165342835e-02 -8.938881702255956074e-02 -1.491108724524269416e-02 -3.993191073760252174e-02 2.672211069096177560e-01 -1.147628183963722015e-01 2.306264068036346926e-01 3.201970137203967171e-01 -1.231745379190246348e-01 -3.102438905862358598e-01 2.363314957463346910e-01 1.601154206135881886e-01 -2.740680234450771843e-02 7.262003456325584472e-02 -1.979678106963269346e-01 -4.993706807239223916e-02 -1.275820961531517750e-01 -2.908696351633978106e-01
-7.442676360804204028e-02 1.345059553115476869e-01 3.240850777314308821e-03 -7.954073651205498252e-02 3.525043967879984974e-01 9.973247646556167301e-02 2.378539572113725076e-01 2.308772486128392309e-01 -1.847570643349626396e-01 2.342711942913708323e-02 2.068896271237586626e-01 -1.042894695462985299e-01 2.815714207154037391e-02 2.533641880199345442e-01 2.609986300112517865e-01 1.715067768433013382e-02 -2.876037824776138674e-01 -2.167014158850965322e-01 1.947555873759025946e-01 -1.125760642906727532e-01 -2.874973623364775466e-01 2.887065472403034794e-01 -9.727125441729092548e-02 7.868934201468860690e-02 1.855008226014685513e-01 -2.280264050874609427e-01 -1.406886049258443128e-01 6.744406211294677600e-02 1.497121799180465285e-01 -9.529840640125590567e-02
3.709661149078707920e-01 -9.676467067109291442e-02 -1.268822734774378014e-01 2.304572986094816089e-01 5.731312897019353453e-03 -2.056494417864971613e-01 9.978007765660994177e-02 1.547318198675310397e-01 2.322302549160504548e-01 1.408783074286144854e-01 -1.471700857731046141e-01 -3.942330389566303661e-02 4.457204127304045804e-02 -5.262787656873459952e-01 1.997297327496961039e-01 5.534928618748587853e-02 -7.796221982438920894e-02 -2.943912997587482677e-02 1.139666919078687196e-01 -1.625474485659630375e-01 1.255375676624480470e-02 2.008810351697215002e-01 7.480328976604730395e-02 -1.845670951615209499e-01 6.378796547490120372e-02 -2.727331103033697191e-01 3.660852735596967222e-02 -2.294033536894846403e-01 1.276695637487718638e-01 1.159402845901716106e-01
1.387981520253513401e-01 2.324477952709549933e-01 -1.155683547551656087e-01 8.888507280319878079e-02 1.424651312124066739e-02 2.043293704866616656e-02 -4.744721814851484698e-01 -4.017802920004255596e-02 -1.286871803151933003e-01 1.490326543799138925e-01 -1.015578118744354941e-01 1.819772437275115479e-02 1.183970934691156718e-01 -5.203291538425944968e-02 1.236778865740429528e-01 5.754709797031398733e-02 -4.377271893008061188e-02 1.076668853108699205e-02 -1.564135845766467248e-01 -3.012649107543765442e-02 1.122964834077888885e-01 1.872914607872014359e-01 3.070102251320200315e-01 1.208462574637538395e-01 1.258204960426244912e-01 2.239448068048429386e-01 -5.367582134224999635e-01 1.596530574086083287e-01 1.432379907476781511e-01 -9.637582370980005142e-02
6.993118308705671693e-02 2.083306625572529103e-01 -2.160897448606350912e-01 8.459841648065659359e-02 1.232020592148256183e-01 -1.179698304622152499e-01 -5.081260521272361330e-02 -1.746758593969887918e-01 1.828458732545095722e-01 5.308996810751074463e-02 7.823846060954259274e-02 1.018213699025110747e-01 -4.320274660503841541e-02 -2.513645626501454303e-02 -2.757310826903644485e-01 3.063448062148381723e-01 -1.949154742220558234e-01 3.199737815026627574e-01 3.489090625569502557e-01 8.528346551171529788e-02 -3.230265943109599247e-01 2.200360323741586480e-02 3.965369866879076000e-02 1.494819745321963600e-01 2.246970136947603128e-02 2.613603831944545930e-01 2.759731390325407263e-01 8.051214730859332369e-02 2.267722352632650651e-01 -9.765832844239953625e-02
-1.162506292023497527e-02 -2.453094168489376448e-01 -1.455201118057239118e-01 4.378366678362740627e-01 4.186461557585067217e-01 -2.266384592952890020e-01 2.151627922840470847e-03 -1.920168955705350844e-02 -2.440687536993162154e-01 -2.945259236396875410e-02 -8.224097107699218645e-02 1.547179654205221855e-01 -8.044685371348420100e-02 1.853259555639440170e-01 -3.117219421525880829e-01 -3.345862439683223999e-02 -4.503830450919174555e-02 -1.899078612521416243e-01 -1.328878360253737088e-02 -2.393525872219757697e-02 4.287565047817600700e-02 -2.100082439668563283e-01 1.097001108562177529e-01 -3.931332790313033509e-01 4.080226465339350551e-03 -8.260245983479672094e-03 -8.855895256218508649e-02 5.772649893377467673e-02 4.870252280967379832e-02 -6.751308354075090390e-02
-5.324717127395681149e-02 -8.277248306048709536e-02 5.273262682575670379e-03 -1.126468870883629014e-01 2.970202475275171908e-02 7.656626545668927808e-02 3.755752609006154930e-01 -8.818343311022189268e-02 1.742266589655617759e-01 -1.601076367218819824e-02 3.303420884028377968e-01 5.005703661944280736e-01 2.637647401654606427e-01 -4.582072896044499938e-02 9.164290061951613220e-02 3.995014447420669468e-02 3.260085669838665157e-02 1.964802687583714624e-01 -2.201089289722300280e-01 1.195769229687904112e-01 1.754331616636462532e-01 1.299131738212814524e-01 1.743598215043041244e-01 -2.560477429285026307e-01 2.223112060487675568e-01 6.027686977931813461e-02 -4.577903134412660002e-02 1.845541764594873235e-01 1.213060983457652231e-01 -9.398682987947737724e-03
2.178374936962952368e-01 -7.089957287027570665e-02 2.858264322811808755e-01 -4.347757836023550815e-01 2.097849775554630203e-01 -1.688744003704541474e-01 1.795642110738928654e-01 4.218729896553970182e-02 -1.671267675130222174e-01 3.318460220190980747e-01 -2.084062678640411226e-01 6.993440398089971477e-02 -2.442383527116761752e-02 -7.098899622542911847e-02 -1.201640680676616946e-01 1.021147687312752711e-01 -6.284363389626589080e-02 5.848189606898974990e-02 1.283348112541743691e-01 1.021416594223718693e-01 2.147557312031048160e-01 -1.285479501561757609e-01 -2.776185169920354356e-01 1.702427139253916144e-02 -1.638794363010145638e-01 1.570132003723050673e-01 -2.278577433354528892e-01 1.473019604105611953e-02 2.468876230042271469e-01 1.203500836174574984e-01
