-4.079424184157658395e-01 2.962171702760479364e-01 1.005795041569717552e-01 -2.080791391725338446e-01 4.759172806156667934e-01 2.297154846279365059e-01 1.863729966828200080e-01 -1.933155732114873737e-01 5.625254392789761360e-01 -1.569014660046770537e-01
-5.549825728109332168e-01 2.143621348858605891e-01 -1.979102167952511704e-01 -2.557976670805949676e-02 -1.303933863725413311e-01 4.128235302553297514e-01 1.594324219844893697e-01 3.622598149843319626e-01 -5.028702783910194984e-01 -9.625669152321338073e-02
-2.337478471191190010e-01 -8.128165088320254972e-02 -2.056582237237898902e-01 3.189147362397411478e-01 5.928978288871120800e-02 -1.311087014977717347e-01 -1.342570703347816495e-02 4.695848255606296928e-01 3.762227161590100399e-01 6.417280289165722129e-01
-6.108710845984584737e-04 4.505888034008434517e-01 -2.706561907997827657e-02 -2.816190074814675093e-01 -3.191398240529773611e-01 -4.511383658327201007e-01 -2.128497465689185852e-01 4.370047543294025560e-01 2.427442639939925706e-01 -3.410990236420539667e-01
-6.152630535320626759e-01 -4.607719597259365418e-01 1.914170519384804370e-01 -3.421354123873494579e-01 -1.554392396983826641e-01 -3.556392451286801148e-01 -2.150198504136933420e-01 -2.166838786767315284e-01 -6.735033751435307026e-02 8.415052393845079415e-02
-2.262832305426096535e-01 -1.529396672094251487e-02 3.646852934666208190e-01 7.220482235542172722e-01 1.395275528753799621e-01 -8.106654767531006056e-02 -3.247925638520389180e-01 6.426011351380252201e-02 -2.033321262570991425e-02 -3.976685294652412828e-01
-1.328243200990472106e-01 1.972915518562231296e-01 1.714913582367273703e-01 2.911754014032563176e-01 -4.243773628092851746e-01 -2.902660179006893992e-01 7.015254739838155951e-01 -2.618224491858035519e-01 4.501038517051564325e-02 4.664671148333304068e-02
-1.157783239585416651e-01 2.448373811241201792e-01 -3.409540957011824580e-01 1.709327367938057729e-01 -4.748760891329740774e-01 2.829464873200442376e-01 -4.448057804741608612e-01 -4.702470321379570994e-01 2.129274676562240010e-01 1.062721310840465533e-01
8.134808414922214959e-02 -4.307323862911148771e-01 3.041933448752322522e-01 -6.539245092081627519e-02 -4.447881052214114894e-01 4.809798382590605437e-01 1.111998846575209809e-01 2.803201389779340080e-01 3.938253461148828460e-01 -1.892645651892413128e-01
5.934426145279778075e-02 3.996534675478121690e-01 7.070070956326129918e-01 -1.354448520092444708e-01 -6.376206755654201253e-02 1.654885910899950296e-01 -2.007032928454973997e-01 2.387341580307084446e-02 -1.510177188998292896e-01 4.726952983646936501e-01
