-4.208976060376912187e-02 1.116014022917737880e-01 -9.166568057694339522e-02 2.157230885069834625e-01 3.516728972104510853e-01 2.496447162055659696e-01 2.308881203076938726e-01 -6.070724531033067778e-04 -4.007163036291797042e-01 7.517872736945339918e-02 6.769105825464570569e-02 -6.702059294871491602e-02 -6.470430942167988697e-02 -1.466569031430475789e-01 -6.551026295168672214e-03 3.211015625759139347e-01 -7.868508733153453671e-02 -2.465386906356221430e-01 1.878575404132952487e-01 -1.068136869847440967e-01 2.868063198071351544e-02 -1.333382654182067584e-01 2.046364425216382066e-01 -9.031767164195711461e-02 1.503719037143771142e-01 -2.378350810880176802e-01 -2.672354134962971473e-01 1.605835462776409595e-01 9.369823816514459558e-02 -1.411365121034941494e-01
1.534651854771946766e-01 1.270768904070737060e-01 -1.915790889585504142e-01 1.937895093140384328e-01 -1.170960741171774011e-02 -7.398165982762296145e-02 4.858879501244081633e-02 -1.139062181843660398e-01 -3.831313921926660093e-02 7.496530209046675663e-02 2.810180531331788467e-01 -2.080367693427350242e-02 1.627648370352977047e-02 1.147400951397149760e-01 6.969133825383000413e-02 -2.365437627341313853e-01 1.111923591755448054e-01 -2.061863269025434042e-01 -1.674884031323469746e-01 -3.063006489665033860e-01 4.230909117385734386e-01 -4.606815594985833040e-02 2.731538844308769101e-02 -1.021024443882417726e-01 -9.715467526726763448e-02 4.001072433192042199e-01 -2.917034129055138814e-01 -9.507040628353681522e-02 5.153986394438431207e-02 2.626912905385431207e-01
1.809223335579009106e-01 7.022760014067558343e-02 3.664602086730254782e-01 -1.325412018800035778e-02 6.913752156691095434e-03 1.955106919645013819e-01 1.744600392940989508e-01 -1.285187629217017236e-01 1.424120661372409447e-01 -1.856169182174098042e-01 1.888393655775085639e-02 3.030984909357292700e-01 -3.448881371371961269e-01 1.132004390880738537e-01 5.678000046332908751e-02 -7.039218351765315351e-02 -2.461910422216498084e-01 -3.767579346998234380e-02 8.903486345015697301e-02 -3.965158305282977941e-02 -8.857852592437485961e-02 -4.289999293520238566e-02 -2.831274136227023286e-01 1.457253222481595112e-01 9.672690934853821199e-02 1.216760469612439693e-01 -2.504040612637014052e-01 3.488859972207983828e-01 -2.215786364654735163e-01 1.242783265293800621e-01
2.319945879338209394e-01 -6.440118922156649883e-02 -2.775204933139690522e-01 1.548545788747502094e-01 1.030807568230207305e-01 -1.957200178903089893e-01 1.545184712326484189e-01 2.035328216255921988e-02 1.936752759150681125e-01 -5.490877525995146308e-02 -2.515489596944343598e-01 6.698858044825668767e-02 -1.727749304055006124e-02 -7.295146280011473305e-02 -1.388634555823113348e-01 2.328108587636688043e-01 -8.025411277352360873e-02 1.178944205189336319e-01 3.176148431487681445e-01 -3.013608764626484193e-01 -1.818289042568797531e-01 -1.444957978298752332e-01 1.771692217820502180e-01 1.207780538567981704e-01 -1.172633892047618004e-01 3.044609013225790459e-02 9.348005333366667113e-02 -1.887563863963184485e-01 -2.596903338605736078e-01 3.768006929274594907e-01
1.884127474263636859e-01 1.807694689665410026e-01 -5.308625837781464490e-02 3.344407667567987352e-01 7.917095466889725874e-02 1.021192100061680264e-01 -8.429676500855343146e-02 -1.525457275347513741e-01 -1.411342813224858994e-01 5.812587482887033447e-02 -1.503108071982050542e-01 -1.442708794692921237e-01 -1.752325657079275012e-01 3.762394048207373665e-02 -1.121404659618637917e-01 -3.003780609977453331e-01 -1.073136261190272278e-01 -2.485382233294744225e-01 -3.630130199809067926e-01 9.756255876985404918e-02 -2.635230410852140714e-01 1.949971361604453390e-01 1.505938596883312219e-01 -4.178317411341949533e-02 1.220508737824860940e-02 -1.278923855845144897e-01 3.720975074586642117e-01 1.227601569593149561e-01 -1.059688002862432116e-01 2.017769160088482006e-01
2.731960156796880423e-01 -1.733737679536489495e-01 1.977619230687631680e-01 -1.747262373715456896e-01 1.222668936978760501e-01 -1.706564524703320096e-01 -1.095289530866747768e-02 -1.206933976628845051e-01 -1.329987179173641454e-01 2.922155677086146763e-01 -2.703310722896575258e-01 3.026488062507378118e-01 1.205046255950971146e-01 -1.720692219573026482e-01 2.913986467473461683e-01 -9.635080990959477010e-02 -3.955531308756147363e-03 -1.764970975731368352e-01 -2.955576776963466656e-01 -6.370377305615339270e-02 -2.697924573262315898e-02 -2.870648148515470566e-01 -4.428526370042837335e-02 -3.189550966857958997e-02 -1.551153471206481380e-02 -2.183115673530544032e-01 -1.234759866148230217e-01 -2.652646345549208307e-01 -1.101790317379424816e-01 -8.052048180433446500e-02
-5.447868371328959403e-02 -7.515627623940794588e-02 -4.684199317918832928e-02 9.379681007077814159e-02 -1.714822277088565161e-01 -9.891835669110403406e-02 4.091267826678728764e-02 -2.371121401693496167e-01 -1.019754062464471728e-01 -2.817622268703383615e-01 4.815844887829778820e-02 -1.080919917107295430e-01 -1.670063372764154785e-01 2.858115888784545366e-01 2.592418447747551688e-02 -3.705557293374884265e-01 1.863995575158693130e-01 -2.594823100033001248e-02 2.869773517712522204e-01 1.415559848225653172e-04 7.580558185507499380e-02 -4.331737067452109402e-01 1.458025482061457712e-02 3.827676583292174972e-02 -1.633275370282405714e-01 -4.231292378074313909e-01 5.039677528617036301e-02 -2.733947528158630486e-02 -4.502844867165687985e-03 -1.004488851376007102e-01
-2.664410872294871169e-01 -1.046739477517487638e-01 1.082261016378007618e-01 1.849700990652786425e-01 2.244096037236355812e-01 7.722025093939291485e-02 1.737142316425643873e-01 2.687589968898164150e-01 1.222679641830039243e-01 1.058398950838223412e-01 3.024257333876507747e-01 -1.957738613843363826e-02 1.618160828838880461e-01 2.220086152653391320e-01 1.609989841862837501e-01 -6.842490811539671085e-03 -1.841038131408382628e-01 1.031418465745571889e-02 -1.000292356312428854e-01 2.603661933695194941e-01 -2.491752613246894510e-01 -1.686146592274199996e-01 -9.856050564214628718e-02 -1.781332550672152792e-01 -3.520961545431356976e-01 -9.566400112266047751e-02 -7.539431742778192336e-02 -1.373111453605704857e-01 -4.425526114714747189e-02 3.009597774959626992e-01
1.182676160400996379e-01 -4.148195199530101129e-02 1.146271636050199688e-01 -8.349956119804341492e-02 1.647455382738930718e-01 -3.456784456378411002e-02 2.296826736713195871e-01 2.719615924908100890e-01 -9.408777068319190695e-03 -2.345956185719886844e-01 -9.267066270723518795e-02 -3.724112375314961865e-01 -8.459997250419194412e-03 -1.250187829965337671e-01 1.016461142796094494e-02 -2.424741960639046068e-01 -2.872684617344275493e-01 -6.973368858187560700e-03 -4.170968938826365158e-02 -2.478648797714736451e-01 1.524691870428653562e-01 3.268974221071727637e-01 -5.732402996722761601e-02 1.357511975505905633e-01 -3.312668376264127912e-01 -1.130819548663487689e-01 -9.469039893846951939e-02 -1.332630302220821350e-01 -9.948576416835147596e-02 -2.746044086086894542e-01
1.441332206457801302e-01 -2.205217487943249288e-02 -8.017175179950133956e-02 -7.022597993253408555e-02 -1.136873312686696724e-02 1.070815568235698595e-01 6.640149761716118704e-02 -1.694754032163691970e-01 2.811487006848140680e-01 -1.706782944257465295e-01 1.934239914514001291e-01 -3.902641489280960774e-01 2.414498438346885864e-02 -1.100994019870527446e-01 4.093844618773106458e-01 1.841239249517946930e-01 -1.423334257978002559e-01 -1.916666852248987141e-01 -8.158577365499740386e-02 -1.460808273193509588e-01 -1.605606099154501809e-01 -2.766481949724614031e-01 -1.657658774495305853e-01 -2.208386570364735593e-03 2.049409983295857884e-01 1.337379985692217499e-01 3.103214729599011457e-01 -5.897476811247039097e-02 1.598419124475852215e-01 -1.027382966189167163e-01
-7.002787465874385497e-02 -2.423816453878982480e-01 -3.498855554244420518e-02 8.604078240350991613e-02 1.218805184736475450e-01 1.098003314575539818e-01 -1.354129908821196937e-01 -2.501428670486205430e-01 -1.828173273142043587e-01 4.740027709716673060e-02 2.595431335583762711e-01 7.056908256559750459e-02 -8.753601544916455451e-03 6.196142679205214610e-02 1.658415413100824132e-01 1.015113124382334003e-01 1.982334371577182744e-02 3.725208526343463111e-01 -2.499055149115932475e-02 -3.582564281011437757e-01 1.023254429402929711e-01 2.592086512009083576e-01 -2.105319694983040779e-01 -2.549237291909660641e-01 4.782448061986471766e-02 -1.773463419109125860e-01 2.126369539737968384e-01 1.186409853173273771e-02 -3.684310809562401090e-01 -1.495083929047000444e-02
2.189954690769746470e-01 -8.137467016418646615e-02 -1.396589088604723583e-01 -2.079244969643784247e-01 1.279626561694772180e-01 -1.842577414778664296e-02 -1.988604901394941671e-01 2.697376376165334655e-01 1.556986622592605451e-01 4.099353568544852888e-01 1.987264882441431846e-01 -1.085845629631049386e-01 -1.222081615329948523e-01 -9.919056600039080629e-02 7.235092729938380485e-02 -3.569200725631170301e-01 3.287073318826569390e-02 9.763701748278538761e-02 2.566827515994477005e-01 -1.620032976330815777e-01 -1.524776672854958326e-01 3.224364613909752597e-02 -2.790219323103267784e-02 1.215098466892399962e-02 1.340756698916213407e-01 -2.212326941340074793e-01 -7.892850400124611088e-02 2.717800445892020744e-01 2.275772287568123275e-01 1.610170069762656142e-01
1.076723354323594201e-01 -1.780485195212469784e-01 -1.257396649278847423e-01 -5.308634148918943696e-01 1.602391975495488508e-01 2.196724480256091183e-01 3.384796270846217592e-01 -2.818239521698623906e-01 1.169010582520620123e-01 -9.770956465612351538e-02 -2.592860182803133091e-03 -1.615408701775906397e-01 -4.978778929132842562e-02 -4.296151317805466108e-02 -1.283677907695250087e-01 -1.859450508237876776e-02 2.222765515850754492e-01 5.652446545652384247e-02 -1.270461251174056783e-01 2.442572844766468243e-01 6.241324026181410689e-02 6.106541090539517602e-02 2.291019316377589654e-01 -2.464456431932772751e-01 -5.428098297726064586e-02 -3.392637920750526948e-02 -8.920065441809262030e-02 7.003416850212207390e-02 -1.104130057440217971e-01 2.056396464019322468e-01
-3.260762947129134948e-01 2.312935394118698917e-01 -1.866005491381484416e-01 -1.074696662446283368e-01 3.510519277805245197e-01 -2.940355364847492894e-02 -2.506064240015616340e-01 -2.545350565194027803e-01 1.977116711574274655e-01 -6.747759822801591145e-02 -1.398991629065081121e-01 6.200221373135535868e-02 1.989357889197947982e-01 -1.957359856090161998e-01 -1.926545652655433927e-01 -1.457259461907951525e-01 -3.701713121918733806e-01 7.330607390018621661e-02 -7.255559141116853239e-02 -2.855966283886301679e-02 2.453129899929606395e-01 -2.413368072895345495e-01 -1.539469419015812579e-01 4.560994373536934529e-03 -6.258500531731478467e-02 -7.794111332133778214e-02 2.163734686279710634e-02 1.833251724855355091e-01 3.233172354952156685e-02 5.548920640508159252e-02
2.319899324723270484e-01 1.591762523015511355e-01 2.844802439381730053e-01 1.451943011262737948e-01 -1.367992708239471923e-02 1.519767070759006355e-01 -1.187090371810464728e-01 -5.025141878300329323e-02 1.028736794650870166e-02 -4.913160998425107617e-02 -1.707210782539074767e-01 -3.051799066533655500e-02 -3.056695520010166076e-02 -1.864316788699705296e-01 2.471218364632582487e-01 -2.850458527308084161e-02 -1.353321116608077190e-01 1.563185683028815443e-01 3.756331801935577364e-01 2.686421917996374975e-01 3.315353112573445893e-01 9.292069494852664424e-02 5.162597820090486511e-02 -3.503751796415637276e-01 -2.311945109773561394e-02 -2.424696393336608913e-02 1.061953364023017349e-01 -2.197977706923674446e-01 2.002620421366648751e-01 2.189738812046210792e-01
7.082544965870428422e-02 2.849260811237124269e-01 1.357910879713531034e-02 -2.190139777384654540e-01 -5.519308896377752433e-02 -1.547272791090760838e-02 1.256945592099000530e-01 3.320361610908965228e-02 -4.596505026628687762e-01 -2.682963408434071440e-01 2.243552657141273388e-01 1.395366977906137840e-01 2.408544703534393205e-01 -1.030889227247821088e-01 1.790525496898136004e-01 -1.128992818324244807e-01 -9.270040301982124253e-02 3.616939325610724065e-01 -1.056814255650087020e-01 -5.203382889357635599e-02 -1.538915806930926944e-01 -6.374190060183092255e-02 1.844780281172052061e-01 2.737658433771517075e-01 3.633205608602604192e-02 5.269932190967787332e-03 9.216980243999152445e-02 1.479386207950468025e-02 1.418912674810968444e-01 2.423592434028668252e-01
-8.252382395000865123e-02 -1.518594541287481836e-01 3.795944588925174723e-01 1.281378565423269278e-01 5.017874241302474822e-03 -3.193649387184463451e-01 5.973141375902828870e-02 -8.386249937887901851e-02 7.143803418271268968e-02 -2.399981132351721724e-01 1.041777988613281497e-01 -1.428864883918993522e-01 1.810617412251469549e-01 -1.410662074332680316e-01 -3.296778998983928011e-01 -3.340413475283852268e-02 5.748836123124523995e-02 -6.729569458016687600e-02 -7.619486514027459800e-02 -1.503749420480975374e-01 -9.468467946748164443e-02 9.088301868667100769e-02 -7.862070560212187920e-02 -1.478550762656495599e-01 4.242726247687305663e-01 -2.074751490874052196e-01 -1.668988735396155776e-01 -1.062270624740294933e-01 1.606985187641478408e-01 2.664641389759426771e-01
-8.620309748431072283e-02 1.284100710433707104e-01 -1.740417933587204147e-01 3.717435580093420011e-02 2.018473748847749161e-01 -1.776114755934808942e-01 -8.013925818649708654e-03 -3.565389934202884969e-01 1.330029100595155334e-01 -1.252614462643688031e-01 1.262414300641979958e-01 2.250927674257616473e-01 8.643442596448795701e-02 -1.214710471240948025e-01 2.767566061512884423e-01 -6.183461605942786043e-02 1.768502039194322362e-01 -2.411728486195581223e-01 2.425943502826547193e-01 1.337631500516625604e-01 -2.626912712574424047e-01 4.648506097708595131e-01 -5.899743160801313585e-02 1.437959950209175275e-01 -1.393519567665155445e-01 -5.751661369078983621e-02 -1.394691380058395436e-01 -1.126111219270973240e-01 8.661044975030106341e-02 -6.715716961877639390e-02
-9.261718365839469169e-02 1.434321215202956079e-01 5.113095886205813734e-02 -4.778997933484812471e-02 1.406763247776070813e-01 -2.921218759396170261e-01 -1.718557675742049540e-01 -1.248614454459843620e-01 -1.420293945083106191e-01 9.401383786495250139e-03 -5.548100309031139127e-02 -2.269725530785350609e-01 -6.045349782367066549e-01 -7.188714062633168311e-02 2.762351905602438221e-02 1.965543224709633552e-01 6.593890056573173397e-02 2.896465688666597371e-01 -1.874084813425909157e-01 -7.909067147583848448e-03 -1.982994828682047295e-01 -7.749291378303965749e-02 -9.969014399736020327e-02 -8.057251960487959996e-02 -2.051015418500276577e-01 1.041272627665758427e-01 -2.073587140551162167e-01 -1.107561081720671026e-01 1.914172789645070261e-01 2.862046295836772128e-02
-9.818171772221989668e-02 1.417817370034085422e-01 -1.123979115938674583e-01 1.301000105354133823e-02 -2.289971863678596786e-01 -3.207643839671736052e-01 1.707877833946268298e-01 1.899503902037313063e-01 -8.155966235567232991e-02 -3.122431853535822047e-02 -1.826680579814294048e-01 -1.418677768901228653e-01 5.882455054700286984e-02 -2.133193653612767138e-01 3.012938666953490219e-01 1.473909188003617310e-01 1.940885773715613771e-01 -1.197747220725487449e-01 -4.770762717102836059e-02 8.683243266603975219e-02 1.629718993557266182e-01 3.383381827327610475e-02 -2.794865641440349435e-01 -1.046988359128907670e-01 -6.909321658895960228e-02 -1.610131826214979134e-01 2.287857033731692177e-02 4.477978092589446901e-01 -2.088790639763891399e-01 2.455621127040948093e-01
3.190649126646014078e-01 6.470604083730319145e-02 -2.625710475682297429e-01 1.405202665850931454e-01 2.648477792128350328e-01 2.227211317564775986e-02 1.190595315610459420e-01 1.058228863439447387e-01 -7.506032736865866917e-02 -1.738578105739878588e-01 -2.846115369446804988e-01 1.943736914851509553e-02 2.295664692473225743e-01 3.077403302232329385e-01 -4.755639434533900922e-02 -8.130588334572810827e-02 1.665871461272035725e-01 2.467570488739178614e-01 -4.485858280483525501e-02 9.474565859173605942e-02 -1.344538497381646824e-01 -2.106504688081573679e-02 -4.153061507720824386e-01 -2.078144017100698460e-01 1.565904451620832027e-01 8.421657509798140262e-02 -1.007658943968302440e-01 2.703202912747764905e-02 1.812235547733092589e-01 -1.631915399283360157e-01
-1.537530749371248950e-01 1.012494501915978673e-01 2.659616106114519596e-01 -1.119606590600753515e-01 3.870166999467085089e-01 1.464144740446644000e-01 -3.578179088501459160e-01 1.583053460854740857e-01 -8.250157272669131348e-03 -1.574834595127301562e-01 -2.075526750750517069e-01 -2.095810172409539873e-01 9.141078729677892811e-02 2.299332981006127763e-01 2.158191727506990065e-01 -6.669306469891274607e-04 3.812128567898084297e-01 -1.142584727342598749e-01 6.738511330175114833e-02 -1.244291795985520699e-01 1.518079594902463532e-02 -4.209190643976501445e-02 1.371765313803061936e-01 1.862367441731891116e-01 1.136598961745537706e-01 1.088085365810074617e-01 -1.788033248013249504e-02 -1.229155157197643622e-02 -2.284621633262323148e-01 1.658928327217341070e-01
-1.998620941341038570e-01 -2.782082360465948367e-01 7.946938051515498036e-02 -6.290773796708101773e-02 -4.077349046866453330e-02 7.322201018164500863e-02 1.965486806919071183e-01 -2.489661293245196416e-01 -1.466005732443352305e-01 2.272305786632021207e-01 -3.494602429062633742e-01 -7.637155323435500243e-02 6.200638899778242868e-02 3.102261445277566532e-01 9.126468949307549317e-02 7.537311965306431327e-02 -1.153260638596559501e-01 -4.163215241113479154e-02 5.352351097670673269e-02 -1.906901984886399393e-01 6.219392796147437535e-02 1.695072765524831271e-01 -1.045234599908385770e-01 2.236740316297983200e-01 -1.103451693974930731e-01 2.495428678669113845e-02 9.761973752553891603e-02 1.008199519625379154e-01 4.557973166839661694e-01 2.480040896890964297e-01
2.103688941635507015e-01 1.336100355835580511e-01 -5.972512918571350887e-02 -3.233564484565285557e-01 -1.235791781643509474e-01 -2.563810507156102370e-01 -2.753558512494531096e-01 -8.652356463321479729e-02 -1.830869248541510397e-01 1.699480729873498186e-02 8.123566038287692581e-02 -1.750894925210993158e-01 1.484839197734123817e-01 4.400228740967109253e-01 -5.319326478177843764e-02 2.123426218766905627e-01 -4.008811604643193194e-01 -2.109399612438914162e-01 1.500685839213696804e-01 8.730880856250286537e-02 -6.091297063346509666e-02 9.837394572385761704e-02 1.232132394201024966e-02 -1.627033147504253763e-01 2.116994444310991985e-02 -6.797591218730866802e-02 -1.528157463030790919e-01 -1.224629378046559504e-02 -1.599790384365747664e-01 3.582254282388011579e-02
9.928159173787476366e-03 -8.286825374842173020e-02 -2.822285905845069998e-01 -1.256015870287384706e-01 2.347754528016956013e-02 1.996286231108224118e-01 -1.019577795919605345e-01 2.040239071995080811e-01 -1.259313858261868202e-01 -1.367646316028993114e-01 7.858883404829516972e-02 1.028215223093037756e-01 -2.712082641116464465e-01 -2.793052791205494212e-02 -9.804709756472636262e-02 1.053912591483523037e-01 -1.137834679476988631e-02 -1.948731570593283946e-01 -8.304519780756039471e-02 1.623300632521181563e-01 2.266853255731304251e-01 6.106987581302767559e-02 -3.774249904050004933e-01 2.851682151576329094e-01 1.682129601041219835e-01 -2.290190898516138440e-01 4.219297013766498683e-02 -3.854416318415780363e-01 3.011686203462874897e-02 2.767282953797273737e-01
2.091005950748223707e-01 4.750688087498868284e-01 2.240296840601346262e-01 -2.703498840821108237e-02 1.193772816477606524e-01 -7.115668998949895019e-02 1.937354003584486339e-01 -5.448725771240053167e-02 2.779201794360376399e-01 2.352548778648730632e-01 1.757598093079531798e-01 2.712099965974094223e-02 2.995709440964552939e-02 2.269122237299719402e-01 -1.430151119187580422e-01 2.629436628391338404e-01 2.072722075879024906e-01 8.411437120745940410e-02 -1.116924998732896218e-01 -6.671192067211556553e-02 2.116672406385804173e-01 3.211136819824247923e-02 -4.477395093112528784e-02 1.803344502662333759e-01 -9.713178260539602482e-02 -3.263832409903801857e-01 1.980791163883431905e-01 -3.053396834463067977e-02 8.215161475925272794e-02 -5.882057129032732673e-02
4.425667446080742105e-03 -2.771916767292363897e-03 -1.121199001423736352e-01 -2.890618904987638307e-02 -1.485800170673746423e-01 1.353461280189317550e-01 -1.914989634889477377e-01 1.902593384985520608e-01 2.483149053263923323e-01 -3.568911413355902451e-01 -1.098397458444260039e-01 3.020383630631729988e-01 -7.578083286184589262e-02 1.380791418462826992e-01 1.567031293925141566e-01 1.525458227481042983e-01 -2.716401194031151101e-02 -5.825755210678306567e-02 -2.660347386046273410e-01 -2.935458053683677737e-01 -2.113473465392869469e-02 9.168796398554097948e-02 2.651708798298754166e-01 -2.635350421467544946e-01 -1.285546915131826895e-01 -2.845132505695748826e-01 -1.121690077115884143e-01 1.064768900461316725e-01 2.766448466764092062e-01 2.687406583408355823e-02
-1.366324163493805866e-01 1.342581201063958729e-01 -1.740925051457841155e-01 1.759438738297640359e-01 -2.218517826027766870e-01 1.160069272443546989e-01 7.419980234615543291e-02 -1.203882619357416611e-01 2.188105885961912633e-01 1.609830683325662593e-01 -1.592948375134973782e-01 -2.203501099017955711e-01 2.055016006734502673e-02 9.799552268723323023e-02 2.559478405587338190e-01 -6.200454344267058299e-02 -1.340940983402169884e-01 3.060556952194708469e-01 -1.476105772862080501e-01 9.594022982773760255e-02 1.988996483084572511e-02 7.507418502888837941e-02 1.539859831181220329e-01 2.060301498022579225e-01 3.433657306148595323e-01 -2.007965360176316716e-01 -4.055343481049717425e-01 -1.621558167741435352e-01 -1.686657358544216556e-01 2.932833955247547870e-03
9.324812690169634322e-02 1.519949758791981076e-01 5.709813402028214580e-02 1.227996316841430558e-03 -3.269188435912002144e-01 4.551447791787129327e-01 -1.982122794237756169e-01 -1.411366154494439196e-01 -5.179615115754117316e-02 6.465408234297036205e-02 -3.966976528785143286e-02 -1.714946091840156561e-01 2.537034707524618571e-01 -2.258397966351409214e-01 -2.102959786554232657e-01 6.214538998229975075e-02 1.764218511070525797e-01 -2.491616156649597777e-02 3.710962368242577691e-02 -1.707503485672564603e-01 -2.560604254262555113e-01 -5.447854404294918962e-02 -2.723075089513386504e-01 6.025461659759483342e-03 -3.376990626140872753e-01 -7.778057714155400815e-02 -2.318898415996985540e-01 -6.007294171639615543e-02 -3.074957434906080631e-02 8.354138851705099345e-02
3.554478417331513040e-01 -4.000904119999412756e-01 2.316253936315450929e-02 2.684323972200073349e-01 1.051451438389163773e-01 -6.497127304925449931e-02 -2.832707772725174822e-01 -1.057709226898761457e-01 2.493999832072910788e-02 -1.269746014413064839e-01 1.390153170637578595e-01 -1.100750349190475763e-01 1.386552318117033888e-01 -5.929023201446277647e-02 1.320825735484234750e-02 2.132638975602633158e-01 3.391081885400802805e-03 1.221724161692861327e-01 -1.430717580607760442e-01 2.764176399370500414e-01 1.688140941772623138e-01 -2.629407571743283892e-02 9.894741849355857821e-02 3.570135069383159609e-01 -1.748090178137453043e-01 -5.394582727259114585e-02 -1.385891370494142238e-01 2.860280678799873577e-01 6.831262452798499141e-02 1.720340942984922503e-02
