-4.712990745915879298e-01 3.715414557467600631e-01 4.304171149833067173e-02 -3.664713514547863205e-01 4.214140355909363339e-02 8.359124837798845298e-02 -2.354374258289495259e-01 2.957053173320822390e-02 -5.745008213679819731e-01 -3.294852080217486323e-01
-4.094512275419822100e-01 -1.089267981778811317e-01 -1.186256874984175369e-01 1.429829666096756324e-01 2.407450338883156404e-01 -7.695961624390136591e-02 3.998095480674471180e-01 7.020469033180322116e-01 -9.645235631055268377e-02 2.450855408456726059e-01
-1.015555863353512743e-02 -7.184379309017996373e-01 4.547079141110430545e-01 -3.811746295345797009e-01 -1.180135152172352292e-01 1.028609520441833673e-02 -1.872175295867507527e-01 2.397257385696738852e-01 -6.318330164168812699e-03 -1.584256001170708250e-01
1.820445113936087211e-01 -3.628784263171852542e-01 -5.065576744829965172e-02 2.934926124301182049e-01 5.688397828897928665e-01 -3.444530883605172178e-02 1.922447856351041096e-01 -2.894494548924287369e-01 -4.655811264107492242e-01 -2.901811771083065428e-01
7.311635650205036696e-02 -1.283270240038880405e-01 -2.268603666182009704e-01 -2.839519044886466559e-01 -4.015334804678715730e-01 4.831348987612774093e-01 6.262054724488894664e-01 -1.458661965161943130e-01 -1.945756275237509603e-01 -1.317122402376976094e-02
9.501208443498278255e-02 -2.359933780324795921e-02 -1.778432108334494777e-01 3.905115537406382842e-01 -5.306994896811587648e-01 -3.150708346744745536e-01 1.928370418968324701e-02 2.694276166777482273e-01 -9.871906030585232694e-02 -5.853786465768799907e-01
-1.702103261993660466e-01 7.590996430293857344e-02 5.531626234764474015e-01 5.802529997604739531e-01 -1.497841780565931091e-01 5.384230809233256920e-01 -3.866891056016068251e-02 -6.458616234074323649e-03 -8.232594344219784643e-02 4.398200807131708717e-02
6.143144425087950777e-01 1.099680309256617639e-01 -1.942129910541631754e-01 -3.881471145963696218e-02 9.970050624472338863e-02 3.851638278392369719e-01 -3.323528189062367466e-01 4.844537030693367163e-01 -2.464767990081065674e-01 8.428265454123315403e-02
-3.665859875412424418e-01 -4.084456564489310493e-01 -5.622031424300624192e-01 1.992283104046958520e-01 -1.492131272653551000e-01 2.031754416144075925e-01 -4.562447810333424836e-01 -1.593147684036858580e-01 -5.416374966968816318e-02 2.073729528843793746e-01
-1.478890178329370364e-01 2.345608327944486912e-02 -1.785393025648625009e-01 -5.293963712974418534e-02 3.244208837572149506e-01 4.166264849014601479e-01 9.744061446956843106e-03 1.049753544254668630e-01 5.707651266138705770e-01 -5.720014191886935162e-01
