# CEC 2010 F19 shift vector (D=1000)
4.9122066599999997e+01
5.2633845500000000e+01
-1.9362922600000001e+01
-7.8425396100000000e+01
-2.3962892100000001e+01
-8.4001399500000005e+01
1.3455227300000001e+01
3.2267001399999998e+01
1.4989012700000000e+01
2.1866673699999999e+00
-2.4722632999999998e+01
-9.4434434699999997e+01
-4.8333715599999998e+00
9.0273128999999997e+01
5.2273457100000002e+01
-2.2220680200000000e+00
-6.5773337999999999e+00
-5.9950010700000000e+01
-6.8387824300000005e+01
-2.3158281299999999e+01
8.4256358999999996e+00
4.5812250100000000e+01
1.2857887000000000e+01
-6.6126001500000001e+01
2.5704019599999999e+01
2.2402920099999999e+01
4.3254178500000002e+01
2.3072571199999999e+01
-2.7631927500000000e+01
-9.5657895999999994e+01
7.7524331200000006e+01
-3.4845532800000001e+01
-1.3568451600000000e+01
6.1663157900000002e+01
-8.3576888900000000e+01
-3.2406013299999998e+01
-1.9002215300000000e+00
-8.3335034300000004e+01
6.0674925700000003e+01
-3.1297854999999998e+01
-2.4430216200000000e+01
-1.4509146100000001e+01
-1.3332702400000001e+01
-1.9096558500000000e+00
8.9675897199999994e+01
-6.2417773799999998e-01
7.2062416999999996e+01
-3.1348177100000001e+01
-2.6037585000000000e+01
5.2444876499999999e+00
6.2414354199999998e+01
-2.2415446800000002e+01
9.4439095300000005e+01
8.4116848599999997e+01
-1.7788986999999999e+01
3.1684093000000001e+01
-4.2306525299999997e+01
-3.8292944499999997e+01
3.7167226599999999e+01
-4.2892580500000001e+01
4.3627365500000003e+01
8.8790133299999994e+01
1.3524052299999999e+01
-4.0222916199999998e+00
-6.4626554499999997e+01
3.5529830699999998e+01
5.8927332399999997e+01
-8.8036293999999998e+01
8.0451792900000001e+01
-8.9577522099999996e+01
1.6446538600000000e+01
1.0311342200000000e+01
-2.0434890899999999e+01
2.7886866500000000e+01
2.1803298200000000e+01
2.6637646499999999e+01
-6.6787568899999997e+01
-6.4129090899999994e+01
-6.1886214300000004e+00
-1.8352663499999998e+01
5.8820061799999998e+01
-8.7901944400000005e+01
8.8905440999999996e+01
2.0621096000000001e+01
5.2637506299999998e+01
-8.7015863899999992e+00
2.7361523099999999e+01
-5.8187730899999998e+01
-9.5657153499999996e+00
1.7843879099999999e+01
3.2207066599999998e+00
-1.6025575900000000e+01
6.7428480500000006e+01
5.6115402400000001e+01
1.9306720899999998e+01
-4.5677932499999997e+01
-5.8363522099999997e+01
5.1729936500000001e+01
8.9531320099999991e+00
2.5187159500000000e+01
-4.1213265600000000e+01
6.4769181000000003e+01
-3.4218046299999997e+01
3.6731034399999999e+01
-2.9094771000000001e+01
3.6455760499999997e+01
-4.8429133000000000e+01
5.6658204200000002e+00
-6.9636834399999998e+01
-9.6614467299999998e+00
-5.2035356800000002e+01
-5.1585767799999999e+01
8.5942519599999997e+01
3.1066527799999999e+01
9.6900969599999996e+01
2.9096568399999999e+01
-6.4207318200000003e+01
5.7182953200000000e+01
-2.1898127900000000e-01
7.4389203199999997e+01
4.1512875000000001e+01
-9.0097795499999993e+00
-2.6099610599999998e+01
-4.0011710100000002e+01
2.1866841900000001e+01
3.9550423000000001e+00
7.2632604199999999e+00
-9.8760579300000003e+01
-4.5724751699999999e+01
8.5659087199999995e-01
7.4734091800000002e+01
4.5874237700000002e+01
-1.2964384099999999e+00
-6.0598603199999999e+01
7.0569054399999999e+01
-8.5693895999999995e+01
-3.1020122900000000e+01
2.9997292999999999e+01
7.6938908499999997e+01
3.3181617500000002e+01
-9.3574332299999998e+00
7.7084297699999993e+01
6.7690045799999993e+01
-7.2789046200000001e+01
-2.1648612700000001e+01
2.4600488299999999e+01
7.5403755799999999e+01
5.7067447199999997e+01
-4.3625936000000003e+01
-4.4292905800000000e+00
1.0121768100000001e+01
-7.4980872899999994e+01
1.7067454600000001e+01
6.6356787600000004e+01
1.2291781000000000e+01
8.8944643700000000e+01
-7.7906155899999998e+00
4.7173358100000002e+01
6.0083712499999997e+01
1.9262777099999999e+00
8.3757317400000005e+01
-8.6881917799999997e+01
9.2831511599999999e+01
-8.4359477499999997e+01
5.4656977500000004e+00
-1.0646182200000000e+01
-7.1686847200000003e+01
-4.1913332400000002e+01
-8.2525428099999999e+01
4.8351350199999999e+01
-5.5793752300000001e+01
-6.0392738100000001e+00
-1.1273393000000000e+01
-4.9512834699999999e+01
-5.3632068900000000e+01
-2.9882078499999999e+01
-8.4085535399999998e+01
2.0124902700000000e+01
2.0667356600000002e+01
5.6942552800000001e+00
2.6513507900000000e+01
5.0900420199999999e+01
2.5559799900000002e+01
5.3210514900000000e+01
-9.1969730500000004e+00
2.3430389200000000e+01
1.2918645600000000e+01
-6.2520017100000000e+00
-9.8269316099999998e+01
6.8422636699999998e+01
6.7873407400000005e+01
4.5306053900000002e+01
8.8789257699999993e+01
6.9466996199999997e+01
-7.1464350100000003e+00
2.8314042600000001e+01
-5.6677702300000004e+00
7.4219394800000003e+01
-6.5120008200000001e+01
7.2668771200000002e+00
2.6047127199999998e+01
6.4647981099999996e+01
-3.6869908500000001e+01
-4.9540172099999999e+01
1.5743228300000000e+01
-5.9902781900000002e-01
1.7683065299999999e+01
4.4630071299999997e+01
1.8171164900000001e+01
1.9391476200000000e+01
7.2695343100000002e+01
-6.4310125600000006e+01
1.0329642500000000e+00
6.7690244699999994e+01
8.4254037600000004e+01
9.0364234400000001e+01
4.8658879599999999e+01
5.3091794200000002e+01
8.8247422499999999e+01
-6.9450700299999994e+01
-8.5517761399999998e+01
6.5179970800000007e+01
7.5503393900000006e+01
6.3951671400000002e+01
-9.0241739499999994e+01
-3.7356492799999998e+01
-9.0372850000000007e+00
9.5814553000000004e+01
-1.1449118300000000e+01
2.9121427700000002e+01
-7.4037356900000006e+01
-6.5147047900000004e+01
9.6644240199999999e+01
-1.6733581099999999e+01
7.0462992200000002e+01
4.5986393399999997e+01
2.0075549899999999e+01
5.9452827900000003e+00
1.9704408600000001e+01
-2.6085968099999999e+01
5.9514133400000002e+00
3.8457818500000002e+01
4.8100845100000001e+01
8.8630147600000004e+00
7.6413302999999999e+01
8.9972432900000001e+00
-2.9004432600000001e+01
-7.9659462500000004e+01
-2.7600508500000000e+01
9.9438436300000006e+01
9.0807074300000004e+00
4.4237480200000000e+01
-2.5825867400000000e+00
-3.6036238699999998e+01
-3.1236951200000000e+01
9.6807413699999998e+01
4.1322599099999998e+01
-5.1780110299999997e+01
8.7508425100000000e+00
-9.4088832300000007e+01
-6.6609220100000002e+01
4.3409808699999999e+01
7.9819333099999994e+01
6.3616170300000000e+01
-3.1310476600000001e+01
-5.0822630799999999e+01
5.8257950000000001e+01
-2.4522120500000000e+01
2.6059426899999998e+01
6.0892367999999998e+01
-5.9476758099999998e+01
-2.6959816799999999e+01
7.3004153599999995e+01
3.2270537500000003e+01
6.7413817800000004e+01
4.2924322300000000e+01
2.3394321699999999e+01
6.0235398099999998e+01
2.6350791500000000e+01
9.1369634399999995e+01
1.8805651600000001e+01
-6.2485109100000003e+00
1.0210706999999999e+01
-3.1278204100000000e+01
6.1475058099999998e+01
6.9461450200000002e+01
6.4150124800000000e+01
-3.5651518299999999e+01
5.7165115800000002e+01
-4.1559493400000003e+00
6.2894166499999997e+01
-2.7552620900000001e+01
-6.9630720900000000e+01
-9.8004146399999996e+01
4.0108829200000002e+01
6.2789521499999999e+01
-9.6579706400000006e+01
-9.0531522899999999e+01
7.6380209899999997e+01
7.1855041799999995e+01
-5.4190590600000000e+01
-3.4491989699999998e+01
3.2812196499999999e+01
8.4183370100000005e+01
-2.0959448099999999e+01
2.8806806999999999e+01
-8.6362204199999994e+01
-3.0214449500000001e+01
-4.6795639500000000e+01
-7.0608580300000000e+01
-6.1747520299999998e+01
-7.2372561300000001e+01
-8.0352571499999996e+01
2.7665928999999998e+01
8.9001944699999996e+01
-2.1196739399999998e+01
5.0061432300000000e+01
-3.5341999600000001e+01
-4.0978810099999997e+01
7.1176804700000005e+01
-9.1042008999999993e+01
5.8369272500000001e+01
5.5020711599999998e+01
-9.3686661099999995e+01
9.3829021400000002e+01
-2.8353267800000001e+01
-2.2698164400000000e+01
5.5806924400000000e+01
-3.0063436599999999e+01
3.9188499200000003e+01
6.5999652999999995e+01
-3.4922900700000000e+01
-3.8065734300000003e+01
2.0819703100000002e+01
4.8592429899999999e+01
2.4279340699999999e+01
6.5294422200000000e+00
-8.5877900400000001e+01
8.1485307800000001e+01
-1.5413859400000000e+01
5.6307537500000002e+01
-5.6507061299999997e+01
-7.9863525400000000e+01
3.5481134800000000e+00
6.1371630500000002e+01
3.8457533200000000e+01
-5.6336505600000002e+01
-8.4613849599999995e+01
1.1756475600000000e+01
-3.4092298599999999e+01
-1.8582531700000000e+00
7.5432515400000000e+00
3.6824064200000002e+01
-4.4728010800000000e+01
3.3014175600000002e+01
-9.1644012700000008e+00
6.5232632199999998e+01
8.6343346800000006e+01
-8.3477596800000001e+01
-8.5983529399999995e+01
-6.9991714000000002e+01
-9.2128583300000000e-01
5.4180407600000002e+01
-4.3969236299999999e+01
-1.4273294699999999e+01
-1.2643533400000001e+01
4.4787071099999999e+01
7.7364746400000001e+01
1.2303452699999999e+00
-4.2688455899999997e+00
4.3324567199999997e+01
2.9449208599999999e+01
-1.8440038300000001e+01
6.4366079700000000e+01
6.1924997099999999e+01
-5.0563490700000003e+01
9.8579573100000005e+01
5.4317733199999999e+01
9.8073560599999993e+01
2.4913626699999998e+01
-5.6130120300000002e+00
8.2689627799999997e+01
9.2003968799999996e+01
-2.7378689300000001e+01
1.9073942299999999e+01
-4.8909450600000000e+01
3.9233563500000002e+01
1.7166445400000001e+01
-5.3403973999999996e+00
2.3328946200000001e+01
6.4926266600000005e+01
-3.9499772900000004e+01
4.1855131100000001e+01
6.5922566300000000e+01
9.7121885399999996e+01
5.4753766300000002e+01
1.3234393000000001e+01
-1.5842436800000000e+01
-2.9697084600000000e+01
7.3454235400000002e+01
2.4661990599999999e+01
8.5799340400000006e+01
-3.5413422500000003e+01
-2.0726970900000001e+01
2.4706733700000001e+01
1.5297847700000000e-01
1.8696680199999999e+01
-4.2469213900000000e+01
-1.5927304400000001e+01
-2.3893975399999999e+01
9.1587547499999999e+00
8.6313835999999995e+00
-8.1660166599999997e+01
-9.9784699900000007e+01
-8.0037609500000002e+01
-5.7119135800000002e+01
-1.3975989700000000e+01
-7.2049749700000007e+01
4.3622624000000002e+01
3.2014868100000001e+01
-6.3448136599999998e+01
7.9581637000000001e+01
-5.0449430700000001e+01
-6.0007094500000001e+01
-8.7358511600000000e+01
4.4875762000000002e+01
-5.6285570700000001e+01
1.4075104800000000e+01
-2.0060150400000001e+01
7.7569439799999998e+01
-2.2312310900000000e+01
3.7816749000000002e+01
-3.0304684099999999e+01
-8.4005833999999993e+01
3.2323305400000002e+01
-9.8601974699999992e+00
8.4537693099999998e+01
-6.7438605999999996e+00
2.9899087200000000e+01
5.7026823799999997e+00
6.9546900699999995e+01
-8.2768286799999998e+01
1.5758474700000000e+00
-3.9679539300000002e+00
3.4405769100000001e+01
-4.8845656200000001e+01
4.2238353300000000e+01
-7.2682329300000006e+01
-1.0428366300000000e+01
9.8441180700000004e+01
4.9210953000000003e+01
-6.5822591799999998e+01
2.0918860400000000e+01
8.8577875500000005e+01
3.5946498300000002e+01
-1.6100825400000002e+01
6.7445959400000000e+00
1.8216364899999999e+00
2.1283960000000000e+01
8.0542414699999995e+01
-3.3916212799999997e+01
-3.6298735399999998e+01
-3.0860763299999999e+01
-3.7275720099999998e+00
-1.6729823199999998e+01
-4.1241460300000000e+01
-4.9647395799999998e+01
-1.0365517000000000e+00
-1.7082701000000000e+01
-3.0500958000000001e+01
-8.6546406700000006e+01
-5.6614406700000004e+01
8.2566628300000000e-01
-5.0334337199999997e+00
3.1573079300000000e+01
-2.0941113000000001e+01
5.6297111899999997e+01
7.7993698400000000e+01
-7.0127187899999996e+01
-6.3033135899999998e+01
3.9274223200000002e+01
-7.9280374800000004e+01
-7.2036582199999998e+01
-3.1937033200000000e+00
5.9400631099999998e+01
-3.4198585199999997e+01
-7.0096464300000001e+00
-9.4268767100000005e+01
8.9035446100000001e+01
4.7306550000000001e+01
5.9536516700000000e+01
3.3119318499999999e+01
1.6462143499999999e+00
-9.9087020300000006e+01
-3.9340465600000002e+01
3.1337646800000002e+01
1.4439555600000000e+01
2.7563180200000001e+01
3.6871239500000001e+01
4.6647933299999998e+01
-1.0453266400000000e+01
9.2673583100000005e+00
-2.9860769300000001e+01
-9.8434522299999998e+01
-2.5366824000000001e+01
-3.4770661599999997e+01
5.5250170799999999e+01
3.6475126900000001e+00
1.6932119900000000e+01
-6.7967219400000003e+00
3.3553213200000002e+01
-7.2497609400000002e+01
-7.0645210399999996e+01
9.3049442599999992e+00
7.9442996100000002e+01
5.3992795299999997e+01
-5.0342541300000001e+01
-5.3709885000000000e+01
-3.5543119500000002e+00
1.8566163599999999e+01
-3.8929389200000003e+01
4.8553938799999997e+01
8.3414278400000001e+01
4.5275514700000002e+01
9.0091782100000003e+01
-6.7966586300000003e+01
-5.7451091599999998e+01
4.3093215899999997e+01
6.5721471199999996e+01
-3.0479489600000001e+01
3.6587109900000002e+01
-4.3006355500000000e+00
-6.5979106900000005e+01
-8.8490191899999999e+01
-5.0301612900000003e-01
-8.3606033900000000e+01
-2.7619690599999998e+01
-7.5589603299999993e+01
2.0594175699999999e+00
-2.7630715700000000e+01
-7.0780168599999996e+01
-1.4893199600000001e+01
4.1367467099999999e+01
7.8234684999999999e+01
8.2576903000000001e+01
-1.1916502700000001e+01
-9.8314711799999998e+01
4.4516356500000001e+01
-9.6176296500000007e+01
6.4315262000000004e+01
9.8472595999999996e+01
5.6265305300000001e+01
5.2154552199999998e+01
-5.2736756600000000e+01
-3.2827895300000002e+01
-3.0615201200000001e+01
1.5749859300000001e+01
-7.8383547800000002e+01
-7.1906779900000002e+00
-9.1957218299999994e+01
-4.7981426700000000e+01
7.8334706900000004e+00
-9.9436596300000005e+01
-9.3930530200000000e+00
-8.9993664899999999e+01
1.3952352100000001e+01
-3.0369737199999999e+01
1.3695134899999999e+01
9.3957117699999998e+01
3.6221111999999998e+01
-9.4072758600000000e+01
-1.6343465999999999e+01
3.7064263300000000e+01
9.2814334400000007e+01
4.8599239300000001e+01
-9.8640300300000007e+01
-9.2155204600000005e+01
-3.5311987000000002e+01
2.3836240499999999e+01
8.3492686100000000e+01
-4.8817240800000000e+01
-5.0430801399999998e+00
1.9510125800000001e+01
9.2372172700000004e+00
8.6720064300000004e+01
4.9505688399999997e+01
-1.7767736400000000e+01
7.8661543399999999e+01
-3.1382670800000000e+01
3.1521394099999998e+01
-6.7131784100000004e+01
-2.0715605799999999e+00
2.3038641699999999e+01
-4.4850033400000001e+01
6.1616413899999998e+01
8.9373163899999994e+01
2.1389825099999999e+01
3.2187989799999997e+01
5.4124889799999998e+01
-1.3732406299999999e+01
6.4387249199999999e+01
3.6308656300000003e+01
8.2454191899999998e+00
-8.7373880299999996e+01
-6.5094200799999996e+01
1.9630618200000001e+01
9.6548806700000000e+01
-5.0797247499999997e+01
4.4927785999999998e+01
-4.6664648999999997e+01
-4.6468496199999997e+01
-6.0710644799999997e+01
2.7765395200000000e+00
-4.0822181999999998e+00
6.8529700099999999e+01
-8.7167742500000003e+01
-1.6559100300000001e+01
-5.7375815799999998e+01
5.0334032800000003e+01
1.9279925299999999e+01
-4.1301586200000003e+01
-6.1968002200000001e+01
-2.1430821200000000e+01
9.4179683900000001e+01
1.1495536800000000e+01
-5.0567073999999998e+01
6.9937411400000002e+01
7.4283135400000006e+01
-9.5538615699999994e+01
-4.2644423600000003e+01
1.4319323799999999e+01
8.4637705400000002e+01
-4.6283891599999997e+01
-5.6145631999999999e+01
4.2238766400000003e+01
-3.0091951899999998e+00
-3.2922683399999997e+01
-3.9964464100000001e+01
-7.0619861299999997e+01
9.3062987800000002e+01
-2.4620173600000001e+01
7.9561141000000006e+01
8.1370289400000004e+01
-1.4085624599999999e+01
3.8831612900000003e+01
-9.9898663200000009e+00
-4.9457559699999997e+01
3.0535884899999999e+01
2.1343817800000000e+00
5.0791763400000001e+01
-4.8592907400000001e+01
-4.2293892600000000e+01
-1.6244895199999998e+01
4.3371377000000003e+01
3.2531193799999997e+01
-1.9150930899999999e+01
7.7956855599999997e+01
-2.7605200900000000e+01
-8.7774717600000002e+01
9.3597180499999997e+00
-5.9216070799999997e+01
-7.0120608000000004e+01
-2.8641680800000000e+01
1.1052776900000000e+01
-4.3856374199999998e+01
-7.9301854599999999e+01
7.5840102000000002e+01
6.6372068799999994e+01
-4.7827240199999999e+01
6.5758625300000006e+01
-2.1591389299999999e+01
-9.7231263100000007e+01
6.4928790899999997e+00
7.8828293599999995e+01
6.0751399700000004e+00
-2.2661175700000001e+01
7.2525831499999995e+01
1.5344369500000001e+01
1.8334246600000000e+01
-1.4940577100000000e+01
-6.0654472900000002e+01
-2.9762722400000001e+01
5.6642703599999997e+01
4.0592419200000002e+01
-1.2251669900000000e+01
2.6858451200000001e+01
9.7607904899999994e+01
5.5922203900000000e+01
-1.1429279299999999e+01
-5.9191132000000003e+01
1.0015152400000000e+01
-5.2446801299999997e+01
-6.5166503000000006e+01
-1.9659928699999998e+01
-3.0292696700000000e+01
-4.5293236499999999e+01
-9.9141590399999998e+01
1.0939084500000000e+01
-8.1339579799999996e+01
-2.3355987800000001e+01
1.9170278000000000e+01
1.1285120600000001e+01
-1.5673697600000001e+00
8.8195851700000006e+01
-4.9285094999999998e+01
5.2328273199999998e+01
-1.5817883600000000e+01
1.9936048199999998e+01
4.8160014099999998e+01
-4.5035657600000000e+01
-8.2067954599999993e+01
-2.3568150400000000e+01
8.5611538599999992e+00
-2.7487749600000001e+01
-1.5932156400000000e+01
-5.5885611599999997e+01
5.5930447100000000e+00
9.0708319000000003e+01
-6.7034679600000004e+01
1.0641995700000001e+01
-1.1816103000000000e+01
6.3175102900000004e+00
-3.5571174499999998e+01
7.6772273600000005e+01
-8.4131679000000005e+01
-3.2350650999999999e+01
1.7845983300000000e+01
3.6574820799999998e+01
9.7579959000000002e+01
8.2365072799999997e+00
3.3310846800000000e+01
8.2205771200000001e+01
-6.6060562599999997e+01
5.8004484800000000e+01
8.2979869300000004e+00
3.9088072900000000e+01
-3.3349442400000001e+01
5.6642323699999999e+01
-7.6054349200000004e+01
-2.7636541000000001e+01
6.0651400200000003e+00
-3.1772305200000002e+01
9.3264862100000002e+01
-4.0904764700000001e+01
-3.2448443500000003e+01
9.0495910600000002e+01
1.6823869200000001e+01
-3.6221754599999997e+01
-2.3993446800000001e+01
1.5694412600000000e+01
5.3214378900000000e+01
8.6338909200000003e+01
-7.2337446700000001e+01
-1.0136836100000000e+01
3.7159701499999997e+01
-4.0118667299999998e+01
6.3970350799999999e+01
6.7621530199999995e+01
-1.4768786300000000e+01
9.1025516499999995e+01
-5.0681764700000002e+01
2.5156304500000001e+01
1.4231855400000001e+01
-8.1110853700000007e+01
4.6070993100000003e+01
-6.3530409900000002e+01
7.0974926100000005e+01
-2.3136191499999999e+01
-3.2558036299999998e+01
7.7894660200000004e+01
-9.8608675700000006e+01
5.2993804799999999e+01
8.5456853199999998e+01
7.2081808499999994e+01
-8.0248948799999994e+01
3.0932243799999998e+01
9.1848229300000000e+01
8.9932337300000000e+01
9.5325351699999999e+01
4.3628009700000000e+01
5.3671079100000000e+01
-3.5713968299999998e+01
5.5357779499999999e+01
-3.7322546400000000e+01
-3.4317240800000000e+01
3.9489888399999998e+01
8.8385201300000006e+01
-6.1187280799999999e-01
2.1235646799999999e+00
7.4948862800000001e+01
2.3496111299999999e+01
-9.7598987899999997e+01
6.8907469899999995e+01
-2.9934968600000001e+01
-6.6947064600000004e+01
4.2823053299999998e+01
6.8076671500000003e+01
-1.9974774300000000e+01
2.7523713200000000e+00
-4.4610754600000000e+01
-5.4164692400000000e+01
-4.0897356799999997e+01
-6.8952508899999998e+01
-1.2190475800000000e+01
1.9279577700000001e+01
-4.7807876100000001e+01
-6.8396097699999999e+01
7.7648129999999995e+01
1.9394228699999999e+01
-3.7039262999999998e+01
-1.0540072599999999e+00
1.5870794000000000e+01
-9.4298664599999995e+01
1.4810716700000000e+01
-1.1843151900000001e+01
-2.1654409200000000e+01
1.0230546300000000e+01
-5.7527971899999999e+00
1.6839468799999999e+01
7.1970369099999996e+00
-4.2578678400000001e+01
5.7614635300000003e+01
-9.4907871000000004e+00
2.8350778100000000e+00
4.9596325999999998e+01
-5.9763283399999999e+01
-4.4563628000000001e+01
-2.6971158400000000e+01
-5.8934148300000002e+00
-1.5365776800000001e+01
7.8526454099999995e+01
5.9516160300000003e+01
-1.7611525000000000e+01
-1.3253652300000001e+01
7.4695210200000005e+01
2.5187893400000001e+00
-7.0886933999999997e+01
-1.0098547099999999e+00
-6.4988485699999998e+00
-3.3522490400000002e+01
-7.9880526799999998e+01
-8.0666285900000005e+01
1.1130560800000000e+01
-9.2388403600000004e+01
7.0162038300000006e+01
-1.9302125900000000e+01
-6.3509515700000001e+01
7.4908963099999994e+01
7.7016541799999999e+01
-5.7230974400000001e+01
9.6918948400000005e+01
-7.7929036199999999e+01
-1.0953115499999999e+00
-3.7665984899999998e+01
-3.1279748699999999e+01
2.8286858899999999e+01
-7.9681847700000006e+01
-2.3093603600000002e+01
-1.8596275800000001e+01
8.6934780500000002e+01
9.5168037299999995e+01
-3.5069209800000003e+01
5.4152072400000000e+00
8.9366897100000003e+01
4.4928671700000002e+01
-2.8298440399999998e+00
9.0867223499999994e+01
7.0823700099999996e+01
3.0384215300000001e+01
-8.4967356600000002e+01
3.0256745299999999e+01
1.8763733999999999e+01
-8.7905726400000006e+01
-4.5761907399999998e+01
1.7200744600000000e+01
2.5940204600000001e+01
-3.9912375599999997e+01
-4.2138841900000003e+01
-2.7527084400000000e+01
8.6747425000000007e+01
2.8870489100000000e+01
-3.2532319800000003e+01
-5.4583129499999998e+01
8.3239608200000006e+01
-6.5576969199999994e+01
-1.8276353499999999e+01
-4.0537545799999997e+01
-4.1472241699999998e+01
-9.3025951699999993e+01
9.3700354300000001e+01
-2.7776890399999999e+01
-5.5190992299999998e+01
7.6054552200000003e+01
-6.6592506700000001e+01
-9.3116727499999996e+01
7.3011247400000002e+01
5.3743783899999997e+01
7.1958533700000004e+01
-8.6926597000000001e+01
-6.6185394299999999e+01
5.4865021499999997e+01
5.4417898100000002e+01
-1.9606486400000001e+01
-8.4411460199999993e+01
4.4887422500000000e+01
-1.0014627700000000e+01
-4.8299230700000003e+01
3.8996911099999998e+01
6.1170481199999998e+01
-4.4449021500000001e+01
-3.2101518400000003e+01
-8.0401659300000006e+01
1.4122660199999999e+00
-3.0475200500000001e+00
3.0189864900000000e+01
-9.2639438699999999e+01
2.0524506899999999e+01
-7.1859703600000003e+01
-1.8838003799999999e+01
-5.8961148199999997e+01
1.3694745400000000e+01
-7.2806013500000006e+01
-2.3730323700000000e+01
-6.2720965000000000e+01
-4.6289395100000000e+01
-6.1965240100000003e+01
6.6008108199999995e+01
9.4483881199999999e+01
-4.0092243300000000e+01
5.3814394699999997e-02
-4.1158630600000002e+01
-1.8855079300000000e+01
6.3357461000000001e+01
-3.8773869699999999e+01
3.6722006600000000e+01
-2.7127727600000000e+00
-4.5468953000000001e+00
6.3759176300000000e+01
-2.6541743499999999e+01
2.6128143199999998e-01
6.5440771100000006e+01
8.5954771000000001e+00
3.6879288500000001e+01
9.4885448199999999e+01
-3.5200747000000000e+01
-7.4172306899999995e+01
-8.8453872899999993e+01
-4.9572295599999997e+01
-1.9301019400000001e+01
2.6056402700000000e+01
4.1987533100000000e+01
-1.3974289600000001e+01
5.1620186400000003e+00
-8.7379197099999999e+01
2.9946097800000002e+00
5.8084644699999998e+01
-6.4383252400000003e+01
7.8510068000000004e+01
3.3575128800000002e+01
-4.5080963699999998e+01
3.6712766700000003e+01
-1.3918785200000000e+01
3.5204243900000002e+01
1.8318152300000001e+01
6.5842072999999999e+01
7.0955443799999998e+01
-4.1840807900000001e+01
7.7530037399999998e+01
9.7110542600000002e+01
2.1464160000000000e+01
-7.8382432899999998e+01
3.7229845699999998e+01
6.7728294000000005e+01
-2.6702027800000000e+01
-5.3729721900000001e+01
-9.0757404300000005e+01
4.5388841499999998e+01
2.6959891800000001e+01
-3.3854392700000000e+00
9.7375461599999994e+01
5.8042739400000002e+01
-1.9981880499999999e+01
-9.6985781500000002e+01
-2.5293217299999998e+01
-4.7618157099999998e+01
3.3145927700000001e+01
1.6652043500000001e+01
7.0309605199999993e+01
-9.2249996300000006e+01
9.1003717499999993e+01
-8.8848965000000007e+01
5.5171404500000001e+01
6.3430062200000002e+01
8.4868218600000006e+01
3.0895836700000000e+01
-3.0684552300000000e+01
-1.3069076600000001e+01
6.4342071599999997e+01
-4.1566571500000002e+01
1.6547217700000001e+01
