# CEC 2010 F07 permutation vector 0-based (D=1000)
449
237
943
273
786
530
667
531
94
685
40
706
229
557
829
36
632
260
759
131
499
58
255
832
422
835
744
221
560
928
83
18
386
704
942
810
488
114
236
48
14
904
280
397
414
478
850
593
775
650
43
962
880
335
527
823
321
404
452
323
347
97
439
319
811
113
86
482
214
604
191
502
561
648
571
6
394
143
461
372
483
869
451
781
311
772
529
538
176
727
185
778
301
68
564
551
247
684
16
975
908
670
946
133
66
203
174
698
622
267
366
252
795
909
851
353
202
952
468
284
122
822
272
228
562
990
20
631
283
215
421
740
838
969
477
636
149
541
556
658
902
674
345
495
973
171
724
544
1
777
370
602
148
657
700
175
549
738
609
937
390
155
719
109
38
956
626
339
444
951
985
796
220
352
701
728
101
226
364
803
997
769
606
19
486
567
84
242
342
169
573
733
128
274
963
720
566
501
770
313
41
900
615
861
239
791
265
416
375
92
26
722
729
714
690
71
881
666
763
976
303
575
235
261
961
420
977
641
337
194
96
59
269
241
639
665
398
358
484
199
13
830
723
983
254
535
699
64
536
776
134
730
81
100
268
735
392
487
852
831
877
31
929
984
424
455
141
363
999
430
39
732
788
248
209
75
709
954
550
180
504
510
695
978
341
916
11
612
886
897
225
78
558
405
837
106
98
450
726
958
473
967
871
806
503
190
188
213
768
123
250
637
971
471
217
373
614
448
677
800
276
620
572
82
661
767
523
160
60
291
683
779
210
940
577
819
913
646
138
889
249
145
903
74
240
387
509
526
130
135
161
61
118
920
441
581
111
713
917
675
957
187
383
519
570
35
873
511
150
912
948
162
324
717
139
932
809
651
707
734
69
753
186
158
662
119
583
645
349
379
821
403
655
282
234
181
989
610
576
874
389
104
467
896
808
21
343
521
994
813
790
506
384
173
465
183
230
854
53
882
49
746
892
105
77
378
888
934
245
93
426
498
525
574
129
410
950
256
494
875
982
676
814
299
805
607
919
935
751
910
691
816
336
407
243
376
433
757
22
328
507
56
33
396
63
380
659
70
208
312
589
103
4
266
44
497
927
493
438
453
515
253
354
108
879
553
939
827
815
304
694
85
306
112
182
431
357
377
833
773
315
413
980
516
205
764
590
801
539
949
922
595
799
885
192
356
152
406
3
915
172
246
393
616
434
333
427
470
281
756
88
314
872
979
752
476
542
399
673
901
668
587
807
580
660
988
368
797
741
514
417
270
689
664
794
559
992
308
8
367
87
522
649
688
262
385
412
67
489
454
275
200
594
355
895
671
329
818
605
348
855
340
579
295
460
766
443
824
812
330
371
640
708
144
697
317
17
828
923
464
762
867
862
782
996
132
204
678
844
555
712
647
804
552
687
462
307
271
569
859
540
748
703
238
296
893
798
79
481
898
346
945
907
705
419
652
212
638
166
65
496
177
906
991
876
500
46
57
137
931
858
891
259
849
843
95
437
62
743
642
792
884
300
159
374
718
894
27
998
305
749
802
293
211
72
586
446
42
263
878
332
381
696
285
23
836
223
518
533
625
853
206
672
513
864
55
783
170
739
644
710
955
890
179
839
326
480
817
402
73
911
856
981
512
731
548
842
232
469
845
117
613
600
547
599
142
457
24
294
592
711
774
50
264
623
736
322
458
286
207
578
164
680
361
789
124
938
930
725
968
231
972
663
197
479
196
597
198
543
715
591
344
120
12
925
621
382
244
37
492
887
279
338
52
445
554
107
193
618
926
758
25
848
428
409
582
596
960
974
936
154
785
633
178
682
29
761
584
292
517
189
51
545
747
350
826
653
993
546
771
472
628
857
585
224
418
865
520
745
456
635
7
365
686
116
153
195
401
227
959
474
459
466
233
654
883
870
167
899
970
151
475
15
395
534
490
110
360
721
716
91
820
327
429
257
755
611
287
163
630
765
793
565
508
941
528
987
125
121
750
423
316
860
45
737
656
933
32
5
320
289
76
435
787
924
679
442
157
436
693
760
391
524
634
140
669
601
914
629
905
643
868
617
603
681
362
840
944
278
440
136
742
447
34
953
537
218
463
568
411
309
258
847
784
866
918
964
627
331
947
588
47
995
986
965
90
165
532
325
491
825
702
624
415
432
251
222
201
302
754
156
219
388
102
598
966
485
359
184
288
54
608
80
147
425
115
563
0
277
126
780
863
351
297
146
692
921
834
310
846
298
127
89
505
408
99
841
168
334
216
30
369
318
400
9
619
10
290
28
2
