# CEC 2010 F07 shift vector (D=1000)
3.8460110000000000e+01
-1.0859293600000001e+01
-9.3940718599999997e+01
9.7546699599999997e+01
5.6917855299999998e+00
-2.7426089000000001e+01
-2.3962551800000000e+01
2.9588363800000000e+01
9.2708963499999992e+00
9.9029871000000000e+01
1.5581643999999999e+00
-3.4279472800000001e+01
7.7779441599999997e+00
4.9356054899999997e+01
8.5984184099999993e+01
-3.4387589100000000e+01
-8.4933763900000002e+01
-7.0094954200000004e+01
-7.0379498499999997e+01
8.7094077300000006e+00
3.5257513699999997e+01
-7.3590789200000003e+01
3.6031275200000003e+01
1.7201553700000002e+01
-3.1579892999999998e+01
4.5812557200000001e+01
-1.1657284999999999e+00
5.3377789499999997e+00
3.3361303100000002e+00
7.5404517100000007e+01
-3.4105130400000000e+01
-1.7378262200000002e+01
2.5272386699999998e+01
1.0533318800000000e+01
-9.4063317999999995e+01
-5.6049922700000003e+01
-5.1451818000000003e+01
2.7234234600000001e+01
-3.4128007599999997e+01
-2.9285481200000000e+01
-8.6714951200000002e+01
3.6194989900000003e+01
-5.1125190900000000e+01
-6.9863706800000003e+01
-9.9894255999999999e+01
7.3315677600000001e+01
-6.7374083200000001e+01
-5.4902199400000001e+01
4.3095628099999999e+01
-4.6420121100000003e+01
-3.4171108300000000e+01
-5.5597769800000002e+01
7.2499329599999996e+01
9.6999413799999999e+01
3.5308227000000002e+01
-9.1793771399999997e+00
-9.2466972100000007e+01
9.4478427999999994e+01
6.2990561399999997e+01
-1.7318578500000001e+01
2.3395246799999999e+01
9.5711915099999999e+01
8.6128962400000006e+01
-1.4185541100000000e+01
-8.8873372799999995e-01
1.2911505100000000e+00
-7.2991177899999997e+01
7.1204502500000004e+01
9.8907106600000006e+01
-3.9867947800000003e+01
-2.4807182200000000e+01
4.6059328600000001e+01
3.6473017799999998e+00
7.8086197200000001e+01
-8.0811778700000005e+01
6.1872983799999997e+00
2.3240457800000001e+01
2.3016731199999999e+01
4.1890372300000003e+01
-2.3854845200000000e+01
2.2204301699999998e+01
7.1014795300000003e+01
-3.9998740300000001e+01
9.3520785200000006e+01
1.9940401300000001e+01
-4.3148069399999997e+01
8.1403632899999998e+00
-3.7949735599999997e+01
4.7011734300000001e+01
-2.0164955899999999e+01
6.5767785900000007e+01
-4.9672696999999999e+01
-4.6423459200000003e+01
6.1941882100000001e+01
-4.0676132899999999e+01
-5.9884901999999997e+01
6.9191508799999994e+01
-3.4528837799999998e+01
4.3780333700000000e+01
-5.9377550599999999e+01
-5.8157418499999999e+01
6.4427299800000000e+01
9.0135746100000006e+01
7.8264336200000002e+01
-5.6051753900000001e+01
7.6607828699999999e+01
9.9861771499999996e+00
-4.5961423300000000e+01
6.7723257000000004e+01
1.8521785099999999e+01
1.0552626099999999e+01
-1.9264559700000000e+01
-3.2388426600000003e+01
-2.2228522099999999e+01
6.3408602199999997e+01
4.8864605599999997e+01
2.9774055799999999e+01
1.6408903400000000e+01
-2.7690088899999999e+01
-5.0747950399999997e+00
-2.7211151000000001e+01
-2.0150789600000000e+01
7.6767018600000000e+01
-6.4833609100000004e+01
3.9818449899999997e+01
5.7785893499999998e+00
-6.0798904200000003e+01
-5.8079025299999998e+01
4.0914712700000003e+01
-8.0847426100000007e+01
3.7134416899999998e+01
-4.1872261399999999e+01
1.5924678100000000e+01
8.7507184099999993e+00
-8.6249018799999995e+00
-7.6758651200000003e+01
-1.2263133099999999e+01
5.9628696900000001e+01
7.9559314799999996e+01
-8.9193786799999994e+00
-2.1135700400000001e+01
-9.6117797699999997e+01
-2.4612032699999999e+00
-2.5054698700000002e+00
5.4477583899999997e+00
-7.6307852600000004e+01
6.7506175900000002e+01
-2.3367626900000001e+01
-7.7745246499999993e+01
-2.6175261400000000e+01
-4.4161102000000000e+01
6.2716616299999998e+01
-8.7464240000000004e+01
4.3507506200000002e+01
7.5785110200000005e+01
-2.2823652800000001e+01
-1.1881199900000000e+01
-6.0448562899999999e+01
-5.8714954200000001e+01
1.5912859700000000e+01
3.8813212200000002e+01
5.0270362300000002e+00
-9.7930420400000003e+01
7.3688582299999993e+01
2.4296819099999998e+00
1.5327982700000000e+01
3.9961540700000000e+01
6.6494480100000004e+01
-8.5280064400000001e+01
6.6236424200000002e+01
7.9294515300000000e+01
4.8205537100000001e+01
8.1170225000000002e+01
1.7971317700000000e+01
-1.1147595700000000e+01
-4.5429785600000002e+01
7.5765553999999995e+01
-2.3669746499999999e+01
9.6455619099999996e+00
4.2192087000000001e+01
2.0184776200000002e+01
-9.9969445500000006e+01
-6.5292484599999995e+01
3.3416446700000002e+01
-7.7264174499999996e+01
-4.2613708299999999e+01
4.0144088400000001e+01
3.8303649399999998e+01
4.3228718499999999e+01
1.3614751200000001e+01
-2.9922888199999999e+01
-4.2887634100000000e+01
-5.4345255000000003e+00
1.0249705100000000e+01
8.0051992799999994e+01
9.4269113099999998e+01
-9.6797890199999998e+01
5.9769564400000000e+01
-8.6863478599999993e+01
-7.7577721199999999e+01
-1.2379973800000000e+01
-7.6955259799999993e+01
4.1169509699999999e+01
-7.7984177700000004e+01
3.6237499499999998e+01
-2.4277707199999998e+01
4.3767333499999999e+01
-8.0216774299999997e+01
6.4189676399999996e+01
9.1157600500000001e+01
6.7485248999999996e+01
-4.1714733799999998e+01
-3.1820256300000000e+01
-2.1870208000000002e+01
7.9424604700000003e+01
3.3884591600000000e+00
-4.8216209100000000e+01
-6.2801987699999998e+01
-3.3586524099999998e+01
7.3062585400000003e+01
-4.7206744499999999e+01
6.6301632299999994e+01
-7.3403184899999999e+01
-3.3467486100000002e+01
-6.6752910000000000e+01
-4.5798298099999997e+01
6.9192129400000002e-01
3.7751339799999997e+01
-6.0004072399999998e+01
-9.7986115399999996e+00
1.8133052800000002e+01
1.9094125800000000e+01
1.7693264100000000e+01
2.4627512800000002e+01
5.0930278000000001e+01
1.2193625800000000e+01
-1.5560972100000001e+01
-7.4420792500000005e+01
5.7398199800000000e+01
-4.4407372000000002e+01
-5.4558842800000001e+01
3.8282961499999999e+01
-8.9469400500000006e+01
-5.7050615499999999e+01
-2.7497922299999999e+01
1.9974128100000001e+01
-1.5995702700000001e+01
5.5980640100000002e+01
2.8902635700000001e+01
1.7519749800000000e+00
-6.4458859200000006e+01
-9.6729357799999995e+00
4.0919967300000003e+01
2.6065628700000001e+01
-3.0558715800000002e+01
-2.5710557500000000e+01
-6.0704692199999997e+01
9.7597965999999996e+00
-4.3585345100000001e+00
-9.2416973700000000e+01
-6.7852537799999993e+01
4.9079124399999998e+01
1.0055793100000001e+01
-9.3940489600000006e+01
-8.9878582399999999e+01
-3.3635981999999998e+01
9.2756899199999996e+00
5.2413643399999998e+01
4.2196096699999998e+01
-3.7954843900000000e+01
1.7367069600000001e+01
-5.4115382900000000e+01
-6.1255055599999999e+01
-8.9753059299999993e+00
-3.7415149599999999e+01
9.2271727200000001e+01
3.4083694999999999e+01
9.3463050699999997e+01
-8.6606477400000003e+01
-6.0477819900000000e+01
5.7459641400000002e+01
-6.5932617300000004e+01
7.1665352700000000e+01
-6.6814548000000002e+01
7.8186876100000006e+01
6.6967213999999998e+01
5.6981340699999997e+01
9.2135875100000007e+01
6.0698124499999999e+01
9.7901798999999997e+01
-5.8346428899999999e+01
-4.4236678400000002e+01
-1.4285589999999999e+01
-7.6381162300000000e+01
4.6098096800000000e+01
4.4492742399999997e+01
-7.2826363900000004e+01
-7.2384119100000007e+01
-2.7797406200000001e+01
5.5751357600000002e+00
-9.7897732300000001e+01
-6.8611408100000006e+01
-9.0397640199999998e+01
-5.9073955800000000e+01
-5.7554328599999998e+01
4.3766216499999999e+01
8.6069001499999999e+01
-5.0432584300000002e+01
-4.7892736800000002e+01
4.7278990499999999e+01
4.5183801299999999e+01
4.0447287000000003e+01
9.7573015600000005e+01
1.5260372100000000e+01
-2.3288521500000002e+01
3.6056383699999998e+01
-1.1984901199999999e+01
4.3257724300000000e+01
7.2858405899999994e+01
4.0982203800000001e+01
2.9281207200000001e+01
-2.0375551699999999e+01
-5.1415435500000001e+01
-4.1370317099999996e+00
-8.0599132999999995e+01
-4.9834469200000001e+01
-7.9321441100000001e+01
6.1161930200000000e+01
-5.1708665099999997e+01
-8.4027761299999995e+01
4.6805568700000002e+01
-7.2902957900000001e+00
7.1711008500000005e+01
4.2583687699999999e+01
-1.1228216400000001e+01
-7.1692722900000007e+01
-5.1909645500000003e+01
7.3624521099999995e+01
-5.8337077399999998e+01
-2.9862816299999999e+01
3.8926824900000000e+01
-2.2420422599999998e+01
2.9467204800000001e+01
1.7080431900000001e+01
6.7470590500000000e+01
-4.5899871800000000e+01
6.1971263000000000e+01
3.3421987899999998e+01
-9.7721663599999999e+00
-9.6789915400000002e+00
2.5652240200000001e+01
5.8916027499999998e+01
8.9312547400000000e+01
-2.7745814200000002e+01
-8.0333430799999999e+00
7.9969961699999999e+01
-5.0334668499999999e+00
-8.1410272599999999e+01
-2.4886733000000000e+01
5.3606797200000003e+01
-4.6951980199999999e-01
1.0234098400000001e+01
-9.0688527600000000e+01
5.7890801500000002e+01
3.4807663800000000e+01
-3.4422751099999999e+01
-9.3049257500000007e+00
-3.8771990700000003e+01
3.6010680200000003e+01
7.2004836100000006e+01
9.3415356900000006e+01
8.0340831600000001e+01
-6.5927995199999998e+01
-2.4970922600000002e+01
5.0485365899999998e+01
-3.8552187699999998e+01
7.1681661399999996e+01
2.1701027499999999e+01
3.6913749800000000e+00
1.9529585800000000e+01
-3.5883203500000000e+01
-8.2085970200000006e+01
2.2477915700000000e+01
1.6415044900000002e+01
2.7909869900000000e+01
1.5837177499999999e+01
8.5442563100000001e+01
-6.5308454100000006e+01
1.9005835500000000e+01
-5.0424922899999999e+01
2.7572193599999999e+01
2.4900392900000000e+01
2.3284548000000001e+01
-8.7303078600000006e+01
-1.5096668400000000e+01
7.1285522299999997e+01
7.3738416900000004e+01
-5.3843806299999999e+00
-7.5799401000000003e+01
-2.6055014000000000e+01
3.6843869499999997e+01
-1.6916145000000000e+01
-9.6245052700000002e+01
-3.8007125899999998e+01
4.9224291800000003e+01
-1.5260820999999999e-01
-6.5257315700000007e+01
-7.0554136799999995e+01
6.5959928500000004e+01
-5.4530491099999999e+01
8.5623177399999992e+00
6.4263659000000004e+00
9.4663480699999994e+01
-3.8480233800000001e+01
9.3945694399999994e+01
-1.7459362599999999e+01
3.1563315100000001e+01
-7.1384473799999997e+00
-2.0842771400000000e+01
-2.7296543700000001e+01
-6.8220429499999995e+01
1.7748162799999999e+01
5.7878816200000003e+01
4.8164669000000004e+01
-2.9228743600000001e+01
9.1580151299999997e+01
5.6389614799999997e+01
9.3961399200000002e+01
7.7643372700000000e+01
3.3505897800000000e+01
-8.3723841399999998e+01
-4.0886771299999998e+00
3.9115274900000003e+01
8.9280902400000002e+01
3.4524137799999998e+01
-5.1967279499999997e+01
-8.2282895800000006e+01
4.0600002199999999e+01
9.3559899299999998e+00
4.3374370399999997e+01
7.0139793299999994e+01
-7.5420498599999997e+00
-3.3009313499999999e+00
-9.4305865900000001e+01
4.0332798699999998e+01
5.5125668200000000e+01
-4.7193927000000002e+01
9.7946327900000000e+01
4.2511362599999998e+01
-4.9577842500000003e+01
-4.7523939900000002e+01
2.2232509000000000e-01
-8.5771262600000000e+01
2.5736580199999999e+01
-5.2371777999999999e+01
1.8982467300000001e+00
-2.5400660899999998e+01
6.4443553600000001e+01
-7.2775794599999998e+01
-6.3832164900000002e+01
3.6387869199999997e+01
-4.4859257300000003e+01
7.5646002999999993e+01
-8.1923036300000007e+01
-2.5499375300000001e+01
4.2483547600000001e+01
7.8385727000000003e+01
8.3206368699999995e+00
5.4172096300000000e+01
-4.3949757300000002e+01
3.8157583700000004e+01
8.4692546899999996e+01
4.0716248999999998e+01
4.1047934400000003e+01
-5.2409996800000002e+01
9.7977542200000002e+01
1.1597526400000000e+01
-5.3364627499999999e+00
-4.2041652900000003e+01
2.8087213200000001e+01
-8.5607690499999993e+00
2.4704935400000000e+01
-7.5826248500000005e+01
3.8644774400000003e+01
7.8122231700000000e+01
-3.1498029800000001e+01
-3.8246397700000003e+01
4.2767763500000001e+01
-1.7554397900000001e+01
9.4686485500000003e+01
-9.7121888200000001e+01
2.2825690099999999e+01
5.9950803899999997e+01
-4.4714891899999998e+01
-1.4833576900000001e+01
7.3178720999999996e+01
-6.4928975699999995e+01
-4.3896142900000001e+01
1.4962580200000000e+01
8.0886935799999993e+00
-2.4508205000000000e+01
2.1921107599999999e+01
-8.4950893699999995e+01
3.8259991200000002e+01
-1.1841150000000001e+01
-1.9065141300000001e+01
1.0427508899999999e+01
-5.0445443400000002e+01
-9.0061611999999997e+01
7.8095034699999999e+01
1.3769533700000000e+01
-4.5230884500000002e+01
-6.8157508599999996e+00
8.1691293000000002e+01
-3.9273710000000001e+01
5.0254539600000001e+01
3.9543490800000001e+01
4.9789510999999997e+01
-9.1217578000000003e+01
-1.1843135600000001e+00
1.2631689000000000e+01
5.2053258300000003e+01
-2.6977650500000001e+00
-5.6583379700000002e+01
4.1550040199999998e+00
-2.6878840400000001e+01
-1.4910006600000001e+01
6.9721082300000006e+01
9.9458854599999995e+00
-4.7989055999999998e+01
-3.8921835199999997e+01
-6.9052888699999997e+01
-2.8443233400000000e+01
3.9411657400000003e+01
2.8085824100000000e+01
-6.8459574300000000e+01
2.0010491400000001e+00
2.5426812099999999e+01
-2.4893387600000001e+01
-3.8952314800000003e+01
-6.1559571200000001e+01
7.3672537300000002e+01
-9.8093705999999997e+01
1.5152177000000000e+01
-9.0844834899999995e+01
-6.0986842699999997e+01
5.9469099300000003e+01
6.5675329500000004e+01
3.0362938600000000e+01
-6.0796484800000002e+01
-7.5317244299999999e+01
3.5660278400000003e+01
4.6960456299999997e+01
2.5561957499999998e+01
-1.8809082600000000e+01
2.0933870500000001e+01
9.2588625899999997e+01
-4.5196743699999999e+01
-7.0685089300000001e+01
6.7457861899999997e+01
7.8465499699999995e+01
-4.6447434199999996e+01
6.5006851299999994e+01
6.6951230300000006e+01
9.4001626000000002e+01
7.7272160099999994e+01
-1.3114507700000001e+01
1.8081970399999999e+01
7.8288385300000002e+01
-2.9725063599999999e+01
6.0707881399999998e+01
1.0725130999999999e+01
3.4011104000000003e+01
-2.9432699800000002e+01
-9.4601156099999995e-01
9.4546391400000005e+01
8.1664177699999996e+01
1.3966969100000000e+01
-4.9605895099999998e+01
-1.4943793599999999e+01
7.7513769199999999e+01
-4.6466607300000000e+01
4.3947190399999997e+01
-1.6010948800000001e+01
6.6660595599999994e+01
-5.4839400200000000e+01
-4.3641725000000001e+01
1.6026951799999999e+01
-3.0335094000000002e+01
5.4045270400000000e+01
-4.7243697099999999e+01
1.2372109300000000e+01
-7.5743476799999996e+01
-2.3324870099999998e+01
2.4606885599999998e+01
7.6623009400000001e+01
2.9933234500000001e+01
6.5496761500000005e+01
-7.1554955100000001e+01
1.4917599299999999e+01
3.7006670600000000e+01
2.5519776499999999e+01
4.4588420999999997e+01
9.7502480199999994e+01
-1.6932460100000000e+01
-2.6689115000000001e+00
-1.0614908600000000e+01
-7.2361144699999997e+01
7.8900123399999998e+01
-5.8408184499999997e+01
-8.2453164099999995e+01
1.6607896000000000e+01
-2.5411139700000001e+00
3.7590719000000000e+01
-6.6477196400000000e+00
1.4886438800000001e+01
6.0093782400000002e+01
-9.7104760900000002e+01
6.1912475000000001e+01
-4.4446770999999998e+00
-5.4903749299999998e+00
-3.6552695399999998e+01
2.1341785500000000e+01
-2.4046210700000000e+01
4.7215421100000000e+01
4.3593056699999998e+01
1.2650218300000001e+01
-1.3368147300000000e+01
5.8826740899999997e+01
4.8275971200000001e+01
-6.7280352899999997e+01
-7.2536801299999993e+01
9.1505606599999993e+01
5.1358630099999999e+01
2.7218199500000000e+00
-8.9339407699999995e+00
8.3594602600000002e+01
9.6867939800000002e+01
3.2133789199999998e+00
1.7608254800000001e+01
8.1882475700000001e+01
6.3041837600000001e+01
1.8268855800000001e+01
6.2953813199999997e-01
-7.6920131100000006e+01
-2.5920283500000000e+01
1.6523742200000000e+00
2.5992827599999998e+01
8.4558968899999996e+01
-5.9247822499999998e+00
7.7807748399999994e+01
6.4755589099999995e+01
1.4559956100000001e+01
-3.1457039399999999e+01
-7.6366711300000006e+01
4.7601443300000001e+00
-2.0602548100000000e+00
1.9885246299999999e+01
5.6684615999999998e+01
-4.2700048899999999e+01
5.8572891400000003e+01
-5.0119171500000000e+01
-5.0734007999999999e+00
5.8169071500000001e+01
-9.8533610499999995e+01
-8.6174544699999998e+01
-9.4884525400000001e+01
-7.3417805599999994e+01
9.1688624799999999e+01
-1.8407209900000002e+01
-7.3249869399999994e+01
-3.5584228099999997e+01
3.3320704800000001e+00
-8.0737864799999997e+01
-1.8442536300000001e+00
-2.3532848800000000e+01
4.9572901000000002e+01
5.8306390899999997e+01
-4.2656504099999999e+01
2.2743097200000001e+01
-8.7228084899999999e+01
-5.2502124100000003e+01
4.3340267200000000e+01
-6.2720760700000000e+01
6.6336699300000006e+01
-6.1323572400000003e+01
-3.2834205900000001e+01
-2.6478995900000001e+01
4.3501752099999997e+01
4.9121889400000001e+01
2.1576597300000000e+01
-9.6597369599999993e+01
2.6871297999999999e+01
-8.0233637099999996e+01
-1.2825299400000000e+01
-9.0849899199999996e+01
6.5511926000000003e+01
-2.9767068900000000e+00
-4.2903388600000000e+01
-3.9184843000000001e+01
3.0510359699999999e+01
-1.0209000000000000e+01
6.0081238300000003e+01
8.3234155400000006e+01
-2.2901839700000000e+01
-1.6650782899999999e+01
-7.8052431799999994e+01
9.0222149900000005e+01
8.3267070899999993e+01
9.4467902899999999e+01
-7.0772017399999996e+01
4.4431432500000000e+01
-1.2072702600000000e+01
1.5642924499999999e+01
-9.1251903700000000e+01
-9.2633149100000001e+00
6.5229299699999999e+01
-1.2838708800000000e+00
1.2322142400000001e+01
4.0692402100000002e+01
1.3551891100000000e+00
1.3305116099999999e+01
2.1581291499999999e+01
-8.0801503600000004e+01
1.8895996700000001e+01
1.7068774500000000e+01
-8.0792399000000003e+01
-2.1993810600000000e+01
-9.6313313500000007e+01
-4.0904372799999997e+01
-2.7311990200000000e+01
-2.0061858600000001e+01
3.7771370400000002e+01
-7.3075611800000004e+01
3.4591540500000001e+01
-2.3610932900000002e+01
9.0914303000000004e+01
-2.5398791599999999e+01
-9.0494309999999999e+01
6.9811575700000006e+01
-6.2226097400000000e+01
1.3517734200000000e+01
8.5694179099999999e+01
7.4164260799999994e+01
-3.0719862700000000e+01
-1.7747984800000001e+01
3.8536273500000000e+01
-3.2693310900000000e+01
4.4194649099999999e+01
1.5610011800000001e+01
-5.2057784599999998e+01
3.1034119199999999e+01
2.5216614199999999e+01
-5.1795490999999998e+01
-6.3513928999999997e+01
9.9746158800000003e+01
-2.2945424700000000e+01
8.5820241400000000e+01
4.1023997899999998e+01
-1.6843772200000000e+00
1.6168993900000000e+01
-1.2698577300000000e+01
-9.5208646600000009e+00
-6.5615606499999997e+00
3.2686570000000003e+01
-5.6913881799999999e+01
5.9264401300000003e+01
-1.7184642700000001e+01
-4.2592185000000001e+01
-3.3194051500000000e+01
6.8363148199999998e+01
8.2973985200000001e+01
-1.7897194200000001e+01
-4.3832497100000003e+00
-5.4302992799999998e+01
2.4126355300000000e+01
-7.2985633699999994e+01
-3.7843775700000002e+01
7.4814162899999999e+01
1.5031538400000001e+01
6.4001664399999996e+01
-2.0997487599999999e+01
1.5857178299999999e+01
9.7764411300000006e+01
1.2456301399999999e+01
7.3597343400000000e+01
-7.2749653300000006e+01
-5.2939671199999999e+01
-2.5334395700000002e+01
-9.1245474500000000e+01
-2.1486878399999998e+01
7.4330429600000002e+01
-2.1605212800000000e+01
7.9758801199999994e+01
-1.7275671500000001e+01
-8.1733094199999996e+01
-7.5957790000000003e+01
-1.7457456100000002e+01
-3.5877605699999997e+01
9.3047156200000003e+01
-1.1771131500000001e+00
5.5937375600000003e+01
-6.3728758399999997e+01
-5.6700052400000001e+00
-8.7364994100000004e+00
-8.5247525599999996e+00
2.7242391300000001e+01
9.0164660699999999e+01
2.0744261399999999e+01
9.3447397499999994e+01
-5.2698347400000003e+01
-1.5103639800000000e+01
-7.1959515600000003e+01
2.6713940300000001e+01
6.9941203000000002e+01
7.0604230200000003e+01
4.5443314800000003e+01
4.8394886800000002e+01
2.9660339100000002e+01
9.0268082600000000e+01
6.7625359399999994e+01
-5.6761586700000002e+01
-4.5157682200000004e+01
9.0053800699999996e+01
2.6785141899999999e+01
8.6744380199999995e+01
3.9620086699999999e+00
-3.3798447799999998e+01
9.8783189799999995e+00
-5.7449645699999998e+01
5.2127321799999997e+01
-6.3849801599999999e+01
9.7736156399999992e+00
2.5114392600000002e-01
5.5805185899999998e+01
-9.9597531900000007e+01
5.8409238400000000e+01
-6.2926955100000001e+01
-3.8437774200000000e+01
2.2857117299999999e+01
-5.2015684499999999e+01
-7.7922385800000001e+01
8.2809155500000003e+01
9.0671849100000003e+01
4.6958296900000001e+01
6.4054402899999999e+01
5.5667403600000000e+01
5.2021677900000000e+01
-6.5849017700000001e+00
5.8213897699999997e+01
-6.5831577800000005e+01
6.3117638100000001e+01
-1.7568486300000000e+01
2.2585316400000000e+01
-8.7158468099999993e+01
6.0398911699999999e+01
-9.9740515799999997e+01
1.0007147600000000e+01
-1.3184355399999999e+01
4.0952171600000000e+01
6.1227264499999997e+01
-7.0021328199999999e+01
8.3683820600000004e+01
-2.8171385300000001e+01
2.1464439899999999e+01
-9.4667767600000005e+01
-4.3972314099999998e+01
5.5000669299999998e+01
7.9569429700000001e+01
-1.3489010400000000e+01
-1.9194439500000001e+01
-1.8600152900000001e+01
-9.4425985100000005e+01
-1.8109742000000001e+01
3.7661396500000002e+01
7.9314115700000002e+01
-8.0719668100000007e+01
-1.6884388500000000e+01
8.7459846499999998e+01
7.8489001200000004e+01
-5.1964913799999998e+01
-5.0746745300000001e+01
-7.2326119000000006e+01
-2.8687377099999999e+01
-4.5828322399999998e+01
6.7438011000000003e+01
2.1402300300000000e+01
7.5678370200000003e+01
-8.6950987400000002e+01
-7.8528815099999996e+00
4.6802375099999999e+01
-9.0333080799999999e-01
-2.8439686900000002e+01
2.3906080400000000e+00
-5.3606042299999999e+01
-7.4110381300000000e+01
6.4949188800000002e+01
9.2110917599999993e+01
-4.5878318699999998e-01
-1.3248846000000000e+01
5.6526342200000002e+01
-8.6007709899999991e+00
-4.3502469900000001e+01
8.3613716699999998e+01
-6.8014593199999993e+01
1.4013687900000000e+00
-9.6648857300000003e+01
-7.7152442600000001e+01
5.4521465499999998e+01
8.4112717700000005e+01
-7.9612321199999997e+01
6.7149431699999994e+01
-1.3777938600000001e+01
-2.9349706999999999e+01
6.4652997499999998e+00
-7.8008458099999999e+01
7.6450117399999996e+01
6.5913910500000000e+01
-4.9790070200000002e+01
5.5126225599999998e+01
1.4323532500000001e+01
7.4949365099999996e+00
-8.2996998800000004e+00
-7.4844999299999998e+01
-2.1665996700000001e+01
-6.9456199900000001e+01
4.9894187099999998e+00
8.5983489300000002e+01
9.5592590700000002e+01
-8.1574617099999998e+01
-9.1623083600000001e+01
8.3322133600000001e+01
6.8763232299999999e+01
-7.4985103499999994e+01
-8.6199458699999994e+01
2.9990163500000002e+00
-4.9004013999999998e+01
1.4116511900000001e+01
5.7368905699999999e+01
7.0417085099999994e+01
-3.2229965399999998e+01
1.6771323899999999e+01
3.6110470999999997e+01
-6.9772923899999995e+01
-9.6029014900000007e+01
9.9395618400000004e+01
2.8572485700000001e+01
-1.9862883300000000e+01
-8.8424081299999997e+01
-7.6252628299999998e+01
-9.2687177300000002e+01
-2.0897978200000001e+01
5.4955713000000003e+01
3.5425432499999999e+01
-1.8927634500000000e+01
7.3007660599999994e+01
-5.1069822699999996e+00
1.8449035400000000e+01
7.6450293599999995e+01
-6.6390063499999997e+01
5.8349133000000002e+01
2.3806564099999999e+01
2.7041434899999999e+01
-7.9735977899999995e+01
-5.9493898999999999e+01
1.4103804999999999e+01
8.6759046200000000e+01
6.1586984500000000e+01
-3.1457049000000001e+01
5.1560552299999998e+01
-2.2788029300000002e+01
-3.5521588899999998e+01
9.1905271600000003e+00
8.5222101600000002e+01
-5.3200462799999997e+01
-5.7384947400000001e+01
9.3120409100000003e+01
7.9778901400000004e+00
4.6216691699999998e+01
-4.4299022500000000e+01
-1.8353155099999999e+01
9.7367401000000001e+01
-6.6963167799999994e+01
-4.4451788999999998e+01
-5.1527706100000003e+01
-6.0866113400000003e+01
5.9586483200000000e+00
-3.5651434500000001e+01
5.5763159000000002e+01
-3.7422889200000000e+01
-5.6862750100000000e+01
-3.9228944200000001e+01
-2.6400213500000000e+01
-6.8379180399999996e+01
1.9785673399999999e+00
-5.6704819300000002e+00
-2.4702175199999999e+01
-9.8058913000000004e+01
3.8905009800000001e+00
7.3991653600000006e+01
