1.638895049550948002e-03 -5.786484208274771286e-03 2.413034567307710543e-01 -4.051275424168482298e-02 3.814565142600565006e-01 -3.677346228447029297e-01 2.989979659555867531e-01 -1.584119626664764469e-01 -2.208183227666432255e-02 9.571981670077023274e-02 1.796323055876312136e-01 -8.623183845570563111e-02 -7.240822432376683125e-03 -2.550210943704672717e-01 1.570580627442265953e-01 1.399380771820351588e-01 -7.902799562414353218e-02 2.977833730059472606e-01 -5.083825824168448915e-02 1.157463250580335196e-01 1.626295211255374407e-01 -1.206239005455527341e-01 -8.002295545033386026e-02 -1.517663841783864313e-02 8.263719338661645875e-02 2.115055433267909180e-01 -2.719593256713167539e-01 2.174454067842409785e-02 2.131752930566449544e-01 2.370549686516375543e-01
2.411501904685149286e-02 9.027928069977217418e-02 3.576384482084001004e-02 -1.798006182904096917e-01 2.980041475464603740e-02 -1.817111671478302548e-01 -1.310448490609876782e-01 -6.858837779332294105e-02 1.518115534123291865e-01 2.709958063627381231e-01 4.998677341639471555e-02 1.815111721306846559e-01 1.181181412218154786e-01 1.521804940269856077e-01 1.916443027439929669e-01 1.842744114450257376e-01 -1.360196952893220346e-01 1.575658943995041916e-01 -3.370406695605886460e-01 -1.156949192727278336e-01 -2.533314714582803884e-01 -4.562389603518886977e-02 2.188855917995997935e-01 -2.087115477229581906e-01 -3.188668264344683423e-01 5.003753444054261784e-02 7.518813229003866450e-02 -2.283979457490862841e-01 -4.069452462419270722e-01 8.067104258853746712e-02
-1.743727222325382742e-01 1.243857460189073394e-01 -6.318151471487497284e-02 -8.977908163689700405e-02 -9.245316528125374633e-02 -1.476731362981997531e-01 -6.595713356178786735e-02 -2.251345584279471901e-01 -1.795818610022280049e-01 -8.056213602353556880e-02 1.052491510149582976e-01 3.489586602954207750e-01 1.742659456822643893e-01 -1.738260310324076241e-01 2.111274647180143016e-01 2.801274768275400784e-01 -1.378774096312368191e-01 -1.691736920804511523e-03 2.086089825125977681e-01 1.456071215465870039e-01 1.560312503426154740e-01 1.155125281591761477e-01 1.464042985279563891e-01 4.546223419160349555e-01 -1.378843726897745203e-01 -2.834061558771268086e-01 1.868070993563952509e-01 1.013466123075526387e-01 3.118223135074261326e-02 -8.031976741438401346e-02
-9.458180714022181024e-02 2.075145910653620196e-01 -3.058523065763148197e-02 -7.058130580163708701e-02 -1.333114954974283159e-02 5.836911743554459506e-03 1.817723877204005523e-01 -9.894187354521793987e-02 3.625445036418551426e-01 -1.082465204764122141e-01 2.153317502582628440e-01 -2.601345291064879328e-01 6.704879446153699796e-02 1.147935327677258310e-01 2.496365506445382410e-01 -1.840686942791369962e-01 -2.190155644181807915e-01 8.691271907744652428e-03 1.307555606795389068e-03 -2.937422085060034105e-01 1.497803342969931395e-01 1.195853028420986591e-01 -4.753330457370869566e-01 1.427972198069366594e-01 -1.434163674304554104e-01 -1.079639470193177742e-02 9.728804298087025126e-02 -1.007222213810822914e-01 -4.897570843875289487e-02 -2.605296628106968937e-01
3.862055092869389195e-01 -9.612719866614238828e-02 3.625019925320337455e-01 -2.228236162064960446e-01 -1.273121989154561429e-01 3.269107666659213929e-01 3.083983651436694728e-01 -1.192757749608042150e-01 2.586725950847634792e-03 9.554073029311478541e-04 1.659960279525218019e-01 -1.578167695711841512e-01 -1.535881312760156193e-02 -6.833788705860949220e-02 7.157437519047038510e-02 2.003146140343275983e-02 2.805420578710445256e-01 1.355767319404216353e-02 -7.575584514322458718e-02 -2.348574778471347949e-02 1.686855509846268697e-01 1.439099062773458171e-01 2.458712387377189890e-01 2.821496252275613667e-02 -1.883721228727254782e-01 -1.253779939991758463e-01 -5.679639506054258609e-03 2.785411301103360993e-01 -1.958069172593048524e-01 -4.979652371319692739e-02
7.485498734238496543e-02 -1.962313322080172506e-02 -3.711267901999838470e-01 8.748047546797463325e-02 4.606904344951438801e-02 6.159350828901337394e-04 3.274399876012209498e-01 -2.310544325320181558e-01 -3.803561386512630538e-01 1.139122729573312093e-01 -1.115015636937678051e-01 1.753564323855431040e-01 -8.190907428392908696e-03 2.174764902845464642e-01 -1.953627075120858148e-01 9.419653003730985019e-02 -7.937624680741338368e-02 -1.005692904132087784e-01 5.143920645468335467e-02 -1.195328678108281695e-01 1.452543186722538848e-01 1.352769828886038195e-01 -2.536801758693357223e-01 -4.453675092669941160e-02 -1.953108186771238264e-01 2.100231286114696838e-01 -1.996703096076999917e-01 1.896769330639141715e-01 -2.961368237612194698e-01 7.604351939960225792e-02
6.165901324661072873e-04 -9.241705485567912326e-02 -1.378182061757101950e-01 -1.708798060858617495e-03 1.267655181784731466e-01 9.097537386086411437e-02 3.910719655533120842e-02 3.971833044174153393e-01 2.294854641814295104e-01 2.129209283297055916e-02 -6.811992063690673616e-02 2.000920254167172785e-01 -3.648473416875236408e-01 -1.044220296512179402e-01 -7.421351754924451760e-02 1.423281796993910164e-01 -3.941312572612599985e-02 1.363058113048597475e-01 -2.400735971992176976e-01 -3.865677622836270477e-01 3.837039084149842377e-02 4.367515555608952188e-02 3.557763757819258632e-02 4.108383199028378119e-01 -1.069248479063389379e-01 5.575933717874963919e-02 6.685439088653075124e-02 2.166915617801699334e-01 1.001045780679099689e-01 2.112613544208152561e-01
-5.343217291976473660e-02 6.237993855680442484e-02 5.212785861406450671e-02 8.896332227702934137e-02 -1.170572942258302218e-01 -6.521730413121716585e-02 1.066528618556208084e-02 -1.535258817695487332e-01 4.591633728495252420e-01 4.041348342298276552e-01 -7.989986956910224980e-02 6.395227641781607575e-02 1.629836532255126147e-01 2.191354387471493304e-01 -2.661084985972088091e-01 1.861881396647931675e-01 1.993507039018378446e-01 2.396794132548894785e-01 2.631055669798048058e-01 -2.764019654482244640e-02 -9.394164116669229125e-02 -4.296213959062147175e-02 -6.765638646760807270e-03 1.416159986931136983e-01 2.020150857096111308e-01 -5.422911909126681279e-02 -2.065753234124363957e-01 2.391660870321291876e-01 -4.827926866652488234e-03 -1.862622374641342005e-01
-3.472686121661045511e-01 -2.526968956107739639e-01 3.792678042718929110e-02 -2.741846668646681362e-01 5.340056301557873086e-02 -9.839921450333836972e-02 -1.027398362580014823e-01 -2.184444992760723944e-02 -1.346096103534490107e-01 2.802734290458568922e-01 9.749071849640940368e-02 -1.955909389759185879e-01 -1.745155861577934731e-01 -3.512827689909115425e-01 -2.165657271913500048e-01 -3.807731349279012967e-02 -3.959346242751125497e-03 -1.467883559702060636e-01 -2.095900345631108441e-01 1.344441776378646758e-01 -2.186834681797491797e-01 4.439262148196736896e-02 -2.098939960556680806e-01 9.944483354332618597e-02 -2.437408745391691361e-02 -2.657784987100483484e-02 -5.493230922730767650e-03 1.799997404819087821e-01 -2.104775543947925709e-01 -3.215468294842198094e-01
-3.388125801359256201e-02 4.782022898444401315e-01 1.821480024812154597e-01 1.834239928383917806e-01 -2.167614044329305711e-01 2.588608800033509114e-02 -3.227354694280376024e-01 8.112111966232922466e-02 -2.733274254160346708e-02 2.442560772957394488e-01 4.077053463942538480e-02 1.086699054560685274e-01 -8.048070684717684165e-02 -1.926625069809853597e-01 8.848524183568640122e-02 2.748769546505071965e-02 4.751670158090139096e-02 -2.056342818854825782e-01 -1.041841222033518394e-01 -3.319636645288424892e-02 2.522151326340076327e-01 2.984098826899668835e-02 -1.082761418271872833e-01 -2.508094944505372403e-01 -2.241826326198284869e-01 1.999166091186075078e-01 -1.213969495318495129e-01 2.866047061955205311e-01 1.850763255604671864e-01 -4.368446335950870035e-02
1.977452663993357895e-01 8.271896437301386878e-03 -2.518108958059623870e-01 -2.387941479584597682e-01 -1.031237691403150691e-01 1.641842915568387795e-01 -1.064719301001886276e-01 -2.856377849279763681e-01 1.015290879603259894e-01 -1.875635735192920234e-02 -3.114924104428135609e-01 1.264711934371068880e-01 1.321739360357845061e-01 -2.696333994100736375e-01 5.428860195367261887e-02 8.656787488374803607e-02 2.599375948174066364e-01 1.324951566582626139e-01 -3.485233830008412914e-01 8.215963139225505862e-02 1.707003366605050199e-01 7.691473085140915211e-02 -1.848243882526479642e-01 6.525777458848926182e-02 2.420045346320181812e-01 2.584024399709883291e-01 8.487151523368671735e-02 -2.195651473222291206e-01 8.707889899941881340e-02 -1.021656967261567461e-01
9.419337756633200387e-03 2.830790008433972660e-01 2.500515429350806951e-01 -3.085633574059717388e-01 -1.535069426583971462e-02 -2.370552693565193200e-02 -2.415083264801946503e-02 -2.181718102668411263e-01 -1.638397524258133897e-01 -2.339062608715392622e-01 -2.850009437739929943e-02 5.232193695228602032e-02 -3.221993758817180975e-01 4.162618066016305352e-01 -7.943304579014603961e-02 1.675390395522883824e-01 -3.282912432953866838e-02 5.179017422826751732e-02 -1.461222236395994245e-01 3.614221405950523297e-02 -3.395914348453558107e-01 1.229365378970975337e-01 -1.664622187100736062e-01 -4.515724255229237524e-03 1.546115899092012635e-01 1.798970970967317742e-02 1.237671371248395685e-01 1.822923060988468624e-01 2.403432263707846184e-01 3.693457984111483960e-02
2.549118308596848639e-02 3.883197265725726322e-01 -5.961127743784026128e-02 -1.708587474052925270e-01 1.714470772035266988e-01 -8.927587180308668713e-02 1.920953513303924332e-01 4.773750104192494431e-02 -1.986581220541746573e-01 8.979334367931568472e-02 -3.647958371384606435e-01 -2.030471834018335586e-01 3.079914606906060046e-02 -2.035094841250728870e-01 -6.366699652381611809e-04 5.522833567429542151e-02 3.319635156258854414e-02 -1.819486488863085449e-02 1.331587870055251088e-01 -3.814526423585939963e-01 1.601683788151335225e-03 -3.628223054922965485e-01 1.334078145873835441e-01 -1.076880749562289519e-01 1.501227173296065254e-01 -1.670485622023301919e-01 2.493944495240905668e-01 8.694706423315681776e-02 -7.436385247512945773e-02 -1.434707780577164915e-01
1.894954507644708297e-02 -6.132224370514666179e-02 -9.315644778604892373e-02 2.193577578295347608e-01 -1.035688030748200261e-01 1.911005704751837508e-01 -6.173829209126067974e-02 -3.152252523889772506e-01 -8.922770296899117104e-02 1.004787744826855095e-01 2.040635910322373681e-01 -8.674822719710689745e-02 -2.354332072090827566e-01 6.954921483076412225e-02 2.901867530309306664e-01 -8.555728117698933877e-02 -5.789936947540782336e-02 -3.810101794756944743e-02 3.882726851314494826e-02 -4.831222051291932801e-02 -1.590606378669962018e-01 -4.453358005328885705e-01 2.081678034171752234e-01 2.739163170179301776e-01 1.036885349201628198e-01 4.257581201891021405e-01 8.805966020026842478e-02 7.838403891663639489e-02 -3.359332028835281675e-02 -1.093559690746829377e-01
2.191157092504786852e-01 -1.270273179568514599e-01 4.689375364401664192e-02 -2.130140223719698966e-01 -4.375093659575330501e-02 -1.116549114791398900e-01 8.676512761192976819e-02 2.405235882775783873e-01 -1.229246570259066584e-01 2.455513306723755562e-01 4.665213031908024832e-01 3.074158708833044096e-01 1.603898145818357657e-01 6.542692252088183613e-02 -2.286383976511170354e-02 9.316508367844808514e-02 1.268505804662120040e-01 -3.125701313033053541e-01 1.002954745334902753e-01 -2.417958723405330135e-01 -3.819509392391103562e-03 -3.943085972664615163e-02 -1.443211638825934728e-01 -3.707574080916273968e-02 2.918551905016187886e-01 1.106725501280509533e-01 1.781598650030546960e-01 -1.542229706803350808e-01 1.390501401879633836e-01 -5.814073065172051247e-02
-1.320096341997169798e-01 -6.472981963161357488e-02 2.721340308199192703e-01 7.637646356387133018e-02 -3.790803084315265137e-01 4.262042824686142033e-03 -3.666838494275411614e-02 -1.355156498111899921e-01 -1.899268449980404394e-01 9.942887356278409805e-02 -3.650024665279011219e-04 -1.902995853305639862e-01 2.923385754819736448e-02 -1.533517958819495021e-02 -3.760661106163784018e-01 8.222299693191192915e-02 6.981200744937353375e-02 1.774248342696388148e-01 9.509683225244969923e-03 -1.710048559671361879e-01 1.391575670962138522e-01 -2.055287733489840618e-01 -1.812446994449047333e-01 1.642597551022072222e-01 -2.247535787366400362e-01 -1.089460822016973494e-02 2.207609457841328282e-01 -3.288734655239982652e-01 5.183841459282154812e-02 3.260033320019814496e-01
2.536960247047418959e-01 2.535787368336554493e-01 2.616560090288619356e-02 1.150790081647926483e-01 4.181089725774282395e-01 -5.282972729435844034e-02 -2.038051831433345118e-01 -4.584642234773399216e-02 -1.188097771512963870e-02 1.317981106666273883e-01 1.488428221379011207e-01 -9.587507210599530150e-02 -5.020885001608647175e-02 3.531826495661510856e-02 -3.837282157555961803e-01 -1.915597419503926313e-01 -6.367309337681090198e-02 9.527153359934451005e-02 7.103060042242012595e-02 1.475464545466284583e-01 1.663032617872970131e-01 2.881986038328946398e-01 1.712106604707337443e-01 1.636078659119379330e-01 1.132552507742544574e-02 1.934977460454036513e-01 3.565176988056246166e-01 -9.128158961425925089e-02 -1.142405306861101061e-01 -8.243231156149342931e-02
-1.848486886601228008e-01 -2.804249999271601346e-01 5.090220404377530927e-03 1.244909475010626092e-02 2.843196953524148030e-01 5.202727740821865010e-02 -2.140171379428443543e-01 -1.488968051519570235e-01 -1.254637001820321507e-01 8.110594883005599331e-02 -6.972911832853122271e-02 -2.369583179942793411e-02 -1.539480098856697010e-01 6.662460258137276048e-02 2.475929383079508994e-01 8.648456995953889004e-02 3.801986144411534374e-01 1.704162880110240419e-01 3.099671105341944011e-01 -3.078304047838574253e-01 -9.674928033091287696e-04 2.650565022681897753e-01 2.543861385444858448e-03 -1.994426594532128783e-01 -2.307785071574682267e-01 4.449392831572775847e-02 8.948974637119136433e-02 -9.325447499195477219e-02 2.080487444493738236e-01 -1.453651424759632438e-01
-1.896356187439224572e-01 1.016818311506740707e-01 -2.410478258779299165e-01 -3.013082483433972003e-01 1.341119614686628880e-01 4.186194419719782012e-01 -1.094933775048664848e-01 2.753679996455384721e-02 -2.338866160923673554e-02 -1.881795029636118277e-01 3.795715482499581461e-01 8.055886559468888874e-02 2.273924908911602871e-01 -4.377398829596811786e-02 -2.706176064759737154e-01 -3.593503974104886659e-03 -5.562659877659714008e-02 3.254739090022817360e-01 5.708188687394572663e-02 -1.217711235545746590e-02 1.959411800315764493e-02 -2.654645267991677660e-01 3.902442954353120552e-02 -2.058017423441990679e-01 -1.352331247019743221e-01 5.249037757711902397e-02 -8.245591421019649037e-02 1.355513706180648259e-01 1.084099076974693737e-01 -1.743627485979646133e-02
1.760660826625095043e-01 -1.166465794195764155e-01 -3.046013364820832625e-01 -1.469403537394991244e-01 -3.289632539214722151e-02 -3.368896885582350342e-01 -2.247443014830611541e-01 -4.158169333556626518e-03 1.208373852818157845e-01 -9.542532768778089203e-03 1.146311197022106959e-01 -1.143789809428561871e-01 -2.412072291238746558e-01 2.051145172287908436e-01 8.596998593176860548e-02 -2.561623175082430870e-02 2.393588215537520159e-01 3.979766167831926688e-02 1.153382042289140957e-02 2.206373153383578700e-01 3.139100767163720551e-01 -3.111349994832173782e-01 -1.687921240954817770e-01 -1.086762840844162636e-01 -6.717648328089138865e-02 -2.222517559812325627e-01 2.047754516908962263e-01 2.363661753619653028e-01 -9.043335142559914830e-02 1.532200501131285864e-01
-1.229124067610882776e-01 2.750147605082451929e-01 -1.591382938844798922e-01 1.637925451542600330e-01 9.723349516849595295e-03 2.844821832103484605e-01 2.329512812971515079e-01 1.435129173241121714e-01 4.086068536244015503e-02 1.654648888060774592e-01 1.566981789213530152e-01 -5.941931040057678304e-02 -1.343542105494916483e-01 -1.727873537227605505e-01 1.809303628116875895e-01 2.039674281575373505e-01 2.449153972860089179e-01 7.572948113128295800e-02 1.619798916119365439e-01 2.999957672266947428e-01 -2.731157519458846661e-01 1.320492263700168700e-01 -2.245253711124633178e-01 -6.221349858343167005e-02 7.785430112259568436e-02 -4.912309954644988874e-02 2.293646829640915707e-01 -8.510529638040160993e-02 -1.892615777310730774e-01 2.990502856843606505e-01
-3.703542042491360098e-01 1.025150748322999489e-01 3.039068125543637269e-02 3.202781293122893835e-01 1.451190282788216157e-01 -9.254573159772316870e-02 6.488133222194968075e-02 -2.015048031032417863e-01 2.673311689844493771e-02 -2.615630462916529453e-01 2.376708357210825517e-01 1.178527920425684189e-01 2.860094766532651073e-02 4.814187474375697384e-02 -1.070898697636443880e-01 -1.073953443871121342e-02 4.014822271214829041e-01 -1.334886924977587708e-01 -3.889051485427178489e-01 -2.032023946820017968e-01 1.395965237683881865e-01 -9.516160780562658850e-03 1.290911348635875033e-01 -3.923686044856435767e-02 2.341719985821130445e-01 -1.443562349637982634e-01 2.822893555399334092e-03 3.589116329532772431e-03 -1.870568949410501558e-01 1.221021608169030846e-02
-8.660232082561383771e-02 -1.737742995980669780e-01 9.910468283456511096e-02 1.289394564900157580e-01 -2.468408194177789394e-01 -1.912142836833754245e-01 1.058039147453622431e-02 1.608866853644365658e-01 -9.216025563165396173e-02 -1.687440283697340671e-01 -3.582363564093217490e-02 3.342464954030353180e-02 2.634261765395748967e-01 -6.847788988763028883e-02 9.479863371439717357e-02 -1.250054201822904665e-01 -6.719025993706380373e-02 3.811152994012670936e-01 1.176182682223677473e-02 -7.186867911919267438e-02 -4.484525636436353241e-02 1.690529703888840052e-01 -5.291913086417450451e-02 -1.650632378642961640e-01 1.783208445424952215e-01 2.907850624516380433e-01 3.739854422849649973e-01 4.151262012131462509e-01 -1.732267759536278984e-01 6.442977750506678411e-03
6.585948159657617484e-02 7.578393047264284088e-02 -4.051744370677376299e-03 3.741534636573520811e-02 1.998035219553155883e-01 8.187260125596398930e-02 -2.016387353760355217e-01 1.605286468576072600e-01 -3.120033011760058317e-01 1.897105817491359370e-01 -4.006919171217521169e-02 -1.800409360137185943e-01 4.491541083550149027e-01 2.284755202582457456e-01 2.200228144526106266e-01 -2.013440552510548376e-01 2.061555257830952059e-01 6.841738809103672936e-02 -2.370879876775390527e-01 -5.647013312717215176e-03 -1.412670910729302010e-01 -1.990096242701448401e-02 -1.612263801757251591e-01 3.580099409941328581e-01 -2.333520431942876991e-02 -1.352782645182080412e-01 -1.398099811941378723e-01 1.445912583935514140e-01 7.265876069800374093e-02 1.506179664634844928e-01
1.696785372529435454e-01 -1.109187243016128421e-01 -2.369514932558426656e-01 2.198536281253411773e-01 3.236697196233353363e-02 -9.575736014193109158e-02 3.461070915047065322e-02 -1.406923904231315858e-01 1.401198403266628867e-01 -8.219138260971642351e-02 8.839960729768847614e-02 -3.617920133926890713e-01 2.753753805262428300e-01 -8.585014899277523814e-02 -1.294554164110685857e-01 4.064836082281920726e-01 -5.589678881663832921e-02 -2.578934113359804825e-01 -1.593918427923569081e-01 -3.606022687823252221e-02 -2.419141700753619784e-01 6.975899166733533219e-02 7.253644900851616284e-02 -9.118993808378601795e-02 -1.961821094087366213e-01 2.259683644829025423e-02 1.995122644047384319e-01 1.747784634322648023e-01 3.315927319334985857e-01 1.785834724832905535e-02
9.510834400484134699e-02 -5.682624962694639986e-02 8.277907395738223761e-02 1.436328475955808148e-01 3.124769550231708271e-02 1.465874773810518505e-01 -2.658123749006469083e-01 2.121160281862344010e-01 -1.718535165716827406e-01 -1.021225584941711229e-01 6.873828248739038971e-02 -2.440627660551457079e-01 -5.759336522919106249e-02 1.042584555199640994e-01 6.640830647113589447e-02 5.969216386756329706e-01 -1.883733493024858097e-01 1.394226570381418284e-01 -4.111541951687732593e-02 -3.303960914143473648e-02 2.350837680406898944e-01 -1.106266247259034708e-03 -9.750514765465474742e-02 -2.820674971879129269e-03 2.627529724357128837e-01 -4.723473070704725663e-02 -1.570697796040213812e-01 -8.678907002003174997e-02 -2.584187831943439151e-01 -2.241031975620775551e-01
-2.345037526032726083e-01 -8.807870071133831746e-02 8.669147275007395639e-03 9.938772142293350598e-02 2.419502011127779365e-02 1.385215841928973957e-01 3.603789146461358617e-01 1.657044161899450530e-01 -7.115569750562451834e-02 2.792722441593370464e-01 -1.050912621076156434e-01 5.695981067730816749e-02 -3.499190994859727698e-03 3.140693932294575386e-01 4.302632273640946692e-02 3.863393570223312007e-02 -8.342384009218523078e-02 9.322528918931710651e-02 -2.918096263952251745e-01 2.996438700107441622e-01 2.609289122695068741e-01 -9.049005579722758930e-02 9.891048344296667072e-02 -9.601004132411947167e-02 -7.526817733220388107e-02 -4.193328097526918125e-02 2.815096994233003413e-01 -4.203630580600995620e-02 2.841690625739249354e-01 -3.095129308182385519e-01
2.897804164878475253e-01 1.288999459482978172e-01 -7.259139635191666495e-02 2.329694947860330712e-01 -1.209642061731812795e-01 -2.513658061377948005e-01 1.293325047542082384e-01 1.727455412233721566e-01 -1.620248475138958422e-01 -2.027306932799023409e-01 1.155208596915622277e-01 1.311609747665072601e-01 -1.166867651214636425e-01 -1.172659930341245632e-01 -8.424980986976617070e-02 -3.095082750656272946e-02 2.543884166978474526e-01 3.077874324162821473e-01 -5.820284171109697119e-02 4.992862332479348214e-02 -2.609445474572287260e-01 -1.176031757389992272e-01 -9.474320905512814694e-02 7.281297547739629117e-02 -2.725642389630435480e-01 -4.693684065754739898e-02 -1.319710292118881079e-01 -1.509573941278344600e-01 4.954629786507792205e-02 -4.488634600845826106e-01
-1.257314402431669864e-01 -2.206052495482141006e-03 2.590128225131743678e-01 -1.041180298827741324e-01 2.220752584270059005e-01 -1.656983841460147461e-02 2.625097483408226490e-02 1.980732632116481706e-01 1.559792409737734975e-01 -2.908374462103095470e-01 -2.064763754168422172e-01 6.225870672050021204e-02 1.742746995926926501e-01 1.053360194136204880e-01 -2.692506693888622668e-02 1.943675541713303923e-01 2.491978185447659977e-01 -2.766437183468440919e-01 1.516995236268228187e-01 2.032546055277066055e-01 1.948074954665585806e-02 -2.455803741863298029e-01 -1.143888841277483637e-01 1.636470031625156807e-01 -2.574299350992800273e-01 4.111774721068567340e-01 7.776572116053306893e-02 1.122159240946321926e-02 -1.806901721089137214e-01 -6.065039646927126299e-02
2.299133223658234582e-01 -1.863633796361294781e-01 2.693693258766899357e-01 2.846514781186742504e-01 2.950337136880368805e-01 2.352956071406831495e-01 -8.729443667995352707e-02 -2.178522091498005520e-01 7.688253655714946677e-02 1.562188285203484905e-02 -8.767648906905024797e-02 3.564575691250178591e-01 2.682959513037303304e-02 -1.406910653290474045e-01 -1.839828927081221810e-02 -4.277095572060730239e-02 -1.899443284182324443e-01 -6.427338006477419617e-03 -3.262414733123077809e-02 -9.135727197743654521e-03 -9.589285318912896261e-02 -2.470253312011405633e-01 -3.713707672975574692e-01 -1.195701546073081878e-01 -2.355900046932057901e-02 -2.892848825923150513e-01 1.954517900760031068e-01 1.143435487023269775e-01 -4.431758536234690904e-02 -2.384965402118778555e-02
