4.532982985323421588e-01 1.670418712091984448e-01 -5.096340761196602731e-01 -2.830311858526735058e-01 2.058555704551709997e-01 -4.573152273086764641e-01 -2.002370306580869008e-01 -7.631637707763593535e-03 -3.657023967747221049e-01 3.713537046597962382e-02
-9.921254584217394090e-02 -2.413013260316787811e-01 3.224614921313217475e-01 -1.112536037314525716e-01 -5.116969582218808821e-01 -1.453626801556322234e-01 -4.188621514035555105e-02 2.189756461596387704e-01 -6.633295013928627304e-01 2.071155732160228358e-01
1.144586680646773741e-01 2.835115285047897227e-01 -8.321863013578789658e-02 4.903267863196843213e-03 -2.779962339508443292e-01 5.423945506599608946e-01 -3.415988932162466463e-01 -5.818977824017311784e-01 -2.595203039618281249e-01 -7.383541302649170024e-02
2.882964108487573104e-02 1.461719788581373192e-01 -1.892000620399546251e-01 2.263430433008510878e-01 -3.985343232220486809e-01 -3.282415391162230023e-01 5.270165348653413906e-01 -4.280633107684306826e-01 1.361200831676836198e-01 3.803805328726455048e-01
-3.447571327828475862e-01 -7.803660737718852436e-02 -3.899769746550313387e-01 -5.503423333220915925e-01 9.481268693387194524e-02 3.789069110663173534e-01 4.824828916367362441e-01 4.035160386774321734e-02 -1.734863062638256903e-01 5.494268578767409761e-02
2.705516899276703691e-01 -6.818014540532973955e-01 -5.994132409366300512e-03 -2.956379256544638401e-01 -2.278376125030554533e-01 -1.050238059654488021e-01 1.973601172228434814e-02 -3.297697396461179986e-01 2.204171840787093051e-01 -3.922365915448954299e-01
-3.377284893983860670e-01 3.853151513514820881e-01 2.541363705166211351e-01 -1.299659296981318657e-01 3.887442205904710624e-02 -3.654313815951368283e-01 1.845413144393255600e-01 -2.233511760138216784e-01 -1.783584773630026710e-01 -6.365461157937046810e-01
5.757576637684570509e-01 8.427805086309826665e-02 5.171936203038218771e-01 -1.102395665233963651e-01 3.242165119641706728e-01 1.899218390665919076e-01 4.411628848695599570e-01 -9.419070084377195728e-02 -1.683654777974321892e-01 9.342459544405015692e-02
1.867569897305003390e-01 -1.356509178494446632e-01 -3.303222956493347962e-01 5.939660659015492117e-01 -6.264868378396945547e-02 1.806589424312325110e-01 3.115854783198834799e-01 2.339975200958837043e-01 -3.118238828652417638e-01 -4.462904369707575425e-01
3.134554158329073692e-01 4.089144006366491335e-01 -1.625932294680043633e-02 -2.900736267249347522e-01 -5.368671586220628011e-01 1.046404192458760263e-01 6.906153606969810121e-02 4.541578897482621002e-01 3.229585366273623470e-01 -1.887341421700801936e-01
