1.304247276974679348e-01 4.480443534529251343e-03 5.979040309125763925e-02 -1.377928065135052560e-01 -1.484188200262986923e-01 3.824721431613580247e-01 6.126088745037641115e-01 -2.387407200770362004e-01 5.916597966598745595e-01 9.872385852658051297e-02
3.407628718337287754e-01 -3.098236435701977043e-01 -1.096330489433791459e-02 6.657730059876807438e-01 -3.642155232209602911e-01 -3.505292651765202216e-01 9.085633705808489335e-02 -1.633170132057413515e-01 9.412528729463559563e-02 -2.126158082405325833e-01
1.992443232213977344e-01 -2.472104007125497382e-01 6.847785428945607489e-01 -1.927072049564064193e-01 4.932227721854666735e-01 -3.426621117318436882e-01 1.050965624127966486e-01 -8.657723361235755699e-02 6.208137149479082961e-02 -1.002495410274121257e-01
-1.475533704454246864e-01 -2.089292858510594375e-01 -6.911059173854205984e-02 -1.520258617881677619e-02 4.285531912060210058e-02 -9.845828422202157482e-02 -5.313225684689210082e-01 -5.359877504335990306e-01 3.689169393946974962e-01 4.608169953533396423e-01
5.313020961779492124e-01 2.189724909930080843e-01 -1.962760040152271290e-03 -1.782015160865539904e-01 -5.230358576107110857e-02 2.475161343867921249e-01 -1.027632511711655677e-01 -5.913189759428745251e-01 -4.437037226190921890e-01 -1.300699257708255452e-01
-8.310987595166557940e-02 -1.251605607347177074e-01 3.571562111690239627e-01 5.160471602488901910e-01 1.401898133987187489e-01 4.873296496937439826e-01 7.712881357469004995e-02 3.734557082881559409e-02 -3.190702155723586508e-01 4.661219073563890314e-01
-1.719405871453099366e-01 7.193397703157884404e-01 -3.193246289649272207e-02 3.996562569751038185e-01 3.786014042124519197e-01 -2.202428669181008269e-01 1.328724686839272695e-01 -2.488124385556120810e-01 1.361335474077016994e-01 -4.796784823470459647e-02
4.034950520131390661e-01 7.344571040219687215e-03 -3.611757989077919451e-01 -9.834235192570792150e-02 1.570133469173066731e-01 -3.692752628793536385e-01 3.023577513507273995e-01 1.520980839702569254e-01 -1.542175641408750630e-01 6.306061524077931635e-01
2.711686067511414611e-01 4.666612943472226438e-01 4.672462293649045639e-01 -5.121286186835803667e-02 -4.666740304675456308e-01 -8.900609393939132308e-02 -2.818972263442982018e-01 2.891583284704891121e-01 1.839950849091730178e-01 2.551735000112474450e-01
-5.003062596458442979e-01 1.828325751213187231e-02 2.127343333411499393e-01 -1.741054577655641866e-01 -4.382327134853876149e-01 -3.349407234097111496e-01 3.435928478139135267e-01 -3.191318178400489036e-01 -3.553546445841912482e-01 1.529034892563189141e-01
