1.636457238688702187e-01 2.091592920718554904e-01 -4.097357858787027962e-01 -5.685967100624687853e-02 3.875090789379350559e-02 8.059880886242441755e-02 1.996579958007957956e-01 -1.258970760390801247e-01 -2.820901502666859906e-01 2.483152365093000691e-01 -5.016479188683140022e-02 -1.609733854498383299e-01 5.968287621366705209e-02 1.561973301317294283e-01 -1.545521582669596161e-01 3.172445909236255857e-02 -8.405766306703055246e-02 4.484104419227638583e-02 -1.887978363428106099e-01 -7.710782069741088651e-02 3.276276614600495130e-01 -3.177265846660524140e-01 -4.272708303651441553e-02 5.905793282047067105e-02 -1.060942392882131408e-01 -1.448376382339135737e-01 3.388449725715317329e-01 -8.771401060167544061e-02 2.208689202000049534e-01 6.581261822588817256e-02
3.147720239433270395e-01 -1.945783675283136727e-01 -2.316636615266089161e-01 -8.087291176341993015e-02 -9.483228654032801672e-03 -5.401163825877385721e-02 -1.722546989566416942e-01 -1.534800525567444063e-01 -1.369625178231616558e-01 2.920784589797528752e-01 -1.756514467645529237e-02 -7.003858849202663009e-03 -1.476951285390117052e-01 4.608847529345782429e-02 -3.860582720301567600e-02 -2.769608080767027580e-01 -2.620833120853596765e-01 1.447577348278726306e-01 -2.060203335729269281e-01 -1.010034772794887181e-01 -2.969809831163091052e-01 1.401936423729946979e-01 -9.451626187102522836e-02 -2.775029152600237414e-01 -1.043001083165455145e-01 1.769825708286946464e-01 -3.113581566838833359e-01 -1.236328198937898665e-01 1.604955459791205380e-02 -2.219975379343878119e-01
-2.996066546916393084e-02 -5.579956512193903762e-02 2.474256280436575861e-01 -3.651082347030885633e-01 4.199906385295028577e-01 -1.433802338809781751e-01 -2.580202424704781117e-01 -2.468953655536102604e-02 -1.675201065238243747e-01 2.564159787925920225e-02 -2.513480791876914200e-01 -2.000574225615989188e-01 1.569354248052397816e-01 3.557482093314934257e-02 -1.802723183682369557e-01 -1.257468150347575697e-01 6.330679800516003652e-02 -1.485195486622651329e-01 -5.522712296259940645e-02 -2.400173845162229536e-01 -3.609892020729792150e-02 -7.818090752721718051e-02 3.474527234665760606e-02 2.629250486558743494e-01 1.730270535055213610e-01 2.091432052775591688e-01 1.040421225274604095e-01 -1.896027151711982273e-01 -2.105385375719077967e-01 4.417266861493021612e-02
-2.409595120311095601e-02 3.159165580188683653e-01 -1.105366432675011223e-01 4.807945552709722709e-02 1.984594325154901140e-01 -1.135733524646514309e-01 7.015862513995069216e-02 -1.633293633568512482e-02 8.820700712752708311e-03 -5.644584744977929058e-02 -3.427423549340103404e-01 2.136447095340262003e-01 -3.201993173609393173e-01 4.843072935217916652e-02 -2.918150642899462396e-02 2.838312808268380616e-01 -1.477224077711787875e-01 -3.010472718908193679e-01 -2.371835971733805559e-01 1.215088661935819631e-01 2.609094073591963769e-01 2.293692164519063048e-01 -1.502106001039939416e-02 -1.671072623748395269e-01 2.736306582223492212e-01 1.366554180935314333e-01 -1.189944137482004255e-01 4.015235281469377998e-02 -1.026019617592127120e-01 -1.509739024197737645e-01
-1.567780269495441525e-01 -1.113571437781790407e-01 1.077200053892378093e-02 2.765015673770707810e-02 -2.439062936384306934e-01 2.566148764271983795e-01 -3.569236301282618373e-01 -1.174971785517362893e-01 8.513400731356783255e-03 4.762581726977770796e-02 -1.514693174319077518e-01 -1.087855855499805374e-01 2.076417345220931895e-02 -1.261482223148797932e-01 5.100128185368093918e-03 1.879321316014546384e-01 2.703935995298550332e-01 9.345978092817733285e-02 -9.457433461829747867e-02 1.633231466247403729e-01 5.287281786350916946e-02 -1.405887366715978803e-01 -1.450398790921953451e-01 -3.787726142796259410e-01 1.539318509797534540e-01 -8.537704730839611178e-02 2.471597208814887425e-01 -3.339879517756706440e-01 -2.158782051787411504e-01 -2.281127958888695129e-01
2.364874007874926132e-01 -6.755489666860237542e-04 2.227344598879313353e-01 -1.868199314389057397e-01 -6.717532132821990576e-02 -1.079153757969007893e-01 2.146276879019911044e-01 2.142889282897093017e-01 3.488731687245489876e-01 2.587939214274268540e-01 -2.462390663192231266e-01 1.597222452926955749e-01 -1.227248823099828107e-01 1.238948596763209536e-01 3.242475201564981035e-01 -1.119415926174101850e-01 1.016507719394342257e-01 5.652575597948950037e-02 -1.063853901609855129e-01 -4.024075503884040617e-02 4.606279117872395107e-02 -3.063917857116373877e-01 1.973950719639933765e-02 1.436792296042511963e-01 -1.703099103485340021e-02 -2.842799517740620674e-01 -5.967017444321402742e-02 -1.100940654059536367e-01 -1.129412933724389667e-01 -2.747164391237248426e-01
3.130299307909418238e-01 8.923326773612318130e-02 2.954974222012410334e-01 1.087533449727661194e-01 1.831928881076749227e-01 -2.804947302250594340e-02 -7.985050489811185148e-02 -2.713014536982365499e-01 -9.713541468308196924e-02 3.111310035333355109e-02 3.426919827655270923e-01 1.321234120909850762e-01 5.036467450383893402e-02 -3.603255948149723387e-01 -8.409113018379317517e-02 6.412874771672887053e-02 1.644223226355069067e-01 -2.208980674575514516e-02 -6.701390751032230975e-02 1.026199101830994331e-01 2.206453943772159199e-01 -3.478345701056880790e-01 1.742070076421146085e-01 -4.229533079385791594e-02 3.869458801883908505e-02 1.495143762221959882e-01 -1.971839343001582368e-01 1.014168400754856536e-01 1.363486612574414947e-01 -2.361350158837715596e-01
9.359059012865314151e-03 -1.580803975025162900e-01 -1.631271472508764586e-01 2.674238318932128933e-01 -4.298839462752830631e-02 -1.463061460357546195e-01 4.580945749941768563e-02 -3.837182366037064085e-01 -6.113211930418839535e-02 -7.727957973587554208e-02 -1.172843519874671447e-01 5.524201379865103373e-02 -2.485555600973818335e-01 1.640546850013676894e-01 1.306778182394074950e-01 3.015160409046533860e-02 1.494715531374478379e-01 -1.485302828387259078e-01 3.167069164383559121e-01 7.714808543267930030e-02 -5.356505675429307223e-02 -1.222988480977214576e-01 -7.575735132884794942e-02 3.348497707849494298e-01 -2.890905444028247229e-01 3.023357212488044232e-01 1.494241056000528700e-01 -7.383858465353269895e-02 -1.778541234649822778e-01 -2.242081139459137784e-01
-1.168936437659423011e-01 1.067182597896619844e-01 2.209060011017342784e-01 6.123080888608625066e-02 -1.493855111465940411e-01 -2.067716399874218181e-01 -4.325674280765899604e-02 -9.587309316061037867e-02 -9.921420496046302884e-02 1.831805357863686701e-01 1.733835377804240074e-01 -2.035540546712854837e-01 -3.204741021063435280e-01 -3.110691214664725035e-02 -2.517647984932236405e-01 1.889147631292462381e-01 -1.808896862978136566e-01 -1.710707398313727201e-01 -3.405766629854659056e-02 2.056079165516082885e-01 -1.789495040814233495e-01 1.594304346879475394e-03 8.116829912223195997e-02 2.164460821734277007e-01 -6.793931717246294577e-02 -3.752406217821754875e-01 -1.785381578675307446e-01 -3.806095510438387008e-01 1.872848688775521518e-03 1.248080341287454431e-01
-1.573194078511741534e-01 1.482555920240324066e-01 -3.950408391443251815e-02 2.722682387513996050e-01 2.659121411290038539e-02 -3.565101759170890006e-01 7.596664845598392890e-02 2.682459988950181007e-01 -2.040946175219274517e-01 3.666388252567951422e-01 -6.501318011182459500e-02 2.334043970762590334e-02 1.790079810834813989e-01 -2.375548783643270934e-01 3.052173038907966540e-01 1.469858336993141723e-01 1.465792409731584700e-01 2.132765821784716187e-01 4.373538623535108694e-02 -2.594900186940896081e-02 -8.903730373348775484e-02 6.527760181462737010e-02 -6.498816685867603304e-02 3.657064796525538036e-02 1.077786445139735094e-01 2.815337340852556713e-01 -7.005421691805313947e-03 -2.618204273800334714e-01 1.935144990865793058e-01 6.103754366144536342e-02
-1.461530816221541240e-01 -3.174530178337632291e-01 1.067262544764859267e-01 1.458203925284963509e-01 -3.159821601039083938e-02 1.190409022513945897e-01 -1.959362151596678869e-02 -5.332163179959233112e-02 -2.085886629492703370e-01 2.471757854997261583e-01 -8.160383631128492743e-02 -3.072611955878613021e-01 4.205418825816881895e-02 1.152475915113298915e-01 4.149004993834858879e-01 7.098422075320812152e-02 -1.716013367221762287e-01 -1.410593895648531715e-01 -1.627618408509543257e-01 7.767507001181551962e-02 2.126369994878174741e-01 -8.815967882440246817e-02 3.453383120946080798e-01 -6.213773667431905096e-02 -3.761989057239562700e-02 4.079466984133543750e-02 -1.688040745228152895e-01 2.639803353472968128e-01 -1.939915969780163230e-01 1.789930333548127306e-01
-1.282174704262802611e-01 -1.168222916262741384e-01 1.127113434712567613e-01 4.119921705558058922e-01 3.224466681699010295e-01 -3.478552594978126522e-02 -1.120644598093828159e-01 2.672872964955451125e-01 -8.986086111606479687e-02 6.191867351737738445e-02 9.285228388902064256e-02 6.034022698649947614e-02 1.469564778809231455e-02 5.419404848243716266e-01 -2.021296655020649868e-01 -1.969901842588284990e-01 2.625613689134682210e-02 -1.605244439492746478e-02 1.719328322855804836e-01 1.170059586121219714e-01 6.252038424875176748e-02 -1.673616323892963553e-01 -1.055673139926827930e-01 -1.918555692210685004e-01 1.314994598772024903e-01 -1.278734354573001497e-01 -5.892228036597049051e-02 -2.166403600353647430e-02 1.175922477562865581e-01 -1.582950420603989883e-01
-7.042973332915719586e-02 -1.538749856047565423e-01 9.804717483410134091e-03 -1.777311649806534166e-01 -2.173561768381398751e-01 -2.667994418727773764e-01 -1.762088734587640704e-01 3.452074125713645858e-02 -2.160766991695510161e-02 3.390957474434858065e-02 -1.635525916048759243e-01 2.348259907905648203e-01 3.291840702119733786e-01 -9.062397510897472752e-02 -1.398183738304332492e-02 4.451231925347668567e-02 -1.574151666835769126e-01 -5.097430509873709381e-01 1.666474230863460027e-01 -1.423193087876143022e-02 1.490041171093402228e-01 -1.393876603847283291e-01 -2.166835822560699565e-01 -1.931525439215146245e-01 -2.809890175476076335e-01 -6.480116948073286198e-02 -9.128434437886359665e-02 1.587091645996891289e-03 2.369260510514124007e-01 2.537768241900313290e-02
5.484635308058327663e-02 -7.588184368770081734e-02 4.299603603604042895e-02 1.102857789521282383e-01 3.788587007643801075e-02 -3.789201521686815233e-01 -1.332451173041907522e-01 -6.348379807563049593e-02 1.782571428371302336e-01 -2.503560349793856332e-01 1.186361391540126549e-02 -1.660226537586698137e-01 -1.325493966894149001e-01 -1.893605152100690803e-01 1.659335311047757389e-01 -3.821001800612277566e-01 -3.345077602566854935e-01 1.680603998435667434e-01 5.346295207064056393e-02 8.871210640200673236e-02 3.870938026914144681e-01 9.271246835046947909e-02 1.015074527362566509e-01 -1.025887220433079339e-01 4.745821836597936827e-02 -5.466605304569508578e-02 2.912496841403214298e-01 -1.896147402276293081e-01 6.277466539383098898e-02 3.475558276961285969e-02
8.783818521241706576e-03 1.674970508229887411e-01 1.127133335548474863e-01 1.696957104679860939e-01 -2.259821008442700757e-02 9.134137208427624624e-03 2.431655940951537587e-01 9.912892351258867363e-02 1.047887252607345755e-02 -1.123874738048294547e-01 2.267922569906827834e-01 -2.018371150609213349e-01 3.576802205980146865e-01 5.391117825417619108e-02 -4.210197294296758042e-02 1.111134919294628695e-02 -5.870876795276071952e-02 -8.744797942901348653e-02 -1.641117268883067748e-01 -2.054838005101065901e-01 2.071695484134238596e-01 2.350885383789877991e-01 -1.235868640439258537e-01 -4.432401409846212226e-02 -3.473835605785364211e-01 3.813367554594302572e-02 -9.920968525044132624e-02 -2.353712283927572313e-01 -3.887346021973936971e-01 -2.983364232964738627e-01
-4.101417405691504953e-02 -1.824442052410778781e-01 1.616819029389088280e-01 -1.046838632666505925e-02 -7.608299032090153069e-02 -4.635624604618034800e-02 2.193251321566978482e-02 -1.011500977597581813e-01 1.008568942371945165e-01 3.583884807221981994e-01 -1.742495593657800712e-01 2.072861466443561007e-02 1.535068100972242222e-01 -2.253255785551918494e-02 -3.382426901918231255e-01 -8.779525391746106910e-02 1.141885921840536250e-01 1.936961837657632801e-01 -1.162804301449874567e-01 3.912432252496510499e-01 2.391411189923947633e-01 3.960435198020382797e-01 -1.338885365345927891e-01 2.545913589645603103e-01 -8.780931657497310916e-02 2.355061963227926547e-02 7.190444515458943586e-02 2.526866639841002238e-01 6.000067307954414647e-02 -9.858379256317884032e-02
1.063569158661122338e-01 -2.274379593402820476e-01 -2.103418657508883752e-02 -3.742539103820551882e-01 2.127642182382343539e-01 -6.737683100216519672e-02 3.081571895275063699e-01 -2.157768083827925343e-01 1.327399763913827968e-01 5.645554387488682657e-02 2.089902696307254781e-01 -1.878761309016271919e-01 1.500100184243048293e-02 2.119141728342076036e-01 1.355479803705508246e-01 2.423295966564161796e-01 1.923543233253717510e-01 7.407758664571729643e-03 2.909014990564014469e-01 1.363654148255374621e-01 1.587815261035411263e-01 1.902809636952199068e-01 -8.038624398917396108e-02 -2.386668963183135039e-01 1.198864252446066175e-01 3.659715248999214493e-02 -1.335987232924825963e-01 -2.410640267812159399e-01 1.235432208779071589e-01 1.051662554506006403e-01
5.898457771878289069e-02 1.485682821144138632e-01 -8.879147885295219506e-03 -6.834849476130976098e-02 6.212336685646425646e-04 -1.085492930988706112e-01 -1.723745339483318817e-01 7.119531593673627092e-04 -1.600816238423250493e-01 -4.199650823969022229e-01 -1.533796790770623752e-01 -1.144537091968482606e-01 3.516135185910877065e-02 1.721367213586482980e-01 1.780395938558388957e-01 -4.347550055987502160e-02 2.264556271391676978e-01 2.305638226065618301e-01 -2.894414301171736592e-01 3.169917228735577575e-01 5.962334505346369301e-02 -1.193995482246320711e-01 -2.844861265834842667e-01 9.597243428410336119e-02 -2.015315680210268412e-01 -1.418148888575114855e-02 -3.680163157506455840e-01 -2.177533223944549956e-02 7.375394782043399877e-02 2.151782015552877458e-01
6.037645574287654054e-02 -1.365192313001168667e-01 -6.432858301334332118e-02 -1.131468104443342365e-01 1.699647235494846365e-01 1.020417546412556442e-01 -2.722679715662594258e-01 3.339947136147630169e-01 1.739008452481319578e-01 1.532754175677204268e-02 1.904669023320437471e-01 -1.311800225086944549e-01 -9.642012389338730505e-02 -3.857517361874619050e-02 5.389209204111036766e-02 4.598257176230987064e-01 -4.039170865703445856e-01 1.586929953190613363e-01 4.260056486693435118e-02 8.636881827077635965e-02 6.763037579357528140e-02 -1.342540480558536697e-01 -2.745308113824900254e-01 2.359634511214410701e-01 -9.795399874319710154e-02 1.644669044283648129e-01 5.620126599953816776e-02 8.971152119549573312e-02 1.357034213915711031e-02 -1.655799693191950805e-01
-2.333683909720315475e-01 -9.265846066936882230e-02 4.376826250345042940e-02 -1.735045800189829457e-01 -6.386362014428403899e-02 4.042914980879813713e-01 1.551745052968901972e-01 8.325332192457551850e-02 -1.252537905075713220e-01 -5.311284327521689080e-02 1.459186583282234828e-01 3.639146623253924351e-01 9.391314071742431927e-05 1.980549769875245697e-02 8.789751799536027477e-02 -2.580145671571040800e-01 -1.933535516489522099e-01 -7.978038041699808680e-02 -1.279722376317832255e-01 2.741890307692501083e-01 1.073571012182852613e-01 -2.980523186328126739e-02 7.320339752932919497e-02 1.922252092752082253e-01 4.968694667959027561e-02 2.820825282551726598e-01 -1.822944701959115441e-02 -4.173544163513348004e-01 1.133041806304947857e-01 -6.626379262300500714e-03
1.731424758311584933e-01 1.151423488045057730e-01 -2.534670280577334088e-03 -6.983208782777131085e-02 -3.640855827771918157e-02 1.571977817148185186e-01 -3.838434620055674040e-01 2.971718600794168719e-01 -5.032600499652931103e-02 1.002439024247743227e-01 5.636225949324372153e-02 -1.573449581520252401e-04 -2.910606170310617302e-01 9.193448472771714730e-02 5.472828817759336356e-02 -1.335387102723370988e-02 3.500264235943789104e-01 -1.233017303291740890e-01 9.315925609234053384e-02 -1.443787027586136140e-01 2.509194943759532892e-01 3.157184362763389429e-01 2.961709724814579614e-01 9.153929090564384002e-03 -3.369799547513915305e-01 4.887098857296413162e-02 4.056572868332494058e-02 -9.724504936770476948e-02 1.807890241151317856e-01 2.609919993779471689e-02
6.124348029926304782e-02 -1.882424222665163016e-01 -1.475162611544461599e-01 1.066165943627429002e-01 4.568710382183433644e-02 6.836964625754067548e-02 -1.859632575844475944e-01 -1.656210496465844173e-01 -1.934774580495377538e-01 -1.319899909547551584e-02 -1.757423985282430658e-03 3.789332958026136455e-01 1.051107214228396980e-01 -3.876021567216304808e-02 7.899205532872057012e-02 1.246479599343096739e-01 -5.046068250052958282e-02 2.181835518810341101e-01 1.422139769852965308e-01 -2.995867655252480444e-01 2.869442752586548462e-01 1.666909215995086291e-01 -6.602050944566635604e-02 2.729294394698203452e-01 1.900167184019914413e-01 -3.870206111492584533e-01 -2.441532206191153742e-01 -1.257672605125069454e-01 -1.687161160324855969e-01 6.707204209559471109e-02
2.053044675304101785e-01 9.119178078641190788e-02 -1.183013900510599264e-01 1.014202997692907893e-01 -3.925712333542394350e-02 -1.007695519899384079e-01 -2.334592979014077085e-01 -7.007738344759918692e-02 2.560418715075135077e-01 2.177712317970711686e-01 4.021234317327060381e-01 1.482211616148627620e-01 9.674815048617926849e-02 1.609886867177246217e-01 1.609853812008224527e-01 -1.054603547418824644e-01 9.667158968995775981e-02 -2.933898054400836397e-01 -2.528835154132132446e-01 9.810768472615072344e-02 -4.022664213901160080e-02 3.512732630716972060e-02 -2.300474136682302273e-01 8.344096016041800679e-02 1.880007826941487992e-01 6.753191604122948943e-02 1.854167575093729758e-01 1.864793456995303411e-02 -2.367544212367909962e-01 3.503623284945732164e-01
-3.984257537631686469e-02 -3.223113466467975030e-01 1.629551000109996928e-01 -8.662129493149256509e-02 -3.537609871847766652e-01 -2.178675115096619652e-01 1.707035172202487627e-01 1.617159413918731470e-01 -3.029128677671005798e-01 -1.275832600754101265e-01 2.165841557751426727e-01 -2.419942468195132243e-02 -3.369728454298308029e-01 3.955343882589439780e-02 -7.746453510121564801e-02 1.517952384652210100e-02 1.545562655694766585e-01 -2.981041032153437798e-02 -2.320781622546669032e-01 -2.960225000750190683e-01 1.590434575546756379e-01 -1.317884063255237923e-02 -2.656854392999755121e-01 1.483328172083103053e-02 2.181122008519787714e-01 1.037401755104297024e-01 8.904975072576806761e-02 1.438884869355749607e-01 5.263149381006409361e-02 -5.838850874606079516e-02
-2.373371864520513463e-01 1.800919962515953043e-01 -4.185736955155481415e-02 -2.652871629854816615e-01 2.456189192239907615e-01 -2.714220895057155650e-02 -4.199375284115186568e-02 -4.686488006878649498e-02 -3.519909456950360838e-01 7.243404074612136423e-02 2.242338121250171401e-01 7.638142763303238866e-04 -7.169076679447428102e-02 -1.335464130396693816e-01 3.513246551881673563e-01 -1.818968818260012221e-01 3.851364731339893682e-02 -9.921273365454211235e-02 6.278866060044048514e-02 1.637561936932683260e-01 -1.095518943897495628e-01 1.586711389256160176e-01 -1.816778884843401609e-01 -2.938062589508293708e-03 -5.631217625904469393e-02 -3.270094232722203786e-01 1.629872516087524648e-01 2.377577898354577002e-01 -5.402062174474032280e-02 -3.267589259512943545e-01
-4.068583701454115964e-01 2.096191333736193152e-01 -6.385558660388509014e-03 -2.430107638487407073e-01 -1.738166396565501703e-01 -2.896027304638939537e-01 -1.963555340415885087e-01 -2.272345925321468119e-01 1.266507401621876083e-01 4.053703906026553949e-02 2.014468711392374545e-01 1.895151682258197634e-01 8.409100097695089426e-02 3.798405261519512965e-01 -8.932885848987633451e-03 1.300928862740413638e-01 -6.127556513189498510e-02 3.027944630945001991e-01 -9.235783925587741361e-02 -1.346071935063571368e-01 4.691147476589170584e-02 -7.254000541133381885e-02 2.973690364218002924e-01 -4.555812185788984947e-02 -5.505168636989051650e-02 1.228065986478830834e-01 1.766007493656991689e-04 7.713710982625325563e-02 8.544373547608058797e-03 -1.429450373867844348e-01
-2.181072355135479091e-01 -2.439750078878924477e-01 -5.457640630549850380e-01 1.233375826592929443e-02 6.922404964754465262e-02 -1.314374984253237066e-01 -2.288440593471173165e-02 1.284591118997843728e-01 2.432049426379750412e-01 -9.020525518098780615e-02 9.944244600685431257e-02 -1.950521577799948225e-01 7.909390269861105160e-02 -1.645524615420349834e-01 -8.527715098935316484e-02 -8.210196100855138290e-02 2.448970738640763034e-01 -1.980891552755820184e-01 -2.127683097086315311e-01 3.174633368705647579e-02 1.891732190082075563e-02 -5.215989521886949670e-02 2.211406686118423393e-01 2.036547185943038130e-01 1.324748539402990644e-01 -9.908317873179153801e-02 -2.260610753527185490e-01 -3.551300176652797541e-02 1.067757285482615198e-01 -2.513039517403364287e-01
-2.652823476344558506e-01 2.951573772090583803e-01 5.199839349104329322e-02 3.957517280283062711e-02 -1.145781718016221223e-01 2.432246095565673560e-01 -7.493643092088220214e-02 -1.916602858112920194e-01 2.386780576715969437e-01 1.916273275792082509e-01 -2.630751612845048937e-02 -2.848373826461956249e-01 -1.489390449584255538e-01 -5.609081090876760767e-02 5.628375776228439903e-02 -2.575652100714713733e-01 -1.915854414921300264e-02 -5.413768246733025036e-02 2.025402478890039604e-01 -2.598316513952290685e-01 2.143745525751876158e-01 -7.660648988426747852e-02 -3.488574997936028654e-01 9.555416128184034130e-02 1.462956708841066100e-01 1.208439199223829835e-01 -3.079334786395939161e-01 5.859357350119420715e-02 1.565051587319865600e-01 -2.564365088041600359e-03
1.368819885301632289e-01 -3.032283064900096609e-02 2.095726240840508070e-01 1.616544353611493734e-01 -4.400689622576029608e-02 1.186998430439167168e-01 -8.695040079185913096e-02 -2.283649880846793656e-01 4.669565469124887375e-02 -1.563803591054704623e-01 -7.407342733599088513e-02 -1.163086839281149421e-01 2.020263036333380391e-01 2.080718641754632225e-01 2.497076335415591986e-01 1.522834768187657783e-01 -8.257564733830458081e-02 -1.467014691121042436e-01 -2.276030807975185088e-01 -1.301600909496149761e-01 -1.967009878929591171e-01 2.304595315313674175e-01 1.174352397730277220e-02 1.770058896750748012e-01 1.633276455924861925e-01 -8.998732569137019022e-02 1.556510405598262314e-01 -5.922116432630636362e-02 5.235876054815955527e-01 -2.494844351818563677e-01
3.150068225153394574e-01 2.137784114934751512e-01 -1.046062678093910014e-01 -1.229045282951890666e-01 -4.260444922206970131e-01 -5.373919106446092830e-02 -7.465256437309268633e-02 1.654359011116224853e-01 -2.197071598501905143e-01 -4.951570839711196687e-02 2.510752295740410235e-03 -1.838665047293564503e-01 2.063926708468872273e-01 1.431904132086217751e-01 -1.883040759391862995e-02 -6.416966940525009599e-02 -9.261834470321585189e-02 -4.423774144939497666e-02 3.513775096477017024e-01 2.463675433952793870e-01 3.323858568374323669e-02 2.262956785874942894e-02 1.507978611728679197e-01 1.279641271563866645e-01 3.847144222698511973e-01 7.712033677641041973e-02 -9.096546652488554652e-02 5.876813135235523650e-02 -1.268658895557920607e-01 -2.058192957656494182e-01
