-4.143454516624960338e-01 -2.296068085255227320e-01 2.562877954052439344e-01 -1.713148256419319837e-01 -2.158014865348225064e-01 2.064286215129967558e-02 -3.225745412400986972e-02 1.247235211423950857e-01 -6.706775292732873595e-02 -7.826080524138776529e-01
-1.355448168491796236e-03 2.457737201715265718e-01 -5.352170866099296154e-01 -3.527997662567293469e-02 -2.496888278471589562e-01 -3.164957428084396174e-01 5.391053993935622790e-01 -3.468493177589282439e-01 9.362145215581123281e-02 -2.639570259094065063e-01
-4.180282597994940397e-01 4.799020346926001768e-01 3.141404174017560502e-02 -2.381371245450337182e-01 3.969947869593140610e-01 -2.254558058430292666e-01 9.625281779348496269e-02 1.706447240094125239e-01 -5.302616988182112800e-01 9.619460349556062384e-02
4.864605246016595608e-01 -6.797384847360689319e-02 4.119418211746148639e-01 1.875035637200556105e-01 1.355106873335039028e-02 9.632035024476027704e-04 2.647333180129033403e-01 -3.385613196637557998e-01 -5.853996326269675921e-01 -1.621643534948719878e-01
2.819614945067260292e-01 -1.840365795781249286e-02 -3.101068975169742892e-01 2.851185810750837546e-01 -2.622915024950122076e-01 -1.366529769175657272e-01 3.740074316897390189e-03 7.457662348356601800e-01 -3.001301027151255796e-01 -9.470963896702612461e-02
3.164089267538402472e-01 6.124178317774442437e-01 6.052603249725203860e-02 -3.338339606173043594e-01 -1.511634284376577597e-01 5.716500554870466155e-01 -8.385604888566657381e-03 1.182329460010066585e-01 1.046451937113623692e-01 -1.873156267600749880e-01
-1.134631922172116419e-01 1.805256963374832768e-01 5.887279506752236546e-01 1.238908148565770473e-01 -2.860909818405501515e-01 -2.250774645476404379e-01 4.751163966474648559e-01 2.630230716197524687e-01 3.279947332718494701e-01 2.399621980695192947e-01
-2.941328274107313234e-01 9.420620919460251375e-02 -1.683524017792459651e-02 2.302020142160741620e-02 -7.303300081229212593e-01 1.002156034871450052e-01 -2.724283533414880720e-01 -2.395070753399649310e-01 -3.512092844041861395e-01 3.247211399988217395e-01
-2.856441153110425568e-01 3.129901955600820074e-01 -2.580606989494111173e-02 8.147361058177832183e-01 1.550158604286569763e-01 2.905526558130043790e-01 -3.520978568963154670e-02 -9.619967629649836538e-02 6.322434594467286895e-02 -1.817732490562500858e-01
-2.373332496419055249e-01 -3.703081018050493056e-01 -1.726170997236547155e-01 -7.161126260665853782e-02 4.888367112968021455e-02 5.983237992999829169e-01 5.724505714886308771e-01 1.202112533688831364e-01 -1.640494484951655063e-01 2.053689275552693372e-01
