-1.085227998928763871e-01 -1.161327591379872487e-01 -1.721266920577707304e-01 -1.103484942694607368e-01 4.001762658508842274e-02 -4.522286419605864999e-02 -1.096185977140100853e-01 -3.591429233978434277e-01 -1.398624111159552375e-01 -3.911860011251784841e-01 -4.928536921173365393e-02 -3.016127028468849058e-01 7.405692302524170822e-02 -6.175583597469865016e-02 9.618279212262394184e-02 3.292126331284619400e-01 3.854938657715906714e-01 -2.413147364159131114e-01 -1.939974911208110914e-02 -6.261107681102132116e-02 -5.926547878145379394e-02 -2.239110768993703982e-01 -7.894019772349795960e-02 2.499777349611206640e-03 1.989164325780919673e-01 2.164875417601240526e-01 -6.786056165001642937e-02 -2.255873635318287381e-03 1.821633734742444388e-01 1.087282700665040749e-02
-3.118677805708295336e-01 1.386308474269797378e-02 1.005947674667018038e-01 8.700165003670728980e-02 -1.414791605034866062e-01 -7.314258230709633213e-02 4.511508426632306890e-01 1.314794480809041988e-01 -5.160350778040875136e-02 -3.189038562327515813e-01 1.290466289514782539e-01 -6.269670534565147113e-02 5.651392797693373382e-02 -7.455288804415034776e-02 -6.445374879036110116e-02 1.738693226783211698e-01 -1.297277316805123815e-01 2.026328039622754540e-01 2.841082188570474565e-01 -9.901960940040624437e-02 2.668862147814915833e-02 -4.158305407693300981e-02 -6.582620818520649661e-03 3.021621265040881910e-01 -3.473442983310408294e-02 6.549867826252481207e-02 4.490229084485249933e-01 -3.990276512380771384e-02 8.878556432283007038e-04 1.402666769024673854e-01
-2.456783288034964929e-01 4.290406451060856385e-01 4.111349556690429008e-01 2.043314078606666417e-01 3.046147317118769182e-01 -2.938820741825125607e-02 -2.719513856019160902e-02 1.792718968478564934e-01 -4.272487744428333373e-02 -5.315520222095113795e-02 2.362780654249685072e-02 -9.884195454547392568e-02 -2.029406651557545405e-01 -1.718020689664029044e-01 3.519381360499536371e-02 1.872244223199474589e-01 -6.498439185412837812e-03 -2.057659046748433473e-01 -2.191733566644401277e-01 6.111032936157677342e-02 -6.856723591486671432e-02 7.353185366025370706e-02 8.275666917826127178e-02 -2.753545639387198762e-01 9.930469433596188222e-02 -1.375678734070379383e-01 6.978724808660322076e-02 1.743304059582211907e-01 1.893451618744007581e-01 9.721169715008105838e-02
9.309963018337570617e-02 -3.108643269153112398e-01 3.952830525301900128e-02 -1.662525174418228169e-01 3.008984746004613742e-01 -3.140194492674804327e-01 9.861999953173194999e-02 1.172369638633891514e-01 2.832471674351916269e-01 6.552407827536863016e-02 6.134028185595763460e-02 -1.758197964500346211e-01 1.106392332838608966e-01 -7.517089821763101032e-02 5.644060475512991532e-02 2.235718526696499620e-01 -2.838751175471224478e-02 3.210326862253650160e-01 -1.073051127329551491e-01 3.119784515382689402e-02 -4.154792997298114021e-01 -6.712802833778086856e-03 1.707311633600987755e-01 -3.484846563920251938e-02 2.318627845044349822e-01 -7.745968651234685920e-02 -6.642033036963676529e-02 1.102251825360395371e-01 -2.524763214905842434e-01 5.623726771686606007e-02
7.668318575139153326e-02 -1.894680862581350211e-01 3.741216812529591512e-02 3.565540431455425929e-02 1.690963110105892786e-01 4.432291204567437859e-01 -9.749401132570366391e-02 4.166769755319287005e-02 2.728294628642996544e-01 -1.649158700352026385e-01 3.992252867192447319e-02 2.116424538110970102e-02 1.750370227507973275e-01 1.027597661563921100e-01 1.384869977483247083e-01 -1.772529256139276088e-01 2.068929503227180944e-01 -4.316634692159698056e-02 3.972528584594616774e-01 1.533616419193969682e-01 -1.397462633506693086e-01 1.674267983318403763e-01 -5.071608253904039132e-02 -1.882682801953078633e-01 4.297102568104087944e-02 -1.200969912601526357e-01 3.120123909809375262e-01 2.741155482928055442e-01 1.488140693817090465e-01 -3.622194956335827998e-02
1.413546920991244071e-01 8.996547209401016543e-02 4.207317020961218873e-02 -6.437863759362535965e-02 1.998858341473477573e-01 -2.282221616354175864e-01 -1.835616589052406211e-01 8.622953455413705226e-02 2.011430000074373309e-02 7.145126588512620835e-02 1.952960722189653053e-01 -2.919648128401687928e-02 2.187862149580266369e-01 -4.829667023321783381e-02 -2.552631782088888440e-02 -1.214704398330161417e-01 5.296939265643393208e-02 -2.381930545178938818e-01 2.875472179450210830e-01 -3.276494984084975526e-01 8.584442984149405487e-02 -3.449047316072557101e-01 5.086070667734730044e-01 -2.846139841348731270e-02 -2.626003152730324031e-01 7.008681656089047786e-03 1.068538814654094171e-01 -7.209226877785047949e-02 3.339330027326007505e-02 2.436105329262945943e-02
-1.067332693973963159e-01 3.020737921882380994e-01 -1.777735738429938595e-01 1.662871363870274954e-01 -2.266223200884363298e-01 -1.131821016930110307e-01 -3.755075757364727870e-03 1.306211306413129491e-01 3.205368954149649396e-01 -2.103305564518777038e-01 2.585204427115619930e-01 -1.593024506395070150e-02 2.273916047935889140e-01 2.350805923120581065e-01 3.247883846113070461e-01 -2.745010392974056579e-01 -7.880852400910106151e-03 1.858691438645565797e-01 -1.721549619912325635e-01 8.624215103816475214e-02 4.814816560112391772e-03 -1.540274781622468503e-01 5.466789485241525109e-02 -1.214759083761888930e-01 2.089175503425684810e-01 1.142477916947317873e-01 -1.663911403098790320e-01 -1.211680401654467443e-01 1.655714067324356720e-01 1.237955996055126601e-01
1.540529125601900473e-01 -7.720307527954045970e-03 1.562025782815210651e-01 8.767536311968267271e-02 -8.027971861846973367e-02 3.129931704947316873e-02 -6.314538375397239778e-02 -3.511267157311692144e-01 8.129001994702574063e-02 -6.019219467530583650e-02 -1.505720585402718636e-02 -2.604080604520488396e-01 -2.509127890170224917e-02 -1.379893704093509699e-01 -3.075787094234468944e-01 -2.989004136486406726e-01 -5.098081164765933676e-02 3.518204471808323852e-01 -2.152344523553189615e-01 -1.940919193624403571e-01 -7.240909481284509008e-02 -2.131915688233985973e-01 -7.798765735932552956e-02 8.884108651932920431e-02 -1.365429462544297257e-01 -2.082152181812660374e-01 3.597555625241138227e-02 2.718598211921776087e-01 3.162643197796425332e-01 1.235623884916315779e-01
1.337483121592309421e-01 -1.087457217907978474e-01 4.998731108197598111e-02 1.880852960277994979e-01 5.390635928883501932e-02 -2.990565769621110915e-03 3.548131566493846478e-02 1.739713945352102109e-01 1.939257653661038694e-01 1.316662778903003594e-01 -1.906786969261335118e-01 -2.402930435492855454e-01 1.952183201243515853e-01 -1.443111520830074046e-01 1.238007810814067272e-01 4.345324129043875300e-02 -2.162613258109380154e-01 -2.325022289348505911e-01 9.689458524380875626e-02 2.561874690633228133e-02 2.929779452663119343e-01 -1.575452308780809357e-02 -2.172070949403919482e-01 1.720357895812032467e-01 -5.034541077619372751e-02 2.912089985098871847e-01 -2.287109435691573045e-01 3.078410215117525217e-01 -1.516614553480056561e-02 4.054692440951528365e-01
-1.452683730280389940e-01 -4.278615850343180371e-01 1.764140776426476737e-02 3.208436920927552199e-02 1.518830354226572699e-01 -1.964780345600464495e-01 -3.627960610510341799e-01 2.588035256761939129e-01 -3.841249984617502861e-02 -1.926198217403102264e-01 1.564767028524791659e-01 2.724554893502355579e-01 -3.998405745407526517e-03 -1.691125190248661259e-01 1.999745705096158677e-01 -2.929514325813299333e-02 -1.065196629381672533e-01 2.443955346915618540e-02 -2.008838429070566867e-01 -1.635572225545339209e-01 1.843816848107774631e-01 -6.740267410411469873e-02 -3.466494717386428559e-01 5.029224979297151205e-02 -6.565202859062013729e-02 -1.860857911421693600e-01 9.654606279732855234e-02 -8.828310339822394159e-02 1.661946770386874828e-01 -5.918569465387462508e-02
-2.476072906412630781e-01 1.507996448136243450e-01 -1.486550706831232978e-02 -1.015539670196122790e-01 -4.164119976598592426e-02 9.132079073016179105e-02 -5.875005759908036307e-02 1.668610868337072339e-01 1.784350780834726979e-01 3.657419334975042791e-02 -1.395778842106507878e-01 -3.278073556954058665e-01 -2.127497895365992320e-01 1.330715214536627722e-01 1.796438108382703847e-01 -3.455791914943501936e-02 1.111169708242537302e-01 -5.949665988743365469e-02 1.585688543727985789e-01 -9.451985592673924075e-02 -1.983501916847819069e-01 -3.070254058690978782e-01 -3.121368217321642824e-01 9.027872101843781305e-02 -3.025418526599311653e-01 -3.437046078304476504e-01 -1.301396736765795814e-01 -1.002408156055667743e-01 -2.845233702851572843e-01 -2.721571586638498255e-02
-1.984136307747388570e-02 1.229982911027015791e-01 1.803335261412468693e-01 -3.705197721574698955e-01 1.272671296424603415e-01 -2.009323453535878379e-01 9.426662992519992124e-02 -1.043920112292597291e-01 1.651199412789589593e-01 -1.434277517875040542e-01 -5.607275821536159555e-01 1.485278863935787785e-01 2.363847789814614853e-01 2.141126213123285549e-01 4.363900405891632528e-02 8.537968800224125798e-02 -1.264247689311068512e-01 8.124237722261382078e-02 1.019670916766289154e-01 1.781102716112268128e-02 1.904825440006233106e-01 7.858785794501307875e-02 1.870370263378492949e-03 -2.268007178084808020e-02 -2.310464774929340756e-02 -2.156723898265607842e-01 -7.414363518469177516e-02 -1.533015679106321527e-01 3.012008211876227581e-01 6.734072153909037226e-03
2.073407083096478476e-01 1.665065837259204484e-01 1.215227831096172828e-01 -4.205272326914185066e-01 1.631163461402379555e-02 4.679795069283264053e-01 6.130176304065568932e-02 -2.313326674255177309e-02 -2.360749982047409892e-02 -8.503904081292296135e-02 1.329366310711739829e-01 2.323311145464140581e-01 8.137762413548897678e-02 -1.344077068381537843e-01 3.064797561108165147e-01 1.614084174221292745e-01 -2.270454041442994120e-01 -2.656236716172686880e-03 -2.683150578835566402e-01 -9.347618476963148737e-02 -2.050217499098941909e-01 -1.844699109496611422e-01 -7.051066966629689417e-03 1.163013046459905886e-01 -1.672293219776839757e-01 1.670306386898027795e-01 3.303604627583448666e-02 1.652047794811507472e-02 -1.005817141776226692e-02 1.036572310457409413e-01
-5.092696915792864487e-02 -5.675935430330941722e-02 -7.260002099295014000e-02 -1.157814833381751729e-01 -2.737982160093784256e-01 -1.789374160616940407e-02 -3.151230187144454797e-01 2.326828984272677481e-02 1.821665386004986953e-01 -1.130662718032770103e-01 -1.172476254500973702e-01 2.949558781171927602e-01 -3.244173528440457144e-01 -1.517170316980853695e-01 -2.152728929720022777e-01 1.080971663138378530e-01 8.948223677371567849e-04 6.257236410462562598e-03 1.497693861325911924e-01 2.796048011645476672e-01 -5.220758780246327613e-02 -1.997591143536231462e-01 1.717714747012007992e-01 -9.389449083397521933e-02 5.897002693620805036e-02 -3.580207776484836679e-02 4.260680492074595677e-02 -1.914494899543246406e-02 -4.679691380795665545e-02 5.259664782296279428e-01
1.294869716956404404e-01 -7.120369450763315566e-02 2.234206976097542503e-03 2.168134904543602970e-01 -1.837576936001866779e-01 2.715296982561297284e-02 -2.698961371655539052e-02 1.963148701789146910e-01 -2.622386007773589989e-01 -3.079022903778992348e-01 -1.639451880969543807e-01 4.900496400756648024e-02 3.048235134585561279e-01 2.663016634882221512e-01 -1.167043693952858896e-01 1.667614209474208853e-01 -9.290196642228006063e-02 -8.620526224852795294e-02 -2.097147915882913438e-01 2.196548278214485173e-01 8.371936914941470638e-04 -2.714231455433014917e-01 1.565994985746684276e-01 -2.627057853891563710e-02 -1.042733436351406251e-01 -2.488962506459666268e-01 -1.204018090452443554e-02 3.235191113387885786e-01 -2.274488141448712530e-01 -1.507383142458691705e-01
6.975540997548825006e-02 -1.038854141179670065e-01 -3.855484860853092277e-01 -4.078668968374819098e-02 -1.202153449912494593e-01 -4.702615610049897150e-03 1.835535269130162128e-01 2.147865317795598014e-02 1.645308545278061363e-01 -3.852608498255295083e-02 -1.345059258638071631e-01 -2.110771541226857673e-01 -1.772542838448482871e-01 -1.735745255082759286e-01 1.932490765138447295e-02 -6.345171207395608470e-02 -5.252866282182646618e-01 -3.419235026172540715e-01 -5.334544724399123417e-02 -4.699911351560785711e-02 -9.652245269172295139e-02 -7.559930087176303104e-02 7.232128328574283227e-02 -2.434240751003526881e-01 1.181342657111588978e-01 -1.008331108643509832e-01 2.152600591994851542e-01 -5.316647523642503703e-02 1.704456124814020257e-01 -2.202470049397927676e-01
4.678545765726323247e-02 -1.918416998949331043e-01 4.644193571397320919e-01 -2.657732701737574449e-02 -3.139905246702854313e-01 5.181470329968534266e-02 1.670031658090036508e-01 -4.185118169560880091e-02 4.255699103636160219e-01 -1.047979995991404623e-01 1.504397753676892935e-01 8.750742981762833772e-02 -1.525089639404608177e-01 -3.746571611368339910e-02 -3.630412703053337298e-02 2.655578692018139078e-02 1.423902557672368230e-01 -2.817731198043626484e-01 -5.954748452358698402e-02 -1.133974010478580180e-01 1.851115153146417613e-01 -2.856644669430101480e-02 1.391127595389349825e-01 1.747202716039825965e-01 1.940193876871457446e-01 -9.492763647103612257e-02 -1.992755762548390763e-01 7.572869441181669624e-03 -5.799818799872003688e-02 -2.716752079326609226e-01
2.957499655065208843e-01 7.712237929998824737e-02 2.358134576920539738e-01 2.032302314665827836e-01 9.717231419096677980e-02 7.476244123804789976e-02 -2.980041284820750605e-02 -1.570531123908510407e-01 -4.600616883881539915e-02 -1.021290692204065986e-01 -5.391567646439768963e-02 -1.152605681909334295e-01 2.063745994506268611e-01 -3.296404462498469523e-01 1.715556419963530990e-02 -1.019803415079574560e-01 -4.741694017075561568e-02 3.021297051822317836e-02 6.226961066583960175e-02 2.388590001171247423e-01 9.858335415414340441e-02 -1.683582678033506697e-01 -1.659768083903780667e-01 -1.013584580137305846e-01 2.027010274158188852e-01 -1.154462073191622196e-01 1.246774476125645514e-01 -5.270187678525958264e-01 -3.008837082600495649e-01 1.357999018129430781e-02
-3.234683986611893158e-01 -3.259836261339197488e-02 5.803853990583779376e-02 -4.727196194348851771e-02 5.773590041155756553e-02 5.789943061358091697e-02 -1.474652049890571859e-01 -1.024558224142136688e-02 -1.237928261508337707e-01 2.543406727825059388e-01 -2.109957748523281773e-01 1.751470542926624602e-02 1.256389583726762182e-01 -2.494089974941736398e-02 8.683922349718170564e-02 -3.310820571344161856e-01 -3.647037675907213727e-02 -1.614912825956841547e-01 -1.008881984769183365e-01 1.924345347797160599e-01 -1.800628106016126384e-01 -1.478109449716214774e-01 1.797720589318514417e-01 5.333812939824464916e-01 3.562399992956274408e-01 -1.363983484468342562e-02 1.537021390747170257e-01 2.905151083080259947e-02 5.734374383856050139e-02 -3.477613532875107466e-02
1.485478934986829425e-01 -5.327354812098109710e-02 -2.357999486043944187e-02 -2.640021860376232446e-02 2.908639330805094514e-01 8.961439255962398709e-02 1.603818706785505310e-01 3.468347846069851914e-01 1.333400562472605855e-01 2.766692157288759904e-02 1.676917410009085702e-02 -3.887208034920929672e-02 -1.713612266831298359e-01 1.270660773553280165e-01 -3.426360598591258744e-01 3.225139922041733720e-02 1.488440770767273935e-01 5.153491311205925934e-02 -9.537237465209556786e-02 3.534626010782315753e-01 3.840367511264972111e-02 -3.382528673284171949e-01 -8.724155606246843109e-02 1.145093653869333900e-01 -1.056140381487545993e-01 2.687898480741843232e-01 2.265598628216610420e-03 -1.922671708114945810e-01 3.194211488152257084e-01 -1.817867470855492884e-01
-2.530227783199108238e-01 -9.330916266098349121e-02 1.432883427389057551e-01 -1.147588604912659072e-01 -3.950223791794005290e-02 2.115948108773225422e-01 -2.772726273560727761e-01 -7.776063867016148878e-02 1.471641041064321309e-01 2.464583929212837143e-01 7.818730653839976730e-02 -2.223348246050086685e-01 1.325490610326182095e-01 3.816874790914406290e-01 -2.107946991367248835e-01 2.132968049112454190e-01 -1.903525932973356982e-01 6.613471532619411009e-02 -1.676529349935323154e-01 -1.366546397341064922e-01 2.578056597553772256e-01 -8.573708545400257619e-02 -3.766191928833156899e-02 -2.216581899353977370e-01 1.329221392774967148e-01 1.585978354270593527e-01 2.989282317355272944e-01 -9.138762626044352744e-02 -1.411382992241847212e-01 3.123924735603119188e-02
8.885086916575828109e-02 -8.521153754918638079e-02 4.348158943847874741e-02 3.319878254258064598e-01 -2.319231440381712972e-01 -1.320632411247698867e-01 -1.895210997932281552e-02 -1.152610146731571777e-01 2.191787849522470466e-01 2.633448488318006486e-01 -2.370243934213538683e-01 3.742177212745498305e-02 3.850623948536161661e-02 -1.949475297830608259e-02 3.020536922284000059e-01 2.328583992039452433e-01 2.385232456132880263e-01 -1.032143889410826881e-02 -2.365006503856190712e-01 7.153419075542642724e-02 -1.507069498998570567e-01 5.594820725568822734e-02 9.284539662371449342e-02 3.437706101440315271e-02 -3.682032961979123664e-01 8.450412625171972725e-02 3.616773556511697629e-01 -1.493753804074102742e-01 1.254136466841891395e-01 -1.761994960274177943e-02
-5.953422705278092752e-02 -1.669554306461515925e-01 1.061608432425861503e-01 -3.036365084064835407e-01 -2.646742921991117603e-01 4.423842828538779304e-02 1.084191962293703376e-01 1.745868285291579391e-01 -2.838165196880989560e-01 2.083070395536549824e-01 1.830213873096879842e-02 -2.750687548420041040e-01 -3.445090675407470882e-02 -2.342699070416706664e-01 3.068731397016560836e-01 -4.743324371209663853e-02 1.532372466510273923e-01 2.519478817019289441e-01 4.576495938927288565e-02 2.417392371180027977e-01 3.269709458393249557e-01 -1.172564224168863439e-01 1.744451963367636693e-01 -2.446209162161747386e-01 -1.497094020211555375e-02 -8.176551523116634690e-02 -1.068423012181982622e-02 9.996015882417380594e-02 1.427368967622701101e-01 -5.127165485301179992e-02
1.312357089524346376e-01 -1.393784278858638259e-01 1.279833534043727239e-01 8.833493742979872665e-02 -1.219134119939840194e-01 1.119178966658396501e-01 -2.078790416988555989e-01 5.061371760243368878e-02 -1.681697388487400080e-01 -2.637337035754765049e-03 2.438037030447382514e-01 -2.885918677896092133e-01 -1.227470885972143776e-03 2.043075175995461568e-01 2.495446908876666758e-02 2.254249742963545522e-01 -2.535282078635190950e-01 -4.467666498573073103e-02 1.558768181334571346e-01 1.250890509770971604e-01 -2.002740203452540169e-01 2.510068248202074748e-01 1.422824260796639595e-01 2.171449979676801367e-01 -5.175620919123162522e-02 -2.043461945933608692e-01 -2.341860217569162739e-01 -3.103299973643531828e-01 3.349845261677483754e-01 1.314613937490721196e-01
1.702402947342383510e-01 -1.726621050469522717e-02 -9.605036435424162133e-02 1.409368702757810184e-02 -1.416993350643013794e-01 1.085952478852579700e-01 2.504186617101271661e-01 2.743882015870146018e-01 -1.274896414805241074e-01 2.802981734596340924e-01 -3.846510383943683997e-02 1.274627286972309093e-01 1.847828660366968578e-01 4.541651064109888947e-02 -1.378969046535345189e-01 8.869798495955887041e-02 2.871800418146697731e-01 -1.278597992991421517e-01 -6.893741237880691985e-02 -3.573638949151230482e-01 -9.942796574085767392e-02 -9.609805760542955433e-02 -1.736043742487664299e-01 -8.783369355233501541e-02 3.229076729765368303e-01 -2.920118305813110271e-01 4.297467044374565781e-02 -1.089929281492455770e-01 1.744335293720672142e-01 3.063317205524067610e-01
1.275790325042312212e-01 -5.332368591167693100e-02 -1.114776133391848778e-01 2.383071192416871542e-01 2.963651253907840233e-01 6.117556994688539557e-02 1.705493812269709419e-01 -3.059752251115015476e-01 -4.209482420700849659e-02 1.217607256669267779e-01 8.075750634028924790e-02 1.389455401963200776e-01 -3.586539946179079230e-01 2.924853193267521467e-01 3.340698243370912035e-01 1.538932553705937567e-01 -9.007383380214958879e-02 1.057446602439987005e-01 8.931858757549096528e-02 5.802779538467361942e-03 2.735782887155819298e-01 -2.915400305865501474e-01 9.856756400374241944e-02 1.033703012297822882e-01 1.662667179474227319e-01 -2.240062040250868081e-01 3.072600582307285361e-02 8.949942429816008793e-02 7.082727785443997635e-03 1.054152891948955395e-01
-3.080398782175977623e-01 9.519410821949071677e-02 -1.610868340866934145e-01 1.361035481484934861e-01 -1.363142254801087347e-02 1.133732539461278638e-01 5.747674311715670996e-03 -1.777659170444807757e-01 1.648835658373528357e-01 2.805897004658738370e-01 1.701452655207226772e-01 2.095105974702740625e-01 3.388836246037422728e-01 -3.215554971492315395e-01 -1.349435818246141339e-01 3.294520002648728130e-01 -9.909223204034538213e-02 7.851275562833982813e-02 1.906537963436076843e-01 1.399867024404806426e-01 -1.506646845265273427e-02 -1.808713264774004792e-01 -7.231079218167939249e-02 -2.600868630700457415e-02 -5.738843812382660864e-02 -1.631087507377411705e-01 -2.451913208000186251e-01 6.927820507631546332e-02 1.467545676374826524e-01 -2.366962829605473717e-01
3.052889445370507437e-01 3.893030077201600769e-01 -2.567440052114107196e-01 -1.935498060515781216e-01 -5.833134402516709088e-02 -1.051744858178922382e-01 -2.590442671891651782e-01 1.182490511058480881e-01 1.558102613915775814e-01 6.457297114166211938e-03 1.294257387973313800e-01 -1.485041048892140059e-01 -1.162104611341431906e-02 -9.976859017419069386e-02 -2.374536493199343179e-02 2.216945187807711493e-01 1.094381317777457924e-01 4.470356624086529312e-02 -4.438207672471158188e-02 8.194752332707704034e-02 2.633260582289772556e-01 1.863481746633525726e-01 -7.064649962706068265e-02 3.522339990269198196e-01 1.450382178985350490e-01 -2.108403364184028295e-01 2.632541303645967723e-01 1.579887756212563221e-01 -3.008219547627181967e-02 -1.301674604465254126e-01
2.594575293143674272e-02 4.468904000381818120e-02 -5.229980876973239906e-02 2.564652769103005214e-01 -4.854177534360687961e-03 3.077835808307566312e-01 -2.271887686415102470e-01 2.615238698894334357e-01 1.567094996977442742e-02 -1.088996011855931506e-01 -3.905538117500111372e-01 -1.818005883413969723e-02 -1.204119316846688770e-01 -1.566525517995081829e-01 5.373020401114595584e-02 1.298840847917209218e-01 -7.372810289165467219e-03 3.646244548419000364e-01 1.109471132196179072e-01 -3.839379000733106340e-01 2.188940957113982497e-02 -9.950641728676526757e-03 2.460567763942032304e-01 5.020527790762208120e-02 1.859397138308895303e-01 1.635861656039851453e-01 -1.423471680541127105e-01 -7.012569326996848096e-02 2.229717209608614650e-02 -2.166004937702333266e-01
2.235633671928833055e-01 1.227297418660603934e-01 2.910314848084525896e-01 -1.055492326289302930e-02 -2.314985100195319778e-01 -3.047316949753186566e-01 -1.583631822814273726e-01 1.346413670036118379e-02 -1.384422904506428520e-01 1.447629945827971498e-01 5.552272632738454970e-03 1.060871665387897733e-01 -8.993821917684131917e-02 1.346643238598128900e-01 9.588238932130781211e-02 6.347208443134789990e-02 -1.535025049184664814e-01 3.943785617127046339e-02 3.404062071986971860e-01 -1.823942270771728921e-02 -2.605650681891787945e-01 -2.313833849909218976e-01 -3.242764090290883305e-01 -9.107739438891272743e-02 2.087383149476582100e-01 2.426630296125106001e-01 8.248632146956821898e-02 1.885476245455387223e-01 1.142535582955006429e-01 -2.313099788770144605e-01
