# CEC 2010 F05 rotation matrix (50x50)
1.6871466600000001e-01 4.9479700500000001e-02 2.1649998000000001e-01 1.7726008200000001e-01 -1.8007531800000001e-01 -2.6738258800000001e-02 -1.4255771900000000e-01 -1.3787872600000001e-01 5.1187226199999998e-02 1.4751751000000000e-02 1.3699206000000000e-01 -2.8110010000000001e-02 1.2519210200000000e-01 -1.4271234599999999e-01 3.4226553999999999e-02 1.0592726199999999e-01 6.6067470000000003e-02 4.3961364500000003e-02 -1.5583816400000000e-01 -5.2980419299999998e-02 -1.2262960900000000e-01 5.8461001200000001e-02 3.0917945600000002e-01 1.5902378300000000e-01 -8.3756063500000005e-02 9.1150294800000004e-02 4.4681986500000000e-02 1.6018571300000001e-01 -1.5809593499999999e-01 -1.6399738200000000e-01 2.9593822900000000e-01 2.4057510800000001e-02 -1.2451133700000000e-01 5.9145436699999998e-02 1.4480166200000000e-01 -2.4114996600000001e-02 1.1905192200000000e-01 -1.9550478700000001e-01 8.3937270999999994e-02 7.8028781600000000e-02 -1.5536677400000001e-01 -2.7334005500000003e-01 7.6775056899999999e-02 -1.3460841700000001e-01 -3.0674611400000001e-01 -1.4032522000000000e-01 -1.5518778599999999e-01 4.4628092199999997e-02 -8.2788701800000003e-02 1.2679946300000000e-01
4.3963720999999997e-02 -3.2808840999999998e-02 4.1791220800000001e-02 1.9374578100000001e-01 -2.3018637700000000e-01 4.8751732999999998e-02 -7.2898171499999997e-02 5.4599111300000003e-02 3.3519716200000002e-03 -5.2303374499999999e-02 -9.9961039000000002e-02 7.7115257800000003e-02 2.3806831800000000e-01 1.0419880300000001e-01 -1.0536300500000000e-01 -4.2306378200000001e-02 -1.5530223300000001e-01 -9.8973643299999997e-02 -2.4152120299999999e-01 1.3654553899999999e-01 1.3598674499999999e-01 2.7906772300000000e-02 -5.4829727600000003e-02 -1.0457073500000000e-01 1.1663021799999999e-01 -6.1563681299999999e-02 1.4711010199999999e-01 -1.5424286000000001e-01 3.8358975699999999e-02 -2.7576666699999999e-02 -1.1509667400000000e-01 1.7043224400000001e-01 -8.7929612200000007e-02 8.0061679600000005e-02 1.0537643900000000e-01 -2.3917035000000000e-01 -2.2079621199999999e-01 -7.4984310399999997e-03 8.0377039200000000e-02 -2.2619141600000001e-01 -2.2919684300000001e-01 8.5446455700000007e-02 -1.3935163000000000e-01 1.2780640200000001e-01 -1.3664159900000000e-01 -2.7896878600000002e-01 1.3559459700000001e-01 -5.5409898499999999e-02 3.7463076400000000e-01 2.6829550399999999e-02
3.5560655699999999e-02 -2.1739570200000000e-01 -1.2467515999999999e-01 1.5161989300000001e-01 -2.4987159300000000e-01 1.5383983400000001e-01 2.1863423700000001e-01 1.7193734100000000e-02 4.1653559700000002e-02 -4.5206759399999998e-02 -1.7681915200000001e-01 -9.8070410699999996e-03 6.0241951699999997e-02 -1.8022492100000001e-01 8.2794772300000000e-02 7.2065230699999996e-02 -1.2544133499999999e-01 1.3098310699999999e-01 -9.5573331200000000e-02 -1.1296410899999999e-01 2.2949556400000001e-02 6.4262821700000000e-02 1.7872630800000000e-01 -9.5048846199999995e-02 -1.3241162500000001e-01 3.8223089100000002e-01 -7.9390878299999995e-02 1.6527604000000001e-01 1.1317841200000001e-01 -2.3884467500000001e-01 -1.9487125799999999e-01 -5.5038054699999998e-02 1.7898860999999999e-02 -2.0981562400000001e-01 -1.4357646800000000e-02 3.4360809100000000e-02 -1.4085446400000001e-01 -8.8610083800000003e-02 1.6715611699999999e-01 1.2697830199999999e-01 1.2517869500000001e-01 2.4486593099999999e-02 4.6214668899999999e-02 1.1321813600000000e-01 5.9571463499999998e-02 2.6605481900000000e-01 6.1091950600000000e-02 1.5588631800000000e-01 1.6601942800000000e-01 -9.0952656199999996e-02
2.3741904400000000e-01 -8.3254384000000001e-02 1.3849655199999999e-01 5.9293808500000003e-02 8.7045128200000002e-02 -1.4900540100000001e-01 -1.4473823899999999e-01 4.5103564100000000e-02 -2.7411455299999998e-02 -1.2361588100000000e-01 2.3224443400000000e-01 1.0711380099999999e-01 6.6372057200000001e-02 1.3967782600000000e-01 2.9813699300000000e-02 -4.5388974499999998e-02 4.7498224999999998e-02 -2.1672129700000001e-01 -1.0674077500000000e-01 -2.9794528999999997e-01 -1.4584353500000000e-01 -2.4490465300000000e-01 4.9183220999999999e-02 2.7276188999999999e-02 2.5132610399999999e-01 1.0666335500000000e-01 -1.4104381599999999e-01 -1.3794685700000000e-02 1.0415151500000000e-01 1.8856152700000001e-01 -1.1854785900000001e-01 2.0355857399999999e-01 -6.5891975200000003e-03 6.5948788300000005e-02 2.7568582900000002e-03 5.8559013399999997e-03 -1.1464249100000000e-01 -1.2573834500000000e-01 -5.8943803599999997e-02 -1.0425650100000000e-01 2.8684348199999998e-01 -8.8423182399999994e-02 -7.0281496200000002e-02 2.4527055500000000e-01 -4.4057790700000002e-02 2.4312814499999999e-01 -7.0898024000000004e-02 1.8572733100000000e-01 1.4435284000000000e-02 1.3750030799999999e-01
1.1238290200000001e-01 2.4469973300000000e-01 1.4766323700000000e-01 -3.9903221500000002e-02 -1.7106948800000001e-02 1.5101111000000000e-02 -3.4748063599999997e-02 -6.7391016100000006e-02 -1.9150408099999999e-01 2.8303197700000001e-02 1.5045969000000001e-01 -3.5748675800000002e-01 6.3393002599999998e-02 -6.1456114300000003e-02 -1.4961583100000000e-01 -8.7791154199999999e-02 -6.0062710100000000e-02 -8.0190481299999995e-03 2.4565798999999999e-01 -8.1785899199999998e-02 4.2411397800000000e-02 -6.9236560799999999e-02 -1.6284279500000001e-01 -1.1691658900000000e-01 -6.9230295700000000e-02 2.6460807800000002e-01 2.1749043000000001e-01 5.2677332600000001e-02 -2.1974541699999999e-03 1.4610420400000001e-02 -3.5568134600000001e-03 -1.0232704300000001e-01 2.4228946600000001e-01 2.3372630100000000e-01 2.4269935800000000e-01 5.8475798400000001e-02 -2.1202087099999999e-02 -1.3774381299999999e-01 4.0327576499999997e-02 8.2361248400000003e-02 2.5019697400000002e-01 8.1795615000000002e-02 1.6995377100000000e-01 2.4183034300000001e-03 -7.7117065999999998e-02 -7.6281488100000003e-02 2.2415443099999999e-01 -1.0575972400000000e-01 2.0845556600000001e-01 -2.5192228600000002e-02
3.3401537900000000e-02 4.6338061999999999e-02 -2.3231448699999999e-01 -1.5559554900000000e-01 -2.3753541600000001e-02 -2.7624736599999999e-01 -1.5506501400000001e-02 1.1257674400000001e-01 -2.1403088200000001e-01 -1.5121523100000001e-01 -8.1504632699999999e-03 -3.8072595399999998e-01 -3.4257232900000001e-01 -2.2182067400000000e-01 -1.3229479500000000e-02 6.4073551199999995e-02 1.1483668000000001e-02 1.0475753600000000e-02 1.1231999400000000e-02 -6.1597091200000002e-02 4.4878017800000003e-02 -2.3443016099999998e-02 1.0665337599999999e-01 1.8510695000000001e-02 3.5981363900000000e-02 1.2794230800000000e-01 1.3618122199999999e-01 -7.3324963699999995e-02 1.0206555900000000e-01 -1.5892674300000001e-01 1.0731311400000000e-01 2.5424993600000001e-02 -2.3359426799999999e-01 -5.3678086899999998e-02 -1.6481606300000001e-01 -1.0250735100000000e-01 -1.7172268500000001e-01 6.2969451199999998e-02 7.9484593299999993e-03 -2.5955664699999997e-01 -1.7443734299999999e-02 -1.0753577100000000e-01 -2.0755946900000000e-01 1.4906867300000001e-01 -1.7745004400000000e-01 -1.6932103399999999e-02 4.6446025500000002e-02 -1.1295823700000000e-01 -1.2839132200000000e-01 -3.4356510699999998e-03
6.6288420599999995e-02 7.3136280499999998e-02 6.2578275500000002e-02 9.0481632199999995e-02 1.6995781800000001e-01 2.1821013500000000e-01 4.5535074799999999e-02 1.4375305399999999e-01 -3.7773307200000000e-01 2.0341878899999999e-01 1.8516606899999999e-01 -3.7104529999999997e-02 -4.7424245199999999e-02 -7.8005700600000004e-03 -1.3683340799999999e-01 1.5947098000000001e-01 1.4743044000000000e-01 8.5591551000000002e-02 -1.8548702400000000e-01 7.4427593599999996e-03 -2.3544334000000000e-01 -1.2218426700000000e-01 -5.6898880899999997e-02 -1.2906965800000000e-01 -1.4726489800000001e-01 -1.8374227900000001e-01 7.6603668700000002e-02 3.5906860699999998e-01 -1.3809468699999999e-01 -3.0624568800000002e-02 -4.3997026300000002e-03 -3.0001951400000001e-03 -5.0905861099999998e-02 -1.6553440799999999e-01 9.9965891400000009e-04 -6.4152326100000004e-02 -1.8740332600000001e-01 1.7264838299999999e-01 -1.1163151200000000e-01 1.0420799100000000e-01 -1.7880687300000001e-01 8.8757846000000005e-03 -5.9874628399999998e-02 1.7406854599999999e-01 1.1234142699999999e-01 9.0450991900000000e-02 5.0127190699999997e-02 -9.5151993800000004e-03 1.1303243000000000e-01 1.5551791900000000e-01
1.1704222600000000e-01 -1.8771905500000000e-01 -1.0793996000000000e-01 -2.3086864499999998e-02 1.5315969500000001e-01 -1.4612289800000000e-01 1.2042913600000001e-01 -1.3857360199999999e-01 1.9582412300000001e-02 1.6144934399999999e-01 3.2914815799999997e-02 -1.2799112200000001e-01 8.0716162199999997e-02 8.7147091699999998e-02 4.6378757800000003e-02 -1.7948009899999999e-02 6.0115869500000002e-02 -3.0520637199999999e-02 3.3461606200000001e-02 -2.9558938400000001e-01 1.1591777800000000e-01 -8.4006380000000005e-02 1.0394920300000000e-01 -1.3901550700000001e-01 -1.4836401599999999e-01 8.1393991299999996e-02 3.6409221999999998e-02 1.0868115000000000e-01 8.7446253500000001e-02 -2.1588473000000000e-02 -8.1684180699999998e-02 -1.1548006000000000e-01 1.1398849599999999e-01 -3.1787167900000003e-02 -1.5614554000000000e-01 -5.5315154300000002e-02 1.7604613399999999e-01 -1.6308106400000000e-01 -2.8938272500000001e-01 -1.5538871600000001e-01 -2.5646300500000002e-01 1.8425286799999999e-01 6.0429824200000003e-02 1.2332360700000000e-01 6.5613638599999996e-02 -4.0286334099999999e-01 -2.1357260100000000e-01 2.0587054699999999e-01 6.4522980699999996e-02 -4.5178512200000000e-02
-1.1749800700000000e-01 3.3157658800000003e-02 -1.5764530700000001e-01 3.7056455100000002e-01 -3.3403972599999998e-02 -1.7519668199999999e-01 -5.4040744699999997e-02 -1.4845871099999999e-01 4.8111156199999998e-02 2.9621173200000001e-01 -1.1879561600000001e-01 -1.0804736700000001e-01 -1.6072074400000000e-01 1.2433130600000000e-02 -2.9893922600000000e-01 -3.6977836299999997e-02 2.7826928100000000e-04 -1.3619458900000000e-01 -1.3087662100000000e-01 5.0326266900000000e-02 -1.0541691600000000e-02 -3.9921937500000003e-03 -8.9067944600000004e-02 -2.7838447600000000e-02 -8.8488858300000001e-02 -9.7572465999999997e-02 8.3691269499999998e-02 -1.8714008600000001e-01 1.6418449600000001e-01 1.6415206700000001e-02 -1.0211748000000000e-01 -1.4608397000000000e-02 -1.0497161900000000e-01 -2.9403118100000000e-02 3.5840186400000001e-02 1.4383699699999999e-01 1.4228581300000001e-01 -2.0405393099999999e-01 7.2438905900000003e-02 2.0419108899999999e-01 5.8968686100000001e-02 -1.3602568900000001e-01 9.4590031500000005e-02 2.9122611700000001e-01 7.7758705799999994e-02 7.9728635300000003e-02 -2.3082062300000000e-01 -2.2024019900000000e-01 -1.2736410100000000e-02 1.2858281199999999e-01
1.1853756800000000e-01 -3.0223815000000001e-02 -2.0559199899999998e-02 -2.4265435499999999e-01 -3.7597446899999998e-02 -1.7740024200000001e-01 -2.0548670200000001e-02 -1.2369223600000000e-01 7.0359383999999997e-02 8.8618811699999994e-02 -1.0160819000000000e-01 1.9011375899999999e-01 -4.5422811700000003e-02 1.3435984200000001e-01 -1.5594199100000000e-01 4.0973958800000002e-02 1.2100899300000000e-01 6.8048583600000004e-02 -1.3676935899999999e-02 3.1986187700000002e-01 -4.7009966700000003e-02 4.4024466200000001e-02 -1.0043647500000000e-01 -3.2926834999999999e-01 -1.4092617499999999e-01 2.1461647800000000e-01 9.0323129399999993e-02 1.1327866300000000e-01 1.1252434100000000e-01 2.2462178099999999e-01 9.3890258599999998e-02 -2.1131656700000001e-02 2.7444524799999997e-01 -1.0882220800000000e-01 -8.1561759299999995e-02 -6.0909371699999999e-02 -1.5913969500000000e-01 -1.4859051500000001e-01 8.3553095399999999e-02 -8.1148816600000007e-02 -2.0411357900000000e-02 -3.9254741500000001e-01 -1.5642727300000001e-01 -9.4453839200000000e-02 -7.1806851300000004e-03 5.8624527400000003e-03 6.4133379800000003e-03 1.0894524200000000e-01 -2.5424542099999999e-02 9.4800285900000003e-02
2.4993327700000001e-01 -2.1291255300000000e-01 -2.5398704100000002e-01 -7.6275865700000001e-02 7.3898600199999998e-02 8.2341081400000002e-02 1.4576543000000000e-01 -2.8708903299999999e-01 1.0205883900000000e-01 -3.1304805599999999e-02 5.7310096700000000e-02 4.8377753300000003e-03 1.7867399400000000e-01 -1.6196161100000001e-01 1.7829543600000000e-01 5.7895620699999997e-02 -2.0543321100000001e-02 -2.0309478900000000e-01 1.7807390900000000e-01 1.3733523700000000e-01 1.6048221099999999e-02 -1.2213959000000001e-01 -4.3774907299999999e-02 2.2383718200000000e-01 -1.4986481899999999e-02 -3.9314536200000000e-02 9.1466827900000006e-02 2.3148866700000000e-02 1.5503339599999999e-01 4.2202294199999999e-03 -7.0011629800000003e-02 -2.0250397999999999e-02 -1.4961857900000000e-02 2.6210207800000000e-02 1.0395240600000000e-01 6.4294725000000000e-03 -1.8296807000000001e-01 2.8219541199999998e-01 1.1592883599999999e-02 5.8490087199999999e-02 -4.2108975100000001e-02 -1.6422432700000000e-01 2.0788866500000000e-01 8.2062958699999994e-02 4.2544033600000003e-02 -9.9985353599999993e-02 9.2253895899999994e-02 -1.4476327999999999e-01 -5.5996112000000001e-02 3.8335571299999999e-01
1.4802675500000001e-01 8.9434807399999997e-02 8.0021453000000006e-02 -1.2421423800000000e-01 -6.3655121699999996e-03 1.1590337800000000e-01 1.7383563299999999e-01 -1.3392992400000001e-01 -8.6007654700000005e-02 2.6235586200000001e-02 -8.1009219399999999e-02 -1.4633755400000001e-01 -8.6560630000000000e-02 8.9063101300000003e-02 -4.5176393299999999e-02 2.6368184700000002e-01 -2.2919141000000001e-01 6.8532625599999994e-02 -1.1827704999999999e-01 -3.8896045099999998e-02 1.0543592800000000e-01 1.4076415500000000e-01 -2.0491449100000000e-01 1.6339817000000001e-01 -3.9175574000000002e-01 -1.2211758700000000e-02 -2.2665626400000000e-01 -1.7755347499999999e-01 -1.2609222500000000e-01 2.3154918799999999e-01 -1.3696547500000000e-01 1.7192798100000001e-01 -5.2891111700000000e-02 -3.8818339899999998e-02 2.2468628299999999e-01 -8.4682514299999997e-02 -8.8007384800000005e-02 -1.7311003200000001e-02 2.0476503100000001e-02 -1.1111793300000000e-01 7.8043249699999998e-02 1.0745300100000001e-01 -7.9037066600000008e-03 4.8488409000000003e-02 -1.6450128899999999e-01 -8.0720604400000007e-03 -1.7413534000000000e-01 1.7328216099999999e-01 -2.0881215700000000e-01 5.4492261000000000e-02
2.9360016300000003e-01 3.1683830099999999e-01 -1.6743893400000001e-01 -5.9632485300000003e-02 -1.5290354100000000e-01 -4.8753808900000001e-02 -1.9569515999999999e-02 -9.8720086600000007e-02 -1.3255941099999999e-01 -7.0626170600000002e-04 -1.3952346900000001e-01 2.6306789699999999e-01 -9.9497579500000002e-02 8.8845068099999994e-02 9.0496738399999999e-02 4.3655982400000001e-02 -4.0721226100000001e-02 2.7977175900000001e-01 3.2408760000000002e-02 -7.3059780300000002e-02 1.1129608000000001e-01 -1.3538035700000001e-01 1.4522418800000000e-01 1.3345066200000000e-01 4.9526701100000001e-02 -1.8689658900000000e-01 9.1862495500000002e-02 1.5661735700000001e-01 2.9096081600000001e-01 -3.0906367499999999e-03 -7.2291861900000004e-02 -1.8528910700000001e-01 -1.4604409900000001e-03 2.0768760800000000e-01 1.3860818999999999e-01 6.0209057099999998e-03 -1.6238258400000000e-02 -5.2564022199999998e-02 7.5136128000000005e-04 9.0387106300000006e-02 1.6444724300000001e-02 1.7494607000000001e-01 -2.7135071999999999e-01 -9.5376618799999993e-02 2.9406805700000000e-02 8.1196316700000007e-02 -2.2099926000000000e-01 -8.5595992300000007e-02 9.2541608900000003e-02 4.3800395200000002e-02
-6.3558200300000006e-02 -1.2064169800000001e-01 1.3508015500000001e-01 -1.0865419799999999e-01 -1.6185948900000000e-01 -2.6747668800000002e-01 -1.0856353900000000e-01 -1.0722039200000000e-01 -9.1349664600000005e-02 -3.1477557299999998e-01 -1.0794967799999999e-01 9.8039517699999995e-02 1.1558489800000001e-01 5.1467260100000002e-02 -6.6439031199999998e-02 -1.7639737200000000e-01 -1.3258713800000000e-02 -6.9659657599999994e-02 3.4437632900000001e-02 -5.3208684700000002e-02 1.4998785200000000e-01 -2.1152332300000000e-02 -5.1570394399999997e-02 1.6981372600000000e-01 -2.6879833800000003e-01 -6.3428487800000002e-02 8.0042763599999997e-02 2.5619899599999999e-02 -1.5356983099999999e-01 2.4405835800000001e-02 1.1595020600000000e-01 -1.0407347600000000e-01 -1.9389197500000000e-02 -1.4772508900000000e-01 1.1091223400000000e-01 1.0685282500000000e-01 -1.4552129200000000e-01 9.1319402600000002e-02 -3.4780804199999998e-01 3.3233599800000002e-01 -6.7127038999999999e-02 -9.1194247199999995e-02 -1.1386473000000000e-01 2.6904695099999998e-01 -1.0059473500000001e-02 5.3670071799999997e-02 3.1627742000000000e-02 1.1805227899999999e-03 4.7865672900000003e-02 -2.0860975000000001e-01
1.9972904899999999e-01 -4.4408852500000001e-01 1.8991052999999999e-01 1.6604375799999999e-03 4.3616902700000003e-03 1.6232709800000000e-01 8.9118329399999995e-03 2.3972974899999999e-02 -3.6591798299999999e-02 -4.9606751499999997e-02 -7.6005489199999998e-02 4.2286252199999999e-02 -2.9057811700000002e-01 -3.7337101900000003e-02 5.8625852699999998e-03 -1.2721602600000001e-01 1.1330093099999999e-01 3.2777380800000002e-03 -1.0981430900000000e-01 -4.1649760600000002e-02 1.5829682100000000e-01 3.4037723399999997e-02 -2.4505884600000000e-01 3.3651586200000000e-02 -1.5834436900000001e-01 2.5861394499999999e-02 8.1419053500000005e-02 2.8156587199999999e-02 -4.9828495200000003e-02 6.1194226499999997e-02 2.1077787700000000e-01 -4.3786543999999997e-02 -2.3108824100000000e-01 2.3747904600000000e-01 -2.5458434099999999e-01 1.8273157300000001e-01 1.9494375500000001e-02 -6.6668100100000002e-02 5.3573224400000001e-02 -1.5312362600000001e-02 1.3961866300000000e-01 1.1054606400000000e-01 -5.1755193800000002e-02 -1.7096710400000001e-01 1.6535481099999999e-02 -8.7565170000000001e-03 -6.8860361300000006e-02 -9.0959596099999998e-02 2.4519390299999999e-01 1.8322034300000001e-01
3.3386889100000000e-01 2.2109211600000001e-02 4.6503903600000000e-02 -8.4417965700000000e-02 -1.7658480200000001e-01 -4.7673356700000002e-02 -9.6583235000000003e-02 4.1193353199999999e-01 1.8175225699999999e-02 2.6414238899999998e-01 5.3344391999999997e-02 -1.0940986400000000e-02 2.1493304499999999e-01 -1.7396697899999999e-01 1.7790952500000001e-01 -1.5579214000000000e-01 -3.5235162299999997e-02 -8.7053455299999999e-02 -2.6994159800000000e-02 2.5304211399999998e-02 -7.7247221300000002e-02 5.3357914499999999e-02 -2.0288893099999999e-01 -1.0842345400000000e-01 -7.1906861599999997e-02 1.6851880599999999e-01 9.6712148700000000e-02 -6.1448738300000000e-02 1.4373223299999999e-01 1.7670035700000000e-01 -7.5509797700000006e-02 -6.5629315199999996e-02 -2.8953964399999998e-01 -7.2444105499999994e-02 7.0782005699999997e-02 -5.8313033700000003e-02 1.6893802499999999e-01 1.6115945900000000e-01 6.1306428499999996e-03 1.4901183700000001e-01 -3.2443884399999998e-02 -1.7436194400000000e-02 -6.5230916900000005e-02 -2.5521614599999999e-02 1.0919286900000000e-01 -5.7408871100000002e-02 -1.0082350399999999e-01 -2.1987217100000001e-02 -1.9665643999999999e-01 -1.8779756700000000e-01
-7.4481243399999994e-02 -1.0128237000000000e-02 -9.8990700400000006e-02 -2.0897384899999999e-01 -9.7017289300000004e-02 1.8522706700000000e-01 -1.7776125700000001e-01 -1.8055731899999999e-01 -4.8151292200000001e-02 9.8004840300000007e-02 6.0373847000000001e-02 5.0618388600000001e-02 -1.2924700000000000e-01 8.2308372699999993e-02 -3.8931616299999999e-02 2.4569236799999999e-01 -1.2708383900000000e-01 -1.0869088500000000e-01 1.5332160200000000e-01 -1.6816870400000000e-01 -1.6331977500000001e-02 -1.8146580100000001e-01 -1.9387013400000000e-01 8.5103304099999992e-03 1.9488566099999999e-01 1.3801392300000001e-01 6.4824489900000004e-02 -1.3021804300000001e-01 -1.2705158800000000e-02 8.1935554399999999e-02 1.0921939200000000e-02 -7.5658724999999996e-02 -1.4718411500000000e-01 -4.4435003299999998e-02 -9.4127342700000005e-02 1.2385594100000000e-01 1.6699000000000000e-01 2.6167518099999999e-02 1.8953005700000000e-01 2.0508248000000001e-01 -4.0872675500000000e-01 -2.6090660400000000e-02 -3.1606960000000003e-02 4.3091067500000003e-02 -2.1643433500000001e-01 1.3838105500000000e-01 8.2788385899999997e-02 2.4909649600000000e-01 1.5805894500000001e-01 -5.5629415199999997e-02
1.3963296100000000e-01 -1.6549555399999999e-01 -3.1992844399999998e-01 -6.2773868299999994e-02 1.9905714999999999e-01 -4.8086244399999999e-02 -3.3282906099999998e-01 1.0211560400000000e-01 1.0552530800000000e-01 1.3814492400000000e-01 -1.2768194399999999e-01 -9.8106557600000005e-02 1.4332753900000000e-01 1.1356960800000000e-03 -9.6125499300000000e-02 2.3486056000000002e-02 1.5257131900000001e-01 1.6217945400000000e-01 7.7337642799999995e-02 -6.0550552399999999e-02 2.1011381000000001e-01 8.5295002999999994e-02 -7.5938554300000001e-03 -2.0635394299999998e-02 6.9348735800000005e-02 1.8053245400000001e-02 -1.0804091000000000e-01 1.4016366399999999e-01 -2.1835302800000000e-01 -7.0287625300000003e-02 5.3889610300000002e-02 3.7080740499999998e-01 1.4124234400000000e-02 1.0049057300000000e-01 2.0946513800000000e-01 2.0848947900000001e-01 -1.2542896000000001e-01 -1.2455890500000000e-01 1.4149567599999999e-01 1.4362184900000000e-01 -8.6491562800000005e-02 1.3905518200000000e-01 -1.5250757300000001e-01 4.9984300600000003e-02 8.0535523299999995e-02 -1.2746086500000000e-02 1.0288726600000000e-01 -9.0209469399999999e-03 -1.3097513899999999e-01 -2.7309551300000001e-03
-1.6693331799999999e-02 4.8109872400000003e-02 -1.1574166900000001e-01 -4.0981449199999999e-02 -7.9788831500000004e-02 -1.7406037099999999e-01 1.5782839700000001e-01 1.6193531100000000e-01 7.4823414500000004e-02 5.0664050400000001e-02 1.0305421200000001e-01 -1.1259192599999999e-01 2.0920208900000001e-01 1.3608710500000001e-01 -5.8961252899999997e-02 1.3940959800000000e-01 -1.8498253400000000e-01 1.1290465500000001e-01 -9.6463541599999994e-02 1.2673262899999999e-02 -4.1393210299999997e-02 1.5599815900000000e-01 -1.6984352599999999e-01 5.9596932599999999e-02 1.4521399500000001e-01 9.0599786799999998e-02 -4.1705229799999999e-01 9.7536323600000002e-02 -7.6559666400000004e-02 -5.3006467299999999e-02 2.6117280300000000e-02 -2.5794802200000000e-01 3.8028407500000001e-03 5.4680292300000002e-02 -1.0446460500000000e-01 2.6767161000000000e-01 1.4039544300000001e-01 8.7467000800000000e-02 -1.6545412600000001e-01 2.0451763299999998e-02 6.7216538100000001e-02 -1.2898218100000000e-01 -2.3477693299999999e-01 5.0200256499999998e-02 -1.2722916600000000e-01 -1.1017699100000000e-01 6.5918441100000003e-02 -1.4512788500000001e-01 1.8658489700000000e-01 2.5749286399999999e-01
-1.4495348100000000e-01 2.3336271100000000e-01 -1.6682221500000000e-01 -1.5266598100000001e-01 -8.1517590500000001e-02 8.7705982299999999e-02 -3.3410853499999997e-02 1.1864576800000000e-01 -2.1394283600000001e-02 1.0958865399999999e-01 2.0872252999999999e-01 4.0268591199999998e-01 3.5133275600000000e-02 1.8460418700000000e-01 7.9116167799999998e-02 3.8776128899999998e-02 -3.6447187700000001e-02 -1.0217430100000000e-01 -1.5365088299999999e-01 -1.5298879400000001e-01 1.4867183200000000e-01 1.0259114000000000e-01 -5.5571614999999998e-02 7.4738481900000001e-02 -1.5464043199999999e-01 2.0256108300000000e-01 1.2587471200000000e-01 7.0624149900000002e-02 5.1147684399999997e-02 -9.5716083300000004e-02 2.0253910899999999e-01 1.0364706200000000e-01 9.6572568500000004e-03 -3.2134271899999997e-02 -2.1500117899999999e-01 1.2717868700000001e-01 -1.7740558000000001e-01 -7.3162474599999999e-02 3.2963766100000000e-02 -4.9964769600000000e-02 9.3075879599999994e-02 1.2985191900000001e-01 2.8176786799999998e-01 1.8028202700000001e-01 -8.5803083799999999e-02 -1.0767066800000000e-01 3.9563770600000003e-03 -2.2525180100000000e-01 -1.4831711500000000e-01 1.1580784300000001e-02
-8.3534964200000006e-02 -4.0847433699999998e-02 -1.5313355500000000e-01 1.5722177000000001e-01 -1.8462833400000001e-01 -3.1455011199999999e-01 1.6321327999999999e-01 -1.4531622000000000e-01 -1.9431050599999999e-01 2.4439508099999999e-01 9.7845053700000004e-02 2.0006517100000001e-01 8.0638899099999994e-02 -1.9261035000000001e-01 -2.5228236900000001e-01 -2.2379682200000001e-01 -1.3651631399999999e-02 8.9965760399999997e-02 1.9485645600000001e-01 -1.2554123500000000e-02 -1.0247689900000000e-01 -5.5640452200000003e-02 1.6193315600000001e-04 1.3099117499999999e-01 -4.9894092399999999e-02 1.5332251799999999e-01 -1.2800178700000001e-01 2.4604812800000000e-02 -7.0800908400000001e-02 1.8716316399999999e-01 9.4895410400000005e-02 2.2958734300000000e-01 -1.0736213000000000e-01 -1.2381828299999999e-04 -2.7610145900000001e-02 -3.6298799100000001e-02 -2.8508454100000000e-02 1.2951754500000001e-01 -8.7914227200000000e-02 -1.6521779300000000e-01 -9.0878218999999996e-02 2.1336084599999999e-01 7.3483823300000001e-02 -2.5861499900000001e-01 -5.8811893900000002e-02 1.6856910500000000e-01 5.1321751700000001e-02 3.0084163899999999e-02 8.5665213700000006e-02 3.2227172300000002e-02
4.8960945899999997e-02 -8.3322922499999993e-02 4.1275073500000002e-02 -9.4288151299999998e-02 2.5060451600000000e-01 2.0439942600000000e-02 -1.2070656699999999e-03 -1.7540550699999999e-01 -3.8299416000000003e-02 -1.0672399400000000e-01 -3.5478614100000000e-02 5.6034711700000003e-02 6.8224305999999998e-02 -3.9463847699999999e-02 -7.2769102099999997e-02 5.1884402099999997e-02 4.1425463000000003e-02 6.9024102300000001e-02 1.8162564300000000e-02 -6.2020329399999997e-02 -3.6735350700000002e-01 2.4013489099999999e-01 -2.1300595600000000e-01 1.1372750800000000e-01 1.3072761399999999e-01 1.7073885800000001e-02 1.1153557099999999e-02 1.2591173400000000e-01 2.1852036799999999e-01 -5.2785686300000002e-02 -8.1805473800000000e-02 7.5557665699999998e-02 -1.1244527000000000e-01 -1.8546783999999999e-01 1.4625469299999999e-01 2.1897252900000000e-01 -9.1175508799999999e-02 -6.0455514600000003e-02 2.8998078300000001e-02 -1.8218010900000001e-01 -2.8063042999999999e-02 -4.8739086000000001e-02 6.0758391000000002e-02 -5.5640007300000002e-02 -1.0044860600000000e-01 -8.2517931799999999e-02 -2.1971867300000000e-01 -2.5870439099999998e-01 1.8276631099999999e-01 -3.9863713600000000e-01
-5.5353315200000003e-02 6.5185153800000006e-02 -1.5714609700000001e-01 7.4893683300000000e-02 -1.0967063100000000e-01 1.8707884299999999e-01 3.0501724400000002e-01 -1.2146164600000001e-01 -1.2702131300000000e-01 -1.6128228600000000e-01 1.5523344600000000e-01 -1.7380126600000001e-01 9.9574162300000005e-02 2.9631064899999998e-01 -1.3175970100000000e-02 -2.0757183800000001e-01 -6.9191588200000001e-02 -1.7330099500000001e-01 -3.2689892200000001e-02 1.2030866699999999e-01 -2.9724043700000001e-02 -2.0573886599999999e-01 -3.4564784000000001e-02 1.5471352700000001e-03 -1.4373813300000000e-02 3.2355214600000001e-02 1.3308639700000000e-01 1.0968250700000000e-01 2.9744759499999999e-02 -1.0077113400000000e-01 4.0567921299999997e-02 2.7671705499999999e-01 -1.3768241800000000e-01 -7.9163290799999994e-02 -1.6732154900000001e-02 2.4665087499999999e-01 7.6319933300000004e-02 -9.4655310000000006e-02 5.7424268200000003e-02 7.0121607700000005e-02 6.8449972799999995e-02 -6.9121117999999995e-02 -3.2124631199999998e-01 -2.1165529499999999e-01 1.3678508300000000e-01 -1.4429650899999999e-01 -4.2949849999999998e-02 1.0921858500000001e-01 -1.6979539299999999e-01 -7.8627889600000000e-02
-5.7335175699999998e-02 8.8288532700000005e-02 1.3794942399999999e-01 1.8288485199999999e-02 1.2414721900000000e-01 -1.6237445000000000e-01 2.4717499800000001e-01 4.3755845699999997e-02 7.2440982799999998e-03 -3.8723307600000000e-02 -3.4096456800000002e-01 -5.7507512500000003e-02 2.0868387699999999e-01 -4.1843556299999999e-03 2.2029149100000001e-01 -9.1717427700000007e-02 -1.3865600500000000e-02 7.8687219099999997e-02 -1.2321259399999999e-01 -1.6495640400000000e-01 6.4470419500000001e-02 -3.3144615100000002e-01 -3.3108173400000002e-01 -2.1223222899999999e-01 3.2401733000000002e-02 -9.0643049399999995e-02 -4.1943690499999998e-02 3.7327636999999997e-02 9.7107331399999997e-02 -1.2746610799999999e-01 2.5129572800000000e-01 1.9935557600000001e-02 -1.4280374500000000e-02 -1.4639003500000001e-02 9.4830635799999993e-02 3.7598746600000003e-02 -1.0880320600000000e-02 -1.0091187000000000e-01 7.7913781599999996e-02 -8.2550362200000005e-02 -2.1750585100000000e-01 -3.1305531700000001e-03 1.5119204300000000e-01 -3.2452643800000000e-02 -1.4884887499999999e-01 2.4098085399999999e-01 3.1247156700000001e-02 -8.0037272100000001e-02 -1.3941906400000001e-01 1.0845648700000000e-01
1.5200987899999999e-01 -2.0850697299999998e-02 -2.8492946500000001e-02 -5.8874710699999999e-02 9.1294686099999994e-02 1.6859556400000000e-01 2.3409925700000001e-01 -1.9248359000000000e-02 4.4586477600000000e-02 4.0680367500000002e-02 -9.5509535300000004e-02 -6.4786733400000004e-02 2.3365330000000001e-01 5.5618238399999999e-02 -1.2334585100000001e-01 4.6218742700000003e-02 2.7624178900000001e-02 1.1062553400000000e-01 7.0660842400000007e-02 -1.5196919300000000e-02 -1.3381046399999999e-01 1.0396036700000000e-01 6.2920209099999999e-02 2.8902391999999999e-01 6.9495580599999995e-02 -2.5887212800000000e-02 1.0614745700000000e-01 -1.0742657899999999e-01 5.8714468399999997e-02 1.8881140499999999e-01 3.1012124000000002e-01 1.1832248700000001e-02 -3.9657671200000001e-02 -4.8005699999999998e-02 -2.1471277000000000e-01 -3.3979493700000002e-01 1.4821495600000001e-01 -3.3892497599999999e-01 -3.2658902300000001e-02 9.7489514599999993e-02 2.6040002499999999e-02 5.8229961900000002e-02 -1.2793687300000001e-01 2.1716541700000000e-01 7.4743936400000002e-02 1.2688836300000000e-01 2.5557527699999999e-01 -1.3292534300000000e-01 -8.9274110599999994e-03 -6.9972083800000001e-02
-8.1612829700000000e-02 5.4840750200000003e-02 -1.8152229299999999e-02 1.1444002700000000e-01 4.0578476000000002e-02 1.3248863100000000e-01 1.7872685599999999e-01 2.0540660200000001e-02 -2.4672000799999999e-01 -5.8980704500000002e-02 -5.3906431099999999e-02 1.4164244800000000e-01 1.3200250499999999e-01 -1.7845564100000000e-01 -8.8116231399999995e-02 -3.9833987199999997e-03 3.3239623000000001e-01 -5.5510746200000002e-02 5.6777204499999998e-02 -3.5864872599999997e-01 1.4666900299999999e-01 3.7335546700000000e-01 -1.2293907400000000e-01 -6.4978084600000000e-02 1.2771823199999999e-01 4.1309259799999998e-02 1.1074439100000000e-01 -2.5415885500000002e-01 9.2198371000000001e-02 -7.1640308299999997e-02 9.8021500099999999e-03 5.2658459400000003e-02 2.1340390900000000e-01 7.2608491300000001e-03 3.5070043900000000e-02 -3.7525997800000002e-02 2.4808008100000001e-02 1.6211002599999999e-01 -1.7074708599999999e-02 1.3771880000000000e-01 1.4273735600000000e-02 -1.5054333700000000e-01 -2.1787850600000000e-01 -6.8374984700000002e-02 -8.0475772900000006e-02 -4.6560936800000001e-02 -1.3398140400000000e-01 1.1559772800000000e-01 -6.2079459500000003e-02 1.7526027199999999e-01
-1.1186327300000000e-01 -3.1532337500000000e-02 8.4767100900000003e-02 -1.8673029799999999e-01 1.2055555900000001e-01 -5.0015258500000000e-02 1.2513044800000001e-01 4.7751239399999999e-02 -7.1600346900000000e-02 -9.2317204999999999e-02 -6.6573227799999996e-02 1.2383658800000000e-01 -9.2023848699999994e-02 -2.6203398800000000e-01 -1.0107462100000000e-01 -1.0765084600000000e-03 -1.6570459500000001e-01 -3.4053576000000002e-01 -1.3578793900000000e-01 1.7295106800000000e-03 -1.0306757100000000e-01 -6.9802603699999993e-02 2.9774986500000000e-02 3.3225254900000001e-02 -4.0745681999999998e-02 1.5942136100000001e-01 -1.8164993700000001e-01 1.7523922700000000e-01 -2.8199220600000002e-02 -1.7613749800000002e-02 -2.3617329600000000e-01 1.1607316600000001e-01 1.5741060000000001e-01 3.2880374299999998e-01 -7.3792118500000004e-02 -1.8967062700000001e-01 3.1434400799999998e-02 -1.5950783299999999e-01 5.6302044500000002e-02 2.6997330200000003e-01 -2.2449846700000001e-01 4.7059806000000003e-02 -1.5470523400000000e-01 -6.0193749900000003e-02 8.3908017699999993e-03 -5.5970823099999997e-02 -4.9212985799999998e-02 -2.7356945599999999e-01 -1.0138850600000000e-01 -2.2406981800000000e-02
-2.5555394599999998e-01 -2.9969519700000002e-01 -1.7860403899999999e-01 -1.7216043600000000e-01 -1.2411316200000000e-01 9.9952455900000001e-02 -1.7277751199999999e-01 -6.3101532599999996e-02 -1.5615569700000001e-01 2.7375587199999999e-02 5.8612179000000000e-02 -6.9463365700000002e-02 2.6476869800000002e-01 -1.0462085000000000e-01 -2.3122388800000001e-02 -1.0106860300000001e-01 -2.6198005400000002e-01 1.4913794000000000e-01 -9.3570821400000004e-02 -2.3175687500000000e-01 -1.0289876300000000e-01 1.6752350799999999e-02 7.2039486599999994e-02 -1.9647856000000000e-01 -3.9823872000000003e-02 -3.5437856499999998e-01 1.5120325600000001e-01 8.4039419399999996e-02 -1.1362503499999999e-02 2.1562316700000000e-01 -1.1960342100000000e-01 -1.3454727300000000e-01 9.2969365000000000e-04 5.6954236499999998e-02 -7.9007873800000003e-02 -2.7263497599999999e-02 -3.3196548499999999e-02 -1.0731003800000000e-01 6.1607650999999999e-02 -3.1082931899999999e-02 1.8706647600000001e-01 -7.6363869700000003e-02 -8.0845598700000007e-03 -1.0228116499999999e-01 -1.9381081900000000e-01 1.2066169900000000e-02 -1.3218279200000000e-02 -6.8916081099999998e-02 -1.7345387200000001e-01 5.5727294699999999e-02
-7.9875316700000004e-02 2.2317525699999999e-01 -1.3938948700000001e-01 7.1944910700000003e-02 1.9371831200000000e-01 5.7979629099999999e-02 -1.7779238000000000e-01 -1.9306965700000001e-01 -2.0065564899999999e-01 -6.1352050700000001e-02 -7.1267776800000002e-02 -5.1165525900000002e-02 2.2767916999999999e-01 -1.0725250800000000e-01 7.0404010200000006e-02 -1.1880039500000000e-01 5.3581683599999999e-02 7.8891799299999996e-02 -9.6900346499999998e-02 1.3975865500000001e-01 -3.3099182200000000e-02 -8.0714913499999996e-03 -8.9674449300000000e-02 1.2833636700000000e-03 -5.7040834499999998e-02 8.3841733200000004e-02 -2.9217293500000002e-01 -8.8500435399999994e-02 4.7952569700000003e-02 6.4957808299999998e-03 1.0120025200000000e-01 -1.5938842900000000e-01 -2.2784958599999999e-01 3.1854200199999999e-01 -2.6436782800000003e-01 -8.5290091499999998e-02 -2.4965818800000000e-01 -1.3294412699999999e-02 8.1237011299999995e-02 9.7745722100000001e-02 4.4762583299999999e-02 -1.1387614700000000e-01 1.0402880000000000e-01 5.3170853200000000e-02 1.5595095000000000e-01 -1.0929812300000000e-01 -1.0046086000000000e-01 2.8291154499999999e-01 5.7107850500000001e-02 -1.3827455000000000e-01
3.0420412300000001e-02 5.5453225800000004e-03 -3.8181960000000001e-02 9.0469947800000006e-02 1.9473811599999999e-01 4.3314747399999999e-02 -1.7067991099999999e-01 -6.6645584800000005e-02 -1.1338384400000000e-01 -1.0664446299999999e-01 4.9568220199999999e-02 1.9980491400000000e-01 3.6870799599999997e-02 -8.3646908500000006e-02 1.7476882599999999e-01 -5.2698908300000000e-02 -5.8841064499999998e-02 1.9784967000000001e-01 1.9601151000000000e-01 8.8852623600000000e-02 -3.6370864500000002e-02 -2.7680526200000000e-01 -5.7633659199999999e-02 -1.3635919699999999e-01 -1.1199374300000001e-01 1.5269358000000000e-01 -1.0278504800000000e-01 -2.5222974799999998e-01 -2.1416921899999999e-01 -1.1033232200000000e-01 -6.6782302399999993e-02 3.7657835799999997e-02 -9.5867415699999996e-03 -3.8741016700000003e-01 -6.1817246899999997e-02 -1.5648217700000000e-01 1.3447904099999999e-01 -1.1052243800000000e-01 4.8841296200000002e-02 1.0723797300000000e-01 1.6492206200000001e-01 8.1199859099999994e-02 -1.7430479300000001e-01 9.3379371600000004e-03 -1.4251594000000001e-01 -1.7484691799999999e-01 -1.1559753700000000e-01 -2.4848457900000001e-01 8.3229487699999993e-02 1.5858392800000001e-01
9.9345891899999997e-02 8.6308509899999997e-02 -2.9810122300000003e-01 -2.4378430200000001e-01 -1.3855838800000001e-02 1.2579879299999999e-01 1.1795286600000000e-01 8.5536500799999998e-02 -2.7883591400000001e-02 3.4847966799999998e-02 -2.0909618199999999e-01 -1.9368039900000002e-02 1.0037166700000000e-01 6.9506600099999996e-02 1.6880246500000001e-02 -6.5979658699999999e-02 3.0944075399999998e-01 -2.1463197300000000e-01 -1.8076716100000001e-01 3.1172070900000001e-02 -1.8015953400000001e-01 -1.0975518600000000e-01 2.4260880000000001e-01 -5.6967735600000000e-02 -9.0877437699999994e-02 5.9773894000000001e-02 5.0848108500000003e-02 -2.8765688700000003e-01 -3.6324374599999998e-01 2.6225250499999998e-02 -9.2312059799999999e-02 -1.2005854800000000e-01 -2.5625746200000001e-02 9.1205169799999999e-02 1.1157424200000000e-01 1.4219428000000001e-01 1.5732827299999998e-02 -4.6933672199999998e-02 -1.4386648499999999e-01 -1.0873926700000000e-01 1.1020506500000001e-02 -2.4543906700000000e-02 8.7362987599999997e-02 -9.4972121899999998e-02 -1.2594367000000001e-01 1.7109669100000000e-01 -8.4616345499999995e-02 -1.0120968599999999e-01 1.9529361400000000e-01 -4.5028265200000001e-02
-1.2013504699999999e-01 -4.5577998500000001e-02 1.7449685700000001e-01 -7.3005514099999998e-03 1.0501087600000000e-01 -1.1981382400000000e-01 1.4379494300000001e-01 2.1426968499999999e-01 -4.2564688000000003e-02 1.3535396899999999e-01 -2.2918085199999999e-01 -8.3019123899999991e-03 1.1460291500000000e-01 1.1295405700000000e-01 5.4326525999999998e-03 -3.6437073100000000e-03 -1.9807478300000000e-01 7.5130190499999999e-02 2.5449579300000003e-01 8.3342159299999996e-02 -9.8541971699999995e-02 -2.6913474800000000e-02 6.7506447600000005e-02 2.2145758800000001e-01 1.6038644599999999e-01 1.2393333800000000e-01 3.4861387999999999e-01 5.2946612099999998e-02 -2.9521718699999999e-01 1.0627167300000000e-02 -5.3963468600000002e-02 -4.6691015799999999e-02 2.9313114899999999e-02 8.4230090199999996e-02 -1.2137769800000001e-01 7.4696379699999996e-02 -1.8385578000000000e-01 7.3154463000000003e-02 2.2030048999999999e-01 -1.2195641900000000e-02 3.3566511500000000e-02 -6.2829776500000004e-03 -1.1864589700000001e-02 1.5129609699999999e-01 1.1129371100000000e-02 -5.1220246200000000e-02 -3.9176245599999998e-01 1.2795331300000001e-01 -5.8499947700000002e-03 1.0498327700000000e-01
6.8020500600000006e-02 -5.5606041199999998e-02 -6.5933266700000007e-02 -1.6237676500000001e-01 1.7282506900000000e-01 -7.6276673500000003e-02 5.0817880400000001e-02 1.2785700699999999e-01 -2.1037907200000000e-01 1.1749927400000000e-01 6.3752985499999998e-02 -1.0631797699999999e-01 1.0892162000000000e-02 1.0365887500000000e-01 3.5748065399999998e-03 -3.4596006600000000e-02 -2.3119433300000000e-01 -1.6466419199999999e-01 -4.2695665000000001e-02 3.0484263100000000e-03 3.4515451200000002e-01 3.8349583899999998e-02 2.0275910999999999e-01 -6.8231800299999998e-03 6.5048600900000003e-02 -1.3543102300000001e-01 -1.4536963999999999e-01 1.7080516099999998e-02 8.3541016499999995e-02 2.6688033800000000e-02 2.4812697400000000e-01 1.5087673099999999e-01 6.5476890400000001e-02 -1.9404649400000001e-01 4.8548202100000000e-02 -1.7601825700000001e-01 5.5276473800000003e-02 8.8542131299999993e-02 1.3899391999999999e-01 1.6988596800000000e-01 8.1098937900000001e-02 -2.0472829800000000e-01 1.8057578799999999e-01 -1.6905447800000001e-01 1.5085991199999999e-02 7.7879224900000002e-02 -2.1866804100000001e-01 -4.5498129800000002e-02 3.6102408600000002e-01 -1.0352192500000000e-01
2.1368737099999999e-01 7.6001602599999996e-02 6.5820410100000004e-02 -1.3646194400000000e-01 -2.9695925000000001e-01 -8.6260558799999998e-02 -3.2665705099999998e-02 -1.0394861399999999e-01 -1.8713524000000001e-01 -3.2282782500000001e-01 1.2967147200000000e-03 -1.1608302500000001e-01 8.9302706999999995e-02 -6.0650832400000000e-02 -1.3932582499999999e-01 9.6424513200000003e-03 8.6875369499999994e-02 -6.4943779699999996e-02 -5.1846212799999999e-02 7.6162015700000002e-02 -6.7938053600000003e-03 1.4246029800000001e-01 1.3723158399999999e-02 -1.3681833199999999e-01 2.5626848499999999e-01 -7.0439062699999999e-02 -1.0801862900000000e-01 1.5469254999999999e-03 -1.2789090400000000e-01 1.0367543100000000e-01 1.2658783500000000e-02 -6.3789770699999998e-02 6.4403401400000004e-02 -2.4488161999999999e-01 -1.6059619999999999e-01 1.0579912900000001e-01 2.0088639900000000e-02 -7.9107677000000001e-02 2.1205544700000001e-01 1.9270200500000001e-02 -1.3169418499999999e-01 3.0649433399999998e-01 2.3290638200000000e-01 4.5226040199999998e-02 2.4839761299999999e-01 -1.8721388200000001e-02 -1.6354386400000001e-01 -7.0672984400000000e-02 -1.0683796399999999e-01 1.8765511400000001e-01
2.2407691500000000e-02 1.1850141900000000e-01 7.8654877799999995e-02 -6.4623117600000002e-02 8.4964797999999994e-02 4.8512886700000001e-02 -7.7596163400000001e-02 5.2267201600000000e-02 1.3625958199999999e-01 1.4914127499999999e-01 7.6244679100000001e-03 1.4717878600000000e-03 1.0001773400000000e-01 -2.8906379999999998e-01 -2.5546509200000000e-01 -1.4204596899999999e-01 7.9468713799999993e-02 -1.4276197199999999e-01 -1.8308914900000001e-01 -8.2089252099999996e-02 1.7523953600000000e-01 -2.5745166200000003e-01 -3.9717977100000003e-02 3.8519023499999999e-01 -7.9333764500000001e-02 -1.0435136300000000e-01 -4.5183380400000001e-02 1.0471537600000001e-02 2.2360687399999999e-02 -2.7101172900000001e-02 -4.8666498799999999e-02 -2.5720685100000001e-01 1.7812796200000000e-01 -3.0044854199999999e-01 -6.8726419600000005e-02 1.3330008300000001e-01 -7.3384321599999996e-02 -3.5429988799999999e-02 2.6861508000000001e-01 -1.9532511999999999e-01 4.6965731699999999e-02 1.2702959999999999e-02 -1.8218869700000001e-01 -9.4883122000000000e-02 3.9919840200000004e-03 -7.9710308300000005e-02 8.3949251099999997e-02 1.1180848700000000e-01 1.0342853799999999e-02 -4.3383568099999999e-02
-1.6794641600000000e-02 -1.5569080399999999e-01 -2.1474345200000002e-02 9.9028337199999997e-02 7.0161593100000003e-02 -2.6126853000000000e-01 2.3377547400000000e-02 -2.4865968899999999e-01 1.8536488800000001e-02 1.4199720699999999e-01 2.8071413099999998e-01 -1.1382692000000000e-01 4.3706784499999998e-02 8.1882024999999997e-02 3.1302687000000001e-01 1.0865824800000000e-01 3.1198578300000002e-02 -8.3035618699999994e-02 -2.8005592600000001e-01 6.3677884800000001e-02 -1.1687938600000000e-01 1.0314657000000001e-01 -3.6264423599999998e-02 -1.0943262100000000e-02 -2.4370907000000001e-02 3.5127986999999999e-02 1.2050516200000000e-01 -1.7899643400000001e-01 -6.0202931299999998e-02 -3.1434201799999999e-02 1.6734848399999999e-01 -1.5608656700000001e-01 2.4648244200000000e-01 4.9243120199999997e-02 3.0780488599999999e-02 -3.5650948100000003e-02 -1.3233519899999999e-01 1.3857176600000001e-01 2.1770165200000000e-01 9.8004882700000004e-02 2.9839574600000002e-04 3.1574195799999999e-01 -2.5335124500000000e-01 -4.0929547400000002e-02 -3.0654592800000002e-03 1.5858466199999999e-01 -3.2418876300000003e-02 -6.2899739800000007e-02 -1.1396103499999999e-02 -1.5018767299999999e-01
4.7614532899999999e-02 -1.3739059800000000e-01 1.9243332899999999e-01 1.1269414500000000e-01 -1.3136726800000001e-01 1.7135678900000000e-02 8.4276793799999999e-02 6.9675463600000001e-03 -1.1999877200000000e-01 1.7570744999999999e-01 -5.9850002999999999e-02 -3.6422937100000002e-03 1.2748889099999999e-01 -5.3377664900000003e-02 -9.1166560699999996e-02 4.8925268900000002e-01 1.2066116500000000e-01 -6.7101970000000002e-03 6.9864596599999995e-02 9.5181524200000006e-02 1.8606845899999999e-01 -2.9010886000000002e-01 1.0131014900000000e-01 -8.1224644700000001e-02 1.6766200800000000e-01 -3.0716931499999999e-02 -7.4627061300000005e-02 -1.5279667599999999e-01 6.5971879600000005e-02 4.4942953200000003e-02 -8.2773210800000004e-03 1.8712359599999999e-02 -5.7451302000000003e-03 2.3988114500000001e-02 -1.7353157399999999e-01 1.6066289100000000e-01 -2.4910215499999999e-01 -3.1747690900000000e-02 -2.0531849799999999e-01 1.1815283000000000e-01 1.2912786500000001e-01 -2.6808254100000001e-03 3.1576848700000000e-02 -1.5566445600000001e-01 -7.9907698700000002e-02 -1.2390097700000000e-01 -5.9157840199999996e-04 -1.5760958700000000e-01 -1.5987658299999999e-01 -2.6469693999999999e-01
6.7111423400000002e-03 -2.5356297199999999e-02 2.9540800700000001e-02 -9.2368046800000006e-02 -2.7761525400000001e-02 1.5706188400000001e-01 -8.0095858699999994e-02 -2.7909133500000000e-01 3.2953186299999999e-02 4.5724206599999997e-02 -1.8106527300000000e-01 1.2044048300000000e-02 -1.5902467800000000e-02 -4.2657840799999999e-02 -1.8412358600000001e-01 -2.3728249800000000e-02 -1.1259129300000000e-01 1.9104625600000000e-01 -3.4019691600000002e-01 -9.0216824299999998e-02 3.8599281100000001e-02 -1.9698373599999999e-01 1.7277512900000000e-02 -3.6033697800000000e-02 2.0842963600000000e-01 2.6858890299999999e-01 6.1850604400000002e-02 4.9888154499999997e-02 -1.0888736200000000e-01 8.2150288500000002e-03 1.6346768500000000e-01 8.7600078400000003e-02 9.3001624899999996e-02 6.3108259099999994e-02 6.1102188600000003e-02 -8.3367949799999994e-02 2.5661270500000000e-01 4.3941629399999999e-01 -7.9952644399999995e-02 -1.0995215899999999e-01 1.5111357400000000e-01 -5.7968400699999999e-02 -7.5244625099999997e-03 1.4270227899999999e-01 1.8144458199999999e-01 -6.0531019200000001e-02 -7.8358842100000006e-02 -1.2468025000000001e-01 -9.9324477300000005e-02 -9.4211404200000001e-02
-1.5391754399999999e-01 -2.0690449000000000e-01 -1.6096763900000000e-01 6.4480606600000002e-03 -1.7946801200000001e-01 -8.4861716500000003e-02 1.0882052300000000e-01 1.8623985300000001e-01 -2.0269326100000001e-01 -6.6490565200000004e-02 1.6428880400000001e-01 2.4481972200000000e-02 -1.5355153299999999e-01 4.6358848899999999e-02 1.5105096100000001e-01 2.6075925800000000e-02 2.1437910700000001e-01 2.9098769600000002e-01 -1.7101041100000000e-01 -6.3456629499999999e-03 3.4623352300000000e-02 -1.7444433300000001e-01 -2.1460224899999999e-01 3.0034674500000003e-01 1.4086107200000000e-01 6.9053018199999996e-02 -1.7603416000000000e-02 -6.4895976199999997e-02 -8.3052908999999994e-02 1.2602334700000001e-01 -9.5081930999999995e-02 -6.1153758000000003e-02 1.2147701700000001e-01 2.8024186000000000e-02 2.4335606300000001e-01 -1.3325857299999999e-01 2.6090119500000002e-02 -2.1049956600000000e-01 9.6721911300000005e-02 1.9388314000000000e-02 -7.6992096900000001e-02 -2.1268010900000001e-01 1.8022325200000000e-01 2.6549114800000001e-05 1.8824468499999999e-01 -1.8451392599999999e-01 1.8912505999999999e-02 -6.5784697199999997e-03 1.4008025600000000e-02 -7.6334660499999998e-02
3.3101796500000003e-02 1.0523627799999999e-02 -3.2103642500000001e-02 -1.8657308300000001e-02 -1.5718231299999999e-01 7.8391319400000006e-02 -4.5425555399999998e-02 1.2860386700000001e-01 2.2912454099999999e-01 1.5608461299999999e-02 -1.4323345300000001e-01 -1.8929499599999999e-01 -1.8429923800000000e-01 1.5968755700000001e-01 -7.3377301399999997e-02 -2.0203295299999999e-01 1.2951213099999999e-02 1.1129217399999999e-01 -1.6815554900000002e-02 -2.2485541100000001e-01 -3.8584209400000002e-01 -1.1515787199999999e-01 3.6826254099999997e-02 4.7191677899999999e-02 -3.2044735300000002e-02 -2.1149388099999999e-02 -1.4389836800000000e-01 -1.4858689500000000e-01 1.7836064900000001e-01 4.3704586199999999e-02 1.4377762599999999e-01 1.1224824899999999e-01 2.0162268899999999e-01 -7.5783146699999998e-02 -8.1932251900000003e-02 -4.9760334099999998e-02 -3.1002424200000001e-01 1.6193114900000000e-01 -6.3804711899999996e-03 3.1549289699999999e-01 -3.5680228799999998e-02 9.0269280300000004e-02 7.4129333500000005e-02 -1.2460768799999999e-01 -1.0951782000000000e-01 -2.5231882200000000e-01 -4.6472434999999999e-02 -4.2276918599999996e-03 3.6798072899999999e-02 7.5519051599999998e-02
-3.1032559500000001e-01 2.3595328600000000e-02 -2.5739293000000000e-02 -6.5183552000000006e-02 -1.8244259400000001e-01 1.5908000500000000e-01 -2.5211195800000002e-01 4.1980327599999999e-02 1.0360585300000000e-01 2.6386716599999999e-02 -3.1412629300000001e-02 -1.5934896100000001e-01 9.4805216999999997e-02 -1.4897557600000000e-01 1.1735224800000001e-01 2.1519092700000000e-01 -3.0953677400000001e-02 -1.8106950399999999e-01 1.0297687500000000e-01 -5.7474402700000001e-03 -4.2434692500000003e-02 -4.0997077200000002e-02 -1.3469120300000001e-01 7.5911036000000001e-02 -2.2149156600000001e-02 1.1359357900000000e-01 6.7711786400000001e-03 3.7176979800000003e-02 8.6603645500000007e-02 7.1104259199999999e-03 2.2605869300000000e-01 4.0093983100000001e-02 3.9110845100000000e-02 -6.5316137299999993e-02 1.4726215700000000e-01 -1.0703089500000000e-01 -1.1432921300000000e-01 -1.7302790900000001e-01 -2.9043950499999999e-01 -1.5863631100000000e-01 1.5210852699999999e-03 6.8709981200000006e-02 -1.5071323400000000e-01 -1.2489405500000000e-01 3.1892429400000000e-01 1.3170711299999999e-01 -2.9390132000000002e-01 -3.5614731199999999e-02 1.4431731200000000e-01 1.9067713900000000e-01
-5.3866449800000001e-02 4.7543599899999997e-02 -4.8563404199999997e-04 -1.1476498500000000e-01 -2.5014831200000000e-02 -1.2709414799999999e-01 1.2555061800000000e-01 1.4933722699999999e-01 1.4863964900000001e-01 -2.1853058000000000e-01 1.7184747300000000e-01 7.2717149100000003e-02 1.2996607800000001e-01 -2.5305193500000001e-01 -6.8721924000000004e-02 2.6256470700000001e-01 4.5212774799999996e-03 1.6982602899999999e-01 3.0288790499999999e-02 -3.6802720300000001e-02 -1.2817011100000000e-01 -1.5717536800000001e-01 8.7327288099999997e-02 -1.1625375800000000e-01 -3.1821768499999997e-01 -1.7659075699999999e-01 7.4359797500000005e-02 -1.9079824300000001e-01 1.0305715100000000e-01 5.7275957199999998e-02 1.2077869200000001e-01 2.6302714599999999e-01 6.0522638099999998e-02 1.8224114399999999e-01 -4.2247285400000001e-02 2.2543838999999999e-01 1.7796539800000000e-01 1.0465601400000001e-01 2.0910284600000001e-01 -2.8721426800000002e-02 -4.6806225900000000e-03 -3.0753137500000000e-02 -2.3446825500000001e-02 1.6687312700000001e-01 1.7599651299999999e-01 -6.0464051999999997e-02 -5.5938737199999998e-02 6.4351878099999996e-02 2.2885963900000000e-01 -4.2544235399999998e-02
6.4399642699999995e-02 1.6784068900000001e-02 -9.0616011999999996e-02 1.4383066300000000e-01 -8.1628271700000005e-02 4.4019778300000000e-02 1.4595542500000000e-01 -2.3830964000000000e-02 2.7922414000000001e-01 -9.5692375699999999e-02 1.6012122400000001e-01 5.5509883400000001e-02 -2.6634527799999998e-02 1.3194540900000001e-01 -1.9414049200000000e-01 4.6319505400000002e-02 5.3445450999999998e-02 -9.6714855099999997e-02 2.6596872300000002e-01 -3.1727401100000002e-01 7.1469327099999994e-02 -6.3598611499999999e-02 -7.6805873900000002e-02 -1.9677047800000000e-01 -5.7862777499999997e-02 -4.4299423999999997e-02 -1.3399808899999999e-01 9.0736621399999995e-02 -2.6529348300000000e-01 2.4865652700000001e-02 8.1670388900000002e-02 -2.4577593200000000e-01 -1.7003948699999999e-01 7.2018899799999994e-02 7.5127518599999998e-02 -2.5778943700000001e-01 -1.8610979599999999e-01 6.8716935399999998e-02 2.3530657899999999e-01 -9.5472491300000004e-02 -1.5544289899999999e-02 -1.3954924499999999e-01 -7.1398597800000005e-02 -4.8639092199999996e-03 1.3675585000000001e-01 1.8864230100000001e-02 -1.4423084600000000e-01 -2.1565744300000000e-01 -4.8137234100000002e-02 -1.7854958200000001e-01
6.3729872100000001e-02 9.2950526800000002e-02 -2.3250335000000000e-01 5.1074426800000003e-02 1.8940075600000000e-01 -1.2021161100000000e-01 6.8436643399999997e-02 8.3179009900000003e-02 3.1594445599999998e-01 -2.4870565400000000e-01 1.3761749900000000e-01 1.1717205200000001e-02 8.5541717700000006e-03 -1.4539162600000000e-01 -2.3177696400000000e-01 1.3941072400000001e-01 -8.5209373800000002e-02 7.8491823299999999e-02 -2.3469243600000000e-01 7.0410337399999995e-02 7.7359198000000004e-02 -3.2330003300000000e-02 -2.1290188099999999e-01 -2.1122904400000000e-02 1.4711735500000001e-01 2.2080247800000001e-02 3.1267876200000000e-01 6.4541074399999995e-02 -9.6039118899999998e-02 7.0895161599999999e-03 -5.4725393599999998e-02 -1.4028288000000000e-02 -9.4145782700000000e-02 -5.9666294100000003e-02 -5.4764705300000001e-02 -1.5207913800000000e-01 -5.0315079100000000e-02 -4.6266400899999997e-02 -2.2655398199999999e-01 2.3460838500000000e-01 1.0831807700000000e-01 1.2827415400000000e-01 1.4893607500000000e-01 -2.3842001900000001e-01 -1.3277491599999999e-01 5.5845601000000002e-02 -1.1562374300000000e-01 1.9721723799999999e-01 2.8643068800000001e-02 1.2604772400000000e-02
2.0376300200000000e-01 -6.5781659600000000e-03 1.8163122699999999e-02 8.4712761700000000e-02 8.3051619199999996e-02 2.2541869000000000e-01 4.1970543899999997e-02 4.3119429000000001e-02 2.7368065899999999e-02 6.1838504100000004e-03 2.7567800100000001e-01 1.6800171499999999e-02 -8.2972361999999994e-02 -1.4506091300000001e-01 -3.7237711299999997e-02 -2.4553981000000000e-01 -3.5259837900000002e-01 2.0920936100000001e-01 -7.1884488999999999e-03 4.0989801399999998e-02 8.7659851799999994e-02 3.9596467099999998e-02 5.8730869800000002e-02 -4.7314658400000001e-02 7.5498405500000004e-02 2.9364045500000002e-02 3.0658648100000000e-03 -2.9511354899999998e-01 -4.8853403400000002e-02 -2.4839986299999998e-02 5.3008563699999997e-02 -3.7602661799999999e-02 2.0650703800000000e-01 6.1513465400000002e-02 -2.8520070700000000e-02 2.2635800800000000e-01 -2.0542062100000000e-01 -1.3811641599999999e-01 -2.1724742599999999e-01 -9.2152537300000004e-02 -3.4163078099999999e-01 -1.6143621599999999e-01 -1.3626712799999999e-02 3.1826372600000000e-02 1.0305099199999999e-01 1.8727621100000000e-01 -1.1471332300000001e-01 -8.1231382099999999e-02 -9.8705503400000005e-02 -5.1610168400000003e-02
1.2688015900000000e-02 -5.7521770899999998e-02 7.1359020600000002e-03 1.2888313100000001e-01 1.8160745100000000e-02 3.8496378400000003e-02 -2.4139336800000000e-01 1.0600347600000000e-01 -3.5828191900000000e-02 -1.9932056800000000e-01 5.5614608699999998e-02 -2.0207628399999999e-01 2.3994434900000000e-01 3.0816622900000001e-01 -1.3424886999999999e-01 4.8922854299999999e-02 1.4773995800000000e-01 1.2660103000000000e-01 2.3074136400000000e-02 3.7402317999999997e-02 1.0871965800000000e-01 -5.2402464199999998e-02 -2.5182510599999999e-02 1.9562150100000000e-01 -2.5252380000000002e-01 1.5688919900000001e-01 3.8741460999999998e-02 1.4164976100000001e-02 1.6424850099999999e-01 -4.2484346700000002e-02 -2.4044565000000001e-01 3.5704847599999999e-02 1.3968774500000000e-01 7.5384875200000007e-02 -2.5789510799999998e-01 -9.9331095899999999e-02 1.3621642300000000e-01 1.8790342199999999e-01 4.7595504599999998e-02 -7.7796652999999993e-02 -1.9647497300000000e-01 -4.6013673700000000e-02 6.9426251199999997e-02 -1.5622757600000001e-01 -8.1240473699999996e-02 2.8753809100000000e-01 -1.2130185500000000e-01 -1.9684169200000001e-01 -5.4539961400000003e-02 5.5506508699999998e-03
-6.1696539699999997e-02 -2.4617268400000000e-01 1.1187029100000000e-01 -3.3341611700000001e-01 4.2394489900000002e-03 8.9945786699999995e-03 4.4520560500000000e-02 5.2183933900000000e-02 -4.4054836799999997e-02 6.7345952400000006e-02 1.8055145900000000e-01 9.2988288399999994e-02 7.7804153500000001e-02 1.2931063200000001e-01 -3.5990286100000002e-01 -6.6643994200000001e-02 5.6783299500000002e-02 7.0622794500000002e-02 3.4664977700000002e-02 1.6271116499999999e-01 -5.6938729500000000e-02 -6.4177676300000000e-02 2.4530238499999999e-02 -4.0941959600000001e-02 7.6860336999999999e-03 1.2234017599999999e-02 -8.9046648800000003e-02 -1.9348343200000001e-01 2.0402337900000000e-01 -4.9059932299999998e-01 6.1699575399999998e-02 -1.5676077599999999e-01 -1.5632652000000000e-01 8.5661273100000004e-02 2.4476587299999999e-01 -1.3436317400000000e-01 -7.9498699500000006e-03 -3.4253335800000000e-02 1.3202758800000000e-02 2.2655051200000002e-02 5.5014463600000001e-02 1.6276736100000000e-01 3.2560782800000000e-02 5.3420200299999998e-02 -7.2028496499999999e-03 4.8347660100000002e-02 -9.4069808500000004e-02 1.2845552099999999e-01 -1.3092933400000001e-01 1.0423327600000000e-01
-8.4614691899999997e-02 6.9987103100000003e-02 6.6746719699999998e-02 -1.8796344400000001e-01 -2.1777525700000000e-01 1.3889275400000001e-01 1.3650398999999999e-01 -1.2522797399999999e-01 2.1802724300000001e-01 1.4705269600000001e-01 1.9440659099999999e-01 -1.5263462899999999e-01 -3.0783968699999998e-04 -1.5808222399999999e-01 1.3339507700000000e-01 -2.2257019700000000e-01 3.0039977200000001e-01 1.2017862800000000e-01 5.6517846900000002e-02 1.9089548200000001e-01 1.7311207000000001e-01 -2.8754562200000000e-02 -1.1295693499999999e-01 -1.8588843300000001e-02 1.1587104199999999e-01 -1.2560479899999999e-01 -8.7809808700000005e-02 1.6894384700000001e-01 -3.4313332799999999e-02 -5.3738202999999997e-04 -1.1380803600000000e-01 2.0059978100000000e-01 5.0787052200000002e-02 4.3031401800000001e-02 -1.3828641999999999e-01 -9.1326149499999995e-02 -1.2485980500000000e-02 3.3111965700000001e-03 -2.5778260800000001e-02 6.0009552500000000e-02 3.3414960700000003e-02 1.5086063199999999e-02 -5.3855114599999997e-02 2.8147183500000000e-01 -3.0461392599999998e-01 1.0512301600000000e-01 -2.6574022500000000e-01 -3.1836930499999999e-02 1.0693691100000000e-01 -9.9004901000000006e-02
-1.2758723100000000e-01 -1.1078968000000000e-01 -1.4134336200000000e-01 2.1478313399999999e-01 1.3093138100000001e-01 1.9534995499999999e-01 3.2903158000000002e-02 1.9729309700000000e-01 -4.7174416099999998e-02 -2.1307735500000000e-01 5.5603784599999998e-04 2.0926783599999998e-02 -2.8525646599999999e-02 -4.8590912399999998e-02 -8.1099589099999994e-02 -2.9130047600000000e-02 5.2373137899999998e-02 -7.8293118800000006e-02 3.6181668799999997e-02 2.3080704699999999e-01 5.6611735500000003e-02 -6.7640505099999998e-02 1.4942201999999999e-01 -6.2776811099999996e-02 1.1955987200000000e-02 1.4861530800000000e-01 -9.6174068000000001e-02 1.3748371400000001e-01 1.9665185099999999e-01 3.9214521899999999e-01 2.6622959099999999e-01 -2.1056164199999999e-01 5.8874885400000000e-02 5.2650663200000001e-03 2.4747244500000001e-01 1.0150294800000000e-01 5.8508299899999998e-02 6.4883041799999999e-02 5.6005154699999997e-02 -3.1394134800000001e-02 -5.4594651600000002e-02 2.1145628100000000e-01 -3.3334697199999999e-02 1.8888677500000001e-01 -3.0486119499999997e-01 -5.3552191899999997e-02 -1.3269763200000001e-01 2.6731166899999999e-02 -9.7597559700000003e-02 -2.9626739900000001e-02
2.6557144399999999e-01 -1.0339971000000001e-01 -2.4798969000000001e-01 1.6214010700000001e-01 -1.9025921300000001e-01 3.9073223400000003e-02 -9.8810754700000003e-02 1.1249778800000000e-01 -1.4853712299999999e-01 -1.4362848200000000e-02 -1.1646424900000001e-01 9.1521613099999996e-02 -4.8642324700000003e-02 -5.6818860499999999e-02 -2.7640667899999999e-02 6.3012175899999995e-02 -1.2371239900000000e-01 -2.0043967500000001e-01 1.2231744999999999e-01 1.1637884100000000e-01 -1.8297185599999999e-01 -3.7706932200000001e-02 -2.8912178500000002e-01 5.3396649499999997e-02 -2.6707382599999999e-02 -2.2421820700000000e-01 -5.3405334100000000e-02 7.5222071799999998e-02 -1.0641396700000000e-01 -3.0090033900000002e-01 1.6519979200000001e-01 2.6180958399999999e-02 3.5949322700000003e-01 1.0163457700000000e-01 -1.1034065000000000e-01 -8.2898781699999993e-02 1.5658855199999999e-01 -2.2044080000000001e-03 -4.0651720699999998e-02 -1.2483799700000001e-01 1.2203886799999999e-01 -2.3580163299999998e-02 5.9694639299999998e-02 9.8909877100000002e-02 -1.3013146900000000e-01 2.1262722500000001e-02 -7.6844729099999995e-02 1.5750177700000001e-01 -6.4842966399999993e-02 -2.0041736700000001e-01
