# CEC 2010 F05 shift vector (D=1000)
-4.1174090799999998e+00
4.8899841600000000e+00
3.6681007800000001e+00
1.3857917500000001e+00
-3.0539957000000002e+00
4.5162194199999997e+00
4.1936972199999998e+00
6.0442707100000000e-02
-4.1712421800000001e+00
2.8441708299999999e+00
2.1243013399999999e-01
-4.5241369300000001e+00
2.8891619400000002e+00
2.6596078599999999e+00
3.2882908099999999e+00
-3.6977188800000000e+00
2.4809822000000001e+00
9.4604656300000001e-01
1.7225050200000001e+00
-1.6226601100000000e+00
-3.4717091999999998e+00
-3.2203117500000000e+00
2.4214101900000001e-01
2.9853771000000000e+00
-1.9003894500000000e+00
5.0750415100000001e-01
1.5081750800000000e+00
4.8051590600000003e+00
1.0199444900000001e+00
-1.9709059600000001e+00
-1.0174879699999999e+00
1.6574091799999999e+00
2.3467713400000001e+00
3.7045908399999998e+00
-4.1104880799999999e-01
3.0228956899999999e+00
6.3144875499999997e-01
-1.2915908000000000e+00
4.4301932500000003e+00
2.9482725599999999e+00
-2.0087942100000000e+00
-1.6719773400000000e+00
-1.3538107300000000e+00
1.2260089700000001e+00
1.7844787900000001e+00
-4.3143548000000003e+00
-1.4006398900000001e+00
4.5705005300000003e+00
4.1478841099999997e+00
-4.3602007800000004e+00
3.8773964399999999e-01
4.6502222599999996e+00
-1.6937865999999999e+00
4.3045638400000001e+00
-1.1884448400000001e+00
4.9502955999999996e+00
-2.0437200299999998e+00
6.8859865399999998e-01
-1.4454058800000000e+00
8.5806907200000004e-01
4.1923554800000001e-01
-1.9566420800000000e+00
-4.8706649300000002e+00
1.6241944900000000e+00
1.9912404600000000e-01
-6.5878893599999999e-01
2.2110336100000000e-01
4.9135176500000002e+00
-3.6793297800000002e-01
-2.6196700499999999e+00
1.1735978900000001e-01
1.6351032200000000e+00
2.0303044400000001e+00
-1.2834937799999999e+00
4.3678689300000002e+00
-4.7334238300000004e+00
-7.7546861199999995e-01
2.8531467699999999e+00
-4.6058929600000003e+00
-3.9199717899999997e-01
-1.4009090700000000e+00
-2.7160759200000002e+00
-4.4987680200000000e+00
-3.8965520900000001e+00
2.1005221000000001e+00
7.2674972700000007e-02
-4.9013489999999998e-01
-2.1504749799999998e+00
-3.7430778899999999e+00
-6.3841974999999995e-01
2.7065187100000001e+00
2.0662384800000000e+00
2.8730033200000000e+00
-1.1475799499999999e+00
1.6752576699999999e+00
-9.3232529499999994e-02
2.7146335300000000e+00
-6.5899290499999996e-01
-3.4663258300000002e+00
2.2006049499999999e-01
-3.4457663900000002e+00
4.3643055700000000e+00
-2.5651654200000000e+00
1.0348300500000000e-01
-7.3137661700000001e-01
-3.5960393800000001e+00
3.6703359700000000e+00
4.5515976900000004e+00
2.0796845899999998e+00
-2.6350725700000002e+00
-8.2134654799999995e-01
1.2618994600000000e+00
-4.7694434299999999e+00
8.9804300299999995e-01
9.2868417700000006e-01
2.9309815200000000e+00
3.4738675899999998e+00
-3.9777624100000000e+00
1.9490700300000000e-01
2.8175744500000000e+00
-2.9140772400000001e+00
6.1833941400000003e-01
1.8668199100000000e+00
-3.9093841399999998e+00
-2.9468002800000002e+00
-5.2049795799999998e-01
4.0657207099999998e-01
-3.5239526300000001e+00
-4.8134110600000000e+00
2.5717822799999999e+00
2.9558301500000000e-01
3.8075425100000002e+00
-6.4023318699999998e-01
-3.7942001799999998e+00
3.3546164599999999e+00
-1.9464026299999999e+00
-4.6253672400000001e+00
3.2516865000000000e-01
-2.6697861299999999e+00
-3.3155393999999999e-01
-2.6432890100000002e+00
-1.5898973599999999e+00
-1.6745326199999999e-01
-2.9691623500000000e+00
2.2160773499999999e+00
2.4685955800000001e+00
-5.3197975799999997e-01
-7.1310021000000001e-01
-6.1947484799999997e-01
-2.4495942600000001e-01
2.1778152000000001e-01
8.6741064800000001e-01
-2.5461999000000002e-01
-1.7606437300000000e-01
-4.2597086900000001e+00
2.2712820100000002e+00
2.6928623699999998e+00
-1.9431684899999999e+00
3.1842323100000001e+00
1.5451793400000000e+00
2.2974048699999998e+00
-4.5908465400000003e+00
-1.8128934900000000e+00
2.3194308299999999e+00
1.0258795800000000e+00
3.7950960399999998e+00
4.5810916900000000e+00
4.0202801199999998e+00
3.0839379000000000e+00
-3.8745138699999999e+00
3.6847618600000001e+00
-3.9668120899999999e+00
4.9556622199999998e+00
1.7450340300000000e+00
1.2886815700000000e-02
1.2828456100000001e+00
3.9427029800000000e+00
-9.2805083799999999e-01
-2.4721925300000001e+00
-2.6896555800000002e+00
3.7652319200000002e+00
3.2181609999999998e+00
-1.6702638500000000e+00
-4.2994463900000000e+00
3.0548574099999999e+00
-4.7258886999999996e+00
-1.0360268200000000e+00
-3.7336698799999999e+00
-5.5435365400000003e-01
2.4509607400000002e+00
-4.7550435099999999e-01
-4.9544677799999999e+00
-9.6552682599999995e-01
-1.7496257900000001e+00
-4.9211999300000002e+00
-7.8778657799999996e-01
-4.0643034299999998e+00
4.4105306999999998e+00
-2.0582632500000000e+00
-4.0403649499999998e+00
8.1933056400000004e-01
2.7557741000000000e+00
3.3586331899999999e+00
4.4560049199999998e+00
9.3805400200000000e-01
-1.7272134100000001e+00
5.3487742000000005e-01
-2.9511436000000002e-01
1.1424216400000000e+00
-1.3422397599999999e-01
3.8595498899999998e+00
4.6760200899999997e+00
-3.0300552600000001e+00
1.4945877200000000e+00
-4.0614327899999996e+00
-4.9902577700000004e+00
1.7912674500000001e+00
-1.4802465899999999e+00
4.2490270800000003e+00
-4.3766313099999996e+00
2.3014302899999999e+00
1.3139519900000001e+00
9.1019667599999998e-01
1.2868504700000001e+00
3.5407492999999999e+00
-8.5163989200000001e-01
3.4516448399999999e-01
-3.6881180300000000e+00
-3.1831609999999999e-01
3.8003401499999998e+00
4.0267080000000002e+00
4.5766691399999999e+00
1.1124769000000001e+00
-2.0240639599999999e-01
-3.2339280100000001e-01
7.9759725699999995e-01
-4.5498856400000003e+00
-3.5194169500000001e+00
3.8926814500000001e-01
-3.0966265900000001e+00
-1.4747910799999999e+00
1.0759573400000000e+00
2.7944268900000000e+00
-3.2517561300000000e+00
-3.0792376600000000e+00
-1.8865301900000000e+00
-9.1561130599999996e-01
-1.4866530400000000e+00
-2.6930891199999998e+00
3.3963481200000001e-01
2.8401322100000002e+00
-3.7921093600000000e+00
1.0433541000000000e+00
3.1767529999999999e-01
-5.8536307300000001e-01
2.2375563800000000e+00
1.2472788699999999e+00
3.8106111100000000e+00
-2.9603192300000001e+00
1.9875776900000000e+00
-3.4426988399999998e+00
-2.8685615000000002e+00
3.8223890900000002e-01
-3.0549238100000000e+00
-2.1123910200000000e+00
-1.9308271600000000e+00
-8.3424393100000005e-01
-2.2238097500000000e+00
-1.9469527000000000e+00
-3.9332600000000002e+00
-2.2830128400000000e+00
1.6085539700000000e+00
5.8092314499999999e-02
-1.5218683700000000e+00
-3.3798764399999999e+00
-4.1820194400000004e+00
2.7173678500000000e+00
2.7277300000000002e+00
6.6964527299999999e-01
-5.5257186899999999e-01
4.1379043099999997e+00
-2.2512368000000000e+00
-2.4100999500000002e+00
-4.7383659200000000e-01
7.0085126100000006e-02
1.9274958900000001e+00
-1.8132514500000001e+00
-2.4278074799999998e+00
4.7815368999999999e+00
-4.8803988599999997e+00
1.1045159000000000e+00
4.9480465599999999e+00
-3.5604136600000000e+00
-3.7553301700000001e+00
3.1303228399999998e+00
1.8783511900000001e+00
-6.8245609600000001e-01
2.2536075300000000e+00
-3.5353268600000001e+00
1.0110236200000000e+00
2.6319454699999998e+00
-3.1721447100000000e+00
1.1844860600000000e+00
-1.9982832500000000e-01
3.3925305099999998e+00
1.1933306500000000e+00
-3.5980224900000000e+00
-4.6169010300000002e+00
-2.2397732700000001e+00
3.3072225300000002e+00
-4.5377146599999998e+00
-3.5251632800000001e+00
-3.0727122599999999e+00
-1.5416987000000000e+00
6.8358649900000001e-01
3.0427584799999998e+00
-4.4249546799999999e+00
-1.3201808300000000e+00
-9.4640241800000002e-01
7.7618974600000001e-01
1.4998587400000001e+00
1.1067825600000001e+00
9.5188371699999996e-01
4.2357954900000001e+00
6.2195678099999996e-01
-1.5084414600000000e+00
2.9081201399999999e+00
-5.9675039399999996e-01
5.4606967399999995e-01
4.4205631500000004e+00
-1.6693519900000000e+00
2.0352774000000000e+00
2.0222652000000001e+00
-1.8474393499999999e+00
-2.6577934100000000e+00
1.3193535199999999e+00
-4.1383987099999997e+00
2.6353412000000001e+00
2.3511058199999999e+00
3.7288078200000001e+00
3.7311996399999998e+00
2.3571490700000002e+00
2.9320411000000002e+00
2.3957402299999999e+00
-2.0716221400000001e+00
-7.7229555000000005e-01
-3.5093592899999999e+00
3.9069522499999998e+00
4.0867838299999999e+00
-3.3041862499999998e-02
-4.8976353500000003e-01
-7.0595578600000000e-02
5.3728359000000003e-01
-3.0067044699999999e+00
-1.3248891599999999e+00
-1.7553691199999999e+00
4.0396188799999999e+00
1.6430280600000000e+00
2.4915771699999998e+00
1.8682641200000001e+00
-1.9113666700000000e+00
3.9902579600000001e+00
1.2663414700000000e+00
3.0672396499999999e+00
4.2152975199999998e-01
4.1515917900000003e+00
3.5302622499999998e+00
4.6499063800000000e+00
9.6859669100000001e-01
-2.4034142699999999e+00
-1.8876976599999999e+00
4.0622741099999997e+00
2.4124887899999998e+00
4.0859408899999998e+00
3.8552420199999999e+00
-3.0076282600000002e+00
3.9131104600000000e+00
2.8477512100000002e+00
1.1588419999999999e+00
-1.3339874000000000e+00
-3.6101722600000001e+00
3.3654223999999999e-01
3.0412835000000000e+00
-3.5861348700000000e+00
-3.5204150400000001e-01
2.7865518499999999e+00
-2.9938814800000002e+00
-1.9301113200000000e+00
-1.4913779599999999e+00
1.3258974600000000e+00
-1.3972209499999999e+00
8.6178914799999995e-01
-4.4236724000000001e+00
8.2679928400000002e-01
2.9648657100000002e+00
-2.9632298200000000e+00
-2.1781503400000002e+00
-1.5476750900000000e+00
-8.4791594999999997e-01
-3.7886369700000002e+00
-2.5434199300000002e+00
-5.3218924099999998e-01
3.3330194199999998e+00
5.2634014600000001e-01
1.2460687399999999e+00
5.5931445300000004e-01
3.4201680600000000e+00
5.6394545399999996e-01
-7.3728528100000001e-01
-1.2976709399999999e+00
-2.5708324500000002e+00
-2.9140585899999998e+00
3.4220475399999999e+00
-3.6117367499999999e+00
-3.8709858300000000e-01
-2.5851374100000002e+00
-2.0092075100000000e+00
-3.0096690100000001e-01
3.6517715700000002e+00
3.7079137200000001e+00
-1.2868049900000000e+00
3.6204406199999997e-02
2.6377410900000000e+00
3.4030871700000001e+00
1.0924465900000000e+00
3.0500985799999998e+00
1.6984830300000000e+00
-3.7834178500000002e+00
-3.8532902800000000e+00
1.0237098300000000e+00
9.5613878500000005e-01
3.5391748100000000e+00
-2.6869173000000002e+00
3.9644046899999998e+00
3.3899949100000000e+00
2.7741852100000002e+00
-3.4091171000000000e+00
1.7925177400000001e+00
3.9291286799999998e+00
-1.6400153900000001e+00
-1.1942821600000000e-01
2.3489232800000002e+00
-9.7312314499999997e-01
-2.5933984600000000e+00
-4.0368157900000003e+00
-4.2793793800000000e+00
-4.9976699099999999e-01
3.2828389299999999e-01
-4.6273416400000000e+00
-1.3061302600000000e+00
2.9002806100000000e-01
4.4627312200000002e+00
-1.8368521799999999e+00
2.6419414400000001e+00
3.0536250699999998e+00
-3.9628147500000002e+00
-1.3042396999999999e+00
-3.0924595300000002e+00
-3.1197316400000003e-01
-4.6144064399999998e+00
-4.4684759000000002e-01
-2.2158864600000001e+00
-1.9981075300000000e+00
1.6791584600000000e+00
-3.7618632200000000e+00
-4.4211188899999998e+00
4.0894310599999999e+00
1.0373532400000001e+00
-3.7162965200000002e+00
-4.1791416600000000e+00
-2.3575044300000000e-02
2.3633765700000001e-01
-4.1001707999999998e-01
-2.5698826200000000e+00
-8.6545286099999996e-01
-1.6344680100000000e+00
-2.9355950200000001e+00
-1.0163792400000000e+00
4.8612650100000003e+00
2.0701327699999998e+00
-3.0081236400000000e+00
3.2642357000000000e+00
-1.0498982900000000e-02
-2.4050599199999998e+00
-4.2209195900000003e+00
1.5307826200000001e+00
3.7164309000000002e+00
-3.9299404500000001e+00
-1.8509946100000001e+00
-2.1871331100000000e+00
1.3172285600000000e+00
1.7424283500000000e+00
2.1719841099999999e+00
-3.5177228000000000e+00
-1.8212607900000000e+00
3.0027822000000000e+00
1.2610144900000000e+00
-1.7365870100000000e+00
-2.8914024800000000e+00
2.1621993000000002e+00
2.6024358699999999e+00
-1.0690506900000001e+00
-1.6807317399999999e+00
2.3730678699999999e+00
-2.2045503900000001e+00
-4.4696136099999997e+00
-2.6661745600000000e+00
-9.8287636000000000e-01
4.1704924999999999e+00
-1.8266755699999999e+00
-3.4187248000000001e+00
-1.1573331099999999e+00
-4.7311903700000002e+00
-5.7994885500000004e-01
-3.8862243799999998e+00
-2.8478264800000002e+00
-1.7989306499999999e-01
-4.8567666300000001e+00
7.1355669200000005e-01
-8.9723808500000002e-01
3.0775989899999998e+00
-2.7872080299999999e+00
1.8269287700000001e+00
1.4518830500000000e+00
3.4035117100000001e+00
4.1442597100000000e+00
-4.7453975200000000e+00
-1.4551268100000001e+00
1.2338406799999999e+00
-1.8852184100000000e+00
-4.6143886899999997e-01
-1.4212494200000001e+00
-2.4085033400000002e+00
-5.1306002299999998e-01
1.1313388900000000e-01
4.9585954299999999e+00
2.1219294299999998e+00
-4.4059484400000004e+00
2.8156448100000002e+00
2.7163794900000000e+00
-2.6480347900000001e+00
7.2703381400000000e-01
-4.5155241400000001e+00
-7.8735795099999994e-01
-1.5045297600000000e+00
-4.8359906099999996e+00
1.9352256000000001e-01
1.4997487599999999e+00
-3.3324417300000002e+00
3.3113445499999998e-02
4.1509592000000000e+00
-1.4381910200000001e+00
-2.5308458300000001e+00
-9.3285117299999998e-02
-3.7498964400000001e+00
-4.6327597799999998e-01
-2.6061228000000001e+00
2.1062667600000000e+00
-2.5509392700000002e+00
8.8636906999999998e-01
4.6374619600000004e+00
-3.5804883300000001e-01
-1.9801893100000001e+00
1.0943457700000001e-01
-7.7495528100000000e-01
1.2946582100000001e-01
-3.2061475100000001e+00
5.8041885100000001e-01
3.4406409500000001e+00
-4.4716802800000002e+00
-6.9399064399999999e-01
-2.6206823099999998e+00
-2.8714729900000000e+00
3.5750274000000002e+00
5.9635634900000001e-01
3.4632489000000000e-01
-9.4961884299999999e-01
-1.4109082700000000e+00
2.2833005000000002e+00
4.4891404000000001e+00
-8.6234784600000003e-01
1.1913711400000000e+00
-3.1440440199999999e+00
6.0525847099999996e-01
4.8458689300000000e+00
-2.5134744599999999e+00
2.9281722700000001e+00
1.9686515099999999e+00
3.0930735899999999e+00
2.5020764500000001e+00
-2.5239442499999998e-01
1.9942207999999999e+00
-1.4245728700000000e+00
4.9238671899999997e-01
-4.3095627099999998e+00
6.9941873899999996e-01
4.1738396800000004e+00
-4.1534617000000003e+00
1.5108364100000000e+00
1.7151221999999999e+00
8.0014312600000004e-01
2.8520686000000000e+00
-2.3752651100000001e-02
6.9501227799999998e-01
-2.2302080200000001e+00
-4.9133059800000001e-01
-9.7419698700000001e-01
-1.4445760599999999e+00
-3.4673266500000000e+00
6.4935379500000001e-01
-6.1516486100000001e-01
2.4412753500000002e+00
-7.4031673200000003e-01
3.5474001600000000e+00
-4.8423109899999996e+00
-2.5320649999999998e+00
-1.2688663899999999e+00
2.5149462100000002e+00
-2.8960970399999999e+00
-3.3254124300000001e+00
-3.1860489500000000e+00
2.0541809799999999e+00
-4.0912166599999997e+00
4.2547282400000004e+00
1.6126657600000001e+00
-9.1624557699999998e-01
-1.7862483100000000e+00
-1.7810764500000000e+00
1.6002229500000001e-01
7.9778739700000001e-01
9.7823066400000003e-01
-7.8393236899999996e-01
3.8950158600000000e+00
2.9248238399999998e-01
4.2172552000000003e+00
-4.9491602900000001e-02
-1.8337339399999999e+00
-4.1765118100000000e+00
2.2437826400000001e+00
1.6095385200000001e+00
6.9142969999999998e-02
-2.2668545700000000e+00
-7.1021847000000005e-01
-3.7194667399999998e-01
-4.5561730499999999e+00
-4.0373656899999997e+00
-4.1505166999999998e-01
-3.2554338800000000e+00
-4.1327468800000000e+00
2.8416683300000001e+00
-8.6748064499999999e-01
-4.5635435400000004e+00
1.4428342599999999e+00
3.3675239800000001e+00
-3.9736345200000001e+00
-4.6606680699999998e+00
3.6533463300000002e+00
-3.7843393299999999e+00
-1.9602374700000000e+00
-2.7530325100000002e+00
-2.4406828200000001e+00
3.5920451199999999e+00
-4.1700068799999999e+00
4.2284063399999999e-01
-2.8334293000000002e+00
-1.8354733299999999e+00
-1.0216956800000001e+00
-2.3656041600000002e+00
1.0325644200000000e-01
-6.9258990600000001e-02
-3.8237868800000001e+00
-7.3461767799999994e-02
4.7248339899999996e+00
-4.2904706500000001e-01
-9.5203780500000001e-01
2.3544627000000000e+00
-1.8491908900000000e+00
2.0228685499999999e-01
2.3581620000000001e+00
9.2659783200000001e-01
4.0415014999999999e+00
-2.4899122299999998e+00
-8.7380254400000001e-01
-2.0938689699999999e+00
7.0161627100000001e-01
8.8690912600000005e-01
1.8958830200000001e+00
2.0963879400000001e+00
1.7998343100000001e-02
-7.0497448699999998e-01
4.4973215200000000e-01
-4.4567413399999998e+00
2.1427248699999999e+00
1.0355618000000000e+00
-1.1192161100000000e+00
2.5417411200000002e+00
-1.0941715800000000e+00
3.9742218600000001e+00
4.9824719000000002e+00
4.2885221900000001e+00
4.7959336700000001e+00
1.4231959000000001e+00
-4.6300359000000002e+00
-1.7752039600000000e+00
3.8828453399999998e+00
-8.1190053200000001e-01
1.1911810500000000e-01
-4.1766970199999998e+00
1.7832358800000001e+00
4.6463220500000002e+00
-2.0906530700000001e+00
1.7175881799999999e+00
-1.2799396700000001e+00
5.9462030899999996e-01
-1.4136342700000000e+00
6.3844037600000003e-01
4.5643048400000001e+00
-4.7789796700000000e+00
2.0965462000000001e+00
-2.5186269299999999e+00
-1.5492360800000000e+00
-2.5396200699999998e+00
-9.6819484099999997e-01
-3.6165278500000002e+00
-2.6681700099999999e+00
4.0136842700000003e-01
-4.9127840500000000e+00
-4.1409985599999999e+00
-1.3436794999999999e+00
-2.3410885200000000e+00
-3.5704256900000000e+00
-2.0875753100000001e+00
-3.2065177800000000e+00
4.8915382899999998e-01
-4.6961482700000001e+00
-6.1410916599999998e-01
-2.5487269499999998e-01
-4.8726353500000004e+00
3.5202790900000003e-02
1.3139175500000000e+00
-2.3311940199999999e+00
2.8780109899999999e+00
3.4871410300000001e+00
-5.8779118699999999e-01
-1.2150242800000000e+00
-3.4537613399999998e+00
-1.1484953800000000e+00
1.9375609100000000e+00
8.7212975199999998e-01
-3.3372876300000001e+00
1.1532549299999999e+00
1.0888504000000001e+00
3.1571294999999999e+00
3.2277798899999999e-01
-4.8226965399999999e+00
4.2483562899999999e-01
3.0078078200000000e+00
2.8219640199999998e+00
4.6397071600000004e+00
2.5143333900000000e+00
-1.9863409500000001e-01
-7.4706775599999997e-01
1.3940478800000000e+00
7.6994366999999997e-01
-3.5328107599999998e+00
-4.6701900399999996e+00
-4.4837727199999999e-01
-3.0276250800000000e+00
-4.4275290699999997e-01
-4.6943941100000002e+00
-6.7020610300000005e-01
1.5306379400000001e+00
-1.8093092600000000e+00
-2.5936860899999998e+00
-3.7647846199999999e+00
-3.4938849300000001e+00
-1.3504495400000001e+00
2.4476946800000001e+00
-4.7342486099999999e+00
-7.7805323800000004e-01
-5.4656933500000004e-01
-1.2914010300000001e+00
-1.8029322299999999e+00
2.1109330800000001e+00
-1.8178859700000000e-01
-4.9422841100000001e+00
2.2513401800000001e+00
-4.2529188299999996e+00
-4.9717314100000003e+00
-1.6176396099999999e+00
-2.4152315600000001e+00
2.9016721200000002e+00
-4.9469014700000002e+00
8.2961294599999992e-03
2.0326548600000001e+00
1.3640262400000000e-01
2.4299667700000001e+00
-4.0984214400000001e+00
3.7201465300000001e+00
-4.6640587599999996e+00
4.8218471899999997e+00
-2.4617539100000001e+00
-3.0767189400000001e+00
4.0610028800000002e+00
4.8964856599999997e+00
1.2546686000000000e+00
3.9210506800000000e+00
2.8569662800000000e+00
6.1313009100000004e-01
3.6553299500000000e+00
-1.6991560000000001e+00
-4.1220638400000000e+00
-1.6291678199999999e+00
3.3449344800000000e+00
2.0719686600000000e+00
1.5955537500000001e+00
4.4396964099999998e+00
-3.0174691199999999e+00
1.5372740000000000e+00
-1.6414411799999999e+00
3.2164646600000002e+00
4.9716685900000002e+00
4.7229275700000004e+00
1.2951992699999999e+00
-2.6196070400000000e+00
1.2700864300000001e+00
1.0775513699999999e+00
-2.7073202300000001e+00
1.0399033000000000e+00
-1.3962715900000000e+00
-1.2978116799999999e+00
-4.3799196800000004e+00
1.4739873299999999e+00
-4.2180843000000001e+00
-1.6019631500000001e-01
-1.4072346099999999e-01
4.1276575600000003e+00
3.8813555300000000e+00
-1.2922884500000000e+00
-1.5206746200000001e+00
-4.2058993500000001e+00
3.4434821900000001e+00
-1.0419161800000001e+00
2.2761045599999998e+00
4.5949937399999996e+00
-4.0290900200000002e-01
-9.9620483999999998e-01
-2.9604271299999999e-02
-4.6476340199999999e+00
1.5782593700000001e+00
1.6195682100000000e+00
-2.5841670200000002e+00
1.3155080699999999e+00
4.3103949200000002e+00
-1.5074438300000000e-03
-3.4268343300000002e+00
4.6264815599999998e-01
1.9877592700000000e+00
4.6965269699999999e+00
3.6040008700000001e+00
-2.3273670399999999e+00
-3.0969012400000002e+00
4.3585294799999996e+00
2.5323953200000000e+00
-2.3148199699999998e+00
-3.6066957199999999e-01
-4.3316836500000004e+00
-1.5296361199999999e+00
4.3960654899999998e+00
2.2478579700000001e+00
-3.9721067400000001e+00
3.8893548300000003e-01
-1.8509436300000000e+00
-3.2120595699999999e-01
4.2408469699999998e+00
4.7801958899999999e+00
-1.6381606600000000e+00
-1.1152286600000001e+00
-1.0289601400000001e-02
1.3558729000000000e+00
-2.6555439999999999e+00
-6.2902116100000005e-01
-1.2299154200000000e+00
4.8901505600000000e-01
4.3972772800000000e+00
-4.5836723800000003e+00
-3.0107390900000000e+00
5.2346788300000002e-01
1.6619589699999999e+00
1.2867193800000001e+00
4.4119944100000001e+00
2.2332166099999999e+00
-2.1882663400000002e+00
2.9945307500000000e+00
8.1119651800000003e-01
7.5168184699999996e-01
2.5363253600000002e-01
2.4213833500000002e+00
-1.0845895400000001e+00
-1.9891877599999999e-01
-1.3176754700000000e+00
-3.0338146600000000e+00
2.4932515999999998e+00
1.0734136400000001e+00
2.6664915599999999e+00
6.1885261400000002e-01
1.7691817599999999e+00
5.0521734799999996e-01
-5.4177757699999995e-01
2.6498654099999999e+00
-5.3031001099999997e-01
-4.7865376399999997e+00
-2.9848954700000002e-01
-3.9259107300000001e-01
3.3117500099999999e+00
-2.3705773799999998e+00
-1.7964144900000001e+00
-3.8336296000000001e+00
-2.2270851000000000e+00
4.4324929199999996e+00
-1.8442627800000000e+00
-4.6719066500000004e+00
3.1624523899999999e+00
-1.7105848699999999e+00
-1.9730672100000000e+00
3.1329486100000001e+00
-2.4174257699999999e+00
2.8948131400000001e+00
1.0851119300000001e+00
4.1629986600000004e+00
-1.3016953600000001e+00
-2.6118306100000002e+00
-2.8333323500000001e+00
1.6972080800000000e+00
1.0368789700000001e+00
-1.8055909000000001e-01
-7.9914481199999998e-01
-2.8608084499999999e+00
-4.9614617200000000e+00
2.0975136000000001e+00
3.3249275500000000e+00
5.3770378200000002e-01
3.5757525999999999e+00
3.8958112400000000e+00
1.3768348399999999e+00
2.8993195100000002e+00
1.9284175500000000e+00
-2.4655614899999998e+00
-4.2328822500000002e-01
-7.9398990300000005e-01
-1.0530164500000001e+00
-4.9993016900000002e+00
1.5171257600000001e+00
1.8940638000000001e+00
2.5208560100000001e+00
-3.9429951299999999e-01
2.9167245300000002e+00
4.9339104300000001e+00
-3.2593919900000001e+00
-2.5771373600000000e+00
-2.0561283200000000e+00
4.7202591900000002e+00
3.7841174000000000e+00
9.8620461999999998e-01
4.6476809399999999e+00
-2.5409869000000000e+00
7.9781658700000002e-01
-6.3866991399999995e-01
4.2142725399999996e+00
-2.7032726399999998e+00
1.2809673399999999e+00
3.6097627299999999e+00
2.0658274500000000e+00
4.1682636100000003e+00
2.8907062899999998e+00
1.1729027700000001e+00
1.9455218100000000e+00
8.1073188100000004e-01
-1.1371433799999999e+00
-1.4186040200000001e+00
1.5842126400000001e+00
3.8135778500000002e+00
3.3685489600000000e+00
-1.5123273600000000e+00
-3.0031105500000002e+00
-9.1587517799999996e-01
1.0970441700000000e+00
-3.7563803099999999e+00
1.4789004900000000e+00
-1.2971675700000000e+00
-7.4471315299999996e-01
-4.9977453100000000e+00
-2.7587512700000000e-01
-3.9366334699999999e+00
3.7737377599999999e+00
-2.7121113600000002e+00
-2.6381296600000002e+00
4.0606918199999997e+00
1.9351290100000000e+00
2.7493959499999998e-01
