# CEC 2010 F05 permutation vector 0-based (D=1000)
550
699
794
622
544
392
463
517
142
956
887
620
974
730
691
737
665
384
858
741
751
543
583
958
735
156
488
819
461
973
755
66
837
185
787
77
344
628
909
418
330
493
0
343
548
457
578
499
255
294
576
489
757
199
682
206
238
181
104
987
611
965
650
147
23
194
321
443
423
393
18
646
263
97
365
770
686
211
867
541
895
180
824
126
128
101
893
923
9
139
638
644
597
712
55
536
178
827
138
57
777
971
738
158
563
846
601
986
213
200
436
29
87
877
660
927
570
805
869
919
806
456
654
938
71
203
303
679
323
93
876
932
961
73
804
720
257
370
356
26
510
564
723
942
833
775
828
955
84
405
53
885
182
609
649
721
195
472
505
966
784
500
192
409
750
792
752
524
643
830
545
477
948
702
42
386
748
508
251
996
977
175
606
701
197
533
1
506
800
274
335
997
571
412
91
43
272
988
495
810
399
437
641
60
605
304
172
944
21
325
47
840
31
338
38
157
454
593
671
16
904
760
648
131
39
435
523
12
807
742
714
208
112
962
168
385
327
603
964
555
166
373
419
225
656
525
359
254
781
936
322
111
783
959
188
970
144
873
281
464
318
884
914
107
863
567
553
719
279
697
473
764
44
24
769
132
358
521
421
424
930
479
49
311
161
299
462
899
300
989
831
915
924
469
371
980
333
952
710
522
653
765
913
264
310
408
778
910
674
900
596
122
857
898
115
162
282
491
27
475
655
52
820
739
761
306
908
340
361
94
276
404
270
864
88
889
28
586
250
626
527
376
584
745
190
237
414
561
562
614
954
170
369
728
616
886
37
518
417
249
939
290
136
74
780
438
484
387
216
448
740
114
497
217
253
245
316
446
950
670
167
774
455
440
934
78
629
881
82
706
834
176
795
198
226
645
860
92
835
809
607
703
762
734
453
808
969
799
529
920
308
667
999
935
498
538
332
219
892
817
768
990
191
663
516
375
662
72
62
894
856
411
872
991
782
960
465
165
2
850
271
861
260
420
918
103
891
916
431
560
342
859
798
903
95
504
793
381
397
943
46
907
753
801
256
963
41
975
50
870
946
852
666
722
368
171
153
79
234
677
444
89
868
401
981
348
844
814
129
189
6
572
569
705
317
746
573
634
428
96
759
286
992
434
658
267
816
339
403
577
229
266
906
582
580
268
945
277
410
289
372
994
233
729
51
196
22
968
619
911
422
631
68
113
598
388
230
849
239
90
118
30
3
888
512
917
669
736
689
164
659
7
278
32
979
535
366
108
875
590
394
187
231
680
640
346
354
379
815
204
467
692
85
320
476
684
542
146
10
8
341
442
642
54
295
33
985
121
406
565
291
725
150
672
995
657
298
771
149
347
193
763
319
822
698
637
841
314
248
56
252
154
633
588
389
98
331
676
324
957
109
336
140
574
459
838
558
568
441
880
450
636
602
486
416
36
630
415
874
585
326
661
552
624
839
283
127
374
612
532
617
285
452
708
789
883
396
135
513
292
551
696
25
678
592
896
81
905
209
530
223
511
458
275
218
855
309
854
413
337
212
123
978
207
407
693
791
797
179
159
599
383
48
773
537
232
228
547
328
951
509
116
35
843
201
845
897
478
425
86
707
483
63
262
65
45
993
378
949
470
433
40
120
594
400
704
976
329
240
17
242
890
732
236
59
595
351
215
280
847
579
163
11
871
813
694
501
709
715
984
5
14
829
559
675
717
364
528
726
625
258
235
882
632
221
427
125
284
482
105
353
540
610
110
695
786
756
507
432
727
395
718
982
627
933
119
832
160
186
58
426
826
246
929
514
749
519
947
998
608
575
635
557
259
402
526
972
293
600
711
480
468
724
307
785
549
287
591
912
825
205
243
177
865
357
928
13
652
76
664
350
967
134
803
940
445
685
382
515
531
496
449
848
184
102
377
67
83
273
241
492
301
173
651
539
20
647
836
100
355
106
554
788
866
767
296
34
520
380
152
853
534
288
155
439
490
485
687
363
878
471
604
688
690
334
618
546
802
700
312
345
15
673
222
227
75
391
302
315
169
174
842
220
143
151
224
754
214
261
430
70
818
587
758
80
466
137
183
297
460
265
210
349
779
812
69
925
733
148
589
367
796
398
941
668
790
487
117
481
953
447
429
922
145
613
766
902
983
19
639
269
776
851
862
744
615
747
352
713
621
811
556
133
502
581
681
390
901
99
716
4
494
623
451
362
743
124
244
937
879
772
926
931
305
130
474
683
64
202
360
821
141
313
731
61
921
247
823
566
503
