# CEC 2010 F12 shift vector (D=1000)
-1.2923382399999999e+01
4.6768446900000001e+01
-4.3186360999999998e+01
3.7203184700000001e+01
3.5903987200000003e+01
-6.2741135800000002e+01
4.9759566200000002e+01
-9.7576744600000005e+00
3.7939542799999998e+01
-7.8663128599999993e+01
5.2205100299999998e+01
1.5749237000000001e+01
7.9171700299999998e+01
-9.6309540400000003e+01
2.4032446000000000e+01
-4.0015193599999996e+00
-3.5026962200000000e+01
-2.8635692800000001e+01
4.7140187800000000e+00
5.0213356400000002e+01
-8.3004461699999993e+01
-5.4024051399999998e+01
4.9750179000000003e+01
-9.1078553299999996e+01
3.9727308399999998e+01
3.8473025600000000e+01
3.9392633699999998e+01
7.1822941099999994e+01
9.0387844900000005e+01
-4.7842003699999999e+01
5.3969611000000000e+01
7.7109891599999997e+01
4.3074371900000003e+01
4.0561880400000000e+01
-4.7286021499999997e+01
-5.7478585899999999e+01
-5.8405860900000000e+01
-9.0347611700000002e+01
-9.6660520800000000e+01
-3.3285722200000002e+01
9.9153994499999996e+01
3.7320001200000000e+01
-3.8165390899999998e+01
-2.9219260100000000e+01
6.3762048700000001e+01
-9.3204165300000000e+01
9.1545239699999996e+01
2.1179630599999999e+01
-1.2833101900000001e+01
-5.8528796100000001e+01
5.2427902900000003e+00
7.2272442799999993e+01
-3.6305961899999999e+00
-6.6398404400000004e+01
-5.8392486500000000e+00
-1.0568818700000000e+00
7.4368139499999998e+01
3.8386018000000000e+01
7.5849439300000000e+01
-4.2173550599999999e+01
1.4329785800000000e+01
3.8117458700000000e+01
-1.9756062400000001e+01
2.9906586799999999e+01
-6.2541609100000002e+01
1.6490534400000001e+01
-3.8614609799999997e+01
5.0817787799999998e+01
-7.4341556900000000e+01
-3.2691931400000001e+01
-3.0378929700000000e+01
-1.0808002600000000e+00
8.2843052299999997e+01
-3.1925373100000001e+00
2.7800124900000000e+01
9.7315797200000006e+01
-2.4462557600000000e+01
-7.2379700700000001e+01
6.8868204300000002e+01
-2.4887696200000001e+01
4.4058745000000002e+01
4.9253129800000004e+01
-5.7786920000000002e+01
-7.9076624499999994e+01
-3.2354937700000001e+01
-4.6051334300000001e+01
3.1613210500000001e+01
8.9702153199999998e+01
-4.5915043799999999e+01
-1.2983629400000000e+01
3.6543135300000003e+01
-1.9666189500000002e+01
-8.4891461100000001e+01
8.9180696600000005e+01
6.1517790800000000e+01
5.3881336400000002e+01
8.6937079400000002e+01
1.6739476700000001e+01
9.2403061500000007e+01
-3.7117675499999997e+01
-2.9077824799999998e+00
2.8195614700000000e+01
-4.5909331999999999e+01
-4.2206520500000000e+00
-6.8707423800000001e+01
3.6021210600000003e+01
-2.0480881900000001e+00
1.3524034600000000e+01
-8.3271757599999994e+00
1.6224345199999998e+01
-5.6789003100000002e+01
4.7324849399999998e+01
9.4322509499999995e+01
6.0379897800000002e+01
5.7501773100000001e+01
7.8333130299999993e+01
4.2253725700000002e+00
-1.7473590300000001e+01
-4.5373894900000003e+01
5.8965285000000002e+01
6.9378509499999996e+00
-5.4949274600000004e+00
-6.3915377300000006e-02
-7.9855165400000004e+01
-1.9920452000000001e+01
1.2641958900000001e+01
8.7374056499999995e+01
4.3087078200000001e+01
9.3577286200000003e+01
8.4422032599999994e+01
-6.3768205600000002e+01
-9.6435028799999998e+01
4.2084599500000003e+01
-3.1821118700000000e+00
5.7255444799999999e+01
4.6022433100000001e+01
7.5892853400000007e+01
-3.6798465899999997e+01
3.1434496700000000e+01
6.0084764100000001e+00
3.1643438900000000e+01
4.7702432000000002e+01
6.6288133700000003e+01
9.8023629099999994e+01
3.5919889300000001e+01
2.2990844599999999e+01
1.9003281300000001e+01
9.9838772700000007e+01
-3.0770806900000000e+01
9.1750051700000000e+01
-6.9167583100000002e+01
3.6554573200000000e+01
6.4583985200000001e+01
8.4001521299999993e+01
4.8667835599999997e+01
6.1318086100000002e-01
7.0016351299999997e+01
2.6435757800000001e+01
9.3672432999999998e+01
2.8438817600000000e+01
7.2928912699999998e+01
2.6041047599999999e+01
7.7899479600000006e+01
7.4259934099999995e+01
-5.2766851800000003e+00
7.8179907400000005e+01
-1.2438656099999999e+01
-2.6277045600000001e+01
-6.7864309199999994e+01
2.4672160000000002e+01
-1.9631167999999999e+01
-5.7222676299999997e-01
-1.8236494199999999e+01
1.3537842899999999e+01
6.8222008400000007e+01
5.2558407000000003e+01
-2.6329742499999998e+01
8.7439022100000003e+01
3.7076686299999999e+01
-2.7728036899999999e+01
2.8009739799999998e+01
-1.0629838100000001e+01
7.5437606400000007e+01
-2.7018552600000000e+01
3.1253013800000002e+01
-1.8108714400000000e+01
3.0047166199999999e+01
-6.7576801799999998e+01
-6.7219583399999996e+00
-3.3391804200000003e+01
2.2694807099999998e+01
5.1410255300000003e+01
-6.1869946800000001e+01
9.6201265100000001e+01
-4.1925792100000002e+01
-8.9091051800000002e+01
8.4837800299999998e+01
9.6488737799999996e+01
1.1437377500000000e+01
-4.8242422900000001e+01
-5.3272287700000000e+01
-4.9320509700000002e+01
-8.0182017999999999e+01
-1.8765998700000001e+01
-1.4888298699999999e-01
-8.5499897100000002e+00
-3.7350312400000000e+01
8.9272625500000004e+01
4.4110808599999999e+01
-3.3298521600000001e+01
-9.2344908700000001e+00
-6.1067258000000002e+01
7.0533216800000005e+01
-1.8245077500000000e+00
-4.8301190300000002e+01
2.3842081100000001e+01
-3.3602469200000002e+01
7.6585613400000000e+01
-4.5771692199999997e+01
-9.1977149199999992e+00
9.6505518100000003e+01
-8.7576103099999997e+01
-6.0202250999999997e+01
-7.7882712299999994e+01
1.0178749800000000e+01
-1.8700410200000000e+01
-5.3413376599999999e+01
-1.7442695700000002e+01
-3.5657338099999997e+01
-7.4138852399999999e+00
-8.2136872100000005e+01
-5.6980975399999998e+01
-5.4879142500000000e+01
7.4746732899999998e+01
4.2489767100000002e+01
-9.8358665200000004e+01
-4.7779442000000003e+01
-8.8281200699999999e+01
-7.1845203600000005e+01
7.6921953700000003e+01
-3.8298718299999997e+01
8.6571931100000000e+01
6.2460616700000003e+01
-2.7678970400000001e+01
5.7429669599999997e+01
9.7447661299999993e+01
5.3925222300000001e+01
-4.7691486099999999e+01
5.9575869500000003e+01
1.5476302500000001e+00
1.2230584600000000e+01
-3.8599685000000001e+01
4.4155105900000002e+00
8.8370946500000002e+01
6.7747913700000000e+00
-9.0828387699999993e+01
5.1776192999999999e+01
-8.7480821000000006e+01
-3.9195383900000003e+01
3.5967943800000000e+01
-1.8036416700000000e+01
-7.7919929699999999e+00
-6.6320583799999994e+01
8.1626722599999994e+01
-5.5179317300000001e+01
-1.2107757699999999e+00
3.8654988699999997e+01
-6.2769448199999999e+01
-5.4330601800000000e+00
1.0504964100000000e+01
-1.1087643300000000e+01
5.8343901700000004e+01
4.8838590300000000e+01
-4.3679223900000004e+00
-6.5290067800000003e+01
6.6823320300000006e+01
2.6177054099999999e+01
5.7994286099999997e+01
-2.4426521200000000e+01
3.9853235800000000e+01
7.6825346199999998e+01
9.2295525600000005e+01
-5.0738108699999998e+01
2.4859605400000000e+01
-9.9902346399999999e+01
3.1692989399999998e+01
3.3915004199999998e+01
3.4079393699999997e+01
8.8509854200000007e+01
2.3501338100000000e+00
-2.6251510700000001e+01
-4.2567103500000002e+01
-7.2152955700000007e+01
-4.9871105300000004e+01
-5.4161550300000002e+01
-6.3809622500000003e+01
7.4023475599999998e+01
2.3392915700000000e+01
4.6002490000000002e+01
-9.1642498700000004e+01
-3.5081921299999999e+00
3.2019856400000002e+01
4.3261960299999998e+01
1.2801515900000000e+01
-1.3310436899999999e+01
-6.9259015700000006e+01
2.5911344000000000e+01
-4.1385197300000002e+01
-8.1611770500000006e+01
-2.8296427000000001e+01
-5.4757239499999997e+01
1.8465216399999999e+01
2.7189951099999998e+00
6.2770441400000003e+01
-8.8361189800000005e+01
8.8094126299999999e+01
3.6612586399999998e+01
-4.4501492800000001e+01
5.8441163299999999e+01
-1.7186969099999999e+01
7.1119075699999996e+01
4.8052506899999997e+01
2.2409591400000000e+01
9.5730683099999993e+01
4.5338946600000000e+01
-6.9150505400000000e+01
2.3481607000000000e+01
-4.9158762400000002e+00
9.1622460799999992e+00
-2.2682588800000001e+01
4.8730114700000001e+01
-8.6068212599999995e+01
-8.9082941400000006e+00
3.1758553800000001e+01
-1.9175659300000000e+01
-2.3885986299999999e+01
-7.2868200799999997e+01
7.9850300000000004e+01
-9.7719167900000002e+01
8.1913678899999994e+01
-2.6599711899999999e+01
7.2470290300000002e+01
-6.1583820600000003e+01
-6.9825416099999998e+01
3.1679207999999999e+01
-2.3217718900000001e+01
6.6178425099999998e+01
5.4934102099999997e+01
-7.5797307200000006e+01
6.4964274099999997e+01
7.1290999600000006e+01
7.3384977300000003e+00
2.6291072300000000e+01
-4.8142648799999996e+00
8.4778156199999998e+01
9.9134921700000007e+01
7.6270803999999998e+01
6.0961914200000002e+01
4.6748249299999998e+01
9.4444127499999993e+01
6.1598454599999997e+00
-6.4309384399999999e+01
-7.8226549399999996e+01
7.6564046599999998e+00
2.2210185099999999e+00
-1.9070820000000001e+01
-4.0798556400000002e+01
7.2419236600000005e+01
7.6612452799999997e-01
1.9055136900000001e+01
-3.0955014599999998e+01
5.4620506200000001e+01
2.7895986199999999e+01
9.2977087400000002e+01
3.4483798800000002e+01
-5.7179162699999999e+01
2.9635514600000000e+01
2.6543250100000002e+01
-6.3519617199999999e+01
9.4029112699999999e+01
1.0214571200000000e+01
6.6390008399999999e+01
-5.3058683400000000e+01
2.7885799100000000e+01
-3.0127445800000000e+01
-4.0638866700000001e+01
-9.6883741999999998e+01
2.0463459100000001e+01
-3.4431096799999999e+01
8.7584656100000004e+01
-3.7050967499999999e+01
3.1512846600000000e+00
3.2833283600000001e+01
6.8076331999999994e+01
2.5048459300000001e+01
-2.6119755200000000e+01
-5.9165810899999997e+01
-3.9554859399999998e+01
-4.3947605500000002e+01
-8.3817620599999998e+01
-2.2411584500000000e+01
8.9024749299999996e+01
-4.6621818800000000e+01
7.5758070099999998e+01
-8.0173893199999995e+01
7.5941264399999994e+01
1.9003660400000001e+01
4.8465391599999997e+01
9.3172113499999995e+01
-2.8070090600000000e+01
-6.0913323800000001e+01
5.6067871400000001e+01
6.6187992399999999e+01
-3.7040105400000002e+01
2.6978894100000002e+01
6.4161164700000000e+01
5.9010425599999998e+01
6.6525737100000001e+01
-7.4193584200000004e+01
7.4005627300000000e+01
-2.7923344999999999e+00
8.9991218000000003e+01
9.4390958400000002e+01
-2.3469657399999999e+01
6.6441310299999998e+01
2.5645260799999999e+01
5.0643507100000001e+01
-1.7680226100000000e+00
-4.8180307900000003e+01
8.6191676999999999e+01
-8.8258303600000005e+01
3.4623344299999999e+00
-8.2254774100000006e+01
-7.1781688299999997e+00
3.1642913600000000e+01
6.0944551999999996e+00
-8.1063815199999993e+01
4.4986342899999997e+01
6.2843996599999997e+01
5.2251340900000002e+01
-6.7396811200000002e+01
5.1862225199999997e+01
8.5924592500000003e+01
-5.6223210199999997e+01
-3.4262232500000003e+01
-8.2857811799999993e+01
3.5304137000000000e+00
-6.6176763500000000e+00
-7.0979763500000004e+01
-6.8018921899999995e+01
-1.2833909200000001e+01
3.2886721500000000e+01
-9.6322232999999997e+01
-1.6908992999999999e+01
4.4463243400000003e+01
-9.9581003899999998e-01
-2.0911547299999999e+01
-9.3555339900000007e+01
-6.8838156799999993e+01
5.8590700900000003e+00
6.5485576699999996e+01
7.6979733400000001e+01
6.1807913300000003e+01
1.5382495100000000e+01
2.9572064700000000e+00
1.5925592900000000e+01
-8.6085145600000004e+01
-3.6921279100000000e+01
-7.6554938699999994e+01
-7.6749611700000003e+01
-1.0179904900000000e+01
3.4710200700000001e+01
4.2209557699999998e+00
8.8475478499999994e+01
3.5046182999999999e+01
-6.1583151999999998e+01
5.8720776600000001e+01
-7.3457929500000006e+01
3.7166211599999997e+01
4.3381056200000003e+01
-5.2399336699999999e+01
-5.4583866600000000e+01
-4.0749680200000000e+01
6.1993877299999998e+00
-3.1587879999999998e+01
6.5093585800000000e+01
-9.7858152300000000e+01
5.7725891400000002e+01
-2.1742547200000001e+01
-9.3780606000000006e+01
5.6288688399999998e+01
5.0734040399999998e+00
-5.3327474799999997e+01
-4.7045191400000000e+01
9.0033099100000001e+01
-4.4848373199999997e+01
3.4520468200000003e+01
7.6489354699999996e+00
-6.6566169299999999e+01
7.9237922900000001e+01
-1.0784421600000000e+00
-9.6780850099999995e+01
-8.3902925699999997e+01
-5.0198848200000000e+01
5.1939858899999997e+01
7.0781714500000007e+01
5.4048167900000003e+01
2.7263401999999999e+01
1.2575527700000000e+01
5.7981213900000000e+01
-9.3593720300000001e+01
-7.6899918400000004e+01
-3.4653347199999999e+01
-9.7164236000000006e+00
-4.4925655399999997e+01
-2.9599676100000000e+01
5.6387245600000000e+01
4.1225315500000001e+01
9.3586148699999995e+01
2.4648103700000000e+01
8.5721538899999999e+01
-3.1145229499999999e+01
-1.9029914500000000e+01
-5.3018027900000000e+01
-9.2936271300000001e+01
-4.7459187500000004e+00
-6.5814916100000005e+01
8.3527357100000003e+01
-2.2856733400000000e+01
-1.8775572000000000e+01
-9.1163557400000002e+01
8.7157581399999998e+01
-4.3819497699999999e+01
-7.6380853900000005e+01
1.7392623000000000e+01
5.9374947700000000e+01
-2.9681189100000001e+01
9.9563483000000005e+01
-5.2757747999999999e+01
-5.8484987500000003e+01
-6.3931905700000002e+01
-8.2801237299999997e+01
3.5466651700000000e+01
6.5114468500000001e+01
1.8766569300000000e+01
8.5652675200000004e+01
1.5750131300000000e+01
-9.8941627400000005e+00
-6.0343425400000001e+01
-1.6561605100000001e+01
8.2086070800000002e+00
-3.2750517299999998e+01
-2.2488947499999998e+01
-6.1243151800000000e+01
-1.8018419500000000e+01
-3.2891820000000003e+01
7.0722761099999998e+00
-3.1382449500000000e+01
2.4009308799999999e+01
6.1816786700000002e+01
-9.0251166100000006e+01
9.7887068499999998e+01
1.7469097600000001e+00
1.9396237599999999e+01
-4.0720416299999997e+01
-1.7589938199999999e+01
-4.0930494400000001e+01
-9.9289964900000001e+01
4.4944715000000002e+01
-3.6082596899999999e+01
-7.1480278100000007e+01
5.6379422599999998e+01
8.3356449499999997e+01
-8.1585347399999997e-01
-2.6156397999999999e+01
6.2182389899999997e+01
4.8752352299999998e+01
1.4663061900000001e+01
-2.2543015499999999e+01
8.3290650600000006e+01
1.7205906200000001e+01
5.0175235000000002e+00
1.5509966000000000e+01
-3.1419417200000002e+01
9.2164295400000000e+01
2.8839668100000001e+01
-7.1340706299999994e+01
-5.1662687599999998e+01
-2.5126930000000002e+01
-9.3384402499999993e+01
-3.5615088300000002e+00
1.4193745099999999e+01
2.9169686700000000e+01
-2.6854243799999999e+01
1.1236410200000000e+01
-5.2310513199999997e+00
3.0089307500000002e+00
2.6593167900000001e+01
-5.5516074099999997e+01
8.8911049300000002e+01
-1.2821788700000001e+01
-4.8796726200000002e+01
-1.6239033199999999e+00
-7.1038400999999993e+01
-4.8255573099999999e+01
7.8398129000000001e+00
-4.3538933299999997e+01
-6.4679074600000007e+01
-9.6506375599999998e+01
-7.4932820300000003e+01
5.0454039199999997e+01
-4.6130024400000003e+01
-5.9208403900000000e+01
-5.4269823199999998e+01
-1.5685715600000000e+01
7.7549259100000000e+01
7.0009216400000000e+01
-1.6123617800000002e+01
3.5347565199999998e+01
-6.5525991099999999e+01
8.1966189499999999e+01
6.9260628800000006e+01
5.2123230300000003e+01
7.3478648800000002e+01
8.0403864499999997e+01
5.0752677100000000e+01
-2.5862964500000000e+01
-9.3203947199999995e+00
-7.3607321700000000e+01
3.5218448100000002e+00
-2.5893452400000001e+01
2.7507843699999999e+01
3.7682551799999999e+01
-6.2173980399999998e+01
-8.4462356000000000e+01
-1.2334685700000000e+01
8.7815908899999997e+01
-9.9884131199999999e+01
4.0897612000000002e+01
7.0672340500000004e+01
-8.6520281499999996e+01
4.3366070700000002e+01
-3.3704348099999997e+01
-6.1840164000000001e+01
1.8365185600000000e+01
-5.6841352800000003e+01
8.9396663899999993e+01
-7.9591740599999994e+01
6.7534945899999997e+01
-4.5671693400000002e+01
-6.8648540400000002e+01
1.0556034199999999e+01
6.0130919700000000e+01
-2.2669100000000002e+00
4.0826950799999999e+01
5.4052338800000001e+01
-2.1846896000000001e+01
6.3349067000000003e-01
-9.1631658399999996e+00
1.9597514400000001e+01
5.0652967500000003e+01
-6.5860630499999999e+01
-2.6511162299999999e+01
1.3541566599999999e+01
-8.0704901800000002e+00
-8.5210227599999996e+01
4.4955058700000002e+01
2.2191456700000000e+01
6.9917128300000002e+01
-9.1594923199999997e+01
3.2822435499999997e+01
1.1486224900000000e+01
2.2400057799999999e+01
-8.8244106900000006e+00
4.7427077500000003e+01
-3.7410398499999999e+00
-3.7633865399999998e+01
-7.1732202799999996e+01
8.3431188599999999e+01
-1.7506716399999998e+01
-2.4879031200000000e+01
6.2811751899999997e+01
4.0475513800000002e+01
-3.5047916000000001e+01
-3.5367026000000003e+01
3.5881842200000001e+01
-3.4307978800000001e+01
1.4485259100000000e+01
-3.7562854299999998e+01
-2.4801811499999999e+01
-4.8948941200000000e+01
4.6686488199999998e-01
4.1277863400000001e+01
-7.0408949399999997e+01
-2.9602283700000001e+01
3.8031620199999999e+01
1.3121262800000000e+01
7.8100869900000006e+01
1.1207081499999999e+01
5.9683823099999998e+01
6.8577765700000000e+01
5.8108864400000002e+01
3.1787521300000002e+01
-1.4251067100000000e+01
-6.4519903600000006e+01
-4.4828273899999999e+01
-5.2243954500000001e+01
-3.0067249600000000e+01
-4.5882973099999997e+00
1.2629887099999999e+01
6.2585464100000003e+01
6.3218535400000000e+01
-4.8037800500000003e+01
9.7081118599999996e+01
1.5889172000000000e+00
4.0729866899999998e+01
2.2532705400000001e+01
2.5166429099999998e+01
-3.8088218200000000e+01
-1.0641562300000000e+01
8.9908784600000004e+01
-3.8868210099999999e+01
-3.7608910600000002e+01
2.9709954600000000e+01
7.4316678100000004e+01
-3.6058905799999998e+01
4.6239290099999998e+01
-3.2644100799999997e+01
-8.6911888899999994e+01
-1.4912076300000001e+01
7.0086815799999997e+01
7.4408471199999994e+01
-1.4764182200000000e+00
-6.3845352200000001e+01
-6.8660989799999996e+01
-3.1902146599999998e+01
-9.3725081799999998e+01
-3.9276273199999999e+01
3.6681098100000000e+01
-3.8115461099999997e+01
-2.6639757400000001e+00
-1.0539620500000000e+01
-6.7681407500000006e+01
-6.7434237699999997e+01
3.6299844499999999e+01
-2.0211187200000001e+01
-4.6122696800000000e+01
-5.5205833599999998e+01
6.1485266000000003e+01
6.5805965700000002e+01
-8.7272810699999994e+01
-4.7691595300000003e+01
2.0554154100000002e+01
-4.1481275199999999e+01
-8.8498210099999994e+01
8.5336951700000000e+01
-8.1726050799999996e+01
6.7928749400000001e+01
-4.6250741000000000e+00
7.1338965999999999e+01
-9.3544435899999996e+01
3.9279038700000001e+01
-4.4603124700000002e+01
-2.8647845799999999e+01
3.0466112200000001e+01
-5.0889363099999997e+01
-3.7916615499999999e+01
-6.5737522700000000e+01
-8.0565381500000001e+01
2.3137771200000000e+01
1.9215753200000002e+01
7.3075851799999995e+01
6.5311500899999999e+01
5.1257620299999999e+01
-5.0810652599999997e+01
1.4157737100000000e+01
-6.4082488499999997e+01
-8.3044818500000005e+01
-8.0125972700000005e+01
4.4745472800000002e+01
-8.3448594999999997e+01
3.1478514100000002e+01
-6.4304632799999993e+01
1.7205862600000000e+01
-6.1070220100000000e+01
-5.8802792900000000e+01
7.2972282699999994e+01
-3.2051490200000003e+01
-6.1097576799999999e+01
-9.2926966899999996e+01
9.3166140200000001e+01
1.1290396899999999e+01
5.2486106599999999e+01
7.5878518900000003e+01
-3.9441002300000001e+00
3.6383695199999998e+01
9.4759096900000003e+01
-8.2582409200000001e+01
3.9125859200000002e+00
4.6236984499999998e+01
-7.0349385400000003e+01
8.0348604600000002e+01
-7.5436302800000007e+01
2.9183538599999999e+01
-9.7660561300000008e+00
-1.4699258600000000e+01
2.6489653499999999e+01
-9.4310759899999994e+01
-5.4756348099999997e+01
-1.7937584900000001e+01
1.3048766000000001e+01
-6.8416072600000007e+01
-8.4753234400000004e+00
5.7936694400000000e+01
6.7360245500000005e+01
-2.4800395900000002e+01
-1.6254845499999998e+01
-9.5070160000000001e+01
8.7053752599999996e+01
-2.8144280099999999e+00
-2.2629906999999999e+01
-4.3413980899999999e+01
5.2636098599999997e+01
8.8124745499999992e+00
9.7336479799999998e-01
1.9932456899999998e+01
-3.4271164900000002e+01
9.7749536300000003e+01
4.2142331400000002e+00
7.2399709700000002e+01
3.9614491200000003e+01
2.1682728600000001e+01
-6.4952195900000007e+01
6.9302224699999996e+01
-3.5505054899999998e+01
6.3469643300000001e+01
8.5778999999999996e+01
-1.4992365999999999e+00
-2.8587889199999999e+01
-6.8797514899999996e+01
-2.9424905600000000e+00
-3.7921464800000003e+01
5.0332868800000000e+01
5.3816815099999999e+01
7.9622539200000006e+01
2.5463130799999998e+01
-6.1225898500000000e+01
-8.0591442200000003e+01
-9.5927498499999999e+01
6.1615464500000002e+01
5.7800471999999999e+01
-7.8857511000000002e+00
-5.9740092300000001e+01
-5.2959018399999998e+01
2.7764927400000001e+01
7.8405798200000007e+01
-4.5327012900000000e+01
3.6124816199999998e+01
9.0963122200000001e+01
1.3373864800000000e+01
-3.3486603799999997e+01
9.3752095499999996e+01
-5.5540477699999997e+01
-1.6991209000000001e+01
7.7263065400000002e+01
-1.7236464899999999e+00
7.2016415800000004e+01
-7.1846448800000005e+01
-9.4443036300000003e+01
-1.4558329700000000e+01
-8.8706136299999997e+01
7.6366610300000005e+01
-1.1809626000000000e+01
-2.6223287599999999e+01
5.4608247599999999e+01
-2.9825432100000000e+01
-6.3563261400000002e+00
4.4066898000000002e+01
8.3270942700000006e+01
7.3976280200000005e+01
7.3383106699999999e+01
6.9155349900000004e+01
-4.7534207899999998e+01
-8.4184289600000000e+01
-7.4177803299999994e+01
3.5637648300000002e+01
7.5260647599999999e+01
1.9608252100000001e+01
-6.4092700899999997e+01
-5.1802212400000002e+01
-9.2077096899999999e-01
-8.8066261999999995e+01
-8.0277080600000005e+01
6.8921270399999997e+01
5.0421018500000002e+01
-7.8301641700000005e+01
5.7447904299999998e+01
9.1861446500000000e+01
3.6486963299999999e+01
7.7178130199999998e+01
7.9824563299999994e+01
-3.6902021300000001e+01
6.3381014499999999e+01
-4.4007933499999998e+00
1.3265642200000000e+01
-1.6693643099999999e+01
7.1877869799999999e+01
-3.5856465499999999e+01
5.5330051699999999e+01
7.5860047600000001e+01
-3.3735254699999999e+01
-2.5466655800000002e+01
6.3188493500000000e+01
-2.4126860000000001e+01
-1.3456915400000000e+01
3.7418220599999998e+01
-1.3535129800000000e+01
-4.6292661899999999e+01
-8.8276848900000005e+01
9.1463413399999993e+01
7.7660643699999994e+01
1.1095063000000000e+01
3.8962311399999997e+01
-1.9199261100000001e+01
-7.2401199000000005e+01
-1.2304360800000000e+01
-4.9775543800000001e+01
-3.5754319699999999e+00
-3.8444457300000003e+01
-1.0267051100000000e+01
-6.9071796000000006e+01
5.9290148600000002e+01
4.2710446300000001e+01
-1.4339600900000001e+01
3.9118787200000000e+01
-3.7050168999999997e+01
1.4688954700000000e+01
4.4568098100000000e+01
6.0942186000000000e+01
6.7693589299999999e+01
3.2791928300000002e+01
-3.5600729000000001e+01
-3.6161697799999999e+00
-3.0158412800000001e+01
5.7112605199999997e+00
-9.1161925900000000e+01
-2.9884593599999999e+01
3.5444720500000003e+01
3.6377876100000002e+01
8.9007889599999999e+01
5.6751707500000002e+01
-2.6584587900000001e+00
1.8120740500000001e+00
-4.7127531100000004e+00
1.5581438000000000e+01
6.9181396199999995e+01
-5.0837294700000001e+01
3.3596216800000001e+01
2.8703134700000000e+01
6.5142055099999993e+01
8.9076472300000006e+01
-9.6700313699999995e+01
-9.9761225600000003e+01
-9.2679319100000001e+01
1.6115147499999999e+01
4.9169018199999996e+01
-4.9082368099999997e+01
-5.3157701799999998e+01
7.1427971799999995e+01
-3.4487465899999997e+01
-1.9534749500000000e+01
-6.2391016899999997e+01
-5.5124345099999999e+01
-8.4919472099999993e+01
8.6757673600000004e+01
-6.0282358199999997e+01
9.2803095700000000e+01
-9.2152504800000003e+01
1.5097168500000000e+01
-6.4801872099999997e+01
3.3821094999999999e+00
4.3136496600000001e+01
-7.4026028900000000e+01
1.2474095599999999e+00
7.3524026800000001e+01
-9.6839470100000000e+01
-4.1426470500000001e+01
-6.3095084700000001e+01
-1.6030991300000000e+01
1.1011168500000000e+01
9.3785725799999994e+01
-6.0198154199999998e+01
-8.3224096200000005e+01
7.5624368799999999e+01
-9.2409099299999994e+01
-8.0584228199999998e+01
-7.3331678100000005e+01
-9.9931857399999995e+00
2.2799268699999999e+01
1.9227325199999999e+01
