# CEC 2010 F12 permutation vector 0-based (D=1000)
664
352
849
546
38
621
164
733
713
755
201
742
735
133
756
588
433
384
502
745
238
909
404
942
62
159
591
327
434
279
964
843
662
470
245
316
671
845
886
96
225
833
541
689
608
370
463
531
42
497
508
479
549
10
514
632
739
844
865
989
493
336
318
267
801
272
240
775
447
482
328
80
793
753
114
527
669
187
560
997
947
663
116
910
652
168
448
491
688
123
213
452
350
413
686
237
954
830
243
297
344
868
466
214
597
513
140
832
349
564
274
815
540
215
714
313
538
953
260
92
919
343
971
475
2
109
44
870
855
504
226
707
719
730
330
519
411
996
931
408
176
193
365
732
317
312
675
993
431
897
981
765
83
847
155
912
391
529
294
807
259
258
556
329
250
277
33
595
14
605
777
702
772
784
770
337
806
555
478
28
13
683
191
388
209
12
72
682
650
547
224
129
585
175
26
403
499
955
57
480
552
485
412
511
569
300
533
392
814
903
871
48
929
748
825
587
207
495
576
523
984
817
764
661
988
917
157
143
5
596
811
639
572
227
351
394
773
882
740
831
63
599
124
460
163
228
82
717
856
94
354
53
904
761
718
700
248
680
378
192
171
864
936
333
340
583
437
76
154
266
553
633
90
743
565
795
203
490
808
257
432
108
781
97
73
254
19
922
89
643
320
338
710
728
410
139
377
58
8
575
789
292
474
468
654
95
199
924
505
935
430
249
963
61
269
657
687
304
102
706
291
577
568
916
450
368
296
659
716
885
9
357
824
542
315
767
862
184
6
782
454
23
537
113
848
526
562
221
371
630
578
136
367
422
302
821
356
646
937
200
626
446
334
458
325
615
178
161
138
799
464
50
375
524
305
335
30
610
974
892
355
506
642
127
723
563
49
427
500
409
791
231
453
941
846
156
281
172
779
948
609
951
477
37
177
894
875
276
945
516
326
602
995
65
582
397
911
376
230
836
926
151
0
110
22
573
930
79
571
284
39
655
473
978
796
492
374
457
854
342
980
494
488
939
423
17
672
24
43
170
794
77
512
677
425
359
826
32
627
229
720
880
690
107
589
290
678
256
438
550
925
631
691
962
715
41
251
20
165
696
787
881
863
658
323
518
622
98
128
507
36
525
465
415
135
660
241
147
600
52
741
883
520
125
949
310
244
859
769
255
262
544
75
60
543
566
729
580
268
451
130
933
590
87
198
361
364
1
158
449
835
45
246
960
467
634
893
395
416
216
934
414
15
727
100
145
617
554
115
874
704
994
979
498
681
341
737
421
101
905
55
286
481
360
839
486
613
271
667
66
991
417
952
961
923
668
51
818
699
496
898
999
827
306
900
385
915
283
106
532
7
132
636
990
142
637
986
346
763
712
314
439
18
724
182
803
921
84
535
311
928
611
363
708
275
471
640
265
841
946
641
70
872
969
190
483
852
517
725
353
484
319
548
810
387
759
456
476
104
813
273
418
441
382
618
426
751
369
860
896
545
162
487
534
299
957
788
584
25
877
137
183
455
345
180
386
594
891
233
280
131
270
927
620
750
635
105
202
324
443
914
288
850
232
196
185
721
134
205
112
195
3
754
253
536
586
829
141
56
624
211
579
47
372
169
823
358
670
887
440
396
612
530
786
760
726
938
472
121
614
181
208
853
148
189
263
959
797
81
581
146
888
444
851
88
293
509
515
242
695
59
295
407
469
876
692
758
967
219
645
435
239
976
768
958
812
676
653
943
802
420
118
828
858
809
144
998
890
362
179
674
29
746
339
69
666
785
34
381
197
557
616
528
679
987
840
592
838
173
567
837
559
920
153
867
774
722
234
347
842
522
212
604
99
247
428
711
445
638
160
166
252
54
27
966
601
869
322
819
985
983
150
405
731
307
558
879
332
298
503
287
822
648
67
194
390
16
816
780
968
805
389
698
510
149
551
399
122
419
86
331
884
878
402
766
752
965
901
649
489
857
393
64
71
120
383
684
651
442
734
206
210
152
46
593
366
798
693
301
188
289
873
703
218
771
944
647
907
400
436
21
940
78
606
913
117
895
744
167
35
424
217
40
461
222
804
656
398
570
85
625
861
623
709
204
111
236
790
119
303
373
68
685
220
607
705
11
619
401
561
628
406
792
972
866
697
261
501
539
91
973
820
285
93
521
348
459
644
629
902
235
776
665
783
701
598
462
762
174
749
975
694
380
278
31
982
778
264
223
4
899
74
673
908
970
736
800
757
977
889
992
309
956
738
918
429
379
186
834
906
126
932
603
282
574
950
103
321
308
747
