# CEC 2008 F02 shift vector (D=1000)
-2.6887898799999999e+01
-4.9090304099999997e+00
-5.6826025399999999e+01
-9.5043669600000001e+01
-4.3397756799999998e+00
-5.0297068899999999e+01
-2.7528988700000001e+00
-8.4856153399999997e+01
-7.4533727299999995e+01
-6.0380274399999998e+01
-6.1206290500000001e+01
-5.3791175500000001e+01
-4.5730869199999997e+00
-2.8685217399999999e+01
-8.7253767900000000e+01
-5.6484866500000003e+01
-5.0787415500000002e+01
-4.2895373300000003e+01
-7.8495780600000003e+01
-7.6628175700000000e+01
-4.7806205200000001e+01
-7.8919998600000000e+01
-6.5532600700000003e+01
-5.5289587300000001e+01
-6.8978558000000003e+00
-3.1464035700000000e+01
-2.2127974600000002e+01
-7.1862482799999995e+01
-5.5597405700000003e+01
-4.7013949900000000e+01
-7.5027270799999997e+01
-7.2129812700000002e+01
-5.0368718100000002e+01
-6.2994486600000002e+01
-9.6771792300000001e+01
-8.1605071400000000e+01
-9.6627656099999996e+01
-5.3336099699999998e+01
-6.0055514500000001e+01
-6.3201972099999999e+01
-5.8091432500000000e+00
-7.2122047800000004e+01
-2.1869078399999999e+01
-4.8631384799999999e+01
-2.3345036700000001e+00
-8.2185992100000007e+01
-1.3864164600000001e+01
-6.8074655100000001e+01
-3.7049684200000002e+01
-8.3464764000000002e+01
-6.1564872900000003e+00
-4.7898164999999999e+01
-3.9791921400000000e+01
-2.9856626500000001e+01
-2.4963628299999998e+00
-4.8405249699999999e+01
-4.0466287800000003e+01
-9.5298659099999995e+01
-1.7085972400000000e+00
-4.5798065899999997e+01
-5.8609439100000003e+01
-9.2382938499999995e+01
-4.4503419700000002e+01
-1.6835093700000002e+01
-6.6686540300000004e+01
-7.6668898999999996e+01
-8.2253432900000007e+01
-3.4542530000000000e+00
-3.2778883499999999e+01
-8.3301938800000002e+01
-3.2583349100000000e+01
-5.3134943200000002e+01
-8.3397863500000000e+01
-7.9509717699999996e+01
-6.0141336699999997e+01
-2.1132267200000001e+01
-9.3056279200000006e+01
-6.2182012000000000e+01
-5.2452708700000002e+01
-5.4658966200000002e+01
-1.7661199199999999e+01
-4.5082129000000002e+01
-7.7858957599999997e+01
-1.2243603300000000e+01
-7.9710686100000004e+01
-2.6864696700000001e+00
-6.5794989799999996e+01
-5.0450763400000000e+01
-9.9646027099999998e+01
-6.2491776799999997e+01
-4.9910548300000002e+01
-4.8158587599999997e+01
-3.8427901400000003e+01
-2.4612185900000000e+01
-8.3406884300000002e+01
-9.8211629400000007e+01
-3.4456776499999997e+01
-2.9035974199999998e+01
-9.6379961100000003e+01
-8.4063317299999994e+01
-3.3559125199999997e+01
-9.3593368699999999e+01
-4.8953764700000001e+01
-2.0305741000000001e+01
-6.7610465399999995e+01
-7.5647164399999994e+01
-2.8818734400000000e+01
-8.2190490400000002e+01
-5.3972485100000000e+01
-1.1085127600000000e+01
-2.5340833400000001e+01
-8.9417465699999994e+00
-8.3570944900000001e+01
-3.0490164300000000e+01
-8.4935039300000000e+01
-1.8704165200000000e+00
-6.6261599100000002e+00
-2.3072614699999999e+01
-1.4694323000000001e+01
-6.3247467200000003e+01
-2.1100332800000000e+01
-1.5203036100000000e+01
-6.4325470400000000e+01
-9.8191026600000001e+01
-6.5992483699999994e+01
-4.6138319799999998e+01
-9.4926376000000005e+01
-9.4162247899999997e+01
-2.5438258200000000e+01
-3.3549112100000002e+01
-9.1199206599999997e+01
-9.0390653799999995e+01
-2.1809256399999999e+01
-1.3365729600000000e+01
-7.3649054899999996e+01
-3.1855635400000001e+01
-3.4203279600000002e+01
-9.5139244000000005e+01
-8.9583829300000005e+01
-2.6109793699999999e+00
-8.5202048099999999e+01
-7.7621321600000002e+00
-8.3623589400000000e+01
-8.2124743400000000e+01
-1.4031385600000000e+01
-4.0016067399999997e+00
-4.0982359700000003e+01
-9.6829495100000003e+01
-4.4841456800000003e+01
-1.9469927100000000e+01
-9.5885466100000002e+01
-6.1717042800000002e+01
-3.1131541700000000e+01
-8.7700033000000008e+00
-7.8053344400000000e+01
-6.8617478300000002e+01
-2.7810696199999999e+01
-1.4004099600000000e+01
-3.0918899000000000e+01
-2.3100222899999999e+01
-9.1255673000000002e+01
-7.5387140400000007e+01
-6.3102227800000001e+01
-4.4305735400000003e+01
-3.4251042400000003e+01
-1.8066917300000000e+01
-5.1192225299999997e+01
-9.0685462299999998e+01
-8.6063072899999995e+01
-4.8185542799999999e+00
-1.5239776300000001e+01
-4.6036879499999998e+01
-7.0226708299999999e+01
-5.8010959700000001e+01
-6.6115910200000002e+01
-9.3642216000000005e+01
-9.6577248400000002e+01
-3.4858608699999998e+01
-4.4157846700000000e+01
-7.3259862100000007e+01
-3.5234616099999997e+01
-5.0425862500000001e+01
-5.6978723500000001e+01
-8.5507493500000002e+00
-5.0513330000000001e-01
-2.9025617499999999e+01
-1.9126477300000001e+01
-1.1526416500000000e+01
-4.7433476599999999e+01
-5.5378585899999997e+01
-5.7140400099999997e+00
-4.3240405299999999e+01
-2.6292229299999999e+01
-2.5049140800000000e+01
-7.6256933200000006e+01
-6.5773201499999999e+01
-4.8080107600000002e+00
-1.9061293400000000e+01
-9.0561987799999997e+01
-4.0115641199999999e+01
-3.1720872000000000e+01
-2.6223831900000000e+01
-4.7991704499999997e+01
-4.4781469999999999e+01
-6.5032296099999996e+01
-9.5198089699999997e+01
-4.7313481099999997e+01
-1.1605174300000000e+01
-1.9508004900000000e+01
-8.6151884800000005e+00
-6.9433854600000004e+01
-7.6232365200000004e+01
-2.1062545799999999e+01
-7.1253560500000006e+01
-5.6076931800000001e+00
-3.2537756899999998e+01
-7.6451794100000001e+01
-8.8878534900000005e+01
-5.5511951399999999e+00
-4.5437791300000001e+01
-4.8167037299999999e-01
-5.2959467600000004e+01
-9.4236202200000001e+00
-7.8285708799999995e+01
-9.6366945000000001e+01
-7.5707084100000003e+01
-7.8616238699999997e+01
-6.3978924599999999e+01
-8.2904845300000005e+01
-5.2116631300000002e+01
-8.1427284599999993e+01
-9.6135671299999998e+00
-1.2394724900000000e+01
-2.9853664100000000e+01
-3.3888746900000001e+01
-4.9134529600000000e+01
-6.6179340600000003e+01
-4.4748507500000002e+01
-9.9063832700000006e+01
-5.1117232799999996e+01
-4.4085894799999998e+00
-6.0598207799999997e+01
-8.6826956999999993e+01
-5.0089086199999997e+01
-2.3175038899999998e+00
-8.6635185600000000e+00
-7.3722757000000000e-02
-3.5684449000000001e+01
-1.7819479099999999e+01
-1.0968644899999999e+01
-3.0843401100000001e+01
-5.8581121500000002e+01
-1.3325516500000001e+01
-7.5304865899999996e+01
-4.9049405899999996e+01
-7.7534905699999996e+01
-5.4755816899999999e+01
-1.4572507999999999e+01
-5.7642383400000000e+01
-8.8926331300000001e+01
-6.5870287500000003e+01
-1.7277166000000001e+01
-5.0175389899999999e+01
-2.4225590000000000e+01
-1.2294632800000000e+01
-7.7148704499999994e+01
-5.6140189399999997e+01
-7.2262991200000002e+01
-4.4147664399999996e+01
-6.3409309600000000e+01
-8.9014705100000000e+01
-4.4854997500000003e+01
-4.0804255900000001e+01
-1.8935052899999999e+01
-3.4983433400000003e+01
-9.9676914999999994e+01
-9.3699802000000005e+01
-5.5341111400000003e+01
-2.5762532600000000e+01
-1.8031164100000002e+01
-3.0490809500000001e+01
-4.0613913199999999e+01
-4.2745473199999999e+01
-6.1581686599999998e+01
-3.1487999200000001e+01
-7.4622933599999996e+01
-5.4435086300000002e+01
-4.7964148100000003e+01
-7.9335763200000002e+01
-9.5771244999999993e+01
-1.5854621500000000e+01
-4.7453251500000000e+01
-7.1629007099999995e+01
-7.3991486399999999e+01
-4.1557976900000000e+01
-7.1924487600000006e+01
-9.1656488100000004e+00
-6.5380774200000005e+01
-3.6162095600000001e+01
-9.0668214399999997e+01
-7.4104067400000005e+01
-7.6665163500000002e+00
-3.5356733200000001e+01
-6.0063158100000003e+01
-9.6459293000000002e+01
-6.3585575200000001e+01
-9.1239676399999993e+01
-4.8018316499999997e+01
-2.1218471099999999e+01
-5.7561975799999999e+01
-3.7207398400000002e+01
-7.9302470499999998e+01
-2.4694829500000001e+01
-9.1061029800000000e+01
-6.1187358500000002e+01
-8.0009383499999998e+01
-9.9540483699999996e+01
-6.6703964200000001e+01
-3.2534382100000001e+00
-6.1240795900000002e+01
-2.6338372199999998e+01
-4.4583583800000000e+01
-7.7153692699999993e+01
-1.0140684200000001e+01
-7.1118635900000001e+01
-8.2120335800000007e+01
-8.4326288300000002e+01
-1.8192179800000002e+01
-2.5017427200000002e+00
-6.2295850299999998e+01
-8.0604550200000006e+01
-5.4678903300000002e+01
-5.1838114599999997e+01
-2.7335469199999999e+01
-2.6413250800000000e+01
-1.6374136199999999e+01
-8.2142390699999996e+00
-2.0619103000000001e+00
-9.8762545900000006e+01
-8.5754985300000001e+01
-5.1548265499999999e+01
-8.1919887900000006e+01
-3.9600944300000002e+01
-5.0717159400000000e+01
-1.6526889199999999e+01
-8.4432274500000005e+01
-8.5884683400000000e+01
-6.5385215900000002e+00
-9.8167148400000002e+01
-5.5823805399999998e+01
-6.6759798900000007e+01
-3.7992001100000001e+00
-7.4674811399999996e+01
-9.1738281999999998e+01
-4.2784369900000002e+01
-3.6404104599999997e+01
-3.2995891899999997e+01
-3.6620722600000001e+01
-1.5354634300000001e+01
-6.7258132200000006e+01
-7.4359162999999995e+01
-4.8127910300000003e+01
-1.1632954600000000e+01
-3.0495632400000002e+01
-2.5683653600000000e+01
-9.4071050700000001e+01
-1.4299091399999999e+00
-7.2173126800000006e+01
-5.8310991199999997e+01
-9.7925813599999998e+01
-1.1166574700000000e+01
-6.1074981700000002e+01
-9.3624862399999998e+01
-1.0925276700000000e+01
-9.5584863499999997e+01
-4.3993744499999998e+01
-5.0340599599999997e+01
-8.9165335399999996e+00
-1.3479073700000001e+01
-9.4789885200000001e+01
-7.8251390000000001e+01
-9.4116079499999998e+01
-8.7869353199999995e+00
-1.8548927200000001e+01
-8.2067343800000003e+01
-4.7731785100000003e+01
-2.4178472100000000e+01
-6.4176952199999997e+00
-2.1275359200000000e+01
-4.1675280399999998e+01
-2.4762114799999999e+01
-5.4482572200000000e+01
-8.7036304700000002e+01
-7.3480383000000003e+01
-2.3350602299999998e+01
-4.9776622900000000e+01
-7.9693933999999999e+01
-9.9905303000000004e+01
-9.0200792500000006e+01
-2.7377009299999999e+00
-9.7742635199999995e+01
-4.6823928600000002e+01
-9.4875784100000004e+01
-1.9425489899999999e+01
-3.3396598599999998e+00
-5.6098853300000002e+01
-2.5528723899999999e+01
-5.0506327800000001e+01
-8.9011782199999999e+01
-9.3422175999999993e+01
-9.1148030800000001e+01
-7.0292961399999996e+01
-6.2619930699999998e+01
-9.4848906499999998e+01
-5.0294748800000001e+01
-6.7590578399999998e+01
-1.6375482699999999e+01
-5.8462248600000002e+01
-8.4980906399999995e+01
-5.5880149600000003e+01
-9.0554032600000003e+00
-6.9245341999999994e+01
-5.7076128900000000e+01
-7.7858968000000004e+01
-5.1328260000000000e+01
-1.3430656500000000e+01
-3.2054319900000001e+00
-6.9827043300000000e+01
-5.0944188900000000e+01
-6.1700873500000000e+01
-6.8736035200000003e+01
-2.0184852800000002e+01
-5.5721034699999997e+01
-3.5015058699999997e+01
-4.8990218200000001e+01
-8.3516232200000005e+01
-6.7614223300000006e+01
-2.4885350000000002e+00
-5.5441759300000001e+01
-4.9411030099999997e-01
-8.0295791300000005e+01
-1.8106434300000000e+01
-3.2339986900000000e+01
-2.5758689700000001e+01
-9.3303101499999997e+01
-1.4509405500000000e+01
-2.2955491299999998e+01
-5.0040580900000002e+01
-4.1893206399999997e+01
-7.0314807999999999e+01
-8.7180519599999997e+01
-3.4830877200000003e+01
-6.5551327700000002e+01
-9.4721205800000007e+01
-4.9019099300000001e+01
-4.7750322500000003e+01
-3.1844452900000000e+01
-2.7438258399999999e+01
-2.2695762200000001e+01
-1.2068615299999999e+01
-7.2349729299999996e+00
-4.6287150799999999e+01
-9.0351510599999997e+01
-5.9269587500000000e+01
-5.3121114700000000e+01
-2.4259002400000000e+01
-4.9327989299999999e+01
-7.1706443600000000e+01
-4.3863779999999998e+01
-1.5437247200000000e+01
-9.6314268900000002e+01
-1.2139896100000000e+01
-9.3320964000000004e+01
-5.9274255699999996e+00
-7.0916131199999999e+00
-3.4467315599999999e+01
-4.1073976799999997e+01
-5.5960397399999998e+01
-8.0718041499999998e+01
-9.0029926700000004e+01
-1.9087789600000001e+01
-4.4841751400000000e+01
-6.1871923600000002e+01
-2.0948622700000001e+01
-2.5778861800000001e+01
-9.6342878200000001e+01
-7.5158208299999996e-01
-4.9604099200000000e+01
-5.2415094300000000e+01
-8.3144097000000002e+01
-1.0445150800000000e-01
-1.6806788800000000e+01
-6.3586543700000000e+01
-7.6515037500000005e+01
-9.0506771400000005e+01
-9.3102450399999995e+01
-9.8206299200000004e+01
-3.9573864299999997e+01
-9.0222051199999996e+01
-2.4688692100000001e+01
-6.6970649199999997e+01
-6.1908259999999999e+01
-7.3914339400000003e+01
-1.9583970600000001e+01
-4.1607071300000001e+01
-1.1761790899999999e+01
-9.7345986800000006e+01
-7.0857678699999994e+01
-7.6047243499999993e+01
-1.2077757600000000e+01
-9.1758867499999994e+01
-9.2656627000000000e+01
-5.2741592699999998e+01
-1.2020089000000000e+01
-1.3164574600000000e+01
-7.1130350600000000e+01
-4.7718001800000003e+01
-8.2847802900000005e+01
-6.1010359800000003e+01
-9.5155639100000002e+01
-9.7824369099999998e+01
-5.2192131099999997e+01
-3.9563122999999997e+01
-9.2207352700000001e+01
-5.1744130800000001e+01
-3.4183951600000000e+01
-3.5265173900000001e+01
-1.2884009000000001e+01
-6.7245590100000001e+01
-4.3962135600000003e+01
-3.7267319000000001e+01
-9.1495888300000004e+01
-9.6514859700000002e+01
-6.5952277699999996e+01
-4.2324757800000000e+01
-3.8139024399999997e+01
-4.8991006300000002e+01
-6.7984618600000005e+01
-2.4628607200000001e+01
-1.8059199799999998e+01
-1.9340079200000002e+01
-5.4046812699999997e+01
-8.1303706700000006e+01
-6.2302508899999999e+01
-4.1336551800000002e+01
-9.4512856200000002e+01
-1.2760697499999999e+01
-6.1156644099999999e+00
-5.3983377099999998e+01
-5.8265306000000002e+01
-6.3875365200000003e+00
-8.4020260600000000e+01
-8.0898294000000007e+01
-6.7822630200000006e+01
-7.5564849699999996e+01
-9.3042486199999999e+01
-9.8264363299999999e+01
-5.5216207900000001e+01
-2.7893393100000001e+01
-2.8890700599999999e+01
-8.7937790300000003e+01
-7.2951628599999996e+00
-1.9763655400000001e+01
-5.2235132000000000e+01
-3.4719312100000003e+01
-2.7805912800000002e+01
-4.2041561600000001e+01
-5.1021912200000003e+01
-2.0874393500000000e+01
-6.2296351399999999e+01
-8.6502251999999999e+01
-1.1385934799999999e+01
-9.5128314799999998e+01
-8.6155957900000004e+01
-1.9917299799999999e+01
-3.3073295500000000e+01
-6.2382888700000002e+01
-4.0738866999999999e+01
-6.7514678700000005e+01
-8.4733048699999998e+01
-7.3982198100000005e+01
-7.6838024000000004e+01
-8.2250592900000001e+01
-2.4725928100000001e+00
-2.4842697699999999e+01
-3.1802911699999999e+01
-9.9255935800000003e+01
-2.1225389199999999e+01
-6.7062851699999996e+01
-8.8979352399999996e+01
-8.8864316599999995e+01
-3.2248171100000000e+01
-1.3153330300000000e+01
-2.0459191700000002e+01
-3.6997309700000002e+01
-8.6403476100000006e+01
-7.9183895300000003e+01
-7.4978455999999994e+01
-9.7901359799999994e+01
-3.5444807300000001e+01
-5.3164323400000001e+01
-7.5124736499999997e+01
-8.5099946500000001e+01
-6.6803635700000001e+01
-2.4143916099999998e+01
-8.7470778999999993e+01
-4.0814021000000000e+00
-3.3252243399999998e+01
-2.6660882200000000e+01
-6.7421959299999997e+01
-8.8600645999999998e+01
-8.2173875800000005e+01
-4.2432932700000002e+01
-8.5757868400000007e+01
-6.0115084600000003e+01
-1.1749141599999999e+00
-1.9565537800000001e+01
-8.3184353500000000e+01
-3.6681077999999999e+01
-8.0576693599999999e+01
-5.5947228600000003e+01
-2.1770327300000002e+01
-3.0474385600000002e+01
-1.3878060999999999e+00
-7.4076556499999995e+01
-8.7449105299999999e+01
-3.6090395000000001e+01
-3.0795036100000002e+00
-2.9157867199999998e+01
-2.5911100699999999e+01
-4.8624863200000000e+01
-7.0374737900000000e+01
-9.3741956200000004e+01
-9.9511344199999996e+01
-3.1771873400000000e+01
-8.1566963999999997e-01
-9.7789665999999997e+01
-9.0407692800000007e+01
-1.3429647900000001e+01
-3.7122855499999998e+00
-5.0731976199999998e+01
-4.3237647000000003e+01
-1.8047861699999999e+01
-1.6371271100000001e+01
-4.3296177499999999e+01
-9.8151593899999995e+01
-1.7311103100000000e+01
-2.1230262000000000e+01
-4.3775724799999999e+01
-6.7444273499999994e+01
-8.7724558100000003e+00
-4.8259559400000001e+01
-8.3522459999999995e+01
-3.3091051299999997e+01
-6.7295387700000006e+01
-9.1854912100000007e+01
-4.1149438699999997e+01
-6.8880010200000001e+01
-5.0122992099999998e+01
-6.3568139000000002e+01
-2.9511036399999998e+01
-6.1705638200000003e+01
-3.4483879600000002e+01
-3.4310244400000002e+01
-9.2886359100000007e+01
-8.6017436500000002e+01
-1.8257790600000000e+01
-1.1727450200000000e+01
-7.0856283899999994e+01
-6.1318081499999998e+01
-1.9187214500000000e+01
-1.1808018900000000e+01
-5.6942225600000000e+01
-4.9447209700000002e+01
-7.6704727700000007e+01
-4.3029367299999997e+01
-5.5765303700000004e+00
-6.3741628400000003e+01
-9.0820927900000001e+01
-1.8252437600000000e+01
-8.5466370000000005e+00
-2.2591117799999999e+01
-3.3588294500000003e+01
-2.4391016499999999e+01
-8.1836588800000001e+01
-5.8513311700000003e+01
-3.4146515600000001e+01
-7.3302220500000004e+01
-5.7260297500000000e+01
-2.2705899299999999e+01
-1.9593609300000001e+01
-5.8520390900000002e+01
-1.7427955399999998e+01
-6.8262618200000006e+01
-1.8487946399999998e+01
-8.8450900000000004e+01
-2.8960897599999999e+01
-2.0223483399999999e+01
-7.5594965500000001e+01
-1.0302828399999999e+01
-3.5859853999999999e+01
-1.1445896000000000e-01
-2.0758213099999999e+01
-2.2268689400000000e+01
-9.0120876999999993e+01
-7.9103839899999997e+01
-5.5572708800000001e+01
-5.3910738000000002e+01
-4.8109585299999999e+01
-9.6142606299999997e+01
-1.4409835899999999e+01
-2.8649874999999998e+00
-7.2549489500000007e+01
-2.2688649800000000e+01
-9.1835485700000007e+01
-8.7014603399999999e+01
-5.6360999300000003e+01
-2.5591979299999998e+01
-1.6504322899999998e+01
-1.3291726000000001e+01
-4.9191391199999998e+01
-8.5568305600000002e+01
-3.5992422200000000e+01
-1.3501564399999999e+01
-2.0311369500000001e+01
-1.2200801000000000e+01
-9.1262436899999997e+01
-5.2409561799999999e+01
-1.5111183900000000e+01
-9.0399712300000004e+01
-7.1336597400000002e+01
-1.9198662899999999e+01
-7.0044058699999994e+01
-1.3041314900000000e+01
-7.8738802800000002e+01
-9.9064459200000002e+01
-9.2817201600000008e+00
-9.6408920300000005e+01
-7.3843356499999999e+01
-9.8157775700000002e+01
-1.9531485499999999e+01
-9.4550788699999998e+01
-9.2095561200000006e+01
-5.3107651199999999e+01
-1.1125267999999999e+00
-1.1432062400000000e+01
-5.3513380599999998e+01
-6.1615382799999999e+01
-4.0584945899999996e+00
-7.2556844699999999e+01
-6.9825403699999995e+01
-5.4040843099999996e+01
-7.4063175099999995e+01
-3.5997406800000000e+01
-1.6884008800000000e+01
-5.4958425800000001e+01
-1.0132793899999999e+01
-2.8519109000000000e+00
-3.0730343600000001e+01
-2.1178573400000001e+01
-2.6200808800000001e+01
-7.0375803300000001e+01
-6.4806867600000004e+01
-4.7792481000000002e+01
-8.2692790400000007e+01
-3.3204652200000000e+00
-4.0243116200000003e+01
-5.2465894100000000e+01
-2.8420576100000002e+01
-7.4506871500000003e+01
-6.2156108099999997e+01
-6.0656278700000001e+01
-2.0240727199999998e+01
-4.6758142900000003e+01
-3.2609776500000002e+01
-9.1534791200000001e+01
-1.2352179800000000e+01
-5.9879098700000000e+01
-5.7257439300000001e+01
-8.1168462000000005e+01
-7.5673432199999997e+00
-3.0223488000000000e+01
-9.8951437200000001e+01
-4.8757251599999996e+01
-5.7086611499999997e+01
-8.4524750200000000e+01
-4.4207125099999999e+01
-5.8694021499999998e+01
-6.5293323400000006e+01
-7.1591777600000004e+00
-5.1976546299999997e+00
-1.0336226300000000e+01
-9.9796688399999994e+01
-8.7161233300000006e+01
-1.9676616200000002e+01
-8.9861203700000004e+01
-1.2059006699999999e+01
-1.5864835500000000e+01
-3.8367162600000000e+01
-6.8387260600000005e+01
-4.3026728300000002e+01
-2.2145118400000001e+01
-4.3357754399999997e+01
-8.0321462699999998e+01
-4.7268810400000000e+01
-4.3966591800000003e+01
-6.3142056900000000e+01
-7.1086321100000006e+01
-9.9492336499999993e+01
-2.0831756800000001e+01
-9.6599964700000001e+01
-8.9822341600000001e+01
-5.3861003599999997e+01
-4.1896192300000003e+01
-7.7474939899999995e+01
-1.2429196400000000e+01
-3.2203065700000003e+01
-8.6993275400000002e+01
-5.1212910399999998e+01
-5.0731837900000002e+01
-1.4983656500000000e+00
-8.6858877399999997e+01
-2.5841779599999999e+01
-8.6348403800000000e+01
-3.0878594000000000e+01
-7.9591340700000003e+01
-3.8686983200000000e+01
-9.1310480200000001e+01
-2.7206598499999998e+01
-2.4069027899999998e+01
-7.9123021300000005e+01
-3.7264529899999999e+00
-4.1849767499999999e+01
-3.0262611600000000e+01
-6.7116433599999993e+01
-8.3176091400000004e+01
-9.1253234199999994e+01
-8.4259253299999997e+01
-4.1581286800000001e+01
-1.6283632999999998e+01
-9.8362249300000002e+01
-5.8924920600000000e+01
-6.5704455199999998e+01
-6.7239257400000003e+00
-3.5431989899999998e+01
-5.3033185899999999e+01
-9.5849043199999997e+01
-7.0320472199999998e+01
-1.8459739599999999e+01
-7.5329346400000006e+01
-5.5131091599999998e+01
-4.1381826900000000e+01
-4.4981281699999997e+01
-2.9951124700000000e+00
-5.1000285699999999e+01
-2.3456969200000000e+01
-3.1817144400000000e+01
-7.7431150900000006e+01
-7.2553914399999996e+01
-2.8207221700000002e+01
-8.1383494700000000e+01
-7.2988673300000002e+00
-8.3722962600000002e+01
-1.0016392300000000e+01
-3.1481335499999998e+00
-2.5984012100000001e+01
-2.3368490099999999e+01
-1.3090058800000000e+00
-9.6327402099999997e+00
-3.6344694199999999e+01
-5.3809565300000003e+01
-3.7134832099999997e+01
-2.9403844800000002e+01
-3.2079185199999998e+01
-2.3313962100000001e+01
-1.6844673700000001e+01
-5.5936982499999999e+01
-7.4782020000000003e+01
-3.4876994300000000e+01
-9.2125776599999995e+01
-9.6940785899999995e+01
-7.4621502000000007e+01
-4.8864415299999997e+01
-4.4920743999999999e+00
-5.1878037399999997e+00
-5.3105431600000003e+01
-8.5230368299999995e+01
-1.5561637800000000e+01
-1.9515674799999999e+01
-8.3928377299999994e+01
-8.6650871800000004e+01
-7.0682670799999997e+01
-8.0784186199999994e+01
-2.5875411799999998e+01
-2.0354494299999999e+01
-6.0645916800000002e+01
-1.8996483699999999e+01
-4.8905296200000002e+01
-7.9394848800000005e+01
-2.8140709200000000e+01
-8.5758449600000006e+01
-5.2711544799999999e+01
-6.5573955699999999e+01
-4.2604073800000002e+01
-1.3618992900000000e+00
-2.3901108199999999e+01
-2.4911348799999999e+01
-6.9211720499999998e+01
-6.0884124900000003e+01
-7.0719203899999997e+01
-8.4557462900000004e+01
-6.8284001700000005e+01
-4.5345113300000001e+01
-8.5000063499999996e+01
-4.3416397799999999e+01
-8.6329997000000006e+01
-3.8961649100000002e+01
-5.4895962300000001e+01
-7.7250683300000006e+01
-7.6165224600000002e+01
-1.2204755100000000e+01
-4.4796593399999999e+01
-6.7396868999999997e+00
-3.5660300599999999e+01
-4.0233099299999999e+01
-9.7063863400000002e+01
-8.9082109399999993e+01
-9.5009544399999996e+01
-8.5241634000000005e+01
-2.7791652400000002e+00
-7.8563040400000006e+01
-6.5606836200000004e+01
-8.0590303899999995e+01
-8.8218023900000006e+01
-7.2400460400000000e+01
-8.4140301800000003e+01
-3.7109775200000001e+01
-4.7089688599999997e+00
-3.5391491500000001e+01
-8.6162713499999995e+01
-9.5878972299999994e+00
-9.6412179800000004e+01
-9.9449005200000002e+01
-3.1993541900000000e+01
-1.4777340100000000e+01
-2.8362571599999999e+01
-5.4867766899999999e+01
-6.2649358999999997e+01
-3.9963912100000002e+01
-4.1214436499999998e+01
-7.8701799100000002e+01
-6.4235057800000007e+01
-2.3341337200000002e+01
-1.5446354000000000e+00
-1.0930436200000001e+01
-4.1556857399999998e+01
-4.2697453400000001e+01
-3.1647407200000000e+01
-4.0853197400000001e+00
-8.2938126800000006e+01
-4.8155647700000003e+01
-5.2701141800000002e+01
-8.8882509900000002e+01
-2.4886654799999999e+01
-8.7317368799999997e+01
-8.7351255499999994e+01
-4.0186503000000002e+01
-2.7984200399999999e+00
-9.9438296500000001e-01
-2.3492522300000001e+01
-2.6738872700000002e+01
-2.3941929399999999e+01
-3.1588797000000000e+01
-8.6402490000000000e+01
-4.6261707600000001e+01
-1.6574726900000002e+01
-7.7101081199999996e+01
-1.4240980499999999e+01
-5.0028198500000002e+01
-2.1132100300000001e+01
-4.8760650800000001e+01
-2.6525659999999998e+01
-6.9072849000000005e+01
-4.2710040100000001e+01
-9.7179359899999994e+01
-6.6059376700000001e+01
-6.6676434799999996e+01
-4.2473162899999998e+01
-3.7541997799999997e+01
-1.2129655899999999e+01
-2.7741431400000001e+00
-3.7656491000000003e+01
-2.3650232299999999e+01
-9.3002391399999993e+01
-3.9691961499999998e+01
-9.8807972899999996e+01
-7.9763799700000007e+01
-5.3062799900000002e+01
-3.3854108200000002e+00
-9.9956989600000000e+01
