5.106707461142270255e-01 3.336532552376781507e-02 -2.360339438167053105e-01 3.247733965144773971e-01 -2.475532806085987414e-01 -4.354296744980687972e-01 -1.628476133211065602e-01 -7.409738595322468147e-02 4.311163153075353027e-01 3.288764040353345242e-01
2.837506608606281122e-01 -1.267415841638618035e-01 -6.535126164700426621e-01 -1.222176746070341297e-01 2.221249668837068925e-01 -1.739078961913106403e-01 -1.529502469792071440e-01 8.695123615337581324e-02 -5.752768601724003172e-01 -1.411559945334518451e-01
-3.722955438517446258e-01 2.030335048388996061e-02 -3.786732274219828942e-01 -8.965957827281431647e-02 2.385772051938086225e-01 -3.028889947943994021e-01 5.777553950605074373e-01 -4.198743575753793311e-01 2.044598586107815308e-01 9.482149748538283573e-02
-1.045807699279485414e-01 7.108187167894796099e-01 -1.611891463810156133e-01 3.294658294714181146e-01 1.206631630781133772e-02 1.496899811279351900e-01 -2.833398728309420855e-01 -3.799425608521181386e-01 -3.997987147550143699e-02 -3.169874304723544478e-01
-3.282451968331777659e-01 1.808436941329587266e-01 -1.130110804465754015e-01 2.190617238899922881e-01 -2.558196525501447161e-01 -3.919853021420859340e-01 1.639736730504508799e-01 6.605184246778745827e-01 3.925723784721615178e-02 -3.390897353631431299e-01
2.325401013339943035e-01 -4.454494343898397490e-01 -1.035162175035087978e-01 4.694289121047501845e-01 -2.448185101230899302e-02 3.204051947418649626e-01 2.976612696012692627e-01 -1.132779653415639798e-01 1.594206631264393492e-01 -5.350821108357720624e-01
1.111875048538226718e-01 1.443387512347374564e-02 2.883761631727229657e-01 1.187717994181461678e-01 8.237061261738970463e-01 -2.942590278134133985e-01 -1.610540659746293457e-01 1.383636714154266589e-01 2.147392027177505713e-01 -1.840800084897353528e-01
-4.419537686212958727e-01 -3.981607063043859362e-01 1.425680309962541470e-01 5.082744855861541788e-01 -4.179936976163070583e-02 -2.642270164721702286e-01 -3.040127748609903757e-01 -2.385990463775756187e-01 -3.365012665704594230e-01 1.825564132969942077e-01
3.429765379197507458e-01 1.383758615056416841e-01 4.685753503100054118e-01 -7.298241910494597529e-02 -1.960471205371314696e-01 -4.366680219544256669e-01 3.376692687181067076e-01 -2.833115223473696154e-01 -3.947471885871224329e-01 -2.431155928262628552e-01
1.483958683509345733e-01 2.610173319303041306e-01 3.602024357412901556e-02 4.656939330052969339e-01 2.181666674353801849e-01 2.502258771532429038e-01 4.337416112971929083e-01 2.466623568050093362e-01 -3.125149338505561203e-01 4.845935922104234184e-01
