-2.903687520305275882e-02 -1.958907967235455627e-01 7.572631736178364603e-02 3.738313981961419730e-01 8.160368521648425633e-02 1.448077441846456759e-01 -7.184544031274446574e-02 -1.627218140844729488e-01 -4.340428091521551096e-02 -2.407208376502792402e-01 2.634339781423951088e-01 8.622474716382400040e-02 1.613088305091285937e-02 4.290299442622185766e-01 2.876251123541219701e-01 1.673232113516606168e-01 -2.909454646615913798e-01 4.131378023651427478e-02 -1.173940584489608328e-02 1.304828192616943050e-01 1.265283410669398867e-01 -1.396346645989634538e-01 2.639310135449235081e-02 -6.807410067336430726e-02 2.351591575232914733e-01 -1.965900495203104503e-01 -6.525329419796953301e-02 -1.600136868905041934e-02 -3.725071481763028713e-02 -2.830355876305934992e-01
1.458969494389764088e-01 -1.148268347286597324e-01 -1.731679004582941939e-01 2.785597759587700728e-01 3.017661397707215309e-01 -1.237127875805749677e-01 8.795709502874497765e-02 -4.173607452349276797e-02 -7.729079863919174898e-02 1.406697165561421846e-02 4.234303094751639719e-03 -1.637809123506253073e-01 -3.924191937630266969e-01 -5.681028691086885407e-02 -1.190118355118607585e-01 -1.537186934309490438e-01 -1.633502966011516899e-01 -3.433443113495279753e-01 5.632398048948323438e-02 9.168991675078598524e-02 -1.668689997362650945e-01 2.929798707291981219e-01 -1.228189529224860410e-01 -1.354919012133413980e-01 -1.060519261301647587e-01 -2.248861228423069680e-01 1.640890216456594997e-01 1.757975961639100804e-01 -2.950493315678512918e-01 6.399121683764705248e-02
-5.631380005569614627e-02 -7.908306725676145232e-02 -6.500900337074223823e-02 1.172002382758190742e-01 -3.930648180814712983e-02 1.993886997340092448e-01 -2.315221492082671639e-01 7.648119324589909562e-02 2.245041708078924780e-01 -1.322234396090244679e-01 -2.911405120849379635e-01 -2.307265113129121081e-01 -4.231220819314099324e-02 9.908977786001119462e-03 1.346618949642045537e-01 -1.496890937746024053e-01 -1.364653208991325195e-01 8.574155926587569143e-02 -3.198331690440139180e-02 6.189529270112049952e-02 -2.000608616823668917e-01 -8.740417618683142542e-02 -2.565173302479830664e-01 6.257146204134093059e-01 -1.152953909023089890e-01 -4.638040791819854347e-02 2.148052431938546891e-01 -1.552204484534664142e-01 1.403187168523065825e-02 -4.312906820895386073e-02
-7.829993386581157733e-02 2.296354227566855533e-01 1.761481082863618763e-01 -6.813923330593940619e-02 -4.974978190175707166e-02 -9.447594275719953250e-02 -1.117623761369417046e-01 1.918810129703451550e-01 -3.928934698055563252e-02 -1.177377307460911737e-01 -1.412655042913414094e-01 -7.009932658114105541e-02 -3.672906485278599337e-02 2.377819620258478928e-01 -3.529164966314540797e-02 -6.855694756795741029e-02 -2.263644088111110841e-01 -2.035933324834524605e-01 -1.908094146990738094e-01 -2.325889901440073848e-01 2.862355136734071603e-01 -7.129360899144299157e-02 3.837637123169483355e-01 1.522483006322034871e-01 1.724712989737870183e-01 -1.679229827545321851e-01 1.295672197597224629e-01 6.155591024132155836e-02 -2.163841404968378512e-01 4.178960999175171387e-01
-1.098993815732329654e-01 -7.620968033339479974e-02 1.129640355333096091e-01 1.249023705387820038e-01 -2.268729614065920566e-02 -1.117804659115752275e-01 -1.437420310001983059e-01 1.891670123400401027e-01 1.813388491502027633e-01 1.917562040515101152e-01 1.210164396728293235e-01 8.771554121046287733e-02 -5.954098874584327211e-02 2.545001432116678064e-01 -2.761510081572100539e-01 2.549254532907294091e-02 -1.431494059086145000e-02 -1.036951388504078059e-01 -1.813191437821497498e-01 -5.122409883460209840e-02 6.007787116491056928e-02 -1.245722799412896514e-01 5.241397035995283560e-02 1.305704213828237648e-01 -5.520653051986398330e-01 1.641301049108978005e-01 -3.054266657604124968e-01 2.048890769441346349e-01 -1.678197986248083917e-01 -2.579814744087219336e-01
1.457669649981749305e-01 1.017686016544616483e-02 1.352403127666700899e-01 -1.723725778742948161e-02 -5.287462435692501239e-02 3.916036842046898003e-02 -4.016023048811319662e-01 -2.604893096717700307e-01 -1.379273383827745170e-01 1.141064082909655913e-01 1.950658019215405492e-01 2.730763418963193523e-01 -2.545247853288717388e-01 -2.675964917430287970e-01 -2.625931072606507710e-01 7.934553107076157408e-02 -1.963739349673687684e-01 -2.454989900066913977e-01 -2.254494880699988713e-01 2.010239095574073154e-01 5.393012228008287751e-02 -9.982376395006117842e-02 -1.011794529420652761e-01 1.698179675424427437e-01 1.535406641473504863e-01 9.355879852070431157e-02 3.097256952841833267e-03 -5.618126005045498417e-02 2.817201918621612955e-01 1.157861024989393223e-01
-1.345506196105415025e-02 1.328885785594176860e-01 -4.865495227770807452e-01 -7.386222205137883690e-02 -2.350392982938321884e-01 2.423779054979007808e-01 3.737851943868942262e-01 2.993488845668958523e-02 2.530947103736214468e-02 -2.086890190183458837e-02 -1.277510736335443764e-01 1.821216089660976922e-01 -1.565843468221726764e-01 6.738581078727531870e-02 -7.707935404492267939e-02 -6.329545454344971678e-02 -1.829251784107645828e-01 -1.706190140293671054e-01 -1.623458496794414783e-03 1.245183062346907898e-01 4.919852901135470663e-02 -1.849984246076472605e-01 -8.048957810551472802e-02 1.113973013630767395e-01 2.587041317662830964e-01 2.774126569248340779e-01 -2.472863427739477316e-01 9.261926039507333008e-02 -2.159059539253763149e-01 -4.423999206274353141e-02
-1.935953540595604927e-01 6.476422257726778542e-02 -1.162769195943487155e-01 4.052397853934552319e-01 -2.038868734669130878e-01 -6.901484581009746655e-02 7.630167818646114986e-02 2.175406572472171340e-01 -3.336443510714081628e-01 8.574967494901987453e-02 1.123298624965421294e-01 1.387672452961972447e-01 9.716466470231296948e-02 4.408088043551570273e-02 1.734263589826001706e-02 2.671219200952525408e-01 -3.110505331183472874e-02 -1.647153472025389420e-01 3.504691775649863006e-01 -1.439166092065799485e-01 1.179840259009485859e-01 1.159764968523397874e-02 -1.858273304498753997e-01 9.030345158584821008e-02 -1.880981762452604289e-01 1.745430557927167559e-01 2.741339766919060339e-01 -1.481306480816042270e-01 1.282421711176227053e-01 1.993946237323974136e-01
3.052840558257520205e-04 2.064365980372480092e-01 2.276060836791560515e-01 -8.215228629422316464e-02 -1.414692119598106104e-03 -4.264604067519126018e-01 3.030571237038959809e-01 -2.598772275649429142e-01 -1.432888814938627631e-01 -5.790206189322680969e-02 -2.012582536607797901e-01 2.590579493476592998e-01 -9.208315891174132656e-03 1.481793141567085137e-01 1.932358634871457759e-01 -3.657017906015400804e-02 1.866192711142130867e-01 -1.342830708443685239e-01 -7.322650770648148066e-02 2.756748671270795592e-01 -1.031086101656824988e-01 -3.022385451080386032e-01 -1.355512766611354225e-01 1.566956154905796705e-01 -1.350651323911565560e-01 -1.209310058430126400e-01 1.832890333487658951e-01 1.156819553788011462e-01 -1.221139009164733460e-02 -7.900988135264565282e-02
-5.267009161386690397e-02 1.238150819098929878e-01 1.298749852012379136e-01 1.849656838453703767e-01 2.549848627891677100e-01 2.848318572466925630e-02 -1.633398425643955154e-01 2.209843574850531567e-01 1.453236217824079544e-02 -1.890115147547557217e-01 -1.830333014977780504e-01 2.385321610740237519e-01 1.151901138781213224e-01 -3.431489154118514961e-01 9.458995919828998289e-02 -1.425269958419994043e-01 -2.243182395969386678e-01 2.012483368001579120e-01 -7.141622612457899921e-02 -4.853436626202956711e-03 6.010069634022759122e-02 -2.109865035407466061e-01 -1.463885439340501804e-01 -2.925407639045597974e-01 7.978046827815592906e-03 3.228700942141258245e-01 1.905506450052026068e-01 2.880209507697493732e-01 -1.609494391443425376e-01 -4.792966201212408434e-02
2.405544821438420910e-01 -2.430878322510310052e-01 -2.799884874549322666e-01 2.011270332525848248e-01 -1.003414452754321784e-01 -6.276175098484081116e-02 -1.464585489005452469e-02 -6.005101256886968830e-02 -3.472401658281814869e-03 -4.621361417071755129e-02 -5.518726907792179809e-02 1.554655494585840403e-01 1.157282365768315521e-03 1.524243775628382203e-01 -1.489896618540778317e-01 -4.656005997111700712e-02 1.054741147655558070e-01 4.763420140025076965e-01 -7.388713335672615623e-02 8.700089341256803110e-02 5.424313792349906571e-02 -1.153508519389548903e-01 -1.023516410960350308e-02 1.891646879473049894e-02 -1.029328607113950272e-01 -1.670121126070471529e-01 -4.556487430766270608e-02 3.258264504694499686e-01 1.489663491852672994e-01 4.824116541527591062e-01
1.100010326330435467e-01 4.256595288544822719e-01 -7.475549680879715886e-02 1.253371292462742981e-01 -1.084391086178366215e-01 1.725264317136281089e-01 1.036679535912578276e-01 -1.324501468128322715e-02 -2.091813572456093506e-01 1.251293630530308787e-01 1.514044775170851342e-01 8.655196568501101473e-02 3.267079628591587070e-01 -4.923180662146062203e-02 -2.846596606761248038e-01 -1.333958327028982871e-01 -1.449282704808311506e-01 2.557694975817492167e-01 -2.312147161990411315e-01 1.395298809239789994e-01 -2.838300099391296433e-02 2.285724843085793212e-01 9.449617823481892831e-02 9.951240290179053094e-02 -9.176170700947756942e-02 -2.677946218308649984e-01 1.956882423599954068e-01 -7.535674201190367683e-02 -1.379881000649746114e-01 -2.465181049433596006e-01
1.257799933623455491e-01 -3.907049229347143993e-02 -1.758681606441564460e-01 -1.331962801889826353e-01 -3.096905564991002668e-01 -4.086727326420294126e-01 -1.229520471798143666e-01 -1.793562208947707681e-01 -6.438996914858718945e-02 -3.809804709448202931e-01 1.256406192812183943e-02 3.111543960431660191e-02 6.269049089646662465e-02 -1.193505404245820273e-01 1.806647378332394693e-01 1.694184501736933635e-01 -2.090789478927919109e-01 5.233668225541767555e-02 -1.541589578876218780e-01 -2.573929907521412264e-01 4.584212093744947925e-02 3.983978351233958826e-01 -1.046808663480537083e-01 1.069572970781642735e-01 -8.254092865377564425e-02 1.226077859188801494e-01 -8.996425681157767251e-02 1.177170439281803732e-01 -1.058468951089271692e-01 -1.383822391934931284e-01
-3.006365843086833065e-02 -8.911757778781238815e-02 5.553107367465953681e-02 1.016934210001604055e-01 -6.164316332081478528e-02 -4.121420750075278222e-02 2.225883989432430321e-01 -3.668093475725529018e-01 -1.249973545262272022e-02 -6.347220318963152363e-02 2.236321008266093924e-01 -3.080459212510728295e-01 -1.777222607724140147e-01 -1.999265503592427273e-01 -2.303840996083731385e-01 -1.361300566309232851e-01 4.040915074124223211e-02 1.685993385154376800e-01 1.365498639643284162e-01 -3.183772447875570233e-01 2.215072867806225643e-01 -3.162930642263837022e-01 1.583271002515695691e-01 1.621168367579423897e-01 3.857422269920086910e-02 1.392900712588907020e-01 2.615425110845200907e-01 1.299710705740735328e-01 -4.137525208267556903e-02 -1.935456355478156198e-01
-8.953823937323517057e-02 -2.426887981405261296e-01 2.103618188004756015e-02 -1.439296192882381087e-01 -1.671899765489644543e-02 -1.740523516224640466e-01 9.952549464653762112e-02 1.017652262763110577e-01 1.364614913825567821e-01 9.513082964759451976e-02 8.412895156496808663e-03 4.561500564921377315e-02 -1.509875035854282288e-01 3.090080755452628281e-01 -1.281449892227423115e-01 -1.594033617649169565e-01 -1.661824567621126593e-04 1.710636021325445122e-01 -2.338351162359364188e-01 2.092771504825795548e-01 3.231936481553432383e-01 2.585931848756645168e-01 -1.738300520409988004e-01 -1.146266458087510931e-01 1.190796757934061284e-01 2.899986258527104677e-01 4.008101595503765768e-01 -2.590990981114763003e-01 6.723308415318653489e-03 -5.128216486141743552e-02
-3.429732627470170603e-01 -2.867079824157078294e-01 9.626744577854787210e-02 -1.476194365294316857e-01 8.863171705305049330e-02 1.456127962621198979e-01 1.028765037398045729e-01 9.515992380449375676e-02 -5.305979480574390950e-01 -3.954237662586240765e-01 -1.080141348640705802e-02 9.454164689375772757e-02 -1.555065133032041691e-01 -1.113814212165032541e-01 -1.729448057993437371e-01 -7.053888515240928914e-02 8.345872872784622365e-02 1.299623034754833206e-01 -1.451029604420883690e-01 1.253268119974843171e-02 -6.819672971718966636e-02 -2.942013764336180032e-02 -1.167453415952609923e-02 4.462062207283313403e-02 -1.459160238293236156e-01 -8.535711429095688141e-02 -1.894239916903104060e-01 -2.418273794659204223e-01 -1.517776923236872633e-01 5.746113553681043290e-02
-1.551978275298378507e-01 2.496792136424969000e-01 -2.338806311006444427e-01 -1.026940278657882816e-01 5.366547309522723408e-01 -1.823799115784821845e-01 1.078090607564279602e-01 1.596799496921294248e-01 3.709999178395279734e-02 2.091141372582788413e-02 3.134506512355354074e-02 -7.983525470430709314e-02 -1.873969493751810045e-01 -6.415611745220875517e-02 -6.156366230825091601e-02 4.777959254913728415e-01 -5.663870407940495288e-02 2.303699178860378061e-01 -8.245703218909695986e-02 8.654545102755081820e-03 1.684923207899556019e-01 -4.277513158026202515e-03 -5.782957619236470809e-02 2.290314585284474180e-01 7.938388988817349223e-02 -1.063503506619827566e-01 -6.020027501593862296e-02 5.418795700843492824e-02 1.792198967013985400e-01 -7.623421258327989225e-02
-4.605809118724128459e-01 1.036179192368226476e-01 2.315753243832310571e-01 2.517053123823223548e-01 -1.082812828045056769e-01 -3.017868511719804317e-02 2.359488715800001357e-01 -2.239616330244532938e-01 2.022962879550319615e-01 -8.164217498513247351e-02 -1.159002280724796136e-01 -1.835267090020879233e-01 6.517580066037663433e-02 -1.347391137558980045e-01 -6.182491285485647997e-02 -9.081297199799744091e-02 -2.284101779545363031e-01 1.161997622251211004e-02 8.787487034728905591e-03 2.876788384399497356e-01 1.012006317662022259e-01 2.762739176030118982e-01 2.579214780463157108e-02 -2.723991547893628642e-02 -5.329378442033688712e-02 3.978777275990954404e-02 -2.641926114980939211e-01 1.098826991876238057e-01 2.627037063529048533e-01 1.845981285927822402e-01
4.226293399442244691e-01 -8.453875423111516241e-02 2.710952502125137942e-01 -2.505744082579323129e-01 2.124568799939923758e-01 4.760634288997858676e-02 2.268015185191647465e-01 1.046031072688136110e-01 -1.590777679279116730e-01 1.122772229671033023e-03 1.880316712805928381e-01 -1.775836753832530646e-01 2.591732623887409437e-01 6.188638321565374106e-02 2.005298630428939063e-02 -1.203139860618875068e-01 -3.069488225999768005e-01 -9.206513690603438521e-03 2.193259651701917612e-01 9.538446479182804971e-02 2.072731836241506198e-01 3.436272409716413772e-03 -2.586028791537500204e-01 2.060427547522951375e-01 -1.095705735050865048e-01 1.247688249497221902e-01 -1.791528722413012753e-01 5.443232652537772359e-02 -8.556925732898998382e-04 1.538034437337280069e-01
2.082933030513421102e-01 1.625144358293509894e-01 -2.356294801972197983e-01 1.346372091987038666e-01 2.006406541156672552e-01 -7.685440750092510653e-02 2.553555732124585670e-02 -1.728943829930833509e-01 1.917091300755731920e-01 -3.664398653724349475e-01 -8.089222092001316367e-02 -7.268745325421049897e-02 1.830575130567033137e-01 5.620662554102374975e-02 -1.985524395380936502e-01 -6.357328064392395173e-02 -4.693147535396803224e-03 -1.966910561748464459e-01 -1.367918219983554895e-01 -8.335332403182477146e-02 1.111605181931251685e-01 -2.201301991687215631e-01 -2.131995068114813860e-02 -2.300852259497404295e-01 -2.447653790993612188e-01 5.401058587506668562e-02 -6.715982426258179649e-02 -4.937744093240761245e-01 1.483840754779461868e-01 7.148215947684180560e-02
-3.056937394643449712e-01 -8.744689895279129932e-02 -2.923804786866950889e-01 -2.881183599544756557e-01 1.382522511090938377e-01 2.630797575816091680e-02 3.731912184076211642e-02 -1.192371615081724984e-01 1.777865028350146259e-01 1.081278851352547171e-01 4.050570145402164202e-01 2.635064567991809437e-01 7.433911862733300069e-02 -9.978091286412217598e-02 3.197204578792835483e-01 -2.651475658188353068e-01 -2.440526715876560337e-01 -5.243561573882756649e-02 -5.152604335357111737e-03 -5.719776076441931284e-02 -1.765281555029486402e-02 -6.371086966581097910e-02 1.257509947306761910e-01 2.399228344340959690e-02 -2.766785110783924750e-01 -1.194798840533600193e-01 1.534622700569631681e-01 -1.052332845660746211e-02 5.402468869442655225e-02 1.624834954827391320e-01
1.795575698277006860e-01 -1.637262925209108377e-01 2.243020556659676701e-01 7.661002860835594563e-02 1.164297650310024551e-01 1.212404561679204101e-01 3.924957895737594127e-01 4.209879679804726799e-02 1.373529384610092940e-01 -1.900812439827179179e-02 -1.635366748204377385e-01 3.655897303414433197e-01 -8.030081413866292650e-02 6.092659507594280766e-02 -9.103856951757939575e-02 9.180156324021473968e-02 -2.262840057170276975e-01 4.051852860822780129e-03 -8.951652659152625757e-02 -3.763097699030493182e-01 -3.394199894443793442e-01 1.621608667393290570e-01 2.107623283288229121e-01 9.503051545851105841e-02 1.112634239598724213e-02 7.830932063820278399e-02 9.506647423294475874e-02 -3.203379439180106814e-02 2.833278417624247036e-01 -4.239650533712592539e-02
1.472719014279642025e-01 2.773128143936078871e-01 8.537824184762665691e-02 2.487023056279232536e-01 1.781924648325738589e-02 1.770918953230207022e-03 4.247905302652389692e-02 1.847701222759990380e-01 5.229253795475462957e-02 -9.421467289503260290e-02 2.129732002336737484e-01 1.921912215249096945e-01 -3.432338780193595063e-01 -6.621471324750913268e-02 2.856755925614072322e-01 -4.159465910056082683e-01 3.184910379110861278e-01 6.243891872859615860e-02 -1.386658402049551972e-02 -1.514537514079467573e-01 2.265535697824558325e-01 1.753434472795555865e-01 -7.183433797171720481e-02 1.545951146637816465e-01 4.199585773382294440e-02 -3.099421141794190052e-02 -2.420178787019851840e-01 -9.859714256283284850e-02 1.178890854550350836e-01 -2.767119156292776119e-02
1.141796407215788789e-01 2.646827017077718058e-01 6.413339115849053806e-02 -1.846460876491489989e-01 -1.863774056302252569e-01 1.501091136191748387e-01 -1.120530915139762371e-02 1.896576528411068607e-01 9.751747408849102683e-02 -4.240062364187835442e-01 2.804561057495520981e-01 -1.208850471489207185e-01 -3.131353567666175230e-01 1.213038812436453423e-01 -1.847732522482247938e-02 1.501200478948953032e-01 -1.303910267662453278e-02 6.649179139479889644e-02 1.478421843111488443e-01 2.968992754046443916e-01 -2.229733939930233499e-01 1.203685437153891123e-03 1.935375269504764351e-01 -1.233895221147995186e-01 -2.219501716146058956e-01 1.485064030556761672e-01 2.157933024609946793e-01 1.203861525493046952e-01 1.265712341672420582e-01 4.164691882747496854e-02
3.809024256146056886e-02 -9.146976378636254013e-02 6.947707563995310365e-02 2.928578804624614590e-02 1.234563709091452549e-01 4.071129051139634192e-01 1.003253870359795408e-01 -1.770350624113824212e-01 2.094223507278560326e-01 -1.626685731876545415e-01 4.299205347847868258e-02 1.402175535531165196e-01 1.663954445022104711e-01 -1.196614894258683781e-01 4.861673769094912445e-02 3.138112380464401219e-01 3.971052065422875366e-01 -2.110160818285632678e-01 -1.505533757096141345e-01 7.067935204582040387e-02 2.783466411241289906e-01 2.113032311466163105e-01 -1.402364349675267255e-02 1.645432853661656369e-01 -1.013027475726995669e-01 5.045639031840746386e-02 1.690059857498339424e-01 1.555657135373547661e-01 -2.539874856134103354e-01 1.344340260401512277e-01
-1.869972754754179733e-01 8.752130958040452158e-02 1.105971391985795527e-01 -4.072873333515535099e-02 3.471456235618889524e-02 -1.664400366999819469e-01 -5.467276333980714692e-02 1.048476248650039716e-02 3.100221759064056282e-01 -2.157881159000619997e-01 3.033214941670512310e-01 1.970576047837176714e-01 1.678784292161339120e-01 1.099733231132426908e-01 -3.905636073095894445e-01 -5.283067056468960382e-02 8.803594068608427969e-02 1.570791544642521562e-02 2.314160988988113454e-01 -1.326072126849669741e-01 -2.713768516048973289e-01 1.691450448991356145e-02 -3.445511960334290413e-01 7.780706371322619608e-02 3.146671483565057770e-01 -1.071743808593870612e-01 -2.812222557825110048e-02 1.605561070688863237e-02 -1.955607731181814302e-01 1.213355851225727811e-01
1.469434230243743533e-01 -2.405819883382828150e-01 3.708253526005252706e-03 1.925355984236545859e-01 -5.196525763212026666e-02 -3.449653010951897469e-01 1.117872483376331355e-01 2.551295488158371594e-01 1.816401487183056385e-01 -1.532876217443852364e-02 1.255965802827734012e-01 6.607978489008931033e-02 9.784527604627928088e-02 -3.603761522667254802e-01 3.730275623184198253e-02 9.079436547889778442e-02 -8.146343158315387176e-03 2.517472355933501188e-02 6.227605519273617801e-02 3.510781009129151919e-01 -4.969094971419965590e-02 -8.769632887809920840e-02 4.010296120665079456e-01 1.854834633535121791e-01 1.144080427140589384e-01 3.179465148590742557e-02 -5.341854652004066062e-02 -2.724949836025838401e-01 -2.373871524656804011e-01 3.039051312808441901e-02
-5.174025605444520365e-02 5.605828470456822310e-02 -5.848535027084678789e-02 1.754213848559924016e-01 1.499045836463425152e-01 -5.529515350395036721e-02 5.896069735417312080e-02 -2.802405032855606257e-02 -1.802031975690571441e-01 6.448584893430323040e-02 2.927620449512919887e-01 -2.882997562238104883e-01 1.596460311938347199e-01 1.299696317171575022e-01 1.619153780378800034e-01 -4.274351475043067228e-02 1.458857045277624775e-01 -3.300025952988293321e-02 -4.654715748788453844e-01 -2.908581766139296115e-02 -3.994498341038709155e-01 -1.387604262637797889e-02 2.161637051805422732e-02 8.254753690049032588e-02 1.578535236745887138e-01 4.182301232556812076e-01 -2.526148241621138310e-02 7.082707936950136118e-02 6.687607327443827188e-03 2.046142927398110212e-01
7.383711208825798934e-03 -1.553695278347742015e-01 3.504664130182174459e-02 -9.469094348356167645e-03 -2.925453665128253666e-01 8.246449350217807325e-03 2.430075127228900900e-01 3.759639766922757698e-01 1.143742263862354974e-01 -5.618472660609561548e-02 1.566367148811654009e-01 -1.770418737533276110e-01 5.785008793468276317e-02 -2.153134515126563231e-01 9.502836979258131797e-03 6.062623925389788726e-02 -1.119059904208499941e-02 -2.045445649445810921e-01 -3.860695890838562461e-01 -7.815510918061298329e-02 5.694812194930683885e-02 -2.050683121863749458e-01 -3.008313007992763910e-01 -1.556671200287624290e-01 5.058357812644853624e-02 -3.561194533928425665e-01 7.560235345591327649e-02 1.360593751316425404e-01 2.151311614613439505e-01 -7.620719809775119979e-02
5.557385031811784559e-02 1.538268759615685488e-01 2.123263171195860777e-01 2.994700682480807077e-02 -1.529763395109154100e-01 7.119756733717684527e-02 1.185205934457108645e-01 -1.723505261134506972e-01 1.475259925619726020e-01 2.425013917132577690e-01 5.371541396616957842e-02 -3.895307549404736225e-02 -2.749005375609946400e-01 -6.457573897351477632e-02 1.679507619685046138e-01 2.745574196943161294e-01 -1.646563528191849202e-01 2.911567054590088466e-01 -1.249141604159385577e-01 -1.229705059001325318e-01 -7.850095105522068850e-02 -1.157580516856071551e-01 -2.388249342655212881e-01 -1.634390350291110294e-01 -1.416287058798043619e-01 -3.791332794012898522e-02 -8.168898277037948963e-02 -3.022894696467676723e-01 -3.859662449148139607e-01 2.688949055000973143e-01
