-2.408407192405597197e-01 -2.650298650245436205e-01 2.989433058703740986e-01 6.597292422086165065e-02 -5.393251752936265575e-01 -4.091940318585898240e-01 -5.072371159025932386e-01 2.395266164257951191e-01 3.354903685501887250e-02 -6.273724358100522813e-02
9.718749852927836830e-02 -3.348119046321529346e-01 -4.290489835643874761e-01 -5.771933645696014636e-01 6.909867144270986916e-02 -1.970866102713602144e-02 3.492607531623769662e-02 5.532792358399050148e-01 1.398848776273332317e-01 -1.707389469142039651e-01
2.030827342102196897e-01 -5.393952036356968183e-01 2.348218760843380770e-01 -3.102263930983827356e-01 -5.906908336305011220e-02 3.975642834181953300e-01 -1.695917020094062921e-01 -3.118057880485096134e-01 -4.565473603866243013e-01 1.430464459947824174e-01
2.682299068094007866e-01 1.448570418855079367e-01 2.895755199821111181e-01 -2.289591110454331502e-01 5.577344322484489858e-01 -3.199221156912831487e-01 -4.214368866127002899e-01 -1.600788424341149097e-01 4.563897582909064166e-02 -3.899459448104414250e-01
4.520405286709195392e-01 5.785473589760758983e-02 -4.557427643353608171e-01 6.322611103129897880e-02 -3.356591440392767134e-01 -4.470933828641481256e-01 8.250569635131516089e-02 -2.672227342330720234e-01 -3.957804665612167372e-01 -1.821984366070098504e-01
-5.568811576556934595e-01 2.614753001631994200e-01 5.887982857229511618e-02 -6.099749351672704156e-01 -1.633007039061834254e-01 -1.583342028603050844e-01 2.304045253078259581e-01 -3.390535755837893461e-01 -1.175192023341632280e-01 -1.112951611715555789e-01
-1.269605813218704637e-01 -6.018493051504235636e-01 1.931048676783045925e-01 2.067831609451001307e-01 2.242873590914478965e-01 -3.701580917728987119e-01 5.420585018835177848e-01 -1.325000922251819702e-01 9.322941139712698222e-02 -1.849659690385024868e-01
-9.108377911731219134e-02 -1.054828507720921710e-01 -1.718552400032730132e-01 1.514482336568703236e-01 -2.221381878769701779e-01 4.298953220826181587e-01 -1.127389375260014065e-01 -2.704684229285495567e-01 2.965265757200873931e-01 -7.212209883068583238e-01
3.347617573438701477e-01 2.452622741648342042e-01 5.398268834974071506e-01 -7.936016750742126702e-02 -2.657456213483108676e-01 1.379436911728122439e-01 4.004641588498563665e-01 3.777460391396088579e-01 -1.654309392388901290e-01 -3.316469159988992832e-01
4.103931246051379933e-01 -2.258554329363811689e-02 1.347200626338894980e-01 -2.564602536408454037e-01 -2.831815058823326514e-01 -7.711431663090015376e-02 9.120206955333806653e-02 -3.064215606357842958e-01 6.887294136325925464e-01 2.905984186435712768e-01
