3.879938092761221480e-01 1.098310702533585870e-01 -7.246735356416628138e-02 -1.125262219638131821e-03 4.331515714016041796e-02 1.157252398104326591e-01 1.821446047573405114e-01 -1.977549947382220563e-01 -9.311355672121589266e-02 -4.345364451264908251e-02 3.108839119304716014e-01 1.001998500880501852e-01 -7.383473490809545903e-02 -3.241166932382714694e-01 3.333518025279880170e-01 -8.836935055821246165e-02 1.148515970457182102e-02 1.626429703439903895e-01 1.752059927299305930e-01 1.605854302286439661e-01 2.101802688026248311e-01 -1.567766806951167158e-01 -1.764897136739164707e-01 -2.701271465821304674e-02 2.389605534505702400e-01 6.860904579734017350e-02 -1.627106494924565050e-01 -1.847538054678994623e-01 -1.257594940601701183e-01 -2.756338629065658852e-01
-1.002742491821904391e-01 2.531123290155946615e-01 -4.161745546609761925e-01 2.760026460085809874e-01 -9.934063110014737519e-02 1.526989417161216389e-01 -3.028696619637293377e-02 1.664829152856719674e-01 -1.770256868737231024e-02 -2.109145419809654032e-01 2.771472082725831565e-01 1.947535659531313967e-01 1.899336649586625958e-01 1.411795991962216390e-01 9.391287955994941095e-02 9.111906639738888078e-03 -1.137038626165102206e-01 -3.365940312615214869e-01 1.604791796686237393e-01 2.020953128168288537e-01 3.758426291414319192e-02 -7.694121981876987648e-02 -9.251021878965084988e-02 -3.015898710302710589e-02 -1.724025098284600599e-01 1.871943098980782816e-01 -5.930191052766885934e-02 2.893787039058451915e-01 4.029256297888345745e-02 1.642227997489366931e-01
2.399702710929272342e-01 -3.687853550081192644e-01 -8.272711380233993550e-02 -3.446986869522673108e-02 -7.309946642196646360e-02 -1.274156447456053793e-03 1.674288364591049738e-01 -5.371768507057254199e-02 -1.016133169453509455e-01 1.195612954507477566e-01 2.977662766234789871e-02 1.709360991005851316e-01 -1.527055200464134677e-01 5.015922016648984710e-02 1.112736026587021337e-01 -6.478736998781257049e-03 3.611917788190974199e-01 -1.702537889758533873e-01 -2.533854423184068727e-01 1.674563215011962980e-01 -3.106626358989575953e-01 1.561033846031164296e-01 -6.757532729314399966e-02 -2.125277274895382429e-01 -4.902453759552335977e-02 -1.189448894825243831e-02 -9.771799368452451558e-04 4.093232889986403999e-01 1.626020866255074859e-01 -2.242662618385179163e-01
2.032812110066660460e-01 1.339060368285321717e-03 -1.216500024999734170e-01 -5.226898988902987236e-02 3.241815814629693260e-01 -3.213131905487499607e-01 2.250404580995229442e-01 1.268456002653619019e-01 3.745502389181710745e-01 -2.958921957945606987e-02 2.023972332184761913e-01 -1.378863344827046256e-01 1.130408039517497845e-03 -1.011370401509981837e-01 -1.386912052798592310e-01 -1.118972276014358058e-01 -1.317411942239779012e-02 -1.872519082556719019e-02 -1.889518549302584768e-02 2.055342166254506275e-01 -1.939643669606202492e-01 -2.845562529476447153e-02 1.032455862829738946e-01 -2.972435097937338455e-02 -4.638940730333286355e-01 -8.819424538374049521e-03 -1.361612156510635385e-01 -2.803665630989908841e-01 1.244413914114856495e-01 4.406070645194565955e-02
2.090034421285195121e-01 8.052082461389946377e-02 2.238969741301734540e-01 2.043347082993624553e-01 7.343544925341480289e-02 -2.058884523873092953e-01 1.714190029139578061e-02 1.741019134586535566e-01 1.344607080223716167e-01 3.038227804388714537e-01 -6.762172969503374431e-02 9.018441224113375732e-02 4.388114971304547113e-02 1.667198522054496868e-01 -2.203806491512796673e-01 -1.304114797634184086e-01 2.574817650159472171e-01 -1.761158474699172638e-01 1.136828689764992212e-01 -1.677827621024066407e-01 1.762380869530434102e-01 2.764815193382948871e-02 -6.663888809043534700e-02 5.641299085190224633e-02 2.498485084949849666e-01 3.788722274658712363e-01 -4.095009749736918114e-01 7.118323869959616856e-02 -2.603785136210041984e-02 6.271430681024207920e-02
-3.425174750928404177e-01 2.390474449678239854e-01 1.462480066339830187e-01 3.590489541388742351e-02 2.147162282881494647e-02 5.010443943815101608e-02 -9.328382649924717163e-02 -1.849056660070600919e-02 -6.481239727968514386e-02 4.931185091997959680e-02 1.185111471949404222e-01 1.834048604691626561e-01 7.961652800073013014e-02 5.882546213801632257e-02 2.945141752659674247e-02 -2.502854439366167250e-01 6.805142981466939800e-02 -1.093287825528723757e-02 1.959078992751092096e-01 -1.579735013549131983e-01 -3.138801391105358052e-01 5.053942882822095445e-02 1.387677271885208730e-01 -5.448371158443123807e-01 7.822140445929791353e-03 -6.027591506259301346e-02 -1.368675570360333993e-01 -2.235506148581335450e-01 1.020485350984436101e-01 -3.084483162606161954e-01
2.017462392496540136e-01 -1.016119896045907522e-01 3.174434356770680556e-03 -1.359815107500479681e-01 -1.130715826958415549e-01 -1.356362151482457534e-01 -1.843572596472988212e-01 -1.897433297448087308e-01 -1.419904677012919121e-02 -3.203719868640816371e-01 6.240048799321079587e-02 6.573773277677823212e-02 4.573203580523917955e-01 -6.987301863235174763e-03 6.496907959365523511e-02 1.513884593184683103e-01 1.523726830033322599e-01 1.001399649247106255e-01 -1.089712790648689061e-01 -3.598605716744087690e-01 8.756391595600712674e-02 -1.544370689357416615e-01 4.864162368330459535e-02 -3.371890632034554858e-02 -9.759337970255471673e-02 2.626069506031021294e-01 2.614994150455970598e-02 -6.502537050767727422e-02 4.337225781851014039e-01 -2.755599181186619770e-02
-6.566909731674325235e-02 5.796279672284165158e-02 1.319824908339052305e-01 6.475870792214777349e-02 -4.990145679512112548e-02 -1.665451677990751056e-01 4.119127985784040713e-01 -6.518186030353340966e-03 -2.932795455712785548e-01 -1.701009209493207774e-01 2.909376145179908696e-02 -1.802437723266335223e-01 -3.221514097521244180e-02 -5.052040885611550763e-02 -3.044376264431102874e-01 7.385142111967098189e-02 -1.542231818010006764e-02 -1.224696894753326548e-01 2.650828310919404185e-01 -4.979488765160960950e-02 -2.651937886156636170e-01 -2.161153606076123002e-01 -4.028825811113963540e-01 8.455169931047130938e-02 1.856654974007995174e-01 -9.946273958953007199e-02 1.140910425319648508e-01 -7.175497070618745959e-04 2.960556085269718807e-01 3.538406979007434339e-02
8.395455815593207138e-02 1.670824435121141260e-01 3.402003771764213758e-01 -3.824496269422799494e-02 -2.594325212542890613e-01 -6.431554974063545538e-02 2.293080128535772422e-01 2.042900869678343848e-02 6.134237976231120965e-02 1.092295580902103297e-01 -1.895643874922906327e-02 9.208395082397544118e-02 2.949626605095981291e-01 -1.520180980199244136e-01 5.497739911401852697e-02 -1.655408165808082699e-01 1.751449200939227124e-01 -2.267416119766411109e-01 -1.320423515477546494e-01 6.448244906268082999e-02 1.942918922101688206e-01 -3.642723076802383275e-01 1.373040957224600511e-01 -1.586152743618249872e-01 -1.396674899122407887e-01 -3.112991054605971919e-01 2.073538988535205407e-01 1.044606033480946217e-01 -2.027047967262417816e-01 1.696371798423650656e-01
4.831853633358717398e-02 4.577236982662679504e-02 1.554257036825754945e-01 -2.429981461963763301e-01 6.367740673859564327e-01 2.482470353895962489e-01 -1.223561900823325610e-01 1.730055517537981979e-01 -2.861384092017730807e-01 -5.587311665777210112e-02 1.259107532603608026e-01 2.996288227124934214e-02 4.325033696938557909e-02 -1.778296388333706068e-01 -5.730311323724820993e-02 7.762841846049967423e-03 7.150639729261609734e-02 -1.571019276101296713e-01 -1.674780278609881712e-01 -1.211327750656047836e-01 7.197261330986599870e-02 7.955590494718274563e-02 -2.254754221920409751e-01 -1.933212776670751587e-01 -4.027745790847560292e-02 6.626097735184104109e-02 1.173020134287289934e-01 5.554458649626422412e-02 -7.729665279636135922e-02 2.463712733147064293e-01
1.198973139893506762e-01 -9.576165999933239706e-03 2.028107604992127749e-02 -5.146125980601447270e-02 -1.757177666162311191e-01 -4.287644879169422163e-02 -4.196107185014756324e-01 -1.263906444256928385e-01 1.825362343007425892e-01 4.502396708843138789e-04 -1.286264750322722306e-01 -1.558427628192806391e-01 -1.250824876634304417e-01 -2.958577030410005082e-01 -1.966164173414165772e-01 -1.682773566392784248e-01 -2.283856994018986508e-01 -6.256456972445705034e-02 1.061346996529991121e-01 -9.497511541596735662e-02 7.696583649133841021e-02 -5.506175761961588921e-02 -4.204444010378773355e-01 -2.052476618399554920e-01 -2.515669818233351451e-01 -1.258995922961206604e-01 -1.823923797542368053e-01 2.844890525747028609e-01 4.461075820466345798e-04 -1.259113828605916974e-01
1.334937625729639699e-01 2.058574555904963688e-01 -1.086749241195786309e-01 -9.009032048882741062e-02 -2.257735371945265579e-01 3.236213082593238921e-01 1.144707888855171080e-01 2.403677979143275245e-01 1.449719530221645625e-01 -2.327625385833924365e-01 -3.718979409456549257e-01 1.939679988614720907e-01 -1.668677755705073873e-01 -9.440105027805210242e-03 -1.518264385384885395e-01 6.213064123639037289e-02 2.122425587961093985e-01 2.689965986182272784e-01 -1.179657055592598508e-01 1.263237834978182539e-01 4.604274160781207138e-03 1.603125030456594574e-02 -1.481975515960661516e-01 -2.435793425517570332e-01 3.958170493054076478e-02 -2.249902793830565323e-02 -1.480408118763970049e-01 -2.097818650575736521e-01 1.462780084289391214e-01 2.628166219863773967e-01
-8.118232708539886711e-02 2.517469631586776845e-03 -3.823430062810285329e-02 -2.674807279056887199e-01 -2.659533874607935555e-01 8.065839368942179233e-02 -1.692739291992769179e-01 8.657335717306384459e-02 -9.140644708365551485e-02 2.864675222934440768e-01 1.335258781042994725e-01 1.180981552967366316e-01 1.445143017535357455e-01 8.512571249214435920e-02 -9.276335049225337137e-02 -1.193207633949968649e-01 -1.453308963306434824e-02 -1.018658485307817746e-01 -3.061083551907883837e-01 1.240243645790523735e-01 -2.452273603245638256e-01 -1.513667606606241833e-01 -3.666517822572705199e-01 2.797027068660542515e-01 -7.897852927931788003e-02 2.076492132597394236e-01 2.358727235335158004e-02 -3.682964448289262060e-01 -1.416209356752138049e-01 -1.133255931870512379e-01
1.797421378110303780e-01 3.892001448310104528e-01 -3.179942967539684667e-02 -1.714038742327433917e-01 1.189082899225479550e-01 -7.474092671563635493e-02 -1.453160688548989221e-01 2.762636123749908079e-01 6.215672535697705503e-02 -2.199583187876417156e-01 -7.620462092636069718e-02 -2.631689054089457747e-01 -6.808441060450018401e-03 1.966274249970930421e-01 1.462923762614433409e-01 -2.462221821413321798e-01 -7.739442717097498592e-02 -2.128335442639232508e-02 -2.827261353873801730e-01 2.526177607613254786e-02 -1.513328306103355614e-01 -1.653683213735116231e-01 1.041115176830546968e-01 1.413827287875691618e-01 3.187210937160031565e-01 -1.362426494205207506e-01 -1.554432859405219594e-02 2.247150596293149283e-01 1.106861532323026309e-01 -2.634185465514966018e-01
-2.673447502226105610e-01 3.123528778288134009e-03 1.474252663268980357e-01 -3.258886300602982233e-01 -5.292371789559332379e-02 2.363191486721951673e-01 7.263559646291265458e-03 6.308955942199490075e-02 1.010491501422190880e-01 -1.814262968618848837e-02 2.186619705044489936e-01 -2.007354095073547381e-02 -5.385705166714981756e-02 -2.905012401418272106e-01 -3.762800864825630032e-01 1.674498028538938255e-01 1.072962821766478420e-01 4.465044998237481522e-02 7.168723319557855633e-02 2.525877849566743882e-01 8.952372485100250354e-02 -1.484524196766869586e-01 3.269205927132303735e-01 1.239547464730581944e-01 5.408682998817806314e-02 2.050754843736297683e-01 -1.300547247078115420e-01 2.574560074446339830e-01 1.270032988572721566e-01 -2.077875021989775417e-01
2.653592571448233906e-01 6.506960626075723730e-02 1.401048085159841208e-02 -9.504730943456919656e-02 -2.032684651670535747e-01 2.301393131930731112e-02 -1.845061357346485242e-01 3.632943232096648711e-01 -1.235945865023863610e-01 1.696280606259698356e-02 2.515393470765935405e-02 -3.049026713275769795e-01 -6.984025522777750905e-02 -4.408578768666218672e-02 1.545587328644041081e-01 3.478323417218013303e-01 2.729271968778194668e-01 -6.270632427777635132e-02 3.952079036231163633e-01 -1.399479850639432921e-01 -2.420910374434907808e-01 1.780588632725879986e-03 1.184555007723282621e-01 -2.433125649043638497e-02 -1.691144078380041049e-01 5.920244548048148731e-02 8.136061881357221914e-02 -5.420344270389221286e-02 -2.771847172290359262e-01 -3.826091546582039565e-02
-4.723756428845390584e-03 -1.139972017366074021e-03 2.209101162274956232e-01 2.197984622487559048e-01 3.038945280404237170e-02 -1.430172134901584735e-01 -2.116788413439393279e-01 -1.832299074308330888e-01 -1.499270277232833126e-01 -8.890338337502200206e-02 1.999820643819600480e-02 -1.132640468524943045e-01 -1.347035577274205143e-01 7.758223466041476446e-02 2.066077584714550927e-02 -1.445862331741445406e-01 3.995263262738429910e-02 3.869439008737771135e-01 -5.469046596474629041e-02 3.200005369152578161e-01 -2.431942929880092086e-01 -3.142929893538715103e-01 4.179468832539427747e-02 -1.603344717825128385e-01 -3.813112090202135096e-02 3.818574378236243017e-01 9.007505216075227528e-02 1.354135328175324893e-01 -1.420907254356520710e-01 2.792822994435579798e-01
-3.024910784573597508e-02 8.775573066610301010e-02 -2.564516051599294993e-02 -1.096457315977811438e-02 -1.241271833740978381e-01 1.978617530970770977e-01 3.085411501842637017e-01 3.503566833735290154e-02 -1.569078777590274809e-01 3.040943116614617248e-01 4.069940098343188817e-02 -2.886782738121710934e-01 1.981885139081442093e-01 -1.799029397366348482e-01 1.950823059726454478e-01 -1.345791931005812549e-02 -2.533909798448485406e-01 2.356717281109380890e-01 -1.846027122774780149e-01 -2.444699696232390529e-01 -1.965026160659684995e-01 7.049957614868927747e-02 6.172290001573381424e-02 -6.607214832399397816e-03 -1.039626366028315319e-01 7.192900831698383068e-02 -3.959604790368755345e-01 1.994470133073487916e-01 7.196827741536546141e-02 2.211404171168180610e-01
-9.574091110212984423e-02 1.243304752058090878e-01 1.417174883686340425e-01 1.801676921552649580e-01 3.201729510121338884e-01 2.313524666341063019e-01 -7.157193666956514211e-02 -1.205413807953316235e-01 1.832192384474135016e-01 1.560341539101010866e-01 -1.583370973416908245e-01 1.868740089631098777e-01 6.688599116981665607e-03 9.592229451021819231e-02 2.090184217239748066e-01 2.617836124361295203e-01 2.128091414377762114e-01 1.295769616084005704e-01 8.713225783643625821e-02 -4.787611281403732211e-02 -1.532672712929053771e-01 -3.468751683656891016e-01 -1.720904363277582783e-01 3.168343918984698471e-01 -2.455514368489970511e-01 -2.170855690736935018e-01 -1.359852646600315240e-01 1.039306636269324152e-01 1.108700030434172784e-01 -1.139667027998009230e-01
-8.046250546496436229e-02 -1.032507204305432719e-01 1.936775818731898136e-01 1.018494129378872126e-01 -4.576492721578002965e-02 2.851799894775207678e-01 -4.864189770020507786e-02 -1.443670425751226137e-02 1.288882681501304084e-01 9.952664397777366556e-02 -1.280354857362834831e-01 -3.726389402718598975e-01 -1.715173609402791122e-01 -5.987900805107628649e-02 3.496451475134847442e-01 -1.458108297009949317e-01 2.013177886492302851e-02 -3.767084412989793463e-01 2.738332183886136792e-02 1.559879592938066550e-01 1.279912510318128305e-01 -2.656214212224988422e-02 7.866790720959060054e-03 -2.429949077490466472e-02 -3.047795922248776324e-03 2.187395808209443293e-01 1.169277911277716298e-01 -2.280771795070660468e-01 4.330664720026318748e-01 6.683537840634838634e-02
-7.780626253988225105e-02 4.323506330727850400e-01 7.624725822303510259e-02 9.961846769278578928e-02 -1.266949429199394905e-01 -3.394401324790204955e-01 -2.255991895831901684e-01 -1.353710437513964415e-01 -1.177003349030531915e-01 1.007558455851725182e-01 2.479002533508693484e-01 4.036713261434258376e-02 -2.548432448035826692e-01 -2.121542730835492274e-01 7.725142963493969450e-02 3.124776738721121716e-01 1.554635370400545002e-01 -7.765970833048284339e-02 -2.767242908952311509e-01 8.659759200452885053e-02 4.578034777026923630e-02 2.505469851029787920e-01 -5.778597030233392946e-03 6.401060690836719858e-02 2.530484506071438086e-02 -1.531041083062101293e-01 -9.202133876515664057e-02 -6.325592697105540674e-02 2.037699430228118169e-01 1.696700598141616667e-01
1.523804861092241669e-01 1.290555032422853743e-01 2.643477398544753498e-01 -4.848509740713831395e-02 -4.801640500426687663e-02 3.979321492964107976e-03 -1.912268127444060120e-02 2.461739802500109708e-02 -1.160197770335732320e-01 -1.392661293351886431e-01 -1.996827579252784535e-01 3.507959548866467769e-01 5.461301950547518824e-02 -2.558962818779402237e-01 7.999006316436550745e-02 -3.405619089165409785e-01 -9.182224924424968460e-02 1.908245097759334735e-02 2.381274154544690824e-01 6.913057352983920101e-02 -2.073063824078304196e-01 3.809372263731342079e-01 1.069334658558959289e-01 4.007577638601521053e-01 -1.644950433898355324e-01 9.537015290260560108e-02 1.075453075403213776e-01 8.276162507155866710e-02 1.035493094062674424e-01 4.760689548912995506e-02
1.061278922694889743e-01 -1.123661623386003616e-01 4.359789722609226925e-01 4.704222108060768792e-01 -8.446524306943907490e-02 1.536741505243178485e-01 4.189014794770744288e-02 2.996317339622047715e-01 1.503133255483074526e-01 -2.201884615437773307e-01 2.053486342779964058e-01 4.182957455121003726e-02 4.073378167599641525e-02 -3.713435813768151822e-02 -7.124374215400125498e-02 2.265378573930424966e-01 -2.697201375650828958e-01 5.340909495600881102e-02 -2.888815743754054588e-01 -3.098582765179873702e-02 -3.839426839030996713e-02 1.283960847266684691e-01 -7.756278039776293154e-02 -3.743260566606814582e-02 -3.192562415212008703e-02 2.926445839648596572e-02 6.115215073372266830e-02 -5.109556933487575253e-02 -7.160204069550481221e-02 -2.632108142333826062e-01
1.782073859917986391e-01 -1.376385629601222238e-01 3.264179862119376621e-03 -5.250683923887069365e-02 6.289473193342373647e-02 -1.184044753556011235e-02 -1.379520217214883215e-01 -1.202253775984147982e-01 8.108035625650286682e-02 6.785519510812582610e-03 -1.766672249108290627e-01 2.386406078293214494e-01 3.489275442427494656e-02 -1.830808456887378366e-01 1.435963205166735680e-02 2.842460745541993683e-01 -3.652220617558930016e-01 -3.563340156475411358e-01 2.129294498070455864e-03 7.008736416485983334e-02 -3.630932495414021521e-01 -2.222843926500872591e-01 2.206604137647737440e-01 -9.252029396255841143e-02 3.226828383518903776e-01 -2.711333254784399280e-02 -1.933913084096044455e-01 -1.045710520241604491e-01 -4.525535272534536579e-02 1.985240610160194097e-01
2.090006676289922760e-01 1.087822150721013403e-01 1.049359581650471801e-01 -5.371880667752774313e-02 -6.881268387904974915e-02 1.981336582691132497e-01 1.071806247997144218e-01 -2.744077746475576118e-01 -2.824132728746052701e-01 -1.710666900413757019e-01 5.900790223316106781e-02 3.231457841429133393e-02 -4.212829055317525717e-01 3.298841259177412444e-01 -1.771759732709097535e-01 -5.976779683084046391e-02 -1.143565341511764283e-01 -2.205700016628332205e-01 -1.043171765628282538e-01 -2.240273796809947593e-01 8.651589425923544852e-02 -1.347148673721797751e-01 2.356310996790000056e-01 8.394147505890624250e-02 -3.211578500018408278e-01 1.840411901204909093e-02 -1.929340253759574408e-01 -8.614249035184202985e-02 -6.542325953044081377e-02 -3.986675120936179761e-02
-8.050867263046800060e-02 -2.487166009553485047e-01 2.506978158807126045e-01 -1.892822366824579716e-01 -1.329799539873472575e-02 -1.945114853537687205e-01 -7.789811804611555812e-02 2.417595510539770898e-01 -3.353261120202844503e-01 -1.118607217735369252e-01 -6.370943435787920772e-02 1.870295529500169696e-02 1.314661148085453646e-01 2.396576021184058658e-01 1.952594275689616132e-01 8.254623024159916944e-02 -1.179780854954299713e-01 4.283255942809169325e-02 1.124913003870260247e-01 3.720625121994111106e-01 2.282391657026787146e-01 4.862934178620050354e-03 -6.619499463680518503e-02 -3.713700630925919483e-02 -1.150434736720873236e-01 -2.060220788912644208e-01 -4.360663318682836409e-01 -4.763266411764715408e-02 9.261588091410556667e-02 -5.750797992771158017e-03
-2.667119286470906372e-03 3.503816814063779803e-03 2.089575334939248463e-01 -1.516303761683530371e-01 -5.383279946743470962e-02 1.941752163545897025e-01 3.263160752567415262e-03 -3.801263745633799984e-01 3.086382746049978754e-01 -2.797232844380678762e-01 2.201860832468582885e-01 -2.330707962355378360e-01 2.170294139065608863e-01 2.242072028169994347e-01 9.244559513286244520e-03 -1.286545790937766200e-02 1.899757132677507843e-01 -9.165008190300122370e-02 6.723480082104257849e-02 1.039873442451156593e-01 -1.817332853025368511e-01 3.148753861283681288e-01 -1.422446222457160458e-01 6.684366498203912765e-02 1.400574330634918319e-01 -1.281166614627362865e-01 -1.864216028517024226e-01 1.843636148834267366e-02 -2.169671385581763701e-01 1.984730532695254401e-01
-1.446436492192508527e-01 2.582284681408889560e-01 1.486542626711090942e-01 -3.341066185098813812e-01 2.259788694823188296e-02 -2.261204132798199096e-01 3.016163088664052805e-01 -9.888734095690343562e-02 1.999503206377733211e-01 -3.558147281787398669e-02 -2.180491897403080415e-01 7.828133571752603215e-02 -9.188877004003849491e-02 1.191483245990967582e-01 2.458428557760492517e-01 2.903137141220117345e-01 -2.122205181584713996e-01 -6.491265717621619302e-02 -9.246670295896300754e-03 2.072075907501076935e-03 4.453783845072766673e-02 8.186722949689546891e-02 -1.877511816958108981e-01 -1.707939409890351368e-01 -1.098857530786254560e-01 3.946903319074585026e-01 1.132976840993134143e-01 1.232120817611687680e-01 -1.428032543622567985e-01 -1.590122554520556619e-01
3.889408285652145025e-01 1.991527694289607631e-01 7.438555326627131759e-02 -7.873988373034915278e-02 1.790457121349640218e-02 1.636106167296373648e-01 -7.349610227128695883e-02 -1.092632440110584413e-01 -1.310581794695859885e-02 4.191978600544025158e-01 1.014503271213654384e-01 -8.292191531855499717e-03 1.658306151505654913e-01 3.248315590404349806e-01 -2.092893066731559837e-01 1.522113532493601651e-01 -2.504424251152660430e-01 1.515598850658139707e-01 1.769607457598586231e-01 2.307724546442365410e-01 5.268606749387495791e-02 1.245037603469292681e-01 2.816273446293138250e-02 -1.477049128135590195e-01 9.667722755647388533e-03 -8.031801781747617552e-02 2.722808651616622222e-01 4.183557843600858167e-02 2.703181067333580434e-01 -1.600908829436404821e-03
-2.962136277547027310e-02 -1.825478286888346791e-01 1.282472655640435333e-01 -2.441520713659372233e-01 -1.184814996342835464e-01 -4.550407680928125753e-02 -2.232583548701666185e-02 2.257409131239228317e-01 2.699200786212564984e-01 4.615661777935431420e-02 4.313885982597310820e-01 2.492254293256046804e-01 -3.466085193836760947e-01 1.449735719269312773e-01 2.066115808447293034e-01 -1.156360160290582084e-01 -1.250843422674516592e-01 1.391853874416872083e-01 1.352951181921077661e-01 -2.741341101356799537e-01 -2.812372395736740041e-02 -1.332401719369907533e-01 -6.701345679472113515e-02 2.351734058389544357e-02 1.009630451586514543e-01 -8.708897077206620430e-02 8.794003779299544576e-02 1.005473412494560376e-01 1.484066502803544629e-01 3.034095381131880487e-01
