# CEC 2010 F04 rotation matrix (50x50)
-6.2325177199999998e-02 1.0241192700000000e-01 9.1953287400000000e-02 8.3299155099999994e-02 1.1864713200000000e-01 4.1533451700000001e-02 2.4347430300000000e-01 7.8442565000000006e-02 1.5199979699999999e-01 -7.3684885600000000e-02 -1.1704233600000000e-01 7.7067767200000000e-03 1.4337954699999999e-05 -2.7005253500000000e-02 -4.9046032800000000e-02 -6.1762070299999999e-02 -9.2454004399999998e-02 -9.1109151600000000e-03 1.8915786800000001e-01 -1.8430060300000001e-01 5.7652618099999997e-02 -1.3832089500000000e-01 3.8599117100000002e-01 2.2230651399999999e-02 9.9179510200000001e-02 3.0352295000000001e-03 8.3805222800000000e-04 -1.6834559299999999e-02 3.2868181800000001e-01 4.3486189600000003e-02 -1.2353537500000000e-01 2.8686665300000003e-01 -1.3466457800000001e-01 -1.2301435900000000e-01 -1.3611233200000000e-01 9.3392561599999993e-02 -1.1226401900000001e-01 1.8289671899999999e-02 1.8107068900000001e-01 -1.3745606499999999e-01 8.9726206700000005e-02 2.7892848599999998e-01 1.8110752499999999e-01 2.7300665500000001e-02 -1.1176746300000000e-01 -8.2219024900000003e-03 -6.8644148299999999e-02 2.2652516900000000e-01 -1.6261169200000000e-01 -1.7964846700000001e-01
-3.5675277300000002e-02 9.1836314900000000e-03 6.6718717900000002e-02 -2.7984180100000000e-01 -1.6075631900000001e-01 1.5269410200000000e-01 1.8027410199999999e-01 -9.2564236200000007e-03 3.8895046300000000e-02 1.5599487500000001e-01 -1.1827224900000000e-01 -3.8810021000000002e-03 -1.4886083400000000e-01 -6.9718624900000003e-03 -7.2808271300000005e-02 -1.9521435000000001e-01 -1.8428247900000000e-02 1.0502306800000000e-01 9.7608362500000004e-02 1.9498631599999999e-01 6.3356745199999996e-04 6.4454689600000004e-02 -1.0629994700000001e-01 -1.2852851300000001e-01 -1.9779669499999999e-01 4.3960440699999999e-02 -3.6556594999999997e-01 7.3747508000000003e-02 -3.5140185999999997e-02 7.9875509600000005e-02 1.1366358500000000e-01 7.1231722900000002e-02 -3.6426913700000002e-01 -3.3991952199999997e-01 1.1226150200000000e-01 3.5445450000000003e-02 8.8396567699999998e-02 -1.5475538699999999e-01 -6.7119881899999997e-02 1.6622077300000000e-02 1.7501291699999999e-01 -8.6599999799999994e-02 7.9199354000000000e-02 1.9488169699999999e-01 4.0086775300000002e-02 -1.4452450900000000e-01 -1.2210336600000000e-01 -3.4727803600000003e-02 1.0174125400000000e-01 -4.5330871799999999e-02
-7.7004071399999999e-02 -7.6039630600000005e-02 -2.7378972900000000e-02 9.8300533400000004e-03 -1.2417406400000001e-02 1.0676477600000001e-01 7.0738488599999996e-02 -1.1692163999999999e-01 2.7945854300000000e-02 -8.6076666699999999e-02 1.7305522400000001e-01 -4.5015427800000000e-02 2.2114451299999999e-01 1.3773091800000001e-01 -1.6673310999999999e-01 -2.8276127499999998e-01 1.0212899800000000e-01 -1.8672496199999999e-01 8.1599110599999997e-02 9.3919118999999995e-02 1.3165198600000000e-01 2.4986894199999998e-02 2.0442680099999999e-01 2.4014300199999999e-01 5.6506431599999997e-02 9.3931536899999994e-03 1.7055675300000001e-01 6.7127396000000006e-02 -1.2624327799999999e-01 1.6516926800000001e-01 -1.4793290000000001e-01 3.7074767699999997e-02 5.2927866499999998e-03 -7.1563299999999998e-03 1.6411528500000000e-01 -1.9146078599999999e-01 -1.5315977100000000e-01 -3.8414787399999997e-02 1.6350538500000000e-01 6.2350643599999997e-03 2.3151842000000000e-01 -2.5236767300000001e-01 9.8269954199999995e-02 1.8862697000000001e-02 2.9241653000000001e-01 -5.8282676800000002e-02 -1.0798721200000000e-01 4.0675508600000000e-02 -3.6896960899999998e-02 3.3706822900000000e-01
-2.5572570100000001e-02 -1.3002338399999999e-01 1.3870854599999999e-01 -1.3482505900000000e-01 1.8925946900000001e-01 3.0962370900000002e-01 8.1713458099999997e-02 1.3158322000000000e-01 1.5242260899999999e-01 -1.3211204200000000e-02 -2.2174788400000001e-01 1.7399692599999999e-03 1.0669352700000001e-02 1.1989023300000000e-01 -1.9400421300000001e-01 1.8115841599999999e-01 1.0200165500000000e-01 -1.2749300199999999e-01 -1.1758001300000000e-01 1.4211035699999999e-01 3.8870329300000001e-03 -1.5909729600000000e-01 -9.8505603100000005e-02 1.2520701700000000e-01 1.5380235300000000e-01 -1.7403482200000001e-01 -6.4481056199999998e-02 2.1212408499999999e-01 -8.7774085900000007e-02 2.7173407699999999e-02 -1.4609863400000000e-01 2.9097827000000000e-02 -2.1648713999999999e-02 5.7639268200000003e-02 -4.9332374800000002e-02 -2.4625091599999999e-01 3.4301831200000001e-02 7.6666882199999994e-02 -1.6167620799999999e-01 4.2768870600000002e-02 -1.3802398399999999e-01 7.4143029400000005e-02 -1.9380179400000000e-01 -9.0328932000000001e-02 -2.8180474500000002e-01 -2.4734845899999999e-01 -3.0751051500000001e-02 2.1859799599999999e-01 1.0800853200000000e-01 1.1642929000000000e-01
2.8432144999999999e-02 -1.5380342699999999e-01 4.7244504899999998e-02 8.3772392400000006e-02 2.9384677200000001e-02 -6.1405790100000003e-02 -2.3747802200000001e-01 -9.3029610600000007e-02 -3.1144442899999999e-02 9.6997585299999994e-02 -2.8274855900000001e-01 2.9518252499999997e-01 2.1187543600000000e-01 -3.2060914099999997e-02 -6.9515225299999995e-04 3.0606531600000000e-02 6.4301357700000006e-02 -4.2355348700000003e-02 1.8467917300000000e-01 7.1275218700000004e-03 1.6068804700000000e-01 -1.9752914399999999e-01 -2.1386241800000000e-01 2.1253868700000000e-01 -1.9611647400000001e-01 -9.2298520199999998e-02 2.2417228500000000e-01 -2.0858469900000001e-01 1.0716571599999999e-01 3.9247512499999998e-02 2.9176585400000000e-02 -1.6020331200000001e-02 -9.0844607800000005e-02 -2.1170027599999999e-01 1.7260555100000002e-02 1.9721745299999999e-01 6.0072076299999999e-02 -9.1786387699999999e-02 1.0721863800000000e-01 -2.6102508000000000e-03 9.8039492100000000e-02 -7.0551403700000001e-02 3.9487224299999998e-02 -1.6322821900000001e-01 -2.7303701400000002e-01 8.9269064499999995e-02 -2.1627506799999999e-01 -5.1477611499999999e-02 1.3808975900000001e-01 1.0943930800000000e-01
-1.9924351100000001e-01 6.1758962600000002e-02 5.2976395700000001e-03 7.4246624499999997e-02 -8.2318888899999998e-02 2.7425154000000000e-02 3.3836160900000001e-01 -1.6629984600000000e-01 -2.5324633899999999e-01 -1.9605565200000000e-01 -4.7396187300000003e-02 4.5635990899999999e-02 -2.6305886299999998e-01 3.1035718899999998e-02 -1.6818163400000000e-01 1.0428266999999999e-01 1.0769979100000000e-01 2.6466860399999997e-01 -1.8238691400000001e-01 3.9176338300000002e-02 -1.6164598799999999e-01 -2.0300319800000001e-02 -3.0184001500000002e-02 2.9765153300000000e-02 -2.6527000499999998e-01 1.3989380100000001e-01 1.0118689800000000e-01 -1.2111307500000000e-01 1.6210459799999999e-01 -2.3428448599999999e-02 -8.2057386999999996e-03 9.8137263799999999e-02 7.0285942300000001e-02 -1.3524061600000000e-02 1.2027712100000000e-01 -1.2547744699999999e-01 -2.2843218600000000e-02 -1.0417434499999999e-02 1.9870259800000001e-01 -6.3547488299999996e-02 -1.7170294300000000e-01 -2.9892930899999998e-01 -2.9155301500000001e-02 -2.2412570400000001e-01 -1.4272700099999999e-01 -4.6089736800000003e-02 -1.3254878100000001e-02 9.0248905000000004e-02 -8.3698474699999997e-02 4.0783420500000001e-02
2.9816702899999997e-01 -2.9277964600000001e-02 -1.7865350999999999e-01 -5.2950328800000002e-02 -5.8879830399999999e-02 2.6534486100000001e-02 1.3781203100000000e-01 4.3028335799999998e-02 2.1086930600000001e-02 2.4556914499999999e-02 2.3574828900000000e-01 9.5209803100000004e-02 1.0731580400000000e-01 6.7075782599999995e-02 2.2343123900000000e-01 -4.7662531299999998e-02 2.2445361899999999e-01 9.5534910799999997e-02 -2.8328807299999997e-01 4.9082693599999998e-02 2.3745937200000001e-02 -2.8034028500000002e-01 -1.0066106400000000e-02 -1.3630162400000001e-01 -1.5351314199999999e-01 -6.6241401699999994e-02 9.5820423599999996e-02 1.5447018700000001e-01 -5.6477748600000002e-02 -1.4862930599999999e-01 3.0419173800000001e-02 -3.0121044499999999e-02 -3.6211941500000000e-01 6.1690197600000003e-02 1.3690420900000001e-03 1.0762225500000000e-01 -1.2900236000000001e-01 -1.5777181400000001e-01 1.4666227200000001e-01 -5.8053279300000003e-02 2.8419287400000002e-03 1.9993609400000001e-01 1.9690143399999999e-02 -2.1162536100000001e-01 5.9123227000000000e-02 3.7848367700000003e-02 1.4014724700000000e-01 2.1936077900000001e-01 5.9687229400000000e-02 1.1896591199999999e-01
-3.3775767300000002e-02 1.2340114200000001e-01 -4.1360103400000001e-02 2.0904315600000001e-01 7.1267359399999994e-02 1.6094776999999999e-01 1.3113570099999999e-01 2.2823254200000000e-02 -4.8215386300000003e-02 1.6982495400000000e-01 -5.9391346999999997e-02 -8.7425642900000003e-02 1.5875176399999999e-01 -1.3501008700000000e-01 9.3412066699999994e-03 -5.2160103700000002e-02 -2.7980120399999999e-02 3.9921761600000001e-02 -9.8804072199999995e-02 7.8773479699999996e-02 2.9451940100000001e-01 6.4362176500000007e-02 -3.7475125499999998e-02 1.5495386300000000e-01 -3.1514160099999999e-01 -1.4732974800000001e-01 -9.7273514599999999e-02 3.6818257799999997e-02 -2.2491923400000000e-01 -1.2536804100000001e-01 -2.6136075100000001e-03 -2.4712743799999999e-02 1.4343082400000001e-01 3.3365271100000003e-02 -2.4888847800000000e-01 -1.8517081899999999e-02 -2.7073278000000001e-01 8.6189103000000003e-02 2.2859574999999999e-01 -2.9150770500000001e-01 -3.3499830600000002e-02 -7.7836538100000005e-02 -1.1214006800000000e-01 2.4150674799999999e-01 -4.7159925700000001e-02 -4.1892307099999998e-02 6.0872674000000002e-02 -7.6671040100000004e-02 1.5611023399999999e-01 -2.2270165300000000e-01
-5.2996415300000002e-02 1.8375961099999999e-01 1.1702307800000000e-01 -2.6999023399999999e-02 2.6277194100000002e-02 7.8624974700000003e-02 1.2327700599999999e-01 -3.3045017500000001e-01 1.4798269700000000e-01 1.2139232000000000e-01 -4.4765422499999999e-02 9.7095047700000006e-02 -7.4547072300000003e-02 1.8960665600000001e-01 2.8623627099999999e-01 8.2717031299999993e-02 3.8001000200000003e-02 -1.9686819800000002e-02 3.1581946499999999e-02 -2.7912190199999998e-01 8.9467862100000004e-02 4.1710677200000002e-03 -7.9913200500000003e-02 2.5688380899999998e-02 -7.1771332899999998e-02 1.7219904700000000e-02 -8.2474782799999993e-02 1.7090795300000000e-01 4.6618487000000000e-02 -1.3738036600000000e-01 6.8366011000000004e-02 -1.8191466000000001e-01 1.2972266199999999e-01 1.2482895900000000e-01 -1.7476505000000001e-01 -3.0168136000000001e-01 2.9971312900000002e-01 2.9369934099999998e-03 9.0752866599999996e-02 -1.2815093400000000e-02 2.8757563600000002e-01 1.8982684800000000e-02 2.8790876100000001e-01 -8.5705783699999996e-02 -3.6914257800000003e-02 -4.2122154199999998e-02 3.3950170500000001e-02 -6.0003475600000002e-02 1.6375361400000000e-02 9.8236291899999995e-02
3.8189389499999997e-02 1.1161552900000000e-01 -3.6843789900000000e-02 2.2200932300000002e-03 -1.5669005499999999e-01 -2.2802979899999999e-02 5.9419331600000000e-02 -2.5792722800000001e-01 -1.3230188500000001e-01 8.7099862299999997e-02 -7.2563960199999999e-02 -7.6047570999999994e-02 2.7703353900000000e-01 4.9355963199999998e-02 1.2332179900000000e-01 6.2937839499999995e-02 2.3918774600000001e-01 -3.1247213800000000e-02 1.8544838699999999e-01 -8.1860968800000003e-02 -1.3335416100000000e-01 -1.0629502300000000e-01 -1.6459158400000001e-01 2.1853952600000000e-02 -2.5374161700000002e-02 3.6394044300000000e-01 -1.2297295599999999e-01 2.0397619900000000e-01 5.6408307400000003e-02 -1.5512068800000001e-01 -2.0726388500000001e-01 1.3249162300000000e-01 1.0435178500000000e-01 -9.9284647700000006e-02 1.0659774499999999e-01 8.2797755099999995e-02 -1.7320644900000001e-01 3.2580357599999998e-01 -1.0244935400000001e-01 8.2941995899999996e-02 -6.9406093099999996e-02 1.5186332299999999e-01 -1.8937988800000000e-01 6.2271403900000001e-02 1.0101290100000000e-01 -2.3294453999999999e-02 -2.1430876500000001e-01 6.3684522100000002e-02 2.4556581300000001e-02 -1.2030582800000000e-02
1.7326544300000000e-02 -7.0345757999999994e-02 -1.9211063099999998e-02 -1.7882173300000001e-01 -1.5635328500000001e-01 2.2080018800000001e-01 -2.3284582300000001e-01 -4.0435746200000000e-01 -1.2508831200000001e-01 -2.0628676200000001e-01 -8.2834665399999993e-02 -2.2099479599999999e-02 -2.6893700800000001e-03 4.5922756900000000e-02 1.3193840200000001e-01 5.0057386500000002e-02 -1.5884418800000000e-01 -5.1544015300000003e-02 2.0111007900000000e-01 -2.2351565100000002e-02 1.0428705900000000e-02 1.2426127900000000e-01 2.9183067499999998e-01 -8.3744156099999995e-02 -6.4593594099999999e-02 -1.9970747999999999e-01 1.6766197000000000e-02 -5.4970722899999998e-02 -4.1536320699999997e-02 -1.6760222999999999e-01 -2.4143614899999999e-02 -1.9051318400000000e-01 5.0332292799999998e-02 -1.3897330499999999e-01 1.1324928499999999e-02 2.6978092900000000e-02 -9.4664940000000003e-02 -1.3971804299999999e-01 -6.9743455999999995e-02 -5.8036636000000003e-02 -2.0953392600000001e-01 -4.1826502400000000e-02 -9.5796935599999997e-03 2.9726135300000001e-02 7.3159686699999999e-03 -3.6468839000000003e-02 1.1859971699999999e-01 3.9285215099999998e-01 1.1829384699999999e-01 -5.8878759400000001e-02
1.6615213899999998e-02 -1.1547515100000000e-01 -3.6673501999999997e-02 -6.0945269200000001e-03 -5.6571171500000003e-02 1.1421116100000001e-01 1.3765936900000000e-01 3.6478750499999997e-02 -2.2694467300000001e-01 7.7036498400000000e-02 8.2061214199999996e-02 6.5687576399999998e-03 7.6043213900000003e-02 4.1917723800000001e-01 -4.8809215699999998e-02 7.0606199900000001e-03 -5.0919381800000003e-02 -1.1120897200000000e-01 1.4161598400000000e-01 -1.1705414000000000e-01 1.5614888699999999e-01 4.3129901599999999e-02 1.9178412200000002e-02 -4.3653986800000003e-02 -1.1264731800000000e-01 -4.1087800100000002e-02 -1.1572945800000000e-02 1.3447801300000001e-01 3.3896448499999998e-01 8.6096950899999997e-02 7.8186693799999998e-02 -1.8307600100000002e-02 2.2822426999999999e-02 7.5315487400000006e-02 -1.1622396300000000e-01 1.3618848300000000e-01 -1.7645744999999999e-01 -2.4014601699999999e-01 -2.3950658599999999e-01 -7.9287224599999997e-02 -1.7378178699999999e-01 3.1265446299999999e-02 -9.4192248600000000e-02 -8.8748066700000006e-03 -7.5177715300000003e-02 -1.4302400100000001e-01 1.2152300500000000e-01 -3.8491484399999998e-01 -1.5760956900000000e-01 1.3055681999999999e-01
1.7388463500000001e-01 6.9753965400000006e-02 -1.0771203200000000e-01 1.1646177500000000e-01 -3.8062828799999998e-01 -8.6420183700000007e-03 -1.0610900600000001e-01 7.8362529599999994e-02 -9.6970994399999996e-02 1.8632992500000001e-01 5.4765807399999998e-02 -1.1262232599999999e-01 -1.7747008700000000e-01 -6.9769743499999995e-02 6.6035129100000006e-02 -2.6030667200000002e-01 4.0343933800000002e-02 -2.4927303700000000e-02 1.5124830900000000e-01 4.8829417399999998e-02 -1.1038510600000000e-01 1.6696393199999999e-03 -8.8707994900000003e-02 3.8324666700000000e-04 2.5732210400000001e-04 -2.8373449899999997e-01 -4.7830506600000003e-02 3.1724098800000003e-02 1.3527049299999999e-01 1.8227108400000000e-01 -1.5529361000000000e-01 2.0370146100000000e-01 7.4207553100000004e-02 -3.7392598999999999e-02 -2.3371167100000001e-01 -3.2484643899999999e-01 -1.5123996700000000e-02 7.4165906300000001e-02 -1.5391740300000001e-01 -1.3920895899999999e-01 5.5682559800000003e-02 -5.9122435299999998e-02 -4.4380700900000000e-02 -2.3427496800000000e-01 -1.0332812299999999e-01 2.3770987199999999e-01 -5.4907004800000001e-03 1.0699585300000000e-01 3.2955591600000000e-02 3.9333868299999998e-02
-2.0908207000000001e-01 -6.7795869300000006e-02 -2.2424868900000000e-01 -4.3501784699999997e-02 1.5990066800000000e-01 8.4490968799999996e-02 1.4490543800000000e-01 5.9463440700000002e-02 -1.7000331199999999e-01 -1.4272855200000001e-01 -1.4484545400000001e-01 -2.5342844900000001e-03 -2.6134360900000000e-02 -7.8251930299999994e-02 2.0490781100000000e-01 -1.2322248200000000e-02 -2.9553305900000000e-02 -2.4203590800000001e-02 -6.9594139499999999e-02 -6.9516550499999996e-02 2.0586432199999999e-01 1.7144567700000000e-03 1.3648158900000000e-02 -2.2515329400000000e-01 -2.4807587400000000e-01 -2.2008289900000000e-01 4.9601810800000000e-02 -2.1443472899999999e-01 -1.3672466000000000e-01 1.0074677400000000e-01 -1.9255200500000000e-01 8.2385051999999993e-03 6.1534763899999997e-04 -4.2936858600000002e-02 -3.0034578900000001e-02 -9.0050217599999996e-02 -4.2077225900000001e-02 1.6528672699999999e-01 -2.3705922099999999e-01 2.6087597499999998e-01 8.7046302000000006e-02 1.9537206900000001e-01 5.6775832900000003e-02 -2.3455385700000000e-01 2.3363856799999999e-01 -7.5589537900000003e-02 -2.1042638699999999e-01 -1.1069311300000000e-01 -7.6047042900000000e-02 -5.8784052800000000e-02
4.8500786900000002e-02 -1.6741727800000000e-01 1.4453352500000000e-01 6.8302007600000006e-02 8.6722630300000002e-03 2.3116532700000001e-03 1.1159671600000000e-01 3.9642602399999997e-02 1.0364070300000000e-01 1.1955891100000000e-01 4.0267639000000001e-02 9.8623321299999997e-02 -1.1578457900000000e-01 -2.6066788299999999e-01 3.0829517600000000e-01 -1.5300641100000001e-01 4.5366376499999996e-03 9.1646720400000006e-02 4.9542015299999999e-02 1.6265477399999999e-02 1.1631509600000001e-01 1.0396967000000000e-01 2.2148601700000001e-01 -3.6041637699999997e-02 2.7987446100000000e-02 1.2220182000000000e-01 -1.4350277200000000e-01 -1.6609686200000001e-01 2.1595656799999999e-01 1.1049636200000000e-01 1.2994669500000000e-01 -5.8945261000000002e-03 1.5866914300000001e-01 1.3934714700000000e-01 5.2700865699999997e-03 8.7920751599999999e-02 -7.2385700700000003e-03 9.9885938899999999e-02 6.9111620499999998e-02 6.5425551100000007e-02 -6.9857648800000005e-02 1.3512735200000001e-02 -2.7158311499999999e-01 -7.9129072999999994e-02 3.1398893800000001e-02 -2.7831061600000001e-01 -3.2781832800000001e-02 5.7524502999999998e-02 3.2337743200000002e-01 3.5262859000000002e-01
3.7196021500000002e-02 2.9024599400000001e-01 5.8899490700000001e-02 2.0305826399999999e-01 -3.6582468899999998e-02 8.8011660699999994e-02 -5.7302940400000002e-02 -1.9904182700000000e-01 -9.4599633700000005e-02 -7.0615382599999998e-02 -1.8576720599999999e-02 -4.7092958999999997e-02 2.4394059200000001e-01 -5.1341444000000000e-02 1.6008428699999999e-01 -8.8998340999999995e-02 -2.2663935800000001e-01 -9.4762296800000007e-02 -3.2062689900000002e-01 3.3583300399999999e-01 3.5229742600000002e-02 -2.2719874700000000e-02 7.6694838599999995e-02 -4.0843262900000003e-02 8.3040434699999999e-02 -4.5205733200000001e-02 3.7256234700000002e-02 1.3641367200000001e-01 1.6625220900000001e-01 7.4004289799999998e-02 7.7296254400000000e-02 5.9873540699999998e-02 -3.2241161099999999e-02 -1.5128285899999999e-01 -1.4414491400000001e-01 5.3873126100000002e-02 2.6729366500000001e-01 -6.3191080799999994e-02 6.0337486900000001e-02 2.6750937100000000e-01 4.6657498100000000e-02 -6.0978890399999999e-02 -2.5164678800000001e-01 -1.4750388900000000e-02 -5.4855294999999998e-02 -9.9137600500000006e-02 -5.3368304300000002e-02 -1.8105977900000000e-02 -2.5340331100000002e-01 -2.7098540500000001e-02
5.8372334200000001e-02 -1.2811970700000000e-02 -1.2076584600000000e-01 1.3792873200000000e-01 -2.0896777000000000e-01 1.3375865800000000e-01 -1.6180215300000000e-01 -6.2046231099999998e-03 -2.1092734399999999e-01 -1.1698559700000000e-01 1.5404769600000001e-01 7.5429369199999999e-02 8.7607442599999998e-03 -1.3702362900000001e-02 -3.3462731299999998e-01 8.3610227600000003e-02 1.9320912800000001e-01 1.1945195300000000e-01 1.2016291500000000e-01 6.3814367100000005e-02 5.6472811899999998e-03 -6.0844893300000001e-02 1.1444409000000000e-01 -1.4615990200000001e-01 9.0088395700000004e-02 -2.3071209300000001e-01 -1.2687967100000000e-01 -3.5922740199999997e-02 9.3475737599999997e-02 -2.3610290100000000e-01 -7.5506115400000004e-02 5.2159150500000001e-02 -2.8679007400000001e-02 2.5583082699999998e-01 -5.6891178899999999e-02 1.1366772600000000e-01 1.7993185200000000e-01 1.5526157300000001e-01 1.6012636299999999e-01 1.5933451600000001e-01 2.0975733599999999e-01 3.9007871899999998e-02 1.2465863400000000e-01 7.0189125199999994e-02 -4.5095136299999998e-02 -3.0182187900000002e-01 -7.0048171699999995e-02 -1.4522849600000001e-01 1.7076135300000000e-01 -6.3738360600000002e-02
1.9444341700000001e-01 -3.3811980799999999e-03 -6.6918118600000007e-02 -1.3594431600000001e-01 1.4405407800000000e-01 -2.6610041699999998e-01 2.6011057599999998e-01 -1.1035015700000000e-01 -8.9541118899999994e-02 1.2374194199999999e-01 1.8509882400000000e-01 -7.5512622900000007e-02 1.6234302300000000e-01 2.3255559900000000e-02 -8.9841754199999999e-02 1.5872020200000000e-01 -1.1517980200000000e-01 -8.9266809700000005e-02 2.6257384200000000e-01 3.9302325400000001e-03 1.1428694100000000e-01 2.7856270799999999e-02 -1.8265017400000000e-01 -1.2853871000000000e-01 -1.4933656300000001e-02 -1.1746884700000000e-01 7.2983183899999998e-02 9.6221534900000003e-03 -1.0330068300000000e-01 2.5174896600000002e-01 1.4582150099999999e-01 2.2974444699999999e-01 1.8358312900000001e-01 7.3849286400000005e-02 8.3642648799999997e-02 4.5267527799999999e-02 1.9531346999999999e-01 -6.5011647699999994e-02 8.3775333899999999e-02 -3.8033989100000002e-03 3.5571303100000000e-02 -8.3474349599999997e-02 -4.8760670300000003e-02 -1.4493956699999999e-01 3.4069687199999997e-02 -2.2321406499999999e-01 5.2968976399999999e-02 2.6866021699999998e-01 7.0626689500000006e-02 -2.5047200800000002e-01
1.4222574900000001e-01 -9.1071712200000002e-02 5.6259301999999997e-02 1.6597786700000000e-01 -1.6635183800000000e-01 -2.3213299000000001e-01 3.7456488500000003e-02 -1.9412685100000000e-02 1.3017387399999999e-01 -1.3726794500000000e-02 -2.5660693200000001e-02 3.1615462999999999e-01 -2.1921729200000001e-01 9.5847437499999993e-02 -1.2112786900000000e-01 -2.9604213800000001e-02 -2.1403718799999999e-01 2.1139207399999999e-02 9.8384673000000006e-02 1.5453732900000000e-01 1.3033777299999999e-01 -2.9358020200000001e-01 7.1987745400000002e-03 3.7989454600000000e-02 -1.7784994400000001e-01 9.8789843700000005e-02 3.0844902300000001e-02 4.1657566700000002e-02 -5.6410074400000003e-02 -8.5622784199999996e-02 -1.9230909700000000e-02 -7.1709869600000004e-02 5.2364360399999997e-02 2.0488550300000000e-01 -1.6705175500000000e-01 -1.9183828500000000e-01 -2.3910037700000001e-02 -1.4315619399999999e-01 -1.0063644300000001e-01 1.6154620200000000e-01 -1.6474249399999999e-01 4.2491553000000001e-02 -4.9670309000000003e-02 2.3209481300000001e-01 2.3032106999999999e-01 -3.4436879199999999e-02 -2.7333687499999998e-01 1.4307809099999999e-01 -1.1727369999999999e-01 -8.4398386899999997e-02
4.1770368900000000e-02 -9.3872932300000003e-02 2.7377329100000000e-02 9.7531044200000000e-02 1.6794533600000000e-01 -9.5755195200000004e-02 -2.8750453100000001e-01 8.9928870199999997e-02 9.9816080100000003e-03 -2.2976047699999999e-01 1.4743367800000001e-01 -1.4789562300000000e-01 -1.4599730999999999e-01 1.4918095700000000e-01 6.7287556499999998e-02 -2.7055182300000002e-01 2.2480045600000001e-01 2.2130805300000000e-01 2.5311005800000000e-03 -1.5131754700000000e-01 2.5827161999999998e-01 -3.4199641599999997e-02 9.8400423499999997e-03 1.1684852200000000e-01 -2.4047911399999999e-01 -1.3681149900000000e-02 3.7105637899999999e-03 2.3123000299999999e-01 -2.7420015799999999e-02 7.6431950899999998e-04 9.9690275900000000e-02 1.9968078700000000e-01 1.5422147899999999e-01 -2.6663982600000002e-01 1.2917049200000000e-01 -4.8417046200000001e-02 2.1670239499999999e-01 8.9110598200000002e-02 -2.9854850200000001e-02 1.0855462800000000e-01 -1.3855464700000000e-01 8.0955799900000000e-02 2.1960298400000001e-02 1.3179817199999999e-01 -1.1297496500000000e-01 -1.0777442000000000e-01 9.9229467799999999e-02 6.6471599500000006e-02 -5.3546787999999998e-02 -2.3707687700000001e-02
-1.0757609899999999e-02 -1.3438961099999999e-01 -4.7594243199999997e-02 -2.4408100999999999e-01 -5.8797955100000000e-02 2.0904664600000000e-01 -1.1804847000000000e-01 5.9019653399999997e-02 6.2013715200000000e-02 2.1904740100000000e-01 -1.9256986700000001e-01 8.7300713899999993e-02 1.3696871200000000e-02 1.2681108299999999e-01 -7.6738130200000004e-02 -2.5540383600000000e-01 -1.2923552399999999e-01 1.1424267400000000e-01 2.5626137399999999e-02 1.1859612900000000e-02 -1.5645145999999999e-01 -9.9984559500000000e-02 2.7633393600000000e-02 9.1145215000000002e-02 6.1401478799999999e-02 -4.1909576599999998e-02 -1.8250001799999999e-02 2.4928638699999998e-02 -3.6827350100000003e-02 -1.5588811100000000e-01 2.3456412600000001e-01 7.1415753400000004e-02 2.6040383000000000e-01 -2.1814432599999999e-02 8.1144386400000004e-02 -3.6487234299999997e-02 -3.6422444300000002e-02 5.4547584800000000e-02 3.5242125699999999e-01 8.3061865700000001e-02 -7.4623420800000007e-02 1.4635872000000000e-01 -1.0038480499999999e-01 -3.3523895900000000e-01 2.2915030300000000e-01 -2.6369830800000001e-02 4.9403389499999999e-02 -1.4583857600000000e-01 -1.6642914900000000e-01 -1.9865128600000001e-01
-5.4169065299999996e-03 -1.9939195500000001e-01 -1.9335214900000000e-01 -8.4596178300000005e-02 2.5229655300000001e-02 -1.0966527000000000e-01 7.6462548699999994e-02 1.9611304800000001e-01 -2.5603337900000001e-01 -1.0602039900000000e-01 1.7903112600000000e-03 2.6737228400000002e-01 1.2047611000000000e-01 -4.3025621900000003e-03 -5.4420588600000000e-02 1.5366093399999999e-02 -7.6584711599999994e-02 6.5601097600000002e-03 -1.7311500399999999e-01 -5.4966787500000003e-02 8.7236262499999995e-02 -1.6587591900000000e-02 7.0606227500000004e-03 2.1462273400000001e-01 1.0563599400000000e-01 1.0628158400000000e-01 -1.3197431500000001e-01 7.5791094599999997e-02 3.3852873800000000e-01 -5.9694965900000001e-02 2.4026851299999999e-02 -2.3439857000000000e-01 5.0152299099999999e-02 -2.2680863700000001e-01 -4.6601099600000001e-02 -1.5895181200000000e-01 7.3605333199999998e-02 1.2137979500000000e-01 -1.2010980600000000e-01 -6.5563121599999996e-02 2.8397043100000002e-01 -9.4369549900000002e-02 -1.1000675400000000e-01 3.2308505000000001e-02 1.6276460200000001e-01 4.9917425600000002e-02 1.9047813599999999e-01 1.7693958600000001e-01 1.5145657600000001e-01 -1.9497591900000000e-01
-2.3192559200000001e-01 -4.0480096500000000e-02 9.6918204300000005e-02 -1.8743989600000000e-02 1.4637671599999999e-01 -1.3863787900000001e-03 1.0361629200000000e-02 1.3140027100000001e-01 -1.4794575300000001e-01 3.1424300500000002e-01 1.7356207500000001e-01 -1.0911246300000001e-01 -3.0213930399999998e-02 2.4819877200000001e-01 -2.0681727600000001e-03 -1.5037240099999999e-01 -2.0199046800000001e-01 -3.7303055900000000e-02 -1.3008455399999999e-01 -8.1252326499999999e-02 -7.7018343099999997e-02 -3.5950941500000000e-02 9.5744461399999994e-02 -2.1999017500000001e-01 2.8653780699999999e-02 -3.0772481500000001e-02 2.8122577900000001e-01 1.0856111500000000e-01 5.4501462299999998e-02 -2.6395827700000002e-01 -5.4867855299999997e-02 2.6804599900000000e-02 -2.4204619800000000e-02 -5.5763862900000002e-02 -4.0611731999999998e-02 7.8102450399999995e-02 1.7765409700000001e-01 8.0975149400000002e-02 -8.8583121500000004e-03 -5.6173012799999998e-02 -1.0200950000000000e-01 -1.4789211499999999e-01 3.0951009899999999e-03 4.5868188999999997e-02 1.0293635200000000e-02 1.2284164100000000e-01 -3.5847602600000000e-01 9.0644684399999995e-02 3.3100893900000000e-01 -6.2000974699999998e-03
-1.2128833300000001e-02 -5.6740250899999997e-02 -5.9941016600000001e-02 -7.0402823399999995e-02 -6.2888320400000003e-02 1.8760057799999999e-01 -6.2107789500000003e-02 1.4123973600000000e-01 -2.4886259099999999e-01 -1.0516088100000000e-01 2.0743891699999999e-02 -2.3896764300000001e-01 -7.1942502600000000e-02 -2.4728565499999998e-03 1.9455122999999999e-01 8.5842818299999998e-02 -1.4205192500000000e-01 1.1545214099999999e-01 1.3257639900000001e-01 -1.4943610800000001e-01 1.4047626599999999e-01 -2.3223349800000001e-01 -1.1980230300000000e-01 -1.3025201700000001e-02 2.2589987000000000e-01 3.1106250800000002e-01 9.3074584700000004e-02 -1.8328679800000000e-01 -1.7251508600000001e-01 -8.1116733400000002e-02 -1.6310429099999999e-02 1.6133578200000001e-01 -3.3631782399999997e-02 5.4121237899999999e-03 -1.0178301500000000e-01 -2.1602924000000001e-01 -3.7271547600000003e-02 -3.3532431499999998e-01 1.5314092600000001e-01 7.2230071000000007e-02 2.1628453400000000e-01 9.1136971099999992e-03 -2.1860098600000000e-01 1.1543105800000000e-01 -1.3051177600000000e-01 -2.7001891800000000e-02 -1.2185507599999999e-02 -2.8047038900000001e-02 4.1807690400000000e-02 2.8369062800000001e-02
3.9107086300000003e-02 1.2150853600000000e-01 -1.2279651799999999e-01 -2.3480857099999999e-01 -1.7441571600000000e-01 -1.9390308000000001e-01 3.9656341800000001e-02 1.4165475699999999e-01 -7.9061368000000007e-02 -4.3113348600000000e-03 -6.6862140099999995e-02 -1.3467122900000000e-02 1.7598549099999999e-01 6.2822030299999998e-02 6.2971930000000004e-03 -1.3520949600000001e-01 -2.3254630900000001e-01 9.3143926299999999e-02 -2.5617735900000001e-02 7.5187404300000003e-03 -5.7523820099999998e-02 4.0340309400000003e-02 2.6884063600000002e-01 1.6019221400000000e-01 -2.3114364500000001e-01 4.7009629599999998e-02 -1.3475725600000000e-02 -5.1808417199999998e-02 -1.8059986500000000e-01 -4.4524337999999997e-02 -9.6740547699999999e-02 -1.1041947800000000e-01 3.2082160899999997e-02 2.3937166900000001e-01 2.3797550400000000e-01 3.5399149200000001e-03 2.2033133499999999e-01 8.4969691000000000e-02 -9.9302259599999998e-02 -2.1942872499999999e-01 1.4878864500000000e-01 1.7653403200000001e-01 -1.1440263100000000e-01 1.7435451500000001e-02 -3.6095285599999999e-01 -7.4240625300000002e-02 -9.9804674900000001e-02 1.2697245100000001e-02 -1.4416187699999999e-01 1.2859067099999999e-01
3.6044538500000001e-02 1.2092713300000001e-01 -1.6324162800000000e-01 -9.7666085599999994e-02 -3.1960132199999998e-02 1.5432799200000000e-01 4.4493758100000003e-02 -2.4951397300000001e-02 -1.0724521600000000e-01 8.5419483199999993e-02 -7.2600761400000005e-02 -5.1447333900000003e-02 1.1863028000000000e-01 -5.3121517100000000e-03 4.9645555899999999e-02 9.2925624400000004e-02 -1.6454887400000001e-01 5.4038183699999999e-02 -1.4586126399999999e-01 1.0621455100000000e-01 8.1752376299999999e-02 -9.3737127200000006e-02 -2.8397866200000000e-02 2.3138729499999999e-01 -9.4004401699999995e-04 -5.8623059499999998e-02 -3.9613161100000002e-02 -1.0881035100000000e-01 2.0986988300000001e-01 9.3104401599999997e-02 1.3568672700000001e-01 2.7408343600000001e-01 7.7284855400000005e-02 1.8590531199999999e-01 2.3482644000000000e-01 -1.0580372100000000e-01 2.7709960799999999e-02 -3.8313071099999999e-03 -5.0002842200000001e-02 2.0939677900000001e-01 -2.3150754800000001e-01 1.4054126400000000e-01 3.7507216399999999e-01 2.5548502800000000e-01 4.2895973499999997e-02 2.3579048599999999e-01 7.0280261799999993e-02 1.9645938900000000e-02 2.5186379500000000e-01 1.1649698700000000e-01
1.9506199399999999e-01 1.6161515000000001e-01 8.4443503400000001e-03 -1.4911129500000000e-01 1.1416184700000000e-02 -2.0760792000000000e-01 1.6059220900000001e-01 4.9615333499999997e-02 -5.0213203700000000e-02 -1.1447123700000000e-01 -3.4927117800000002e-01 8.3445581000000005e-02 1.0526141700000000e-02 3.2994931300000002e-02 5.4883426400000003e-03 -1.2670454300000000e-01 1.0722486900000000e-01 4.3470919300000001e-02 8.5699894499999998e-02 -1.9434621700000002e-02 4.2240385499999998e-02 1.2045193300000000e-01 2.1709377399999999e-01 -1.9182483000000000e-02 1.0920778600000000e-01 6.6359819900000004e-03 2.3109146500000000e-01 1.3242855900000000e-01 -1.5737008999999999e-01 -2.0809915000000001e-01 2.5539783300000002e-01 1.9244857500000001e-01 -9.9681537200000003e-02 5.3732055700000003e-02 -1.9804042999999999e-01 -1.2644046799999999e-02 -1.7862424900000001e-01 1.2446301500000000e-01 -1.6371415800000000e-01 2.7509190900000002e-01 4.4924925900000003e-02 -2.7705474800000002e-01 1.9136878000000000e-02 -3.0318783400000000e-02 -1.0958925700000000e-01 4.9974925300000000e-02 1.2062722500000000e-01 -1.0358369100000001e-01 1.4146552600000001e-01 9.6300285400000001e-03
7.9123559800000007e-02 1.3404094899999999e-01 -7.2895321400000004e-02 -1.0839032799999999e-01 1.8454738500000001e-01 1.6607275599999999e-02 -7.0864857500000003e-02 -5.2179874299999998e-02 4.8318083400000003e-02 1.1637351300000000e-01 1.8512955100000000e-01 3.6317596799999997e-02 -9.6050361400000006e-02 -2.2745406600000001e-01 1.4466572200000000e-01 8.2333697799999994e-03 -2.3387329700000001e-01 2.0553720700000000e-01 5.6134176500000001e-02 -2.1826373800000000e-02 -1.6069856399999999e-01 -2.4435102900000000e-01 -1.3278663399999999e-01 1.6666081699999999e-01 6.8482682700000005e-02 -1.9566459500000000e-01 1.7432767399999999e-01 1.5482571299999999e-02 1.2126203300000001e-01 -1.7867138699999999e-01 -4.6882146399999998e-02 1.8182127600000000e-02 -1.2928750600000000e-02 -9.5099072800000004e-02 9.3728399500000004e-02 2.0898108399999998e-03 -2.3009931200000000e-01 1.1661482700000000e-01 -2.1953824699999999e-01 -9.2873095099999997e-02 6.3503874599999996e-02 -2.2134141299999999e-01 1.1950785000000000e-01 8.3442122899999999e-02 1.4822939400000000e-02 -4.1029028600000000e-01 1.4162647500000000e-02 -7.3737387200000004e-02 -1.8155779699999999e-01 7.8357452899999999e-02
1.3079747899999999e-01 -2.2850995700000001e-01 -1.8765254100000001e-01 -1.8084950399999999e-01 -3.7410542599999999e-02 -4.7030382699999998e-02 1.2822751499999999e-01 -1.6816451900000001e-01 -4.1167439900000003e-03 1.4153559099999999e-01 1.9310862100000001e-01 -1.4288147800000001e-01 -1.2294756499999999e-01 -8.2445541899999995e-03 -5.6735895900000000e-02 1.3451787400000001e-01 5.1135643699999997e-02 -9.9733360699999996e-02 -5.0355989200000000e-02 6.4982438200000006e-02 2.7047085700000001e-01 -9.5186365300000006e-02 1.1631029499999999e-01 -1.7916093500000001e-02 1.6764363500000001e-01 -1.2994617300000001e-02 -1.2104946900000001e-01 -1.6123551999999999e-01 -3.8981361600000000e-02 -5.9289729399999998e-02 2.3342400699999999e-01 -1.3975267899999999e-01 -1.8936258599999999e-02 -2.0162474599999999e-01 -1.1813250800000000e-01 -4.0538583199999999e-02 -2.7044863400000001e-02 3.4891823999999999e-01 1.1286418300000001e-01 3.8918151800000002e-02 -1.0716354000000000e-01 -5.2148546400000002e-02 4.4273281499999997e-02 6.9368124800000000e-02 -2.4236105399999999e-01 1.6136323000000000e-01 -1.9606735900000000e-01 -2.7864254299999999e-02 -2.9176743100000002e-01 1.1563534900000000e-01
-1.6948939399999999e-01 1.0695811700000001e-01 2.2523074300000001e-01 2.7770681900000000e-02 9.7156137500000003e-02 -5.9788764600000002e-02 -1.8320455199999999e-01 5.0353249500000002e-02 -1.5096272299999999e-01 7.2673630700000005e-02 1.2588315800000000e-01 2.2239484000000001e-01 3.9807853700000000e-02 1.8401923800000000e-01 1.5111769200000000e-01 1.5036975499999999e-01 6.8663527799999999e-02 -6.1090426599999997e-02 3.0293099899999999e-02 7.9765434400000002e-02 -1.6741816900000001e-01 -3.4308351300000001e-01 2.6279693100000001e-01 -2.1999508800000001e-01 -1.0783419399999999e-01 -8.2263112299999996e-02 -1.9359316600000001e-01 -2.0874074499999999e-02 -1.0230098700000000e-01 2.6370427099999999e-01 2.0081845300000001e-01 2.1198898300000001e-02 5.9557735100000002e-02 -2.5277234799999998e-04 1.6450582899999999e-01 -1.6610786999999999e-01 -2.6954273099999998e-01 1.1693554200000000e-01 2.2948744399999998e-02 4.2403235599999999e-02 1.6602478700000001e-01 -8.2983046500000004e-02 -5.7578505400000000e-02 8.3058297700000006e-02 -1.2801508500000000e-01 8.4133783000000004e-02 7.5966313199999996e-02 -2.2211230400000000e-02 2.8231083000000001e-02 -8.2992469499999999e-02
1.7255556900000000e-02 3.5116685900000000e-02 1.5186072700000000e-01 5.8653167800000003e-02 2.1064713099999999e-01 1.9839470100000001e-01 -3.9098952700000002e-02 1.7336735800000000e-01 -2.1174392200000000e-01 -5.8930689900000000e-02 1.8383630500000001e-01 4.8412011900000003e-02 4.3500611400000000e-02 4.2451160199999997e-02 5.4177188699999997e-02 -1.8617043199999999e-02 1.4723113100000001e-02 -1.7540426000000001e-01 1.7621188600000001e-01 6.9199796399999998e-03 -1.9123977300000000e-01 1.8319471100000001e-01 -1.0816022400000000e-01 2.8156903200000000e-01 -1.8931011700000000e-01 3.9416568200000002e-02 -1.9490272100000000e-01 -2.1311103400000000e-01 -5.5810967599999997e-02 -2.1373036600000000e-01 2.8025394700000000e-01 1.2813084799999999e-01 -1.9870955600000001e-01 1.5871022800000001e-01 -1.9562149000000001e-01 5.3397433699999997e-02 7.8933709199999993e-02 9.0998288499999996e-02 -8.4624687800000001e-02 3.8606888499999999e-02 4.9553672199999996e-03 -2.6400929100000001e-02 9.5100496200000006e-03 -7.1444819600000001e-02 1.0877323799999999e-01 5.7283261900000000e-02 -7.6550740300000003e-02 2.5691192800000001e-01 -2.1677823800000001e-01 9.2939641500000003e-02
2.6735585300000000e-02 -8.6816356700000000e-02 -9.1155535600000004e-02 -2.2000910900000001e-01 1.6338587500000001e-01 -8.9337457999999995e-02 -4.1689439900000000e-02 8.5669859299999998e-02 -7.0313110600000006e-02 -5.6238954200000003e-02 2.0707615400000001e-02 2.2401789200000000e-01 -1.5435417500000001e-01 1.0291946100000000e-01 3.5027175999999999e-01 2.2988936500000001e-01 7.0786394500000002e-02 1.1842933500000000e-01 8.4578646199999996e-02 3.0133377900000002e-01 1.1308407600000001e-02 2.9751691400000002e-01 3.3701894699999999e-02 1.0904765399999999e-01 8.2542011400000004e-02 -1.3459474900000001e-01 -9.7948064799999998e-02 2.4174744900000000e-01 4.5342486299999998e-02 -2.9911955600000002e-02 -3.0496431600000001e-01 1.8333715800000000e-01 8.0756306999999999e-02 5.3042616700000003e-02 -1.4669156600000000e-02 8.5853861500000003e-02 -1.8083773899999999e-02 -1.1627825999999999e-01 2.4403018000000001e-01 -3.3576091000000002e-02 1.4537915000000000e-02 -7.6136180200000000e-02 -2.3562340899999999e-02 7.3138172700000004e-02 -4.7571481900000002e-03 1.4596524100000000e-01 -2.0383043100000001e-01 -7.8482382300000000e-02 -9.4762969799999999e-02 -6.0252173699999996e-03
6.0506295299999999e-02 -2.0628754999999999e-01 -1.7814428600000001e-01 1.7392976399999999e-01 1.5906589900000001e-01 -1.7149064600000000e-01 -1.8449150800000000e-01 -1.8782238500000001e-01 5.2055321799999998e-02 -4.2381403400000003e-02 -2.3755581300000000e-01 -6.7874677800000005e-02 8.5295645199999996e-03 1.5067035900000000e-01 -6.5047046100000006e-02 1.2755039300000001e-01 -3.3792940500000002e-01 1.8271094299999999e-02 -6.1961191100000000e-02 -6.2734845200000000e-02 -4.1866748099999997e-02 -5.1449252899999999e-02 2.2169781400000001e-02 -1.4269913200000001e-01 -7.5385925100000001e-02 3.8537663600000001e-02 -2.4038509799999999e-01 2.7546567000000001e-02 -4.9568921000000002e-02 -3.4823048699999998e-02 -5.9479099799999997e-02 3.2279710900000003e-01 -2.5881824700000000e-01 2.1123899599999999e-02 -5.5294669700000000e-02 -6.6147993000000002e-02 7.0723774300000000e-02 1.9296998900000001e-01 9.2865066199999999e-02 -2.2295197899999999e-01 8.5500961599999994e-03 -1.0336969400000000e-01 -7.4844131300000005e-02 -4.5691675899999999e-02 1.6894809099999999e-01 -1.2100712000000000e-02 1.7133500600000001e-01 -8.0205676899999995e-02 3.6984301400000003e-02 2.7302752800000002e-01
-9.7330871499999999e-02 -3.3653051499999997e-01 -1.0463536400000001e-02 -1.4342044500000001e-01 1.0860277500000000e-01 1.2371209000000000e-01 -3.5765817499999998e-02 -1.4525500999999999e-01 8.2447164000000003e-02 -8.2513792000000002e-02 5.2966152099999997e-02 -1.5780575899999999e-01 9.8766176400000003e-02 -4.0163283500000002e-01 -1.1867664500000000e-01 5.0558822099999998e-02 2.0592032199999999e-02 6.1278668900000000e-02 7.0568718200000003e-03 9.1514406800000003e-02 -1.1141363100000000e-01 -1.2925942700000001e-01 1.1590104499999999e-01 -9.8083411999999995e-02 -2.5743587299999998e-01 9.9297747699999994e-02 5.5997421200000001e-02 3.1883277100000001e-01 1.0565900200000000e-01 -2.6042795600000002e-02 1.6906032900000001e-01 1.2417915600000000e-01 1.9550719200000000e-01 1.8714228499999999e-01 -1.4651773600000001e-01 5.3271843600000000e-02 1.1755636300000000e-02 -1.3333760300000000e-01 -1.9406445700000000e-01 -4.5368056499999997e-02 2.3286568499999999e-01 -2.1104683600000000e-02 1.0206365100000000e-02 -2.0090528400000002e-02 -4.5404021400000001e-02 2.3261747099999999e-01 -8.3185154900000002e-02 -3.5223738099999999e-02 -4.1563451899999999e-02 1.1264604800000000e-02
-2.6002492300000002e-01 -2.5130752899999997e-01 4.3117034200000001e-02 5.8478141800000001e-02 -4.0182968099999999e-01 4.1887222500000001e-02 -5.9864989299999997e-02 8.0347313099999998e-02 1.7113206100000000e-01 2.0010238299999999e-01 -6.3820261500000003e-02 -3.9833688100000000e-02 1.4642649999999999e-01 7.0580627899999998e-02 1.7530724400000000e-01 2.1213087600000000e-01 6.2983375999999994e-02 2.2039319600000001e-01 -1.3037645900000000e-01 -2.3792301199999999e-01 9.7179709800000000e-02 1.2063083300000001e-01 1.3308202300000000e-02 9.6047625299999995e-02 1.5361739100000001e-02 -1.1720249700000000e-01 1.0881523400000000e-01 3.7436058199999997e-02 -1.6814112300000000e-03 1.2438980099999999e-01 7.4463465699999995e-02 1.2852633099999999e-01 -1.9013175099999999e-01 1.8148872999999999e-01 2.4398478299999998e-02 8.7541527600000002e-02 3.8252027399999998e-03 9.9870980900000003e-02 -5.7502980199999998e-02 1.0358332300000000e-01 5.0381023300000001e-02 -2.3648756600000001e-01 -4.7205522600000001e-02 9.5872912500000004e-02 5.2816381799999999e-02 -7.6589937299999994e-02 4.6099494400000003e-03 2.0019821800000001e-01 -2.1612166999999999e-01 -1.5010482400000000e-01
-8.3907449400000000e-02 -2.8043150800000000e-01 -2.0965871899999999e-01 2.6617850100000001e-01 4.6185092400000002e-02 -1.0682379100000000e-01 9.2907433600000006e-02 -1.4976796800000001e-02 -4.2865615699999998e-02 -7.5597987900000000e-04 -2.8693538400000002e-01 -1.6652352200000001e-01 -8.0571989100000005e-02 1.4044244700000000e-01 2.4502105199999999e-01 -2.1571251899999999e-01 1.5723970100000001e-01 -2.3893361299999999e-01 -6.7590469699999999e-03 2.8012219799999999e-01 -1.9782972099999999e-01 4.4740950199999999e-03 -1.2482651000000000e-01 -1.0349279000000000e-01 1.0832087700000000e-01 -2.6236839200000001e-02 7.0174225800000004e-02 -7.3453409400000003e-02 7.8191555300000007e-02 -1.2987053100000001e-01 1.7715052800000000e-01 -4.4423544699999998e-02 9.8650908400000001e-02 1.1611290900000000e-01 1.4468880000000001e-01 -6.6985908400000000e-03 -5.0869487300000002e-02 -5.3394807000000002e-02 -5.1197664199999996e-03 -1.1957154400000000e-01 1.4100853899999999e-01 5.2169722199999997e-02 1.6415120300000000e-01 1.9311623300000000e-01 -1.2012001000000000e-01 -1.8061876099999999e-01 1.6577033200000001e-02 1.2399082200000000e-01 -8.2694876500000000e-02 -8.5042235300000005e-02
2.3687299500000002e-02 -8.5666048899999993e-03 1.0320445600000000e-01 2.2597180900000000e-01 -9.6922728900000005e-02 1.2403969900000000e-01 9.6800162999999995e-02 2.6981821299999997e-01 1.7020831000000000e-01 -8.7158411899999996e-02 6.1510666999999998e-02 -2.6147350699999999e-02 1.8340405300000001e-01 -1.3087036000000000e-02 3.0524507999999999e-02 2.1974779799999999e-01 -1.8619482200000001e-01 1.3295602400000001e-01 3.2762748200000003e-01 2.6654080800000002e-01 1.5017238899999999e-01 1.6896109000000001e-01 -6.6712951699999995e-02 -2.4496293599999999e-01 -7.2943530399999998e-02 2.5107914499999998e-02 1.6163624300000001e-01 9.8903727999999996e-02 9.9287015100000001e-02 -2.4395020100000001e-01 9.4089873700000007e-02 -9.0586726000000006e-02 -2.4979737799999999e-02 -1.4457037800000000e-01 2.7433408700000000e-01 -2.5521253999999999e-01 -1.3552684400000001e-02 1.5626377899999999e-01 2.0979463899999998e-02 -9.6170911899999996e-03 1.2608553099999999e-02 4.5147324199999998e-02 3.1667899800000003e-02 -1.0875501799999999e-01 -1.7760089400000002e-02 1.1566108200000000e-01 7.7000484199999997e-02 -2.7035355099999998e-02 -4.3272927300000000e-02 8.8066209399999998e-02
-1.2468324500000000e-01 1.2165004200000000e-01 -8.3275801900000002e-02 8.9490285399999994e-02 -1.5916668700000000e-01 -1.1933610200000000e-01 5.6646960300000000e-02 1.1030838800000000e-02 1.0030853900000000e-01 -1.5470984800000001e-01 5.4861223299999998e-02 7.8495106600000003e-02 -1.3202057200000000e-01 -1.3006960600000000e-01 -5.0117364300000002e-02 8.3387544999999993e-02 -6.8064373999999997e-02 -3.3214375299999999e-01 -1.3928588400000000e-01 -2.8854908099999999e-01 8.4645022599999994e-02 4.5325956500000000e-02 -6.7510466699999994e-02 5.8942184500000001e-02 5.3197429700000000e-02 -2.8337504699999999e-01 -1.7943011300000000e-01 1.3684643699999999e-01 -7.6395154900000001e-03 -2.7381132300000000e-01 2.3483102100000000e-01 1.9606957699999999e-01 7.5771452700000005e-02 -7.0468224999999995e-02 3.0958463600000002e-01 1.7919562399999998e-02 -1.4197081900000000e-01 -2.0149995300000001e-01 1.3226773399999999e-03 -1.1140955500000001e-02 9.0022338800000004e-02 4.6437285400000000e-02 -2.0721849900000000e-01 -5.6440918200000002e-02 -2.1165066900000001e-02 4.6712828300000002e-02 -2.2233408399999999e-01 -1.7191807500000000e-02 5.2157722900000002e-02 8.9826885100000003e-02
-1.5840952400000000e-01 3.8083605999999999e-02 2.1286873899999999e-02 1.5172110300000000e-02 7.9626160900000006e-02 -3.3013647499999998e-01 -3.9171710300000002e-02 -1.4778208600000001e-01 4.5757454400000001e-02 8.4516896499999994e-02 5.2959504800000001e-02 -2.7832598500000000e-01 8.7879919900000006e-02 1.6816131400000001e-01 -1.2113419500000000e-01 1.5225045700000001e-01 7.6383233499999995e-02 3.5419556600000002e-01 -9.8622501299999998e-03 1.4627791200000001e-01 -1.3150105400000001e-01 1.5903641499999999e-01 6.1102025300000001e-02 2.0519758199999999e-01 1.1507097900000001e-02 -1.6834749800000001e-01 1.2756806300000000e-02 -1.2034926300000000e-01 7.9788510199999996e-02 -3.8023802699999998e-02 1.6730542400000001e-01 -7.6964606599999999e-02 -6.7943833900000000e-02 -1.2684529800000000e-01 -1.8325778800000000e-01 -1.7178412100000001e-01 -1.7902879799999999e-01 -1.6536538000000001e-01 -4.3985039699999999e-02 8.4375270200000005e-02 1.2610109300000000e-01 3.3323375700000002e-01 -1.1581496199999999e-01 -5.1800629199999997e-02 7.9685622700000000e-02 -6.3356930399999997e-02 -1.2010790900000000e-01 1.4157184400000000e-02 1.3500654800000000e-01 7.8371977900000001e-02
1.7103286000000001e-01 -9.7113043600000004e-02 1.9839047000000001e-01 -1.0666248600000000e-01 -2.3806315200000000e-01 -4.2608589099999997e-02 -1.8450315100000000e-01 1.0338448000000000e-01 -5.6010447700000000e-02 -2.1631353700000000e-01 5.5186680400000000e-02 -3.8225380400000002e-02 2.0518941100000000e-02 2.0570353600000001e-02 7.6620885099999994e-02 1.3419353300000000e-01 -1.4678461100000001e-01 -1.7828591899999999e-01 -2.6366023900000002e-01 3.9553084799999999e-02 -3.4203255600000003e-02 1.5196071700000000e-01 -3.5097254299999998e-02 2.8901160200000001e-02 -6.6058645999999999e-02 2.1457814200000000e-01 8.7380459899999999e-02 7.9004715700000006e-02 -1.3289157800000000e-02 1.3783879299999999e-01 1.2997084000000000e-01 9.7105610699999997e-02 3.3740101900000000e-02 -8.1573149799999994e-02 -1.4655028200000000e-01 -7.9040378100000003e-02 -1.9573787100000001e-01 1.1075305400000000e-01 6.7360761500000005e-02 -1.7051224100000001e-01 -1.3180402200000000e-02 9.3639249899999999e-02 3.4753847199999999e-01 -1.5044056600000000e-01 -2.2796915599999999e-02 -3.0665469200000001e-01 -2.5269546799999998e-01 -7.8824861999999996e-02 1.4205567499999999e-01 -1.0396319699999999e-01
1.2287668800000000e-01 -1.2251561000000000e-01 -3.0461281100000001e-02 1.7517160400000001e-01 1.6146013400000001e-01 1.3325337900000001e-01 -9.2994156300000005e-02 -2.9962140399999998e-01 -8.7791772599999998e-02 3.0366549900000001e-01 1.3471855799999999e-01 1.9749766999999999e-01 -1.7925817799999999e-01 -7.0206296500000001e-02 -7.7870748000000004e-02 -4.1280868700000001e-02 -2.5977141100000000e-02 -5.0316343800000003e-02 -8.1246283000000002e-02 3.2929216399999999e-03 9.4396576100000004e-02 2.9916822399999998e-01 1.2944997000000000e-01 8.9695819199999999e-02 1.9104105000000000e-02 2.0427569300000001e-01 1.4175074400000001e-01 2.0756535199999999e-02 -3.2072177899999998e-02 -2.5622008200000001e-02 -5.5679036500000001e-02 1.2807078799999999e-01 -2.4715447500000001e-01 8.7730441000000006e-02 2.5181481800000000e-01 -2.0885797100000000e-01 -8.8895191600000006e-02 -1.5217401800000000e-02 -1.3686444900000000e-01 6.4580704500000002e-02 9.2265138199999999e-02 1.7026679000000000e-01 -8.1050330800000001e-02 -9.0869041400000003e-02 -1.7915702999999999e-01 -4.9133658700000003e-03 3.2383299599999998e-02 -6.8114871100000002e-02 1.3555732399999999e-02 -2.8304421800000001e-01
6.8537577299999999e-02 1.8259037000000000e-01 1.2532355600000000e-01 6.9771577700000004e-02 -2.6447975799999999e-02 3.9609271600000003e-02 -9.2844583800000005e-02 7.4810795799999996e-02 -2.9285036800000003e-01 1.9462587900000000e-01 -2.5493192999999997e-01 -1.9682764999999999e-01 -3.5914262100000000e-01 -3.8958063600000002e-02 -5.5072513900000002e-02 2.5545243899999998e-01 1.0035544600000000e-01 -2.6536867499999998e-02 1.8722463100000000e-02 1.3542964399999999e-01 2.4809122500000000e-01 -1.2447176200000000e-01 1.5544897399999999e-01 1.2192078100000001e-01 3.8116387600000003e-02 2.8735547000000000e-02 1.3093384499999999e-01 1.7301895800000000e-01 -4.2737259299999997e-02 5.0171326500000002e-02 1.1435755000000000e-01 -8.2338509500000004e-02 2.0547501400000001e-02 1.0705705500000001e-02 1.2805236300000000e-01 2.1906513599999999e-01 8.2842570599999998e-02 4.1995460900000003e-02 -8.3781435200000004e-02 -2.0774534900000000e-01 1.4929386300000000e-01 8.1943078300000000e-02 1.6864869700000001e-03 -1.1015656300000000e-01 3.0072437499999999e-01 1.6932453900000001e-03 1.6720226700000000e-02 8.6084043599999993e-02 -6.9323008300000002e-02 1.0882354800000001e-01
4.6058377200000000e-01 -2.8897179099999998e-01 3.0062826900000000e-01 2.1510423900000000e-01 -5.0279569499999998e-03 1.0490031399999999e-01 3.0774210899999999e-01 -3.4959808400000000e-02 -9.1666235299999996e-02 -7.7920106500000003e-02 -4.2835452099999997e-02 -1.4966507500000001e-01 -8.4932113199999992e-03 6.0705641300000002e-02 8.2707161900000006e-02 7.3318877800000001e-02 -1.0015682400000001e-01 9.2131935600000006e-02 -5.6105299200000000e-02 -1.8019791900000001e-01 -2.9021252600000003e-01 -4.3356027999999998e-02 9.7355973700000001e-02 1.6467818800000000e-01 -2.6391931000000000e-02 -2.4043740699999999e-01 -1.9625527800000001e-02 -1.5748964700000000e-02 -1.1828565000000001e-01 4.2487777499999997e-02 -8.6840684099999996e-02 -8.1482335300000000e-02 6.1861332499999998e-02 -1.2530240300000001e-01 1.3335405000000000e-01 6.6721828100000005e-02 6.7553728699999996e-02 5.9708153200000004e-03 3.7475281199999999e-03 1.1063316800000000e-01 1.1142422100000000e-01 -1.0164398400000000e-02 -3.1905837300000003e-02 1.0197514000000001e-01 4.5587561700000001e-02 1.2966247800000000e-01 -7.3512124900000003e-02 -1.6446004900000000e-01 4.7324101100000002e-02 -6.3112454100000007e-02
2.6855368800000001e-02 6.0889673700000001e-03 -1.1617537100000000e-01 -7.7411384599999994e-02 -1.0267032500000001e-01 -3.1597888599999999e-02 5.5074008200000002e-03 1.2954145800000000e-01 2.5103255699999999e-01 1.6442819800000000e-01 7.0240018400000007e-02 -9.2864485900000002e-02 -4.9175492000000001e-02 1.7084721200000000e-02 6.6210124699999998e-02 2.6628801200000002e-01 1.8039945800000001e-01 -3.5326583800000000e-01 -1.2002639400000001e-02 1.0391869199999999e-01 -1.3068722399999999e-01 -7.2858716000000004e-02 2.8387864299999999e-01 1.2713563300000000e-01 -2.8935992100000002e-01 8.6912353100000006e-02 1.1571622199999999e-01 -2.3597515799999999e-01 5.5099609200000003e-02 -1.9951134500000001e-01 -1.4906720400000001e-01 1.7972032800000001e-01 7.3472745100000000e-02 -2.1432882600000000e-01 -5.6691661999999997e-02 -6.8068177100000002e-02 1.9780445999999999e-01 -9.4742569200000001e-02 -3.1822826100000000e-02 8.0738183000000005e-02 -4.6640529000000000e-03 -8.5033423299999994e-02 -7.0256603700000003e-02 2.9142832500000000e-02 8.4883518000000005e-02 -1.2089469799999999e-01 2.0405798000000000e-01 -1.5121240699999999e-01 6.4068879699999998e-02 -7.9760492500000002e-02
-2.2700790400000001e-01 -1.6991164700000000e-01 1.6588310200000000e-01 6.1365421599999997e-02 -1.6829957700000001e-01 -7.7171893500000005e-02 1.5130095299999999e-01 -4.5593031999999999e-02 -2.2835708800000001e-01 1.5059805600000001e-01 7.6309125699999994e-02 3.1934895899999999e-01 4.2341170499999997e-02 -1.2748454500000000e-01 -5.1220934099999997e-02 9.0574178900000007e-03 -5.0881422599999997e-02 2.1180435399999999e-02 -5.4763770500000003e-02 5.4102340300000003e-02 -5.9242350100000001e-02 5.6783663499999998e-02 -3.3415230499999997e-02 -4.0100435800000001e-02 1.1459366800000000e-01 -3.3931987500000003e-02 8.5931007300000001e-02 3.6132204600000002e-02 -3.1382127799999998e-01 -9.2497667800000002e-02 -5.9335596599999998e-02 2.2496918900000001e-01 1.8553891700000000e-01 -2.5918975200000000e-01 -1.5798087799999999e-01 7.5913286600000005e-02 6.5968659999999998e-02 -2.6483616400000000e-02 -6.0274727200000003e-02 -1.4368903500000000e-02 -5.0518394200000001e-04 2.7186912299999999e-01 1.5307826099999999e-01 1.0878159699999999e-01 -3.3322727199999999e-02 -4.3614192400000001e-02 2.8367898699999999e-01 4.0052534200000003e-02 -1.0044903900000000e-01 2.7845132099999997e-01
-1.5760282400000000e-01 -5.0614071300000001e-02 -1.8177556400000000e-01 3.7248762599999999e-02 -7.9770083199999994e-03 -9.8669037000000001e-02 3.1389812900000001e-02 7.4311415699999994e-02 -2.1076508599999999e-01 3.5302403699999998e-02 -3.9060705100000002e-02 -3.4465075700000000e-02 -2.7630823299999999e-02 -2.9706938199999999e-01 6.4566595099999999e-02 5.3259477999999999e-02 -2.5733480600000001e-02 -1.6579919500000001e-01 2.3586261100000000e-01 -1.4341651200000000e-01 -2.3220746100000000e-01 -1.6048400399999999e-02 7.3622124999999997e-02 1.3164278200000001e-01 -8.3381500799999994e-02 -6.2445120200000002e-02 1.2244296300000000e-01 3.5477232100000000e-01 -1.8734641800000000e-02 1.7573289100000000e-01 1.0404055600000001e-01 -2.1543843300000001e-01 -3.0578802100000002e-01 -1.1227282200000001e-02 -3.7604990200000001e-02 -1.9251741700000000e-01 1.0508545499999999e-01 3.0865092600000001e-02 2.8994631700000001e-01 1.2731024299999999e-01 -2.6331728300000001e-01 9.2918755000000006e-02 -1.4266405100000001e-02 9.5633574900000004e-02 -6.3303448200000001e-03 -1.0631907400000000e-01 8.2344351300000004e-03 -1.0214386200000000e-01 3.6437622000000003e-02 3.3626750200000000e-02
9.8372704400000004e-03 2.2595987700000000e-02 1.3045343600000001e-01 -2.6408455400000003e-01 -5.2991098100000002e-02 4.0004260799999997e-02 -1.1843552100000000e-02 -9.2695667800000006e-02 5.6619064800000000e-02 -1.2074343300000000e-01 2.4533018800000000e-02 6.5130290399999999e-03 -2.4010029199999999e-01 9.4107886299999999e-02 -7.4491405199999999e-02 -4.2720121999999999e-02 -8.8713946399999993e-02 -1.5720826800000001e-01 -3.3635138299999999e-02 5.4816155999999998e-03 -2.6039186200000002e-02 9.0467513400000005e-02 -2.5942752600000002e-01 -5.9626516700000000e-02 -1.9925073099999999e-01 -1.1390283700000001e-01 3.4142130199999998e-01 -5.2468769399999997e-02 1.8898970500000001e-01 8.1183945600000001e-02 -1.1723281400000000e-02 2.5088172499999999e-02 -4.5557350599999998e-02 8.6459399100000001e-02 -3.7498446400000003e-02 7.2990470799999999e-02 -9.3208028999999998e-02 3.0165988799999999e-01 1.9494058000000000e-01 7.7175806700000002e-02 2.4826780300000001e-01 2.0668742600000001e-01 -2.7551522400000000e-01 3.0185854699999998e-01 2.0077497199999999e-02 8.4977896400000003e-02 1.7572852500000000e-01 3.8901556599999998e-02 1.5664293700000002e-02 8.4094171199999998e-02
1.7852381900000000e-01 -4.5440722300000000e-02 3.4612253999999998e-01 -1.9277961399999999e-01 8.5363375199999994e-02 -1.8970135900000001e-01 -1.1990624699999999e-01 5.6161228000000001e-02 -2.1699882700000001e-01 1.6587522199999999e-01 -1.7908032300000001e-01 -7.1438482999999997e-02 1.9942122500000001e-01 -2.2158586399999999e-01 -8.0460081500000002e-02 -4.4770959899999997e-02 1.9524648600000000e-01 -5.5165091300000003e-02 -1.4389396600000001e-01 -1.3625036700000001e-01 9.9121638999999997e-02 8.4333461200000001e-02 -7.1289394499999999e-03 -2.4471340899999999e-01 -5.4173365899999999e-02 -1.1194490999999999e-01 -4.8062168000000002e-02 -1.0713019100000000e-01 2.1196566200000000e-01 -1.8255509300000000e-01 -1.2396960800000000e-01 1.8261403799999999e-02 -2.6073694900000000e-02 7.1068485500000000e-02 1.0112095500000000e-01 -3.1777685100000003e-01 -1.6235926299999998e-02 -1.5173717900000000e-01 1.1638762800000001e-01 -2.8917175400000002e-02 -8.8285822599999994e-02 -3.5770392999999998e-02 2.1189748299999998e-02 1.3818009000000001e-01 9.6369720500000006e-02 -5.3928316300000001e-02 -1.8669384000000001e-02 3.1262295199999998e-02 -2.3963884199999999e-01 6.6934195500000002e-02
-1.2005774200000000e-01 -9.7637628700000006e-02 1.6420604999999999e-01 8.2296748900000001e-03 -3.1030306600000002e-02 -2.1481173500000000e-01 -2.1637772600000001e-02 4.7069421399999999e-02 -5.4790164500000002e-02 1.0651143700000000e-01 4.1982564700000002e-02 -2.6584962299999998e-01 -1.0042470500000000e-01 -1.0171149300000000e-02 -1.9642270999999999e-02 -5.7611244100000000e-02 -2.3999803900000000e-01 -1.2879392800000000e-01 6.3368784900000004e-03 7.8693693999999995e-02 1.1211489299999999e-01 -5.4882181199999998e-02 -6.6514529399999994e-02 1.2469874900000000e-01 -1.1826044700000000e-01 5.4142032999999999e-02 -2.3590039199999999e-01 1.1883295700000000e-01 3.6237479400000001e-02 -1.4038248800000000e-01 -2.7718382899999999e-01 -1.2413874499999999e-01 -7.5887031999999997e-03 8.3242268400000000e-02 3.3494047999999998e-02 1.7753964899999999e-01 -2.2425954300000001e-01 -1.4468070700000000e-02 1.0802745200000000e-01 4.2399261799999999e-01 9.4803292100000006e-02 -8.1522124799999998e-02 1.8028903399999999e-01 -2.4107571100000000e-01 -1.7665754700000000e-01 9.8851621299999998e-03 2.2922330699999999e-01 1.0325037800000000e-01 1.4619711299999999e-02 -8.8929513799999999e-03
2.2422007799999999e-01 1.1088080100000000e-01 -3.2901983899999998e-01 1.3055428999999999e-01 1.0316550400000001e-01 1.5309521500000001e-01 -1.1722359200000000e-01 1.8789255699999999e-01 3.6511198299999999e-02 2.2042333100000000e-01 -1.1709524400000000e-01 6.6201737499999996e-02 -2.8220029700000000e-02 5.3706625600000002e-02 -1.7584991699999999e-01 1.3096949999999999e-01 -4.9653772300000003e-02 5.2500516499999997e-02 -8.7417766800000005e-02 -1.9640403700000000e-01 -1.6506097600000000e-01 2.2576594100000000e-01 2.9892570399999999e-02 -1.8346633000000001e-01 -1.5515582700000000e-01 1.1159714599999999e-01 6.3074780299999999e-03 7.1338673399999997e-02 -1.0544801800000000e-02 1.2339555700000000e-01 1.0239113200000000e-02 -9.4423643099999996e-02 2.3766780800000001e-01 -1.4788245799999999e-01 -6.2465125199999999e-02 5.4365506399999999e-02 -1.5510592200000001e-01 -1.0480713699999999e-01 9.1782136799999997e-02 2.4340586300000000e-01 1.4481806999999999e-01 -3.8882237000000000e-02 7.1567879299999998e-02 1.1091436500000000e-01 -8.9468633100000000e-02 -6.2901834200000006e-02 -9.7507909300000001e-02 2.6107039100000001e-01 -9.3377007499999998e-02 2.2985732900000000e-01
