# CEC 2010 F04 permutation vector 0-based (D=1000)
870
624
145
831
108
46
245
320
394
960
480
735
924
632
110
853
880
807
641
879
828
231
885
604
858
775
602
483
307
33
334
824
190
224
465
661
244
357
725
397
969
83
607
508
941
408
944
8
740
128
380
475
748
99
10
180
842
798
689
347
125
164
101
129
709
174
790
250
182
259
70
75
777
835
545
82
20
800
143
133
518
931
603
662
16
430
541
585
882
478
964
432
512
665
64
79
668
154
214
934
608
200
837
972
235
655
813
390
716
868
441
943
326
222
873
690
779
528
443
636
971
14
171
950
628
67
178
306
168
28
962
314
489
847
638
653
939
984
500
811
827
710
547
981
501
883
343
444
945
303
446
609
305
881
159
429
802
573
138
195
771
920
673
42
823
282
757
805
359
692
553
589
596
191
788
376
895
629
911
801
576
211
281
953
474
276
404
633
208
175
73
261
464
466
330
744
676
526
139
816
15
928
236
396
279
415
317
936
829
450
893
726
170
102
95
312
534
542
912
658
903
177
821
9
711
53
814
991
169
487
787
387
267
753
535
580
691
849
86
333
447
373
277
449
919
877
588
297
948
970
505
1
296
799
697
731
544
433
723
804
393
537
640
193
712
147
61
986
794
292
625
339
265
552
112
767
80
551
81
577
905
142
521
414
733
435
916
718
803
467
966
855
176
107
27
122
698
328
157
130
659
156
18
470
825
548
454
717
705
220
567
856
412
937
152
654
502
863
975
381
696
124
618
606
850
562
463
239
98
406
708
458
219
3
851
852
247
993
30
78
908
0
645
43
889
887
94
354
688
196
127
675
738
657
980
216
342
23
37
300
857
232
362
233
601
776
656
77
114
198
60
442
398
495
179
591
593
85
41
783
681
29
845
264
727
367
146
453
228
754
582
260
31
947
612
344
985
286
957
315
848
561
695
361
927
826
121
949
876
714
165
938
862
878
844
346
693
299
301
484
456
719
153
57
368
872
677
181
840
891
183
144
271
569
522
509
768
273
594
519
525
461
859
241
796
660
38
481
720
437
341
337
488
384
19
427
76
323
319
471
785
51
84
388
284
268
92
598
72
667
7
377
513
700
617
866
907
621
524
704
560
426
6
379
455
338
44
420
240
963
678
762
994
956
584
106
460
539
255
324
35
309
888
254
340
730
930
134
978
355
610
795
304
703
935
62
647
413
59
364
280
977
462
166
197
434
504
951
223
494
209
116
587
832
115
293
161
575
285
5
366
349
538
310
923
955
22
329
485
626
424
66
672
137
479
290
251
523
679
327
758
278
55
532
899
572
503
270
550
784
358
440
789
558
759
838
322
663
643
530
592
843
360
288
639
141
498
683
163
248
568
739
685
416
202
702
52
520
750
136
356
221
225
736
615
860
902
97
496
375
581
256
321
418
822
476
622
386
421
515
781
392
742
559
614
482
199
760
428
63
263
188
363
11
345
332
206
707
203
674
642
431
605
325
983
302
874
861
210
383
45
201
846
283
897
50
151
71
555
472
901
904
389
791
884
87
160
140
918
491
540
395
531
24
105
425
295
510
207
967
780
269
252
227
820
786
120
272
968
172
113
189
298
34
238
103
353
600
563
810
410
990
909
773
294
833
249
752
365
620
778
68
204
123
942
194
634
350
378
533
90
468
925
818
793
96
275
669
570
226
737
913
611
631
894
274
834
132
973
734
457
954
761
747
311
511
69
886
650
988
763
546
648
25
391
671
749
186
839
313
158
817
728
644
721
713
131
900
173
864
965
316
514
118
47
554
854
982
150
243
40
996
527
595
701
940
49
959
411
419
402
819
637
770
371
724
192
670
649
549
448
352
237
111
772
627
119
865
579
2
875
574
4
205
743
135
506
946
167
812
74
399
590
492
148
906
369
766
896
469
989
351
385
258
445
841
995
974
451
401
26
318
308
619
17
566
187
917
162
751
578
215
473
13
815
998
666
664
372
48
104
715
536
477
992
212
257
529
21
755
597
792
722
926
914
890
910
933
109
100
764
422
756
706
409
694
289
564
922
65
892
623
370
336
999
246
497
556
490
400
287
36
921
682
155
746
651
56
599
184
417
217
291
806
565
382
684
403
253
517
218
507
126
961
765
952
929
230
809
439
808
331
348
213
543
586
687
652
571
867
58
12
871
149
374
646
630
979
745
436
423
407
932
782
335
516
997
729
499
32
958
493
234
830
486
583
898
93
229
91
869
987
405
459
797
774
262
54
185
242
741
836
452
616
557
117
769
915
89
438
39
699
266
613
976
680
88
635
686
732
