# CEC 2010 F04 shift vector (D=1000)
7.5278278499999999e+01
-7.5544835000000006e+01
-3.3264734900000001e+00
2.4472572499999998e+01
-9.7848175499999996e+01
-9.2156776500000007e+01
-8.9221065999999993e+00
-2.1556109800000002e+01
2.6112053899999999e+01
1.1318746400000000e+01
-5.3479572500000003e+01
3.8990551400000001e+01
-1.2945171200000001e+00
2.9974130800000001e+01
-5.3037080199999998e+01
3.0534129400000001e+01
2.9752868100000001e+00
8.3715502700000002e+01
5.7087540300000001e+01
-4.4560014500000001e+01
3.5854159899999999e+01
5.5101481200000002e+00
-9.7627462899999998e+01
3.1271680799999999e+01
-1.7579422099999999e+01
-3.1946143100000000e+00
5.0702112900000003e+01
-6.8592732699999999e+01
-3.7538623999999999e+01
8.6650167300000007e+01
5.1863530600000001e+00
-4.3040057300000001e+01
-7.0465507599999995e+01
1.6265124600000000e+01
7.9389932599999995e+01
7.1414987999999994e+01
-8.5986543699999999e+01
5.1219953900000004e+00
9.0462213899999995e+01
-9.6687653600000004e+01
1.7343882799999999e+01
6.3731594999999999e+01
-5.7308558500000002e+00
-3.5168874500000001e+01
-3.2125346200000003e+01
1.8584770800000001e+01
-2.1828202600000001e+01
3.2395479799999997e+01
1.5201447200000000e+01
3.0306593899999999e+01
-4.0303558400000000e+01
-4.8385412100000003e+01
2.3409847800000001e+01
-4.7030006200000003e+01
-2.3365762100000001e+01
-5.2503215499999998e+00
2.3623982399999999e+01
-8.7052340000000001e+01
-3.2734764599999998e+01
-2.3809101299999998e+01
2.6387059499999999e+00
8.7416861100000006e+01
-1.7793622200000001e+01
4.5323305499999996e+01
1.6746515100000000e+01
-9.8841015900000002e+01
-2.7999780800000000e+01
2.2309991300000000e+01
6.7769803899999999e+01
1.6086332700000000e+01
-6.2894506700000001e+01
2.5759993900000001e+01
-3.0153714200000000e+01
8.4623443899999998e+01
5.5104465300000001e+01
-4.5862359300000001e+01
-8.7431466599999993e+01
1.2210744099999999e+01
-1.9189003100000001e+01
-8.1871180400000000e+01
-4.0027305599999998e+01
7.7688339499999998e+01
-5.4515529299999997e+01
-9.7897379099999995e+01
-7.5850324099999995e+01
-9.6190470200000000e+00
3.2731236899999999e+01
5.7832269000000003e-01
1.5640755100000000e+01
8.9796688799999998e+01
7.1684719299999998e+01
-2.6722375899999999e+01
-1.7866259400000001e+01
7.3144584399999999e+01
2.2823959500000001e+01
-2.8030244400000001e+01
3.6587582400000002e+01
-4.1467114700000003e+01
4.2989761600000001e+01
-7.7652735899999996e+01
-8.4569560500000005e+00
6.7650515100000007e+01
-7.7175779399999996e+01
-1.2023216900000000e+01
-8.8455423600000003e+01
1.1821260300000000e+01
-1.0340668500000000e+01
-3.5270254700000002e+01
4.8042661200000003e+00
-7.4439815800000005e+01
8.8708570399999999e+01
-9.6172798999999998e+01
2.4566705599999999e+01
8.8063392899999997e+01
5.9469792300000002e+01
9.4518683800000005e+01
3.1699518399999999e+01
5.4440957800000000e+01
4.1368230199999996e+00
8.5275383899999994e+01
-3.4058487100000001e+01
2.1736706399999999e+01
9.9177768000000000e+01
-7.6474950199999995e+01
-9.7389936500000005e+01
2.3265805799999999e+01
5.9013331800000003e+01
1.3079534700000000e+01
2.1647652999999998e+01
-2.0754256699999999e+01
-2.9543263100000001e+01
3.7633303300000001e+01
1.0474123000000001e+01
1.6885975800000001e+01
2.3004265799999999e+01
-9.9505972700000001e+01
1.8171055299999999e+01
-4.4829985299999997e+00
3.2593592800000003e+01
-8.8302291600000004e+01
-1.1749872699999999e+01
9.1656905100000003e+01
2.7537698200000001e+01
-9.1437858000000006e+01
-9.7321224900000001e+00
-3.3037039000000000e+01
-3.4000326399999999e+01
-7.8356931200000005e+01
-8.7934864300000001e+01
2.1194420600000001e+01
2.5116738999999999e+01
5.7292402799999998e+01
1.1071964899999999e+01
3.8914821500000002e+01
-4.5885257400000000e+01
-7.5307899300000003e+01
-6.1942503000000002e+01
-8.5240885399999996e+01
-1.9374429200000001e+00
5.9011530999999998e+01
1.2664921500000000e+01
5.2424637000000001e+00
-6.3980581900000004e+00
6.3703495199999999e+01
-8.0138200600000005e+01
-8.2804037600000001e+01
5.0573406300000002e+01
3.0046721500000000e+01
-3.5392891499999998e+01
-5.0725019500000002e+01
3.4993977600000001e+01
-4.2019136599999998e+00
-4.9036774500000000e+01
4.0391709700000000e+01
-1.4903006299999999e+01
-3.6407544200000003e-01
3.4244763499999998e+01
1.2477247300000000e+01
-2.9663271999999999e+01
2.1790185500000000e+01
8.1654716199999999e+00
4.6617208200000000e+01
-4.7766737399999997e+01
-2.0485237200000000e+01
4.6093861599999997e+00
-4.6325865999999998e+01
-6.9424330999999995e+01
6.9034574699999993e+01
-1.4545653900000000e+01
6.3715304300000000e+01
-2.7893715199999999e+01
9.9938150100000001e+01
-1.7519826999999999e+01
5.6277008200000003e+00
3.6699146200000001e+01
7.6322857900000002e+01
2.3017089800000001e+01
-2.1657730900000001e+01
-2.0272341300000001e+01
-8.4406332399999997e+01
-5.9559999499999998e+00
1.9566671299999999e+01
5.5309009400000001e+01
-1.4551248700000000e+01
4.5291951900000001e+01
5.6771336900000001e+01
6.9452630999999997e+01
8.9990641299999993e+01
-8.3265225900000004e+01
-4.5781335100000000e+01
7.6907234500000001e+01
-9.8399475400000007e+00
-2.9495422300000001e+01
3.8638597900000001e+01
-2.0262456100000001e+01
5.2601110700000000e+01
-2.8033189900000000e+01
3.2690723200000001e+01
3.7279817399999999e+01
-4.9125693300000002e+01
-9.9701433600000001e+01
4.3608446899999997e+01
-4.7193937200000001e+01
4.0323907699999999e+01
6.3463121600000001e+01
1.6731699299999999e+01
1.7667020500000000e+01
1.2519825600000001e+01
9.9027788099999995e+01
-3.8296607899999998e+01
3.9276913999999998e+01
-6.3382255000000001e+00
9.9296092900000005e+01
-8.6201829200000006e+01
-1.6932212000000000e+01
-6.3937714999999997e+01
-4.4288073699999998e+01
9.1742500000000007e+01
5.9372439499999999e+01
2.8035897500000001e+01
-8.5319810899999993e+01
-7.4389139200000002e+01
5.6699466700000002e+01
-2.8508774500000001e+01
-3.9654810599999998e+01
-4.1946699600000002e+01
-7.3702187199999997e+01
8.3611525200000003e+01
2.5533918700000001e+01
-8.2384355099999993e+01
3.9383185099999999e+01
-2.2300822799999999e+01
2.6043061699999999e+01
-6.6397513900000007e+01
1.2379345900000001e+01
-3.7581403700000003e+01
-1.4300086800000001e+01
9.3834363300000007e+01
-6.2222620200000001e+01
-3.3204236600000002e+01
3.9724663000000000e+01
-2.4314223099999999e+00
-6.1067790600000002e+01
8.3900809499999994e+01
-2.9318819500000000e+01
-6.7025818500000000e+01
8.7441430199999999e+01
8.8512345300000007e+01
-4.9147295399999997e+01
5.2013472800000005e-01
-3.2467547500000002e+01
-4.1705001400000000e+01
8.2540179199999997e+01
-7.4096040599999995e+01
-5.7968549199999998e+01
7.0790296799999993e+01
5.8472719699999999e+01
-5.3612852900000000e+01
-6.1476660799999998e+01
9.1533791300000004e+01
-6.8273859599999994e+01
-8.3415210400000007e+01
3.8005837399999997e+01
-4.5757245400000002e+01
-2.7062140299999999e+01
-7.2898799499999996e+01
8.1552474500000002e+01
-5.6059647300000002e+01
3.7208103000000001e+00
5.3643613299999998e+01
4.7413476699999997e+01
-2.8150805999999999e+01
-2.8454606700000000e+00
4.3678531900000003e+01
-4.4798065600000001e+01
-7.4562030899999996e+01
6.4370295600000000e+00
-1.6553273699999998e+01
3.8906635600000001e+01
-1.9826795400000002e+01
9.0142013199999994e+01
-3.9702839200000000e+00
3.0554083700000000e+01
-2.5713083900000001e+01
-4.5804190100000000e+01
-6.1432890600000000e+01
9.2032095400000003e+01
9.3521288299999995e+01
-2.8225887100000001e+01
4.7666017600000004e+01
9.0138413099999994e+01
-1.8070429500000000e+00
-3.4689765099999999e-02
-8.2956632900000002e+00
3.4509577200000003e+01
-7.0136866900000001e+01
-1.0954655900000001e+01
3.1996401200000001e+01
7.3445878399999998e+01
-5.5100061300000000e+01
2.8713714700000001e+01
4.5591803900000002e+01
2.4628443799999999e+01
-6.9495164900000006e+01
-3.3639423999999998e+01
-8.0253046400000002e+01
7.1767362899999995e+01
-1.9555360600000000e+01
7.8843245100000004e+01
-5.7425712599999997e+01
4.8838066499999996e+01
-1.1022596999999999e+01
-7.9096138699999997e+01
1.6169184099999999e+01
9.3270609600000000e+01
-4.8235930900000000e+01
-1.4407241200000000e+01
-7.9312420500000002e+01
-8.4591410400000004e+00
7.5980774499999995e+01
5.2147468500000002e+01
3.4346004299999997e+01
-3.2323693800000001e+01
-4.4189619700000002e+01
-4.8814233700000003e+00
1.2144213499999999e+01
8.5744740699999994e+01
-8.1800296099999997e+01
5.6108173999999998e+01
9.8263495899999995e+01
-3.2020747999999998e+01
-2.6300308300000001e+01
8.6219166000000005e+00
6.8281383399999996e+01
-7.0412432699999997e+01
2.7343717399999999e+01
7.4573719900000000e+01
3.2892773400000003e+01
2.7104259400000000e+01
2.2810566500000000e+01
3.6399421099999998e+01
1.3990950700000000e+00
-9.9185423999999998e+01
-7.4817015100000006e+01
4.3974727999999999e+01
7.5283801900000000e+01
1.2621559399999999e-01
2.8206209600000001e+01
-2.3929930100000000e+01
-1.7954776500000001e+01
-6.7011378500000006e+01
-1.8706030199999999e+00
-1.6988220900000002e+01
1.5571785900000000e+01
5.4292669699999998e+01
-8.6686463000000007e+00
9.0978301999999999e+01
8.3661530299999995e+01
6.1262554600000001e+01
-2.1154796600000001e+01
-9.0590616699999998e+01
8.4999245099999996e+01
-2.7081951400000001e+01
6.7839328199999997e+01
-8.6327100000000002e+01
4.4959207399999997e+01
7.1326452000000003e+01
2.1222494399999999e+01
1.0915679300000001e+01
6.3271860900000000e+01
-9.6196641499999998e+01
2.9505823100000001e+01
1.2045464100000000e+01
1.0863484000000000e+01
7.5118084400000001e+01
-9.2713344300000003e+01
-2.8668176899999999e+01
-7.9888843899999998e+01
-6.8619043399999995e+01
-4.6360602100000001e+01
5.8722591100000002e+01
3.1087402399999998e+01
-3.3939045499999998e+00
-9.3938136900000003e+01
5.3421841700000002e+01
6.1560956699999998e+01
-4.4483036599999998e+01
9.2861463599999993e+01
4.2886262899999998e+01
9.0366263099999999e-01
-9.4307380499999994e+01
4.7263076099999999e+01
-6.9396818699999997e+01
3.5623155799999999e+01
-3.5618236300000000e+01
-8.2404278800000000e+01
7.7628022400000001e+00
-2.9128107100000000e+00
-9.7589019800000003e+01
4.6415489600000001e+01
6.2765322200000000e+01
7.4835940100000002e+01
5.3276882399999998e+01
2.7564448299999999e+01
4.8780795500000004e+01
6.7487258299999993e+01
1.7969190700000000e+00
6.9339944500000001e+01
-8.3572805700000004e+01
-1.5710258900000000e+00
-7.7130359499999997e+01
-8.6305324700000000e+01
4.5042530599999999e+01
2.4359914199999999e+01
-5.8214658300000004e+01
-2.2058904699999999e+01
-1.0674614999999999e+01
9.4247823299999993e+01
-6.1099013399999997e+01
-8.4674756500000001e+01
3.8500290800000001e+00
-4.1015190199999999e+01
-9.6529092300000006e+00
4.3590275099999999e+01
6.2255227200000000e+01
-6.9096019299999995e+01
-7.7335028399999999e+01
-1.0297694099999999e+01
1.8702858299999999e+01
-2.0644115800000002e+01
-6.8317913500000003e+01
-7.8055279999999996e+01
-1.3251036900000001e+01
4.1304828200000003e+01
4.4395183299999999e+01
-9.3233356599999997e+00
6.0561277500000003e+01
7.1166739600000000e+01
4.3317461600000001e+01
-8.4151470200000006e+01
6.3874038599999999e+01
1.8535580599999999e+01
-9.4949962799999994e+01
4.8687172500000003e+01
1.0106084200000000e+01
5.9718521099999997e+01
9.4195352300000001e-01
-2.1664420799999998e+01
-5.2313702800000002e+00
5.2934203799999999e+01
-1.6176439200000001e+01
1.9964202400000001e+01
-3.8981983300000003e+01
-2.2984531900000000e+00
3.7829393000000003e+01
9.0032969600000001e+01
8.6188532899999998e+01
2.4106925000000000e+01
7.6544064500000005e+01
-2.0693169099999999e+01
9.2108578600000001e+01
1.0717203899999999e+01
-4.5166962799999997e+00
-1.0642882500000001e+01
-8.2252531599999998e+01
-6.7027520600000003e+01
7.0251842699999997e+01
5.0498370799999996e+01
9.2927581400000001e+00
-5.3584593499999997e+01
-3.9496331699999999e+01
-1.1884032000000000e+00
4.0874429100000000e+01
8.8145695399999994e+01
4.6058416000000001e+01
6.6130910200000002e+01
7.3928099500000002e+01
-8.9337434599999995e+01
3.7512293600000000e+01
-6.4537854699999997e+01
1.2123658799999999e+00
3.0662415800000002e+01
-5.2984411299999996e+00
5.2432112099999998e+01
8.3378707399999996e+01
-1.1018261400000000e+01
4.3448940899999997e+01
1.9041449400000001e+01
-8.8889483499999997e+01
2.2263007200000001e+01
2.7310430700000001e+01
3.2734253500000001e+01
4.3453357900000000e+01
-9.9269695999999996e+01
8.0420692399999993e+01
-2.9724161100000000e+01
2.4332029400000000e+01
-1.5807944200000000e+01
-9.6260968099999999e+01
-1.6127266400000000e+01
5.9687825400000001e+01
-8.9734222000000003e+01
5.1127012600000000e+01
1.9351592600000000e+01
9.6879306099999994e+01
-5.5986930000000001e+01
-4.7182763199999997e+01
7.0595537600000000e+00
7.6673110300000005e+01
5.2602359499999999e+01
-8.2816827099999998e+01
-2.0574357700000000e+01
8.9257876600000003e+01
3.2861682399999999e+00
-5.8042843300000001e+01
-2.9729586200000000e+01
-1.7593021100000001e+01
8.1776830300000000e+01
1.7805098800000000e+01
1.5050240000000001e+01
3.1095077900000000e+01
-6.6358116699999997e+01
4.4218589500000000e+01
1.2211610400000000e+01
-1.1707731200000000e+01
-6.2400056800000002e+01
2.6639695100000001e+01
-8.5440099200000006e+01
-5.6138761199999998e+01
-4.1586232600000000e-01
4.0121145700000000e+01
-8.7173724899999996e+01
7.6396064300000006e+01
2.3501166699999999e+01
3.3331177699999998e+01
-2.3078434999999999e+01
-8.8951990399999996e+00
-9.0804667199999997e+01
9.9631712399999994e+00
-7.3433498499999999e+01
3.2971372600000002e+01
2.2215538299999999e+01
-4.4292812099999999e+01
-1.6115857599999998e+01
8.3453356299999996e+01
-7.7494175499999997e+01
-1.8414948400000000e+01
4.4787568100000001e+01
-6.6634071199999996e+00
-8.4133125800000002e+01
6.4877318700000004e+01
3.0050176999999998e+00
3.6164117599999997e+01
5.7276580000000003e+01
2.1699112199999998e+01
3.3314450899999997e+01
-5.9109562400000002e+01
4.0755158299999998e+01
2.7454857100000002e+01
-7.1806663999999998e+01
-7.1847054299999996e+01
-2.3195713000000001e+01
5.3016501699999999e+01
-6.8509842599999999e+01
-8.0999328800000008e+00
-3.8644241200000003e+01
-8.0435364300000003e+01
3.5418892800000002e+01
6.6911531199999999e+01
1.9217396000000001e+01
-6.3185594799999997e+01
-7.1461973700000001e+01
-8.1799393400000000e+01
-5.0252282100000002e+01
3.1170377500000001e+01
5.6342579999999998e+01
-4.2465543199999999e+01
-9.3079858799999997e+01
6.9429781100000000e+01
-5.6449712400000003e+01
4.7755315000000003e+01
6.5565924300000006e+01
6.1984071800000002e+01
-3.7362216900000000e+01
1.4208113200000000e+01
3.8941442500000001e+01
5.2677795200000004e+00
1.6148457100000002e+01
-6.2754384000000002e+01
-4.9980277800000003e+01
-9.8650660799999997e+01
-3.8849096500000002e+01
5.8832895800000003e+01
2.3841506299999999e+01
3.7915701999999998e+00
5.0644227299999997e+01
2.8968338899999999e+01
6.1166321099999998e+01
-4.2724688999999998e+01
4.0794989700000002e+01
-2.2167166999999999e+01
-9.8581391800000006e+01
-3.6927495600000000e+01
2.1010441800000001e+00
-2.8714665199999999e+01
4.4167786900000003e+01
9.7271302100000000e+01
4.8771192299999999e-01
9.4781268999999995e+01
7.9829549099999994e+01
-3.9743507800000003e+01
4.2326995699999997e-01
4.1352517499999998e+01
-2.2655999900000001e+01
-3.5232631099999999e+01
-4.5099305299999997e+01
8.5187546699999999e+01
-7.7487804499999996e+01
-2.2131618899999999e+01
-1.3767157600000001e+01
1.0522891900000000e+00
1.2624706000000000e+01
-7.9396831100000000e+01
3.3985615699999997e+01
-2.5193305500000001e+01
-5.2533718299999997e+01
1.8823304799999999e+01
-3.7509394700000001e+01
-5.5124312500000002e+01
2.7767849999999999e+01
-7.8476752599999999e+00
4.1151034199999998e+01
2.4832024400000002e+01
-5.5698860300000000e+01
-7.3026308999999998e+01
-9.5313281099999998e+01
9.9133483299999995e+01
8.8500114100000005e+01
-5.2233883400000003e+01
3.3031790600000001e+01
9.1973455099999995e+01
6.6388773200000003e+01
7.8164404500000003e+01
4.9453337300000001e+01
-4.8790250800000003e+01
-3.1616466200000001e+01
-9.7296755400000006e+00
-3.7599119199999997e+01
8.7867179399999998e+01
8.8370299599999996e+01
7.8481478899999999e+01
-7.7246954099999996e+01
6.9028513300000000e+01
-6.4141989100000004e+01
7.2493302000000000e+01
8.2309523900000002e+01
8.2767719600000007e+01
7.0710316799999999e+00
-7.8426346899999999e+01
4.7190443600000002e+01
-1.2397423300000000e+01
-1.9993640200000002e+01
-3.5653076400000003e+01
3.8830898099999999e+01
-6.9614791600000004e+01
8.3861079899999993e+00
8.5137261199999998e+01
2.8941951599999999e+01
1.9288667300000000e+01
2.7831507800000001e+01
6.9990938400000005e+01
-3.2171377000000000e+01
8.0364615599999993e+00
6.2334742499999997e+01
1.8942062600000000e+01
-1.8045776900000000e+01
9.3456523599999997e+01
9.8098741700000005e+01
-5.5585607199999998e+01
-3.7901243200000003e+01
-2.4754285700000001e+01
-7.4637384600000004e+01
-2.6169050599999998e+01
-5.3717415299999999e+01
-2.4683341299999999e+01
-3.8710952300000002e+01
-4.6653609199999998e+01
-4.5990223700000001e+00
5.9733437000000002e+01
-9.5163241200000002e+00
-1.1588172500000001e+01
-3.9449726699999999e+01
-6.1953657800000002e+01
-9.4542824800000003e-01
1.6754474500000001e+01
2.7302760800000001e+01
4.8230919399999998e+01
-8.4683102300000002e+01
-1.3985977399999999e+01
-1.3024752500000000e+01
-4.6720007799999998e+01
7.0084884700000003e+01
-6.6835950000000004e+00
9.7864235899999997e+01
-2.0670151700000002e+01
-1.6245205400000000e+01
-1.6873242399999999e+01
4.4580574100000000e+01
2.9494593600000002e+01
-9.0712808199999998e+01
-7.0118378999999997e+00
6.0347626699999999e+01
5.7522699199999998e+01
-7.9353280299999994e+01
-2.2539856900000000e+01
-4.3994138900000003e+01
7.8957016199999998e+01
-4.9155720799999997e+01
6.2809436800000000e+01
2.4835053500000001e+01
-4.3328221999999997e+01
9.2979497100000003e+01
-1.7628534800000001e+01
-4.8461370700000002e+00
-6.1145428600000002e+01
-4.4855206299999999e+01
-7.7034594100000007e+01
4.4648575800000003e+01
-8.1309093700000005e+01
-4.8195808399999997e+01
1.2667900500000000e+01
1.3792975500000001e+01
5.4005213900000001e+01
-1.0298076600000000e+01
-9.6600837499999997e+01
-2.6642598400000001e+01
-3.1306368400000000e+01
8.6889516000000000e+01
-2.1904730300000001e+01
-8.8092793799999995e+01
5.4936471400000002e+01
-9.2182752300000004e+01
-6.6971914100000003e+00
5.8614398400000001e+00
3.2464219000000000e+01
-4.9593065600000003e+01
-4.9059678099999999e+01
-2.0141935199999999e+01
7.3315908099999998e+00
-4.6330949500000003e+01
7.7598373899999999e+01
-8.8187948000000006e+01
-7.1139272099999999e+01
-6.0193264300000003e+01
-8.3492892499999996e+01
-7.1558110499999998e+01
-3.5938854200000002e+01
5.9656397599999998e+01
-2.1383888400000000e+01
-2.7805197600000000e+01
3.4506613500000000e+01
-4.7399981699999998e+01
-6.2975143000000003e+01
6.0128866799999997e+01
-4.3865300499999996e+01
7.9338042900000005e+01
3.8430513099999999e+01
7.8525415400000000e+01
-7.3830285300000000e+01
7.9998883500000005e+01
-9.4520794600000002e+01
-2.9690518300000001e+01
1.8191738800000000e+01
4.5606643499999997e+01
-1.4472466600000001e+01
-2.3485420100000001e+00
-4.8245066000000001e+01
7.8175928700000000e+01
-9.7971008999999995e+01
-5.3758872599999997e+01
-4.4590321799999998e+01
5.8655199799999998e+01
-7.0512892399999998e+01
-3.5991333100000000e+00
9.5097507100000001e+01
-4.6208983300000000e+01
-6.3497277099999998e+01
-4.5527415499999996e+01
-6.0009680400000001e+01
-5.9276593599999998e+01
-3.3751181000000003e+01
-1.5407223000000000e+01
9.4468586999999999e+01
6.6863806400000001e+01
3.9841118600000001e+01
5.2841147700000000e+01
3.8802713400000002e+00
-1.2588572599999999e+01
-4.2841649099999998e+01
-4.7148737099999998e+01
6.0382257299999997e+00
-4.9450366899999999e+01
1.2489489700000000e+01
-7.5933459999999997e+01
-1.6864142000000001e+01
-7.6464300700000001e+00
-3.7801611200000004e+01
-8.2039371900000006e+01
-4.0429143400000001e+01
-2.7417888699999999e+01
2.4263716200000001e+01
-6.5974468900000005e+01
-5.7636625600000002e+01
-8.4780327700000004e+00
-7.6195157899999998e+01
7.7699336200000005e+01
7.4379340200000001e+00
-2.0714172399999999e+01
-6.5319311299999995e+01
-2.6119589900000001e+01
8.6858063099999995e+01
8.7213033699999997e+01
4.0800924799999997e+01
-1.5386210999999999e+01
-8.4419900400000003e+01
5.4687001799999997e+01
-3.3935320300000001e+01
7.6241741099999999e+01
-8.9542387899999994e+01
3.0445068599999998e+00
4.6136724600000001e+00
5.2020313700000003e+01
4.3210800499999998e+01
-8.2985875700000005e+00
4.0098363900000003e+01
5.2750901800000001e+01
9.9806823800000004e+01
-8.7984663200000000e+01
-5.8957613799999997e+01
-3.1321039900000001e+00
-5.4051546199999997e+01
7.3938073700000004e+01
5.4803327000000003e+01
-1.5715790699999999e+01
8.2239729299999993e+01
-9.9720326400000005e+01
7.0584186900000006e+01
2.4086991399999999e+01
7.5858758199999997e+01
-2.5570752500000001e+01
-3.4980719000000001e+01
-9.8125905099999997e+01
-9.9889124699999996e+01
-4.5933856800000001e+01
-1.9350602600000000e+00
-2.7176739800000000e+01
-2.5239502300000002e+01
2.8402784799999999e+01
7.2161402600000004e+00
7.8473468599999996e-01
-3.4113581399999999e+00
-1.5897424300000001e+01
7.0811591699999994e+01
-9.1782222800000000e+01
-9.6455448899999993e+01
6.3395139800000003e+01
-4.3404462700000003e+01
1.1325814200000000e+01
-4.0616810999999998e+01
8.9981979400000000e+01
-9.0095772199999999e+01
-7.7062103699999994e+01
2.2218984200000001e+01
2.5409374400000001e+01
-1.3607892800000001e+00
9.7773402800000000e+01
4.8458296099999998e+01
5.2686325400000001e+01
-1.0992672900000001e+01
1.8219712500000000e+00
3.4070844700000002e+01
-9.0486181500000001e+01
7.9377236199999999e+01
-4.0292743000000002e+01
-1.4352913100000000e+01
-3.2992167999999999e+01
9.9560936600000005e+01
3.3684743200000000e+01
6.3230911100000000e+01
7.8383550900000003e+01
-4.6896955100000000e+01
4.8981887700000001e+01
6.5305716599999997e+01
6.8388235899999998e+01
-7.2582347100000007e+01
-2.8411406499999998e+01
3.4668881400000000e+00
3.6102324100000001e+00
1.7700328200000000e+00
-4.6761343799999999e-01
2.4514851400000001e+01
-2.7356694999999998e+01
6.3403094600000003e+01
4.4249145499999997e+01
6.1215781700000001e+01
-2.1133075099999999e+01
6.9470666699999995e+01
-1.0228702100000000e+01
5.4372418500000002e+01
2.8238380100000001e+01
-2.1725550599999998e+01
-5.7340811299999999e+01
3.5846504000000003e+01
5.2133026100000002e+01
3.0726903100000001e+01
-1.7702942700000001e+01
5.9571914900000003e+01
6.3995610800000001e+01
5.4520109099999999e+01
4.5025990000000000e+01
-4.9972681600000001e+01
5.4245142700000002e+01
-6.5695177899999999e+00
-1.5491030800000001e+01
-6.3387169000000000e+01
-1.8250830400000002e+01
-1.2636257100000000e+01
-8.2514105400000005e+01
-1.6531176400000000e+01
-5.4958439800000001e+01
2.6653059100000000e+01
2.6623412099999999e+01
-1.1428394700000000e+01
-1.7373006000000000e+01
3.9383511700000000e+01
-9.9041674700000002e+01
9.4798203999999998e+01
-5.3576793600000002e+01
7.7498288599999995e+01
-9.0089630900000003e+01
-4.9673334699999998e+01
2.4221161800000001e+01
2.4810646999999999e+01
-2.2704577100000002e+01
-7.1888383200000007e+01
6.9386359799999999e+00
2.2036273999999999e+01
3.9536246499999997e+01
1.2948575200000001e+01
-1.8977087099999999e+01
4.3669657500000000e+01
-3.1229771499999998e+01
-3.5202088699999997e+01
5.1941325100000000e+01
4.7582559400000001e+01
8.1580929200000000e+01
7.5261611900000005e+01
-2.7252157400000002e+01
-5.5844302900000002e+01
9.8296155700000000e+01
-3.7586366400000003e+01
-4.3499809399999997e+01
-8.9418591300000003e+01
-6.5448364799999993e+01
7.3391218899999998e+01
-5.0595751599999996e+00
-3.9281789000000003e+01
6.8386561600000002e+00
-1.8495360500000000e+01
5.4619651699999999e+01
-4.2233459300000000e+01
-5.3732959500000000e+01
6.2904514399999996e+01
7.2356141399999998e+01
-4.9881387199999999e+01
-1.2398410500000001e+01
-3.8021758900000000e+00
7.1380824000000004e+01
5.5360177400000001e+00
-6.0453673400000000e+01
