# CEC 2013 LSGO F14 rotation matrix (25x25)
2.4717784295390929e-01 2.2521975933243010e-01 2.0403606842359170e-01 2.9623272417709401e-01 -3.9219613709901119e-01 2.5838405536636028e-01 7.8749737590320057e-02 -2.1530076514385579e-01 1.8771293350112680e-02 -1.7595819789472139e-01 -1.6227100461474431e-01 2.4601071499166999e-01 -9.3674748190734659e-03 -1.5972378081087241e-01 -3.1577796561747980e-03 -1.6620332994977641e-01 2.1814436840383750e-01 7.8905230334839413e-02 -2.2325932418628691e-01 3.2894102421720431e-02 2.6614281599889322e-01 -1.2857965504130540e-03 -5.0266873419652691e-02 -2.9550498115848572e-01 -2.2098744857793351e-01
-6.7541563549753198e-03 1.3352911186128291e-01 2.9238284311669271e-01 -1.2812502439450729e-01 5.3516765571016263e-02 -1.4399844176052359e-01 -2.5150378707181448e-01 -3.5975396483095462e-01 1.7205692705379139e-01 -1.1377433946526960e-01 1.0276155984753090e-01 3.7442880251457861e-01 3.8507978270614203e-02 -7.4047356044295312e-02 7.4384861895677182e-02 -7.3110319834910620e-02 -3.4237585501444862e-01 -1.2011677842590830e-01 4.4130988697937262e-01 6.2155379099501300e-02 1.1610514257669070e-01 -6.8453088202340501e-02 1.0535988388152190e-01 2.1706765613377541e-01 -2.1480808333372359e-01
1.8775297780099909e-01 1.2905860529094471e-01 -4.6932360323113642e-01 1.0223630881022951e-01 -4.5381541779480061e-02 -4.2163629917633200e-02 -2.0814268289565041e-01 1.6367500671614391e-01 -2.3099842053917641e-01 7.2248768900531724e-02 5.6303530090307821e-02 -9.1171955323452389e-03 2.8386130796656761e-01 -1.0516127076848340e-01 2.6770106891574891e-01 2.0813045931388210e-01 -7.3802102423629889e-02 8.0448291868098681e-02 -1.9888209076056401e-02 4.3939725485488429e-01 1.0347842002460420e-01 -1.0307170397246700e-01 3.6017974231753298e-02 1.0778405912456410e-01 -3.6789070810736102e-01
1.3317995456872281e-01 2.2464476372138281e-01 5.3989163223201950e-02 -4.5553528290777703e-03 -3.6976488045661382e-01 -5.8091961514021528e-01 -2.0979401387254670e-01 -3.9818665934172144e-03 2.9013014141275661e-02 1.4433490202428301e-01 -2.3037350829501910e-01 -7.3228711118460646e-02 9.0020388152794770e-02 -1.6324045250347641e-01 -5.0415175645755362e-03 3.4081391437993720e-02 1.8190089235041629e-01 2.5505016738186198e-01 -3.3396540637362367e-02 -2.8435488252171931e-01 -1.4752290986589001e-01 -1.1189356841679110e-01 4.6451743605412849e-02 2.3064897052241279e-01 1.5761017344956610e-01
-1.6629538349092141e-01 5.9025995571540382e-02 -2.7072771074957541e-01 -1.3266883309763311e-01 7.4575448733234351e-02 3.2579019087437261e-01 -2.7054465477446182e-01 -2.5264743574065851e-01 -2.4339772199710430e-01 -8.1563548119093596e-02 -1.0984114644126771e-02 -4.5265989655726577e-02 -1.0496090280809710e-02 -1.4819343044911759e-01 2.7927741859217342e-01 -1.4485575022812219e-01 -2.0598659682484469e-01 2.1290840999636659e-01 -1.3125136998311829e-01 -4.5419948034040258e-01 1.7483364030827839e-01 -1.9134363710526561e-01 -1.6102277499387821e-01 4.6202769030847912e-02 1.8330126442076591e-01
7.0613620157122817e-02 -6.3502946958289175e-02 -4.8518173763878063e-02 4.7655876584888801e-01 2.3668141748946110e-02 1.8211165194344819e-02 -3.6282409212453648e-01 1.1787005969065800e-01 3.0483101941709367e-01 -3.7652276042147111e-02 4.3708978950029148e-01 5.3934028999533187e-02 -3.5378175653311122e-01 -1.6385505153191829e-01 1.3270019676298311e-01 1.5666135752929869e-01 1.2199077333606860e-01 -2.9043382173671771e-02 8.8742256966031885e-02 -5.0557741930698862e-02 -1.6672543162883130e-01 -1.2180628400725840e-01 -1.9504828324215209e-01 -9.1692324118684165e-02 1.3187943615752931e-01
8.9806730977882623e-02 -2.1968955072024901e-01 3.7039901002593861e-01 1.0566982632937470e-01 9.6311825161689721e-02 1.3925775455727121e-01 -1.5035463049030259e-01 -2.2519680672252611e-02 9.5041152128847492e-02 2.1525954572957809e-01 3.9576186440784783e-02 -4.6736677131637261e-01 3.1762934223660741e-03 -3.8203821987693190e-02 5.2737914750875282e-02 -4.1824204742688209e-01 2.2940785896378629e-02 1.1732844272650170e-01 -1.7056225832834290e-01 2.2311146009294611e-01 7.2978490569671178e-02 -2.7263612406297000e-01 9.9480676106884686e-02 3.0326837159236442e-01 -1.1956467221969100e-01
-5.6874800741484621e-01 -4.4935638281237332e-02 1.7967705691805119e-01 8.4512178748244224e-02 -1.7441814991881760e-01 -1.4898942289058359e-01 -4.3127298853461483e-02 -3.5866642122136687e-02 -3.2040243589848772e-03 -1.4704425143165700e-02 6.3628145122611432e-02 -2.8047635788570469e-01 1.6994461383851769e-01 -3.3772214359730718e-01 1.2355283910838211e-01 5.5587163293426382e-02 -1.3488909189042231e-01 -1.2355593886629029e-01 -1.1968029480662780e-01 -4.1056201260019083e-02 -1.0905812729287330e-01 3.1439670306683909e-01 -1.9591541610858079e-01 -1.6732587345257599e-01 -3.2937800376917020e-01
1.0338825050962970e-01 3.7528338996520000e-01 -8.5515759461800622e-02 2.5381081578552431e-02 -4.1087309275082522e-02 -6.1156347297927717e-02 3.5750635908748257e-01 -2.8292221640428378e-01 5.1542568322922033e-02 9.9853043267808562e-03 4.3380720181770399e-01 -3.1497087674450908e-01 -1.1055117696612840e-01 -1.7121841074024149e-01 8.7544741009796076e-02 2.9434372446484999e-02 -1.6586654268903170e-01 9.6278921789116095e-02 -3.7453902565918483e-02 1.0321143142901910e-01 9.3574656157920141e-02 1.9805973245299199e-01 3.5361623279006432e-01 -7.6584080936486941e-03 2.5512527101231619e-01
-2.8282714224383559e-01 2.2781479868000420e-01 3.0709528742835418e-01 3.0950684127051370e-01 2.1952041828394619e-02 8.1527880112999010e-02 4.4944617158723763e-02 2.2098224133802949e-01 -1.6522939028247649e-01 2.4678199832714029e-01 1.9952296267348771e-01 3.5219634465173222e-01 1.8057434214592669e-01 2.7107282227149138e-01 -5.4735448567186568e-02 1.3101448359730999e-01 -2.4686464225531979e-01 2.7061901792540188e-01 -2.6214286144068061e-01 -2.9969875986297880e-02 -2.0640794163198181e-02 -6.4064897695100168e-02 7.7179869931460948e-02 1.2804461087388719e-01 1.0510407065522430e-01
-3.5030887340074729e-02 -1.2749398923424630e-02 1.3149845082392139e-01 1.6052194909101761e-01 2.6945982687760611e-01 -1.8446548625852549e-01 6.7335660254854129e-02 -2.2122579099555781e-01 9.4452225190110470e-02 -1.3293300266776131e-01 7.3146360933942891e-03 -1.5393721980773431e-01 4.3953240781504632e-01 1.7082105035915249e-01 1.0656587554219300e-01 2.1080412593067660e-01 2.5316276964904189e-01 8.5222292248021844e-02 1.2889992553020521e-01 9.7011141106701643e-02 3.9803924848753602e-01 -5.3500296768185247e-02 -3.6800413335635901e-01 -5.3516461054051848e-02 2.6450921628631369e-01
4.3548443520641113e-02 -6.8135898324736974e-02 9.5721061354201831e-02 -3.9682689789415748e-01 -1.0087170789693960e-01 1.2270433217434019e-01 -1.6519691145553021e-02 -1.6564530721671311e-01 1.7921617326190170e-01 4.7113941617471572e-01 2.6624483388255640e-02 1.0750273190411689e-02 -1.6920256514169391e-01 -1.6983654911284690e-01 -2.1054279869107481e-01 4.7378063052973501e-01 -8.8137777628448738e-02 1.5414431390351949e-01 -1.1809744544526279e-01 1.3283130842180191e-01 1.5008562981095391e-01 -1.7759992408788150e-01 -2.2897169891721109e-01 -1.4647727153198811e-01 -4.0344844330276228e-02
-3.5635768563841701e-02 7.7923994683918932e-02 1.9992175139230831e-01 -7.0200509731105490e-02 -9.6402871859096573e-02 -2.5527136561956332e-01 1.0681153260143980e-01 2.8337547130352142e-01 -2.8403866561495639e-01 -4.2600841876366891e-01 -6.9648771228238066e-02 -1.1755124591819251e-01 -3.7238326581225639e-01 -5.1625850445069253e-02 9.0135092272918913e-03 5.4173368532566789e-02 -2.9303351283717582e-01 -6.2895080963333364e-02 -6.1455357586711140e-02 2.1617364486051921e-01 1.8419920698198930e-01 -3.5749356065798099e-01 -1.9536580462603370e-01 -4.2466204569101593e-02 1.1991024901067970e-01
4.3671741312447623e-02 9.7649189412990639e-02 2.9242066149932879e-02 -5.5675481616405870e-02 -2.4631381634512500e-01 1.8359636830096801e-01 -4.3187184582166022e-01 -1.7239555384597929e-01 7.8590648852364151e-02 -2.4265691807115269e-01 -1.3036788986555040e-01 -2.1631382790417741e-01 4.7816144296434257e-02 3.9363149672280068e-01 -1.1543978957881430e-01 6.5692628925968277e-02 -2.1488445123972461e-01 1.6245172254149309e-01 -3.2733507704381007e-02 3.0768445674369999e-01 -2.9497319480189199e-01 2.3919820379124510e-01 -5.8920196800045552e-02 -1.0440319800791430e-01 2.0824721238733160e-01
2.7000104427489441e-01 -7.4987726448249914e-02 1.2200905949512079e-01 -1.4085330397175999e-01 9.4068531220357618e-02 -1.5430793818962740e-01 -2.2005908483948311e-01 -1.3512363819783749e-01 -7.3103183945547642e-02 -9.4158109776967397e-02 1.9674093400371850e-01 6.0261212466143098e-02 1.4125958789496659e-01 8.7917244084992408e-02 5.5388647537814938e-02 1.6061919616907780e-01 -6.4774070725052502e-04 -5.2485115013423156e-01 -6.0607860012708015e-01 -1.3273889824359761e-01 5.1876142315915230e-03 9.3797875958178799e-03 1.1318351674527170e-01 7.8283191967071439e-03 3.0018230129696941e-02
-2.8322055903319741e-02 7.1354791992969374e-02 -8.1042022900674193e-02 -3.8354538267330190e-01 -3.7015159541781950e-01 8.1500710737324136e-02 1.7643083430533679e-01 2.2612819315727559e-01 3.0007681555431381e-01 -1.2192727656409430e-01 4.0388056570841790e-01 1.1311237083652120e-01 2.0112048945880071e-01 1.1312853147906680e-01 1.2562099221288139e-01 -2.6407786538609229e-01 1.0685499757358900e-01 -1.1173059009728930e-02 -7.1664293438372065e-02 3.5426282625879393e-02 -3.3183581825770130e-02 -5.0922708296031349e-02 -3.4679925723711730e-01 2.2967737375593081e-01 1.6560752927862341e-02
1.6907102070376670e-01 -5.4968975036972012e-01 2.0872243954780800e-01 9.6276551197552757e-03 -4.1476534919030378e-01 9.0475798364131832e-02 3.8153771061537119e-02 -1.6609570871465171e-02 -4.1401028021856040e-01 4.1213197969761993e-02 1.8068841628085811e-01 4.9033233625550898e-02 5.3683147724705491e-02 -2.5930965016939731e-02 2.2081004341778401e-01 1.5693414328611649e-01 1.0407705031063121e-02 4.9883695277384468e-02 2.5834669661183440e-01 -3.6028972265163987e-02 7.2585060575999977e-02 1.8692312915570050e-01 9.0619810399093365e-02 7.3378858595863614e-02 1.8469517912908129e-01
5.7200891041574067e-02 1.1668958311910251e-01 -5.0659566902861121e-03 1.7156317021188201e-02 -1.4326934898157870e-01 -1.3960140801393939e-01 3.6971043532106403e-02 -8.3659675359267896e-02 -1.2614962672909771e-01 3.7706052809717322e-01 9.4522871916422863e-02 -1.2022408968833370e-01 6.4242477470753442e-02 3.5107106762952173e-01 2.1419763568120809e-01 -2.3228692344690119e-01 -1.1265449359845089e-01 -2.1942363576670040e-01 2.0709644186409981e-01 -8.6191574595535891e-02 -1.2889920253802281e-01 -3.2339124796450602e-01 -5.5802102026788640e-02 -5.3672918922898460e-01 -4.6624438248262137e-02
-2.4039247515536051e-02 -2.3657336439137719e-01 -2.3741156707011940e-01 2.3162635764389630e-01 -1.0541789707322130e-01 -1.4031194854611689e-01 1.0758034844838020e-01 -9.7053861155098786e-02 2.1676350712864259e-01 2.3902782213203741e-01 -2.8238717781521100e-01 2.3305401717627389e-01 2.4367437119745278e-02 -1.5080185025588419e-01 8.9703490884425974e-02 -2.4420844557601579e-01 -3.6049975553789398e-01 -1.9872559222114070e-01 -1.7395986975184799e-01 2.5354263293434631e-01 7.1144182781372980e-02 9.2044099628891041e-02 -1.4613939034445220e-01 6.1731444861075901e-02 3.8697670897189868e-01
7.5492295957406239e-02 -1.2932450176234081e-01 -3.8553477265361513e-02 7.1103202625733261e-02 -1.0829173206666480e-01 -4.6933405456098677e-02 8.2821240373297272e-02 1.6668742711257181e-01 4.2657535495815152e-01 -5.1319019914669722e-02 -1.7168439563919960e-01 -1.4453825229537889e-01 -1.5344898601704590e-01 3.6666491039464683e-01 3.3710310488304679e-01 2.0893480695632780e-01 -2.5548295135740662e-01 1.0870099517059420e-01 -6.3964790447544884e-02 -3.0279587615566123e-01 3.1623032381083938e-01 1.0912809999693140e-01 1.4997062777759129e-01 3.2601124492476027e-02 -2.5274941775768300e-01
-3.0121969638742951e-01 -6.1906078395740492e-02 3.3568831780477031e-03 8.8014270112982042e-03 -1.4974266737586411e-01 2.0757944571544559e-01 1.7548146569776660e-01 -1.4553642293290150e-01 1.9201840289734229e-01 -1.7523850371174871e-01 -1.8235604989275789e-01 2.1345698439892691e-02 1.3539714802005320e-01 -6.3785536089664432e-02 2.6058505589164022e-01 2.8632701433011648e-01 1.5109754278363319e-01 -1.3246945778320710e-01 -1.3118241459724620e-02 1.1141796050192750e-01 -2.8471073648098327e-01 -4.8719616492758350e-01 3.5590117403150812e-01 3.8732479556429021e-02 1.2136884839354160e-01
1.8461955146629361e-01 2.1989979711357241e-01 2.6400115952253839e-01 -1.2134798154951849e-01 2.5525357186453368e-01 7.2290437427903698e-02 1.4241553455625189e-01 -1.1806530064646889e-02 -8.0573479537116827e-02 1.2418695438173991e-01 -2.1162552666249609e-01 8.2940728682169299e-02 -1.9976541830828320e-01 -2.8181275165657920e-02 6.0055557513473523e-01 6.1623364182170362e-02 9.2779978631906693e-02 3.6805204897787311e-02 -4.2206504676967002e-02 1.0493571954979850e-01 -3.2842196602747570e-01 2.3175176556868299e-01 -2.6115685288595952e-01 1.0498243013931841e-01 6.5040811153469352e-03
-4.2479966354694221e-01 1.2107873517737899e-01 -7.2354175427099876e-02 -9.8182000770505956e-02 -1.3166953308510951e-01 -7.2566112215913470e-02 -2.4637813553441809e-01 -6.2920109751202283e-02 -9.9569741823134134e-02 1.8058600350305701e-01 -5.1044644837817460e-03 7.4556816571877502e-02 -3.7338392597665659e-01 2.4015417268169040e-01 1.4533174388027140e-01 -6.6864553497729323e-02 4.1527047283523000e-01 -1.6116451840606191e-01 -3.1273157685502692e-02 2.1724839615110580e-01 3.5669489120560882e-01 1.4099164682401499e-01 1.5066483709405371e-01 9.6035304340957361e-02 7.9520659192511486e-02
-1.3317043168925040e-02 -2.7119778232077941e-02 -1.7087549999561780e-01 2.6780510540070440e-01 -1.3159775749888000e-01 -2.9304314359792472e-02 2.5410591288807921e-01 -4.4552957222398432e-01 -1.7844865164629339e-01 6.2669431640570089e-03 3.8508909104744617e-02 -8.1798170138434559e-02 -2.1285734809301390e-01 2.7350483966748329e-01 -1.8123418078831441e-01 1.1809907687871279e-01 -4.5985149696329596e-03 -1.1379153636467559e-01 -2.9708177555246719e-02 -7.1830407851758982e-02 -1.6532870637013319e-01 -9.3847570998828414e-02 -3.1173934483848331e-01 4.3318311464978471e-01 -2.6453879463072522e-01
8.6150686978973462e-02 3.5582287540308982e-01 9.2950879411694942e-02 1.1149773470925060e-01 -1.4249868438370880e-01 3.6386233611243729e-01 -6.4716144291560210e-02 2.5489865929888239e-01 6.8423336996536381e-04 1.6808832596259909e-01 -1.6522853324641751e-01 -2.3671645272180900e-01 1.1604935706594149e-01 -9.7801098570822670e-02 -1.0795120932488110e-01 1.5234734111266451e-01 -7.0052724027745844e-02 -5.0337081255002369e-01 2.4407850927131780e-01 -1.4645719613516309e-01 1.5808409018606120e-01 4.9507085874493553e-02 -8.4655692942255487e-02 2.3709071079223870e-01 1.5301847486971110e-01
