# CEC 2013 LSGO F14 rotation matrix (50x50)
-2.6557937789400882e-01 -1.0170800570035900e-01 -1.2330106614823939e-01 -1.4516598838301389e-01 -7.0592643142676874e-03 -2.3836886195828990e-02 1.0141342857788641e-01 -5.3496215320749151e-03 1.8999219711227949e-01 1.3452248320458450e-02 -2.9226658623210382e-02 -2.3871800525421660e-01 5.8933180918097940e-02 8.9649131823281686e-02 2.2867233716229039e-03 -1.0917091714719900e-01 1.7478425830203070e-01 -2.4055543087459699e-01 -2.3143748274630840e-01 2.3254311178670869e-01 -1.9211809455570381e-01 -1.8337171432505930e-01 2.1310150824252050e-01 1.0272177764692929e-02 -7.4725146342277407e-02 1.3975927550830120e-01 5.7638143435975488e-02 -3.7964022244711362e-02 -1.1021054786866130e-01 5.0237791029430368e-03 -2.0874184931953221e-01 1.6149538131453539e-01 2.0908082053129490e-01 -6.0249797134233347e-02 -2.8611670145462048e-01 -1.0192427592466929e-01 7.6403996240695521e-02 4.8217590930158427e-02 -1.4613828679951871e-01 -3.4684221137296897e-02 -9.1255284384996350e-03 6.5651895325619963e-02 4.8720393969697122e-02 1.2714391942911100e-02 2.7841545698358259e-02 5.5199076399116899e-02 2.5175418883978451e-01 -1.9942160838041251e-01 -1.2579320642482911e-01 1.7466400119339959e-01
-1.3703362686978299e-01 1.2721007571678791e-01 1.6981935387737199e-01 2.3256930819787641e-01 -2.7540813335442149e-01 -2.3974023106636361e-01 -5.9124260489671648e-02 -7.0368275224743024e-02 -2.0361869510384789e-01 -3.6649580655135752e-02 -4.7553251110709613e-02 2.5201566122661709e-02 1.1388661873458970e-01 -1.1899594378380279e-01 -1.4514307756872880e-01 -1.1707345120349170e-01 -4.1761611705302293e-02 -4.4475315710819467e-02 3.8335805968148423e-02 -1.6202142378572079e-02 -5.4335169586167152e-02 -2.5280289218965157e-01 -3.9382678825036217e-02 3.8635736999804458e-02 2.5119420455766400e-01 6.9203691331052933e-02 -2.1497302435358409e-01 -2.8304794482475087e-01 -3.1575520696665839e-02 -8.1431712011178752e-03 -1.9495805106403200e-01 1.3550291771205480e-01 -6.9867707266131368e-02 -4.6550901039833788e-02 5.8620660786442610e-02 1.5551112106277901e-01 -1.1093311413950740e-01 1.3454091757505360e-01 8.1991116436368153e-02 -1.5354352397308560e-01 -2.1972467415992780e-01 5.6677579694742269e-02 1.8785334255543579e-01 -2.0111537572201861e-02 -7.8564985484359057e-02 6.4962051138976726e-02 -2.0417634453450251e-01 -3.7169942608042079e-02 -2.3432495411298759e-01 1.2164679031727919e-01
2.0839906359438221e-01 -5.1214230154714387e-02 -4.1429053423620313e-02 -4.7721881137060038e-02 -1.3752207915117540e-01 -8.1940597546875327e-02 -7.3068744001540120e-02 -1.6085714662869111e-01 2.2853717604247120e-02 1.5265946614140061e-01 2.0050996358091899e-01 -2.6889172811058620e-01 5.5296222321327242e-02 -2.5384553334441923e-01 1.0598287241495009e-01 8.2512526761052044e-02 -5.8147019367169490e-03 2.9205197409025208e-01 1.1328006004884000e-01 -1.7119607208973869e-01 -1.3277024481457009e-01 9.1466917026840261e-02 3.2913771469010422e-01 1.1190096729159520e-01 -1.1250716976598510e-01 3.1486484232134598e-02 -1.8310987165446441e-01 -9.4023672103117406e-02 8.7575993559603049e-02 -1.9113892431326000e-02 -6.9410477443513266e-02 2.3747905570546460e-02 1.1194631480901790e-01 4.7964756686663883e-02 -5.1264410088170578e-02 -5.8076878814704727e-03 -3.0668295690948921e-01 -2.7993763921022191e-01 6.4637462323386833e-03 -3.1514119240153411e-02 2.2816775078410020e-01 -8.8154881105761106e-03 1.1623140226089940e-01 1.4424292439221531e-01 -9.6437064395813232e-02 2.2471738545381831e-02 3.3456115036110401e-02 -1.9002568016927679e-01 -4.3265175639735053e-02 -3.4376528506118401e-02
-4.2839648535095087e-02 6.0185665210553720e-02 -3.9594936760212453e-02 1.4859425154225861e-01 1.5999585889841131e-01 3.2712615600230410e-01 2.3697076790421970e-01 -5.4535455165634211e-02 -2.6784350696781611e-01 -5.9709825806672542e-02 -1.1708788530377510e-01 -6.4928856397618959e-02 5.4441194109134922e-02 -1.3087632868336410e-02 -1.2222137890525760e-01 -9.8692744241793869e-03 1.0228059695019689e-01 2.0116851260371039e-02 1.7397581063518719e-01 -7.6804005647970033e-02 -1.0396020930920891e-01 2.9581247860017718e-03 2.3087467042976589e-01 3.4549221174894551e-01 -1.0935552839347901e-01 -5.1185118489777123e-02 -2.6965081662221219e-01 7.8570469136438573e-02 -1.5773342469316370e-02 6.2255741037671383e-02 -6.6027758525924435e-02 7.5362504609780875e-02 2.4339212710024630e-01 7.0252324367715294e-02 1.5345651130271379e-01 9.7390185262670959e-02 2.0278567604620129e-01 2.3675601962101689e-01 -3.2629350491013898e-02 -1.2742419613034819e-01 8.5736881569054540e-02 1.0693919221906301e-01 -1.9516295741511189e-01 1.2179081673781481e-01 1.3033569314608509e-01 1.0089270307750560e-01 -7.2341452668691977e-02 7.9703623394057482e-02 8.4290150324002514e-02 -1.8914483428783109e-02
3.6658352094852173e-02 -1.3601486105482081e-02 -5.2813173407936537e-02 1.0186572789437651e-01 -1.5880327834906319e-01 3.6721570905449703e-02 3.1812939737372181e-01 -1.3635584575223489e-01 -8.9928245009047048e-03 -8.1369893202483695e-02 7.3984259469122404e-02 1.2239789210469310e-01 2.5935890901971959e-02 1.4736761399150330e-01 -5.1610120831585539e-02 7.0757579099910095e-02 2.8792699637558618e-02 1.2892389516718519e-01 -2.1529170063997680e-01 1.2774432576476910e-01 -1.7218285863897190e-01 -3.7585386809359862e-02 -2.0052721318911540e-01 2.5154762078366488e-01 -2.2140239158213770e-01 1.7436303378371671e-02 1.1594492610963500e-01 -9.7826179914132991e-02 1.4790430610021291e-01 -2.9132951385376038e-01 1.7972972539669160e-01 -1.4129946431076660e-03 -1.4930368077001530e-02 -2.8661865894908822e-01 1.5038739347885879e-01 3.1967915284982489e-02 1.7301884667997310e-02 -1.5837149148589610e-01 1.2626374843832550e-02 6.7149439829273946e-02 9.9089693868328277e-02 2.2081527902378570e-01 2.8760345596169690e-01 -5.5146726088837160e-03 2.1707185068949431e-01 -1.1775156525994861e-01 -9.8952045598595897e-02 -6.5212254741024878e-02 -8.2320419128650724e-03 5.6421674777886968e-02
4.8730119854162188e-02 1.0741615320234631e-01 -1.4607039146969891e-01 -1.1083008630861471e-02 -1.5258912867267371e-01 1.5339721504545731e-01 -2.9971454909476881e-02 1.7364920602350051e-01 2.5507178493803812e-01 -2.2461797356868349e-01 -1.8855856616020000e-01 -2.5913038940469930e-02 2.8203844904341770e-02 -4.8495988469949319e-02 1.8689515059434580e-01 5.4466086911295758e-02 -3.7170113784177103e-02 -7.6708243177719404e-02 -6.4396070453397791e-02 3.5338602145730848e-02 -3.9077486219862317e-02 7.1095825583467220e-02 1.3249858778111151e-01 1.1803929935407979e-01 2.2707810709660731e-02 -4.1324262124638259e-02 -3.0067243721508619e-01 -2.4354629989017090e-02 9.6120923161451433e-02 2.1644138202231489e-01 -3.3741758153638161e-02 -1.1357930036936729e-01 -2.0344416337211371e-01 -3.3141661741386830e-01 -2.2747815346734569e-02 -1.2284139543537751e-02 -1.9769116184982849e-01 1.6308419114832351e-01 -1.1722841299120081e-02 -7.9594379688165032e-02 -1.0484863723559250e-01 -1.1675608785734570e-02 1.2756308922489750e-02 3.2246178883693258e-02 -5.2856490507074687e-02 -4.1103180546612927e-01 1.3577327888284351e-02 3.8864402781538063e-02 2.3354829498864280e-01 1.2466337431856020e-01
-1.1479023521037490e-01 9.0001030069242649e-02 -3.7598083162681227e-02 -1.0183238422863060e-01 -3.3424868708038243e-02 2.1766278389786861e-01 -2.6063082747580801e-01 8.5030184011580454e-02 5.3333874930168751e-02 2.5904226113018240e-02 -2.3030899401452570e-02 -3.3142183585764227e-02 -6.3111592013251713e-02 1.0566366830884159e-01 -6.1660562082791869e-03 -6.6826527524941323e-02 -5.2678990667134343e-02 1.9734498730232741e-01 2.2876230425780100e-01 -4.3457838393086798e-02 -7.1881714569260588e-03 -2.4162940023173071e-01 -1.6341803005792349e-01 -2.2863761041820089e-02 2.2622442923784711e-01 5.4227699129017976e-03 6.9004430442784911e-02 -4.7867007557752653e-02 4.0112077092690901e-01 -3.2029677173821980e-01 -3.7115091874563029e-02 5.2511933254425262e-02 1.4475167210326079e-01 -6.5765776587325547e-02 -8.1117587788834766e-02 -1.1782640796286170e-01 -1.3002789395477721e-01 1.8846272906747341e-01 6.4636501088790432e-02 6.6307879857500071e-02 1.3409997064324439e-01 1.3477495584799650e-02 -2.0609823319455919e-01 2.8256034485208359e-02 1.3559696891654291e-01 7.0669579538448171e-02 -2.2831734854733859e-02 -2.3029289324740071e-01 1.6589036613493699e-01 1.9587055235923889e-01
2.9156011728672781e-03 -7.7787387835104846e-02 2.1770966111257259e-03 3.5222002860786600e-01 2.1033930914766760e-01 7.1237690451671533e-03 6.7386723493815484e-02 -1.3864707133529169e-01 5.8936488810551052e-02 -9.1784765525903736e-05 2.1982731198105801e-01 2.1148466347968159e-01 2.0538573827721790e-01 -6.9228676616780352e-02 1.4616051444267281e-01 -2.2072384081318680e-01 -1.8944875441135589e-01 -6.2630218641502103e-02 1.1721232823749160e-01 4.0951990324998612e-03 -8.6435794824721496e-02 1.3240566880707691e-01 -1.2424725155419750e-01 -1.9369238749153339e-01 -1.7344917336558411e-02 -1.9336953213028901e-01 4.7979080700517762e-02 6.4049238986459298e-02 2.3086373620392120e-02 7.9209185652770547e-02 -2.2977746705820801e-01 2.1421306223349601e-01 2.4867793124032919e-01 -7.9946487312936840e-02 -1.5921865609679231e-01 -6.3194047738327735e-02 -8.5829443988320833e-02 5.5855126560173947e-02 -2.3834748664632821e-01 1.2156133336363760e-01 9.2737218288965639e-02 1.1283096745155820e-01 4.5647325870845738e-02 -6.7051579361002228e-02 -1.0978580931924060e-01 -2.1506661521154941e-01 -1.7487959470998199e-01 -1.2226324457339600e-02 9.9192374272332060e-02 2.6192568647192820e-02
-2.9265937053618830e-02 1.7168726902657119e-01 1.9406678569911370e-01 1.8026279504546910e-02 1.2106483774361310e-01 2.1401788534818730e-01 -1.1323678873179510e-01 1.7594035226368079e-01 1.1739686459290601e-01 2.2050032375648629e-01 7.1421606156715457e-03 6.5416028810809768e-02 -3.9461613919766762e-02 -2.2504857087145561e-01 1.0621004512253160e-01 1.7193139472376770e-01 -1.0096209503815630e-01 -3.5078890948779091e-02 -2.8409357755559173e-01 9.8418111660889609e-02 2.4286424236693228e-02 1.2463307248981420e-01 -1.4756142944620981e-01 1.1598417427682810e-01 -2.1518482637433131e-01 -8.1550692310356998e-02 -2.6285867181886878e-03 -1.1455143979987920e-01 -3.2821680148915899e-02 -1.4832038163401309e-01 4.8070039669848692e-02 7.9207733152484791e-02 5.1657689875459198e-02 -4.8326212198976780e-02 7.0647942941524863e-02 2.1599720737601421e-03 -1.3150889032317861e-01 8.9475625076218479e-02 -2.8430263554810740e-02 -2.7254927925400507e-01 -2.5671559615590811e-02 2.7159581989149312e-01 -2.1897070608115160e-01 -1.3360057789705149e-01 -3.1127745540515311e-01 1.5784683868054919e-01 2.6739234531835871e-02 -9.5262298280628210e-02 -1.8304344857331739e-01 -3.2160835132910112e-02
-3.7329091563185241e-03 -2.7527196648801700e-02 3.0974083713950318e-01 3.7621240899986710e-02 2.1780140303459530e-01 1.2115910192202260e-01 -8.8745663850189546e-02 -1.8010152114375680e-01 -3.0534840740601730e-02 -1.7493988670446822e-02 -1.6021383121825800e-01 -9.6685785262434792e-02 -2.1040524152977039e-01 -4.4856173405526979e-02 3.4197137394662219e-01 -3.4386044989649027e-02 -3.1669924254209607e-02 -2.8966221965300638e-02 -9.5798401785616820e-04 1.5217002189140741e-01 -2.3016367790316911e-01 -3.9034096205223870e-02 1.4198803450642190e-02 -1.0047610443817551e-01 2.4851996616119279e-01 7.9574146740519311e-02 -2.1425949220692431e-01 2.7586987670855769e-03 6.1631510124889793e-02 -1.6268043441150329e-01 1.9202543419902671e-01 5.0319802762131702e-02 -4.6421551579182103e-02 -1.2891958294846270e-01 -9.7220374691623160e-02 2.5931571603914402e-02 8.9805120590930099e-02 -1.1670627035583819e-01 -1.0623332055897899e-01 1.8369130721945730e-02 1.6222560923840729e-01 -6.6363210272893464e-02 2.3506999369855119e-02 1.2899581170153920e-01 1.0433249387822520e-01 -8.9558629142314314e-02 3.9003954214014230e-02 3.2052257834426312e-01 -3.0106578352353303e-01 -3.7188500375805053e-02
1.3475420990694401e-01 1.0139763785248500e-01 6.8104342247916796e-02 -2.1493527260600770e-01 -2.2893959001975461e-01 5.4606393914853280e-02 -1.4272850897796741e-01 3.2494371902245418e-02 8.3807109373439312e-02 2.6890617416022139e-01 1.1952506234602620e-01 2.3437922072710751e-01 2.8478703348993731e-02 -6.1423190947276003e-02 -1.2629010936853710e-01 1.9810822482640419e-02 -6.1660063846156930e-02 -9.9913732477127551e-02 2.8873774608044540e-02 -3.5201048322660168e-02 -4.7959358725337083e-02 -7.9523963519850513e-02 9.1136823024790120e-03 -1.5798291081022681e-01 -1.8903982566608490e-01 -7.7949575776876279e-02 -1.8885122013867781e-01 -1.0045581220613080e-01 1.4991208588344970e-01 2.1146161774242431e-01 4.9518981670422478e-02 6.6917308548198731e-02 2.0619491766397960e-01 -1.8134477504722241e-01 -1.8972212072628100e-02 -1.9662359289065900e-01 2.5894901886406302e-01 -1.6375553011701741e-01 -1.1780865351940580e-01 -1.7393563761470159e-02 -1.9730780529478609e-01 2.5627487531397489e-02 3.6144468075305497e-02 1.7959071109719221e-01 1.8476258034966000e-01 1.8440923422708350e-01 -5.7335757786669737e-02 2.7016819982250950e-01 6.2470588139772389e-02 1.3879806315822141e-01
8.9237172615958121e-02 2.6286336116960829e-01 -8.0994545338298231e-03 2.0147269762902831e-01 -1.9909921533622121e-01 1.7069221360752801e-01 8.3906280605189815e-02 -2.6977619082780929e-02 3.4659855331868467e-02 -2.5724520478248199e-02 -1.4883513967844539e-01 -8.2079189315835896e-03 -1.5711439710951211e-01 1.4236796585892161e-01 7.5201048626925143e-02 -5.8295409370324777e-02 -1.4744319447840040e-01 -1.5349974356964960e-01 2.6686902503403509e-01 7.7268672570249650e-02 1.6083691620797019e-01 7.3494968423653301e-02 -1.1062373794100160e-01 1.0592522933656801e-01 -7.5999813128002830e-02 3.3746020067158011e-01 1.3289264715669261e-01 -2.5048906138940789e-02 2.8165330899754031e-02 1.1506599563922160e-01 -2.7769406373619632e-01 -1.7443157232535050e-01 1.7582592769515451e-01 -3.5830749306651997e-02 6.4346240165935684e-03 -1.8574805509761450e-01 3.0248909989860989e-02 -2.2891555306901040e-01 5.4964864235557770e-02 -1.6358810381607311e-01 2.0249270507689399e-01 -1.4811368374247441e-01 8.3926511446416066e-02 -1.7784926590071079e-01 -9.1064246023406833e-02 5.8682616968670998e-02 8.0544417906770249e-02 5.7042951951910163e-02 -1.3401232964788701e-01 -4.3602169941988024e-03
2.5410249940276181e-01 -5.2969712315033633e-02 -2.1399930793047239e-01 -2.8377345685029979e-02 -1.3269426655943720e-01 1.2328238046131031e-01 2.8241664444740081e-02 -1.5052122944551760e-01 4.8464895303822170e-02 1.8917081927468901e-01 -1.0595614594225811e-01 -2.4758071434210960e-01 -4.3118388730584663e-02 -8.6548000533473918e-02 -8.0491286965008069e-02 -2.0621704749369790e-01 3.7693118618042018e-02 1.5313234449192061e-02 2.6779441009662609e-02 2.6940691778226361e-02 1.3669569575096191e-01 -1.9881781670268819e-01 -2.5888990558463981e-01 8.3356534160694079e-02 1.1829937323435860e-01 -1.4434658625266689e-01 1.6016552690326519e-01 9.1463675654493010e-03 -7.8163969698249167e-02 -2.3965959362328749e-02 1.7176002890276190e-01 9.8131401095903709e-02 1.2332435029797080e-01 -3.4324834800865282e-02 -2.1221345308692380e-01 3.8074935544925731e-01 3.8078315109300813e-02 -3.7291493654350527e-02 -1.0147308933366750e-01 -2.7030085638396512e-01 -5.4044407718659322e-02 6.2788342078245784e-03 5.3212288900524513e-02 5.5445103658350058e-02 -1.9393515660385219e-01 -9.2262986552758150e-02 6.5724562202444270e-02 1.8157357743433061e-01 1.7522132186229339e-01 -5.9277001137205278e-02
3.3300050088279701e-02 1.3514615491252341e-01 7.0170521285022519e-02 3.3764799240265731e-03 -1.2222481591823920e-02 -8.3485669383852618e-03 8.0177159300618570e-02 2.7405750402303669e-01 7.8386990074184051e-02 -1.6561492725560201e-01 2.7883677682759199e-02 3.3727287221025262e-02 5.0246611392900167e-02 2.6089061573804012e-01 -6.5129719094489322e-02 1.8775462367181469e-02 1.1985732839971010e-01 -1.3742196792459099e-01 3.4519353793134400e-01 -1.5541166636220291e-01 -7.0388909425642299e-02 1.0718705286030390e-01 -9.4641442892278743e-02 -1.6538842067406249e-02 3.1953197979285898e-02 1.4969949569474331e-01 -2.1362017947341119e-01 -7.7216625994552798e-02 -5.6932400596259147e-02 -5.6656551036215079e-02 4.1349079407356670e-01 2.6497206138540258e-01 1.2470327355639629e-01 6.4383228510273921e-02 -1.2133878933341130e-01 -6.0409579482923791e-03 -3.0880474083138851e-02 -1.0851061350557779e-01 -9.6710354382522318e-02 6.9902759422860325e-02 -1.4790128010644421e-01 1.3434419706148451e-01 8.8989527795441753e-02 6.0803640702783199e-02 -1.8577149629668521e-01 -5.4581723066577333e-02 1.3860970318220481e-01 -2.0624064779943421e-01 -4.4863805287960898e-02 -2.1012600859984981e-01
-1.0139711917064970e-01 -2.1047068477412789e-01 7.6786695368698948e-02 9.4141553605682535e-02 -1.6802882626697080e-01 2.1233150184312169e-02 3.8745456576246429e-01 -8.0935530585667950e-02 1.4736381441741059e-01 2.8597574439374601e-01 -1.0745347887109630e-01 8.0769721879881018e-02 5.2600331833385638e-02 -1.7584822454378080e-02 1.0521311965551010e-01 -1.0742151176141369e-01 -7.2690853282296963e-02 -1.8501322528399700e-01 -9.7000732347154270e-02 -7.1302268006015940e-02 -3.5046253184703557e-02 -2.3941516170137250e-01 -1.0663204939423419e-01 -5.5294885991144264e-03 1.3086859548012189e-01 -1.0212427760796190e-02 -2.3777302385602950e-01 1.8099078251487299e-01 2.1397702451550729e-01 9.9336082482983853e-02 7.2576412808997917e-02 1.3696485467095339e-02 -2.5300900597527948e-01 2.0509051585834209e-01 8.1205526697530048e-02 -2.0675893517638899e-01 -1.9972847044791950e-02 -1.1327069736299041e-01 6.5073168423552388e-02 -5.4268057252871607e-02 1.2322175535594131e-01 2.4366377482681230e-02 -1.2645550541579201e-01 4.2955138573629502e-02 -1.0786849987119100e-01 1.1532288797592410e-01 1.8910164002940561e-02 -1.6006100482663099e-01 1.5602598773791551e-01 -1.4753147520989890e-01
-1.7305572933422390e-02 -3.8881229197154428e-02 6.2233244724453969e-02 1.3352969920192051e-01 -2.8228888210376502e-02 -1.6007230367893210e-01 -8.1685441785989202e-02 -3.7911770125266891e-01 2.3981398044378449e-01 -1.3180319168538479e-01 -9.9629867953596574e-02 -1.4822234461186559e-01 -1.4135288038861479e-01 1.0490348989939610e-01 1.3505222846695589e-01 3.4903736512955291e-01 1.6865640192020059e-01 3.9282909927096210e-02 -2.6409084095474902e-02 -2.3087191862843839e-01 3.2337394890524238e-03 7.2797311630011630e-02 -1.8864511848831039e-01 6.8743091471767742e-02 1.1769222189681661e-01 7.9626959853864990e-02 6.0783776460978413e-02 -3.1659096882603800e-02 -2.5412130046008558e-01 7.4831778448369718e-02 -3.2109861979126457e-02 1.6876062821542159e-01 7.5691430548030680e-02 -8.2664342951183592e-02 9.0129920858653345e-02 -2.1338020808633340e-01 2.5228261428352321e-02 2.9307782045057570e-02 8.4826124894141850e-03 1.5691875222651360e-02 -5.9720722600141760e-02 1.5177692931751219e-01 -1.0955097184844860e-01 1.1682454260045200e-01 -6.9458136594909459e-02 1.9347580243678711e-01 -9.9110597842477624e-02 7.9565256415237165e-02 2.5698892416857089e-01 1.5135394596491161e-01
-2.7422757024924138e-01 -2.6017659281958810e-01 5.5687727260244520e-02 -2.5429810780791179e-02 9.4275057583505364e-02 3.5933056809099673e-01 -2.0211196162793991e-02 -2.0245281251974420e-01 -5.1641249678225289e-02 -4.8763197656305879e-02 -5.7229124798903873e-02 2.2613058786469409e-01 -1.1467897068406210e-01 -1.0186583322877600e-01 -4.9000444083285077e-02 1.0110972690894660e-01 8.9711146050279814e-02 1.1490727529018120e-01 6.8547443054182172e-02 -1.2699597402295549e-02 1.4141118626105789e-01 1.1038406509868631e-02 1.9401721241072889e-01 -1.5083714047220551e-01 1.0095522570410860e-01 4.9358600582980770e-02 4.7966126112901443e-02 -4.4043547755303482e-02 -1.7139059385188029e-04 -7.1937802444391130e-02 4.2289996306911867e-02 -9.0196852028205293e-02 8.2558531234456986e-02 3.2202879618135560e-02 6.2178681825586703e-02 -1.1035590578399580e-01 -7.4769610984130971e-02 -1.6445588528660521e-01 -1.3944280431819220e-01 -3.2932703111942357e-01 -3.2236475368169482e-01 -2.9668555257917711e-02 2.9918560467369781e-01 -9.9458237658291232e-02 -7.8741389800849118e-03 -7.4063912663164450e-02 9.7454381021817686e-03 -1.5209812187955149e-01 1.4275019294438401e-01 -4.4340652681110322e-02
1.5339435867724741e-01 -2.2381713963567160e-01 -9.8838648713924046e-02 1.3033313014905851e-01 1.9778689800412780e-01 2.5450992233308849e-03 8.8548149217613115e-02 2.1599919778541921e-01 6.6332983617659130e-02 -5.5188238327671217e-02 2.7356834954191489e-01 -7.7704736134272409e-02 -8.1130834772631041e-02 1.9351609761988359e-01 -6.7103517200346310e-02 -1.5548618063407410e-02 -6.1376766136744997e-02 9.2555720550009227e-02 -8.7505120615885708e-04 -2.8085384406465758e-01 8.4762167232478550e-02 -1.7222388648974690e-01 1.0180978345975550e-01 -1.1728892844326080e-01 1.2730844900768029e-01 4.0780994441433599e-02 -1.8507596597433309e-02 9.2299184057535469e-02 5.9054343587497608e-02 7.3426853938962477e-02 -1.7345524614599251e-02 -3.1881553186910862e-02 -6.2495548887565033e-02 -7.4600029194275774e-02 5.6216471513954112e-02 -3.9203020954772433e-02 2.6686820745137941e-02 -1.0407405685001569e-01 1.5734994124567869e-01 -2.8123777048784898e-01 5.6224545279314536e-03 3.6195674362780439e-01 -4.6480177216312847e-02 -8.8315360040260527e-02 -2.5283092088594769e-03 -6.2845391955734825e-02 1.2196197695751690e-01 1.8017396390962301e-01 -2.4185284802664669e-01 3.1533125225236058e-01
-1.5379232169180301e-01 3.8962196121479448e-01 -1.4641028981540671e-01 -9.2169526281556710e-02 5.5326548757629247e-02 -1.0860205721862320e-01 9.5526797978049430e-02 -1.8156090488750479e-01 -1.0090367132508039e-01 -2.0715517590767490e-02 1.4171156457415179e-01 -8.8401168828293089e-02 -3.5110266865475852e-02 -1.6265633351226269e-01 1.3115081081107561e-02 4.0594061904004823e-02 -3.2049055496387691e-01 -6.4482667050663842e-02 -1.0335846148264050e-01 -2.2350621699747561e-01 -1.6216806010423579e-01 2.6601301483203561e-02 1.3028492153897200e-01 -1.3788792954347090e-01 8.1028213706654653e-02 1.3705423299905251e-01 -7.0591785141498928e-02 7.8014291423911031e-02 -1.7610256167270549e-02 -1.4073893826266751e-01 1.6845153502665280e-01 -2.5686709185675040e-02 -5.2391699439742366e-03 -1.0544839679870280e-01 -1.4604685932183559e-01 4.9285652999934017e-02 3.1992347742423383e-01 -4.4540222673733448e-02 1.2309558578943661e-01 -8.9082616369802747e-02 5.8643453951545080e-03 3.2366499959486832e-03 -2.5061053719606562e-02 -3.4586194713226770e-01 -5.4100806709686117e-02 -2.5934142154070340e-02 -1.3881783525603229e-02 -8.2003095530670117e-02 2.4525344884997860e-01 1.6888692003066520e-02
1.6218545562447350e-03 -5.5461364440076717e-02 -3.5986431820945619e-01 3.2353677356714268e-03 1.8575774648999110e-01 -2.1182550457771840e-01 -1.4130269600961259e-01 2.4270660102148258e-03 -1.2204059004915040e-01 -5.7135217402761833e-02 -1.1596009928153710e-01 2.3569624220117699e-02 -3.6590765696726972e-02 -1.3957798344123300e-02 -4.8771711238996637e-02 1.4533925142104709e-01 1.2494607092871930e-01 -1.0488314214357609e-01 3.1740457734771278e-02 4.2941277775814168e-03 -8.7675402877933573e-02 -2.1227235566257749e-01 -1.9579490552596601e-01 -1.2526342664027171e-01 -2.2061479235370879e-01 6.1206067566491211e-02 -2.1782367232354161e-01 -5.2229376108104693e-02 8.4062743210959676e-02 -2.7800102678834332e-01 -2.5553729889910748e-01 -2.1668509931207450e-01 2.1207484949620450e-02 1.6461382875292689e-02 5.6638369213259706e-03 -1.1703759436386441e-01 1.0500161087402980e-01 -1.6381013482371820e-01 -5.8855260339242522e-02 -1.0908491314815830e-01 -4.8548547713074708e-02 6.5660850417016497e-02 -1.4215152520111160e-01 1.8292853979197421e-01 -1.8880391719657019e-01 -1.9711414244781400e-01 -1.3686876035526829e-01 2.9017978358768459e-02 -1.8339118895075911e-02 -2.3416681711573209e-01
1.0044093981262039e-01 8.4869941644117763e-02 1.4873116875376589e-02 7.3006556884037593e-02 1.6284720616257900e-01 -6.7195315997022201e-03 -4.4310841723171684e-03 3.3345242900143880e-02 2.5615855264089379e-02 -2.3609646133524020e-02 7.5932959832614000e-02 -9.5210983752715056e-02 -1.2308876011891080e-01 -2.5804272428094399e-01 -1.4017382525877459e-01 1.4954828600907241e-01 2.3752565430508549e-01 -2.6503570932980891e-01 2.6511019211639442e-01 2.6592403750805621e-01 -4.5446782444719519e-01 -5.5790581838472388e-02 -1.1935639186270471e-01 -8.2934398085214203e-02 9.2461773237728292e-03 -1.1312551640605850e-01 1.8103487223396000e-01 6.8135697801552764e-02 6.7719132911557275e-02 2.3292569034055130e-01 1.2074271815847690e-01 -5.2465799489954723e-02 -5.5480824209031568e-02 9.6758314734624012e-02 7.6822961462597220e-02 1.6792148709564012e-02 -1.4096685099553991e-01 -1.0564813184238570e-01 1.8517955232687641e-01 -1.4387253621963311e-01 -1.5266597012869179e-03 -1.1942177373383789e-02 1.6038892376107779e-02 -9.3415954751260813e-02 1.0848099727464500e-01 9.6083709343492384e-03 -9.7945752454534171e-02 -1.1576216328022490e-01 7.4335030516724521e-02 1.7492851645271409e-01
1.8237724260370880e-01 -1.6133265595488031e-01 -1.5529715338951870e-02 -2.1393672331913910e-01 -7.0028170223694008e-02 1.1564927848191010e-02 -4.3558435125889777e-02 1.6450689177917720e-02 -1.3916851398142610e-01 1.3459875524857601e-01 -3.5866459222076597e-02 1.0196063810626591e-01 -1.8910301731265311e-01 2.2092857622801171e-01 3.1713488530768680e-01 -1.8642687929422540e-02 1.9348041763252369e-01 -1.2754783757481430e-01 -1.2565289254366230e-01 -1.7901646956453621e-01 -1.6033032899640789e-01 1.6715943213657841e-01 -8.2903553389275519e-02 9.5753487153573444e-02 3.9139377580092533e-02 -1.1468537519818239e-01 -1.2224346797776310e-01 -7.8540674209158334e-02 1.3616563169192311e-01 -1.4329982899404450e-02 -1.2908735094636381e-01 7.1382303906245448e-02 1.8980387173543589e-01 2.3114994147051310e-01 1.1254176433305491e-01 1.4253937638108660e-01 1.7294673105314690e-01 4.3663498713574327e-02 1.0093406007341919e-01 2.7642653776420639e-02 -6.3674850227219054e-02 -1.4430602393827541e-01 1.1523698373409939e-01 -2.7769718149519779e-01 -1.3775597941890219e-01 -1.4515553372394660e-01 -1.0503123265782960e-01 -1.1872671420742641e-01 -3.7089150897732182e-02 2.4139916661901051e-01
-6.1523398042072658e-02 1.3766939279765911e-01 2.5374044072043939e-01 3.6210249010163273e-02 -1.8250379466796579e-01 -2.3416395828657399e-01 -3.5392997588213668e-02 1.3775666210899629e-01 -1.3230748605541839e-01 1.6934487601383430e-01 5.2486959418019952e-02 -2.5663186121429088e-01 1.3576605503727400e-02 1.7411869815336811e-01 4.7124225120556841e-02 4.2761511171478958e-02 2.2162636705767132e-02 -1.0714909001320019e-01 2.7746658178905630e-02 1.0920624245587630e-02 3.8005719122700649e-02 -1.7127399798782309e-02 4.1088811301777578e-02 -1.1477158857309190e-01 2.8903060178006819e-02 -1.9455038131729971e-01 -1.0619921589683230e-03 1.8630832141428760e-01 -1.1443719345062869e-01 -1.7799175164569550e-01 -4.8881611715820630e-02 -6.3040521041334244e-02 1.1970025978061739e-01 -1.4312331538699680e-02 3.6290552984094793e-01 -4.0683246842342598e-02 -9.8392169727928552e-02 -2.8650012272857021e-02 -3.6257092520848760e-01 -2.1511016459599391e-01 6.5835171382422369e-02 2.9549183080691561e-02 -2.8238933394230961e-02 -8.6020976018989198e-02 2.1098637171965701e-01 -2.2652441288962319e-01 1.4534203334145171e-01 5.3074322749755978e-03 1.8097437916900341e-01 -2.4349542324729790e-02
8.6452970179698822e-03 -1.7116678027555871e-02 3.2641089711102722e-01 -1.1380419977649400e-01 -9.5256907862553516e-02 8.9578586507658986e-02 -2.0538942133906549e-01 -7.3907326379106755e-02 1.6987351366492520e-01 2.8132857506967271e-02 -2.9722289054538759e-01 1.6597080370988102e-02 1.2586477189052420e-01 -9.8064697454907979e-02 -2.5274062762365029e-01 -2.8256379779298190e-02 9.4962872021364164e-02 5.5319100418454691e-02 -1.0787420095802270e-02 -2.6798273833581310e-01 -1.3736124821752849e-01 -3.3225791307022849e-02 -5.4137136147825081e-02 -6.0261692591126632e-02 -3.7453201283451643e-02 -7.5533422494177167e-04 6.4062949043921028e-02 2.6300995052468401e-01 -4.6059360495255088e-02 9.4726840731800460e-02 -1.3861421850603420e-01 -1.5515551002231079e-01 9.4997036107421370e-02 -4.0663813350405371e-02 -6.0641786910789218e-02 5.7433939032530211e-02 1.6533502617022619e-01 5.1837333767324550e-02 1.9081223606142561e-01 9.5537579238400089e-02 1.5934066005353251e-01 3.1595225041286018e-01 1.4223424416170369e-01 -8.0239386673462906e-02 1.2128567100486889e-02 -2.5300818076026937e-01 2.9977180142050860e-02 -9.8773242305625022e-02 -1.1216422137495580e-01 -1.8679025644502301e-01
2.5123517326383382e-01 8.9715656519343309e-02 1.3771799166110379e-01 -4.2539849372590512e-02 -9.8662071536088219e-02 2.0354803106883369e-04 -2.8424992911868431e-02 -1.9354619346110299e-01 2.3812911451048829e-02 -4.3595625443936289e-02 2.3243362870262110e-01 1.9839607684135921e-01 3.5732957599591188e-03 2.1814333147953749e-01 -2.1186651806445272e-03 7.1137948301383772e-02 1.4253173744036651e-01 -3.8426282952083980e-02 -5.7326506792925190e-02 3.8086180662149682e-01 1.3014078999070561e-01 5.7047103139062187e-02 2.1221603648295079e-01 -7.7949852618424201e-02 2.6383118761175561e-01 1.3251985663921859e-01 -5.6116975246471017e-02 -5.0355259338137302e-02 4.9289706202238041e-02 5.0412711638460013e-02 -8.9714135768234102e-02 -1.7978976619189391e-01 -1.1514205934837330e-02 3.9375238030237993e-02 -1.0896820061790211e-01 2.5038091565298248e-01 1.1477444095279581e-01 -5.0873850455887638e-02 -3.6995973559560399e-02 -5.4669054505163531e-02 7.0133951424116339e-02 2.9393723412262829e-01 -2.5993174850954193e-01 6.7550776601591034e-02 -3.1161078051202551e-02 -1.3942683422428329e-02 -1.1457961803386740e-01 -1.9132747472798639e-01 1.1613373404558711e-01 -8.7763886261457244e-02
-1.5241653904000330e-01 9.2678497986197442e-02 -2.6249737802681888e-01 3.5796317680534018e-01 -9.1503690655957717e-02 -8.2971689325845005e-02 -2.3011711140417221e-01 -9.9275766066782262e-02 2.2237756620247170e-02 1.2430552006550050e-01 -1.3494210328587450e-01 -6.2447638670196419e-02 1.1822595543415040e-01 -1.2513663980173800e-01 1.3917407331729140e-01 -2.0584765477341399e-01 3.0950671437234362e-01 8.3114659374415839e-02 -7.7208862308961179e-02 1.4330656977225910e-02 1.6399529625289441e-01 1.7451712993113919e-01 5.4477336844865998e-02 -8.0604114693647796e-02 -4.7199785501802038e-02 8.2545229742618895e-02 3.8942355856653108e-02 -1.0492807484711310e-01 2.4052479206669991e-01 1.4414779603349590e-01 2.6393294214295282e-01 6.8613645279365490e-02 3.3719299452121661e-02 9.8979053118443724e-02 1.1323174610931221e-01 -3.3433710708894372e-02 1.3436158253734620e-01 -8.5660443932316088e-02 3.7796531593784863e-02 2.4105787646267689e-02 -7.5809413918554683e-02 1.3869434265550881e-01 -1.8466359753054981e-01 -1.3187019379349141e-01 2.0263557063018259e-01 -1.3529906767873270e-01 8.3437790770091891e-02 -3.2810113554756208e-02 -1.3085892860963411e-01 -1.0379272243805689e-02
-1.8407524108609261e-01 4.4280701746825427e-02 -2.5996148069785601e-02 -2.1885530945149129e-01 -4.9570886857630758e-03 -1.7173709052247091e-01 1.2974995375404410e-02 -2.3737803960626261e-01 -1.7549442464564549e-01 -1.1659327829352450e-01 3.1545913028838001e-03 6.0462918481867932e-02 -2.2983233001080470e-03 1.2673751261585939e-01 -1.0024239121762930e-01 -1.3608405110062130e-01 1.1970737578135840e-02 -1.0496720275693910e-01 3.5566396648227493e-02 1.0218818546694899e-01 1.1765146414868140e-02 1.5767328580889281e-01 9.0854764318762438e-02 1.2919190683473469e-01 1.5045380023238369e-01 -4.1762665586836939e-01 7.6191483687956127e-02 -2.5185296456145562e-02 1.8571955877313040e-01 5.7579726379066727e-02 7.9126272683613746e-02 -2.1230938905191021e-02 1.6477333102120001e-01 -1.9107561565241629e-01 7.2842583408741932e-02 -2.3497885902277599e-01 -1.2391988041565420e-01 -4.2703671916893227e-02 2.8884498159799821e-01 -6.2360527171723197e-02 4.2245411759394162e-02 8.6011870033058130e-02 -4.8937206055663617e-02 7.1500601169243144e-02 -2.9061883184276027e-01 -9.6554962963915653e-03 2.1686377459036571e-01 1.4800379352756671e-01 -7.9365560649461042e-02 -1.0429081663781520e-01
-8.3837519567233329e-02 -9.8756752380821183e-02 1.7648977844613251e-01 1.0067232088297599e-01 -3.3924404197532643e-01 8.4313463727162211e-02 2.7580276250279871e-02 -6.7245900869499067e-02 1.2757466694125591e-01 -2.7366638124004450e-01 1.6954403938822560e-01 4.1556561951488970e-02 -1.4435083437012619e-01 -9.3665851445452489e-02 6.4683749746920038e-02 -5.7497446130829770e-03 1.2424219379254271e-02 -5.6414055234610297e-04 1.3465281221076450e-01 5.0313172800748887e-02 1.1432404348108530e-01 -1.7628233242986110e-01 8.8971299400470938e-02 -6.9254474788604331e-02 -3.1776325979289122e-01 -2.4577959642642450e-01 -3.5372163153007077e-02 3.6931210420639841e-02 -1.9218798973535869e-01 -2.0791473802182239e-01 3.1875583801126463e-02 1.6005065934821730e-01 7.6629062732946401e-03 8.7207963669161059e-02 -9.7273255055009056e-02 1.9434159801306951e-02 1.3748132681916131e-01 -9.5300042908123508e-02 2.7236252233908498e-01 -2.5959169405145852e-02 -2.7284481843066980e-02 -1.7797690818260170e-01 -3.0975099517203869e-01 -1.6133393582958230e-02 -3.9349517148696298e-04 -2.1793887628105779e-01 -1.8870999448237391e-02 -2.1185858709984341e-02 -8.3766148232810034e-02 7.8948291473589852e-02
-1.6049375708249330e-01 5.1306609954086167e-02 9.3791065856709724e-02 6.7559545551641134e-02 8.9675932539655154e-02 -2.6542908969754042e-01 -5.2944941650819338e-02 1.2712941694257651e-01 1.7129160340114119e-01 -6.5923256336346631e-02 -9.3979655820588034e-03 2.0737577748617420e-01 -9.2782809011903930e-02 -8.0639302586349826e-02 8.1390686057704942e-02 2.0597093858703669e-01 1.3974937783305619e-01 1.0724063289702690e-01 1.0995041696660220e-01 5.9733266569369607e-02 8.5209078570917085e-02 -2.7715207001073711e-01 1.8626473743209551e-01 1.9712991978471561e-01 -8.0143822605529186e-02 1.3388523159749550e-02 7.5457747330843261e-02 1.4675831895834629e-01 3.4262369857873032e-01 4.9664151407856953e-02 -8.6612838397563757e-02 1.9997238758990149e-01 4.1549594059862964e-03 -1.1888091492890791e-02 4.0203223251301788e-02 2.7244230111996010e-01 1.1839309116252331e-01 -5.4726136525097002e-02 -1.2224776416155531e-01 6.8309489723691733e-02 9.9917184597343611e-02 -1.7918598293483089e-02 1.5315651897762550e-01 -1.7245274583231529e-01 -2.0895545940331550e-01 8.5708894853527159e-02 1.4432022062269659e-01 2.0129974392847519e-01 1.5187305367842899e-01 -5.2946371657132237e-02
1.2870123297335490e-01 1.0832753794745070e-01 -6.6768336660906771e-02 3.2700391378092768e-02 4.7752085807077710e-02 -2.6309646365857252e-04 -1.7906670583844661e-01 -2.0182264823739271e-01 -2.3458996474065771e-01 1.1980589761789250e-01 6.2048508871219078e-02 1.6785192987909150e-01 -7.2479855198473206e-02 3.6515700682097141e-02 -1.5828442015135749e-01 9.2844988050132998e-02 1.0331071949989250e-01 -7.1229676988286666e-02 -1.3144746110298419e-01 4.4740152081367647e-02 2.0809178672525880e-01 -2.2484996170077290e-01 1.3954926092788171e-02 1.1719470169481699e-01 -6.9065777912022910e-02 1.5648236092256851e-01 -1.3930890727036049e-01 4.3380815132748640e-01 -9.4598464742060809e-02 8.7084536333422655e-02 2.5277789576821019e-01 1.1314534458285430e-01 3.2573442739453999e-02 -8.3126155348793154e-02 -6.1094327493706808e-02 -1.8959814674345671e-01 -1.8457039978554421e-01 1.2605849120589149e-01 -8.2879785426957772e-02 6.2193625006406052e-02 1.1876537404562490e-01 -1.4990292431325350e-01 4.0660718173931021e-02 -2.5208587439439819e-02 -1.2337349093552760e-01 -1.6244156627872711e-01 -6.1746654233824312e-02 -1.3148957625090019e-01 -1.4767500248254750e-01 2.1165196227375449e-01
-1.2411866575231341e-02 7.9615436126350095e-02 7.5661112116761589e-02 -5.3409599627723021e-02 4.6918834705318387e-02 -2.0583761407951559e-01 1.0928211609978600e-01 1.2068932796532020e-02 3.6957133888617530e-02 1.2764654066782189e-02 -2.0641417009048180e-01 1.1494714495256080e-01 -1.8531466542488309e-01 8.8870482821802280e-02 -4.7729889616858513e-02 -6.5526138419418900e-02 -1.2909904841222389e-01 5.7250399067464472e-02 -2.7005197689127489e-02 -1.8134788317222050e-01 -7.0238673521336087e-02 1.2322453484812160e-01 1.4197447058658741e-01 -6.0681137821692092e-02 -1.0129516476328340e-01 4.9793602959688772e-02 3.4605822603223507e-01 -1.1654002288371750e-02 1.7246273945561580e-01 1.2138900952044780e-01 4.8892948625531472e-02 1.8136096922579209e-01 -8.9917563418820748e-02 -4.8564201757537451e-02 -4.3089710036579697e-03 7.1172627753026241e-02 9.7748238128517420e-02 5.8374580795642270e-02 -1.3362575210046171e-01 -3.5192696100859649e-01 6.4683039603456879e-02 -1.4846137588785210e-01 -1.2003573645176061e-01 3.9777761794790317e-01 -1.7355128184127870e-02 -1.5750526559371111e-01 -2.1464946476917679e-01 -2.3030929931581420e-01 -1.2655708941795241e-01 5.3850386354027897e-02
-1.3970634888724831e-01 -8.4779009537332986e-02 -7.2490892893483760e-02 2.1574166206552819e-01 -1.1761894887732730e-01 2.0035202744298451e-02 1.4481725813644861e-01 1.4170313344472101e-02 1.2040785323358059e-01 1.1689377942879201e-01 -1.0543720755343390e-02 -8.1450634974246858e-02 -2.7738025073424272e-01 -5.8035650124442360e-02 -3.1032021086547462e-01 3.1513777501921791e-01 -7.9693358937759085e-02 -1.5726307534714160e-01 -4.5159335637982613e-02 -4.5438871265098248e-02 1.0174868131818400e-01 7.1868350715864962e-02 8.4949974462726480e-02 -1.9055330407529150e-01 8.3698079997496858e-02 -1.2619480166722299e-01 -6.0217314099563733e-02 -2.7412944028274699e-01 1.0280185675237290e-01 -2.9798081220358151e-03 1.5084975803727199e-01 -2.4312441104464649e-01 1.9270218695108360e-01 9.4306615291937124e-02 -1.9631775059034219e-02 9.1934847884657653e-02 2.6823998798898890e-02 2.1370784961276901e-01 -1.2186034195629250e-01 2.3936029022311189e-01 2.3836047214735651e-01 -3.2168837673454617e-02 6.8823557539532690e-02 5.4637823636856007e-02 -1.2925019986610300e-01 -9.5947543546488337e-02 -7.9302642104714675e-04 3.9234631016359760e-02 -1.0001772638037670e-01 1.0225747816259639e-01
4.1430053831095742e-01 -1.1537003564609299e-01 1.4302780108738819e-01 1.8047977266036250e-01 1.3136324288290721e-01 -1.6414336112024969e-01 -2.8492836058445822e-02 9.6100048426503923e-02 -8.7433187368257434e-02 -8.1910794512398105e-02 -2.9248871603242238e-01 1.1046535231504120e-01 2.8074856647339358e-01 -9.5512210253449289e-02 1.0993431431591930e-01 2.2272316180213681e-02 -4.9293917143007668e-02 -8.3603471183029229e-02 -3.9380712489168003e-02 4.5055990818207277e-02 8.0915938454254932e-02 -1.7246685517462171e-01 1.9760399920490981e-01 -3.9455996532522367e-02 -1.1658336897078229e-02 -5.8109259873181232e-02 9.0563523341539082e-02 -2.5050287980543728e-01 -6.0134701505397480e-02 -1.5344449760728121e-01 1.8636310456626570e-01 -8.7061419652134209e-02 1.3631616177498679e-01 -8.6368783915141446e-03 -4.0727610860875660e-02 -2.1700980903052139e-01 1.5790923060618001e-01 1.1041952183983450e-01 1.4427173583640390e-01 -9.7098519171566741e-02 1.2526792233568859e-01 -6.0822409652350737e-02 1.0566886763715160e-01 -7.7203155492986818e-04 -2.3265658812516851e-02 5.8429425883279068e-02 1.5919940977583000e-01 -1.1818772658635750e-01 2.0041832487171099e-01 1.1194175637439950e-01
4.3389573745044742e-02 -1.7917544265167321e-01 -8.6855288760869939e-02 -1.0295967105378510e-01 -1.4333251520310811e-01 -6.1750318924904679e-02 5.0176402043030963e-02 -2.3179825363830381e-01 -1.1246355379750431e-01 4.3531167869981013e-02 -1.9206448683454019e-01 1.0081545730875351e-01 1.2644536734653980e-01 4.1693062220466627e-02 1.8627470767911261e-01 2.1837111855442451e-01 -3.0711020493521402e-01 -1.7869659333988860e-01 2.2014910791214759e-01 -1.2634575964527250e-02 -1.0283337643777180e-01 -4.4109475178822251e-02 8.1267023765388247e-02 -1.0597097518728620e-01 -1.9034261260245480e-01 1.9642305430837981e-01 1.4194188137145111e-01 1.1318553487034000e-01 9.4386954783224189e-02 -3.0477038636968611e-02 8.0061277437920367e-02 -4.0340151474781663e-02 9.4421920854271549e-02 4.6304922663915241e-02 3.6299513590791983e-02 2.4731960198313599e-01 -2.8024587302910497e-01 1.5519711579895171e-01 7.7860346846964244e-03 8.5450905830228588e-02 -2.4218836942333649e-01 1.9599418689341919e-01 -1.7899044795502919e-01 -4.2359448138090908e-02 7.7705558416794704e-02 1.4281586582441210e-02 1.7028968460584851e-01 9.9365880848913540e-02 -1.0806256469468339e-01 5.8814745526433253e-02
8.5846014845561328e-02 -2.0354983268771559e-01 -6.0861784139204983e-02 8.9402986323300154e-02 -5.8981675191023847e-02 -1.7729916314130811e-01 1.6386114093698841e-02 2.3559388815266220e-02 1.7293781745809689e-01 2.8967689228341947e-01 -1.9309998012429169e-01 1.1291128678053770e-01 -7.2882184075493600e-02 1.1251262453687980e-01 -2.4995636506849050e-01 -5.6037393094297519e-02 8.0850500480703594e-02 1.1491210997853360e-01 2.2606272184571949e-01 8.6105065212361526e-02 -1.7220139494770029e-01 2.2998609116312671e-01 2.0326900138301721e-01 1.2982997353107029e-01 4.5052617152300863e-02 -4.2044986443451393e-02 -7.0655907886822841e-02 5.7171285680525867e-02 -1.0487563656761791e-01 -2.4924239811180551e-01 1.3679698075192230e-02 -2.4827447479925189e-03 -1.4219309213974629e-01 -2.1442996211102061e-01 -1.9933203717074680e-01 -1.1830922173932119e-01 -2.0485262490206050e-02 4.0447229213132312e-02 -7.3951060071057131e-02 -6.5772825728778878e-02 -5.3638220209652608e-02 -6.8144922778672928e-02 -1.7139508105220211e-01 -3.6837079121156141e-01 1.0423835479236910e-02 8.6417685615565509e-02 -1.6740706841060971e-01 9.9831588785618972e-02 -4.0230110450390981e-02 -2.0087917377113899e-02
4.2890287006691077e-02 -6.0366629632911548e-02 -1.3953383633030680e-01 -9.0934166241983562e-03 -1.7825869983471099e-01 -4.7431752037826902e-02 -1.2479214150776170e-01 -6.8382334006283296e-02 1.2428868124193050e-01 -3.1160689093463328e-01 4.8686738744489609e-02 2.0703826119209109e-01 -3.4682929547469397e-02 -2.2374684768133241e-01 -1.4901652819114959e-02 -2.8049808964933892e-01 2.3093028055389861e-02 -2.5585878014305900e-02 6.2822561934780752e-02 -4.7834830252184303e-02 -1.4118238426250959e-01 1.6404212548539401e-01 -9.7714181929042701e-02 -2.8087506077066038e-03 3.0534228186924538e-02 -1.2999244451980670e-02 -8.3584711264392417e-02 2.0923185841608069e-01 -5.3676255805158252e-02 -1.5857350966713171e-01 6.3708066871822011e-02 -2.2899309886186570e-01 -7.4555922320425488e-02 3.6436214340528829e-02 2.1188950054175071e-01 7.5545103230423793e-02 1.3126946928959379e-01 8.4201605932559292e-02 -3.1206725528369011e-01 -7.4125247990086407e-02 1.2129406444366431e-01 2.3676670138096351e-02 2.9416943828528500e-02 1.0337767745884070e-01 -1.2927257432420031e-01 2.7746040075828782e-01 2.3078264998328391e-01 -9.6682297331491474e-02 -8.2660341172061114e-02 2.4057448071468701e-01
4.1220198234324733e-02 1.4961198300109269e-02 6.0703695924379908e-02 -2.8638653680430720e-01 -1.2047833043101789e-03 2.2430525800454990e-02 1.0968270903494280e-01 -5.9418445656007630e-02 1.3257942411008449e-02 -3.1339336130575712e-01 -8.1391130504608403e-02 7.2127845221590020e-02 1.6456036145754521e-01 -9.7093365880675006e-02 -1.2732883661614730e-01 -6.2865943744115235e-02 1.4748311560421579e-01 -9.4876150307741283e-02 -1.2981617692796760e-01 -2.2444778977687799e-01 2.9962864084018308e-02 -1.3532676121358631e-01 -6.6785188343383376e-03 7.3260789579111590e-03 2.2323226220875420e-02 4.9349833820147279e-02 5.4851311779705827e-02 -2.6318224023051479e-01 4.2388846115857193e-02 6.5836351318871472e-02 7.7423169179620971e-02 2.5843336603364860e-02 4.0670713275603509e-02 1.1696063671207940e-01 -1.8051699406377530e-02 -4.5074633658103241e-02 -2.5462042693161069e-01 -1.5816605553778329e-01 -3.0677118584094781e-01 -3.6331309424917878e-02 2.4265987298143171e-01 -3.2440271247113822e-02 -2.6726770719266180e-01 -3.2691182540780850e-01 6.9930895870548238e-02 -2.7818390786250969e-02 -1.8961164983781570e-01 1.9761969259297779e-01 -4.5068190855747377e-02 1.4775498567901620e-02
-6.6601478266628433e-02 -2.4066732657671169e-01 9.7411442094013589e-02 -4.9223644675845613e-02 2.9132476360418800e-02 5.4324252732091273e-02 -5.3398684430970123e-02 2.7692791856048390e-02 -2.1021446095322269e-01 -6.1009978977457580e-02 -1.2715324624066529e-01 -2.8392696110171112e-01 2.4050996510888489e-01 -4.5905199765930313e-02 -6.9917076812638812e-02 1.9255985010361101e-01 -1.4831882924893380e-01 -6.5972220898868214e-02 1.4205654798992251e-01 7.9394145609334665e-02 1.8741192027046899e-01 9.8266189178288721e-02 -1.1230423946671100e-01 9.8472461582727183e-02 3.1525414356935857e-02 -1.1218554565002030e-01 -1.7061400404790199e-02 3.5629523512523333e-02 1.2398862937881550e-01 1.1720150619557310e-01 -8.7540558538174943e-03 3.4102967808585967e-02 -1.4723147631837499e-01 -2.6045577252243918e-01 4.4172393117784233e-03 7.9129261482247179e-02 2.7277310999714732e-01 -3.2569954673854318e-01 -1.8491767247717131e-01 1.4317490983699149e-01 -2.4790521755037209e-02 -1.4758322971660709e-02 -1.2853118868267080e-01 -7.3603958319874638e-02 -1.3191223588879331e-01 3.0975554631696510e-02 -7.2302232148769047e-02 -2.6042867536781822e-01 -8.2278275282812965e-02 2.3315559241611869e-01
1.2823537847125510e-01 -1.0959049362701230e-02 -2.9317493954846272e-02 1.5534664463204861e-01 -1.7603935231768800e-01 4.0595194420111197e-02 5.3232104184415159e-02 1.0041121513061831e-01 -4.1138269658407511e-01 -1.5865024809580550e-01 -1.8008078775091849e-01 5.4142543049262602e-02 -3.3480746760435443e-01 -1.3309917232692869e-02 -1.4861024639887390e-02 5.9039082299312477e-02 1.1109916715931040e-01 9.9199266434758418e-02 -1.7928272484455160e-01 -7.7596051466660820e-02 -5.8499442773395437e-02 5.4725758895304039e-02 -5.2653461671195542e-02 -3.0338491916288057e-01 -7.7455498457992794e-02 -1.5334818775686029e-01 -5.6686842003839520e-02 4.5897494546076320e-02 5.7626882783946808e-02 1.2159271891239000e-01 -1.4471315894385611e-01 1.7089672531606620e-01 -8.4814188410688635e-02 -1.6646933755959911e-01 -2.7086206685784009e-01 3.0533104032062351e-02 -1.2768188960387469e-01 -3.9947361248269198e-02 -5.2180745460374940e-02 1.9621493182349830e-02 6.5498904976705019e-02 1.0462772089514340e-01 -3.4149661303663037e-02 -8.7749485864647592e-02 9.6742281669855823e-02 2.3125363532703180e-01 2.3067223143405169e-01 -9.3809102791602345e-02 9.2016340532800472e-02 -1.2185661620670291e-01
-5.8277380779970546e-04 1.1716001948649880e-01 5.2964735271769640e-02 -9.8539986308472605e-02 1.7540691774000691e-02 5.8891873988307447e-02 -9.8885035117363212e-02 -1.9493317654881129e-01 -7.7068290381220872e-02 7.5096716261669567e-03 -7.6817421834170910e-02 -1.5879766340173271e-01 -7.9141361725851109e-02 1.9632906495312019e-01 -3.4876882037564477e-02 -1.1554787848052010e-01 -9.4248308787140050e-02 1.0620089857060620e-01 1.6942487582289051e-01 1.4467452085793089e-01 2.6484210736123491e-03 -2.6928187973515420e-02 5.3640177588753023e-02 -6.6095944244932023e-02 -3.1528701719898078e-01 -9.5125697061935577e-02 -2.7569987659172839e-02 -1.7140487029460250e-01 3.3600307431812693e-02 3.4720650837948293e-02 2.7969871160927369e-02 6.1096483220857957e-02 -4.1811987964438901e-01 3.4969607569335093e-01 -7.1420780495418792e-02 -1.8305134273404419e-01 7.4573683054339771e-02 1.3978325702490649e-01 -1.4745375602502470e-01 7.1848490104081840e-03 8.1677406766805613e-02 3.0191013862501909e-01 2.0199903882018050e-01 -8.2041952146022751e-02 -1.5401151043784539e-01 -5.0009879336508162e-02 -1.2775622745249690e-02 9.5057805422446684e-02 1.0030169921228151e-01 1.7042641795836719e-01
-1.3928923552270789e-01 -2.3761186462297859e-01 -2.8327499596861792e-02 -9.3278731337213816e-02 8.5714483136602765e-02 -6.6814533815476945e-02 -1.9299323355277229e-01 6.4322389017549025e-02 1.9958374763913631e-02 4.1151461195397974e-03 -3.4146208327789390e-02 -5.5578641710362177e-02 -2.3300923310672919e-01 3.3963257318409677e-02 6.3960954815201393e-02 -2.9986551812027629e-01 -5.7446563115484711e-02 -2.7775612358004059e-01 6.6200579144124319e-02 1.8191866620178569e-02 1.8729083051203271e-01 -1.2113304714225870e-02 9.0343036152224332e-02 -8.9187238589968049e-02 -2.1045693626540879e-01 1.1535725969438761e-01 -1.1793963035115490e-01 -6.8404111139717574e-02 -1.2981543421521591e-01 4.4766023584976659e-02 1.2983789222537490e-01 5.1671791268807103e-02 6.0785163631759377e-02 -2.5527088826617328e-01 1.8849957479120130e-01 2.0033454717800811e-01 -1.1670150979822171e-01 -2.0365266585521090e-02 1.7268384570749759e-01 5.6316168074219851e-03 2.6695828309675168e-01 1.4950608719755179e-01 1.0516142600299820e-01 -3.1435377854769367e-02 5.7472544157816129e-02 1.7034383377418300e-01 -2.8903365143265830e-01 -7.6415966797091978e-02 1.8437396211686269e-01 -8.0431994539293186e-02
3.0423824216346079e-01 5.4942126152398962e-02 -1.3523679777090661e-01 8.1064901552400342e-02 4.4818414908743207e-02 1.3770069114247829e-01 -1.2224258090970110e-01 -1.3229046220456411e-01 2.1122634434048931e-01 -1.5012589608302790e-01 -4.8475309995256850e-02 -1.4740950863409691e-01 -1.3853079807558991e-01 1.2803335993078829e-01 -1.1073090640465470e-01 -5.5308403015897289e-02 -2.3485345598907439e-01 1.9470475157772320e-03 -1.1660984267344410e-01 4.2921499079399933e-02 -1.2373998487035170e-01 -2.4148908996941729e-01 2.0195256777726489e-01 -5.6442080206643298e-02 5.7635029469833010e-02 -1.6253540548062190e-01 4.5021346162302883e-02 -6.4109151662601858e-03 5.2150584164649919e-02 5.7544382905284117e-02 -2.4370200047761682e-02 1.5783740569571661e-01 3.1945003521756152e-02 -3.7233640769441398e-02 3.8709608123284861e-01 -5.8571591805723203e-02 5.2797175831102897e-02 -4.4650842028730433e-03 -1.1723922000032290e-01 1.7598068802962599e-01 -2.0438914845468209e-01 -8.3389372809722723e-02 -1.8917684184071030e-02 -1.6125041456566969e-01 -4.6259085398434548e-02 8.3371547275353161e-02 -4.1909208451682153e-02 -1.7035330313944080e-01 -1.5452347687421819e-01 -3.0071297395688990e-01
-1.4763182462320879e-02 1.6830932074875141e-01 -2.1690606320910419e-01 -1.3659339149666311e-01 -2.2889571079656491e-02 -6.6111120047843155e-02 1.2745643731498529e-01 1.9856001827717479e-01 1.7917993118023570e-02 1.7741581811944570e-02 -3.3993991150720088e-01 1.6255928634587280e-01 -1.4699045948157299e-01 -1.8419814383093319e-01 5.6633011341353519e-02 1.2057407843328130e-02 -1.6426268697532351e-01 1.1869839306398990e-01 1.5429837855424421e-02 1.7237470994928800e-01 9.6927807207196612e-02 -1.1314753429804930e-02 9.8896330156207773e-02 2.7365340469380710e-02 2.3987460794830859e-01 -1.2967544822111479e-01 -9.4698006682718671e-03 1.2244534030785099e-01 -2.5917318425060959e-01 -6.2849292006377011e-02 -4.3605305537550682e-02 1.4617583089569380e-01 1.4319550117599891e-01 2.2401474762845519e-01 5.9274917062355957e-02 -5.1127683414518427e-02 -3.8322715561534923e-02 -3.0655290952720587e-01 2.5855037388206579e-02 1.7273206138264011e-01 1.9349680669736039e-02 2.9307114210077440e-01 3.5561145337384158e-02 8.2969350011493692e-02 6.6513186782785227e-02 -7.2534616359718085e-02 -1.4742713339742849e-01 -1.2682259617735709e-02 -3.1972314936764293e-02 1.9746188210610449e-01
-5.7482113096412067e-02 -2.9301261266839872e-02 -6.8669723139769448e-02 -1.0977822570781139e-02 3.8762935827166001e-02 6.3760931795886086e-02 -9.0853886683046794e-02 -3.0481780459932269e-02 -1.3410711785554330e-01 2.4513855302607909e-01 1.2037247256426151e-01 2.7095076583649219e-01 -1.6169590762621919e-01 -6.9828865516095379e-02 5.0876537330851887e-02 -2.6348725861819161e-02 -1.1182341295447970e-02 -4.5455840275570071e-02 1.6803430425148530e-01 -1.5410688931287889e-01 -1.3891249515247739e-01 -1.9325317334061631e-01 2.1067750056491690e-03 2.2673678558433119e-01 8.8007560735759438e-02 1.6851407736278419e-02 1.4760413130025421e-01 -3.5579647327271952e-01 -3.1363899625935032e-01 1.3919178520653699e-01 -5.1778125512912027e-02 9.5316025545990344e-04 -2.0961835900518269e-01 -1.6112716577297201e-01 1.0808183470198630e-01 2.8203848649477089e-03 8.2798727296852975e-02 -5.1872572901409543e-02 -9.7540084012750272e-02 1.5547428564522670e-01 1.0857356389665000e-01 5.0437855133873520e-02 -1.6890207712129540e-01 1.3352861971480980e-02 2.6442288728198721e-02 -2.1463173040838809e-01 3.2488799895272491e-01 -1.1503198769733490e-01 3.5636106416417873e-02 -4.7058234105391138e-02
-1.8227872782765692e-02 1.6082937640407419e-01 1.4930567703995959e-01 1.1062707129233219e-01 3.1149566065333079e-01 -2.9834504604705051e-02 9.5602431364000279e-03 -1.8005021344168440e-01 1.5479418070006931e-01 7.6166878277551628e-02 -1.8443648924416750e-01 8.1565100789856029e-02 1.5995528232627069e-02 2.0168347968053221e-01 -2.7129985004747947e-01 -1.5839993177034220e-01 -4.5003411697234673e-02 6.1019759777467861e-02 -1.2508045320020941e-01 -3.0112886814751591e-02 -5.4084513298841503e-03 4.6649736887722552e-02 -5.8580548147696858e-02 -7.0803640109975891e-02 -1.5301440800798741e-01 -1.9759319408064399e-02 -2.3444650760154501e-01 -7.9436812579199309e-02 -1.8459581430543520e-02 -4.4763426710266341e-02 -8.7524533722473624e-02 -4.6328433584953407e-02 2.4689604368467181e-02 3.8523257665882438e-02 5.9703510344924347e-02 2.8440734234681792e-01 -1.9529255012365290e-01 -2.9306826694061128e-01 1.0453079620489540e-01 8.4814193249251102e-02 -9.3791295630588162e-02 -1.7581050871174481e-01 -1.1613893403996310e-01 4.7389028004959331e-02 1.5787841927101781e-02 -4.0010330113559190e-03 2.7799845030004250e-01 -4.6550444304225017e-02 1.5196889356871240e-01 2.8575855630787778e-01
-1.5386968521680011e-01 1.7366247692769560e-01 -2.6014193486215470e-01 4.0142305712879502e-02 -3.6026205484032472e-02 1.6997553514530570e-01 -1.0451798285421540e-01 -4.5972212685962563e-02 8.8431420671604755e-02 7.8022402778799765e-02 -7.9219659407679166e-02 1.4830252602474750e-01 3.4350839841869812e-01 3.1380873736680809e-01 1.8168469232401821e-01 2.4528639482284209e-01 8.9858965972780078e-02 -5.9050621130306387e-03 6.7109444349606653e-02 -9.2098914169077020e-02 -6.0431096794171059e-02 -1.0267057437181901e-01 6.3972079278215938e-02 -2.0134522753913181e-01 1.7689326488074870e-02 -3.1881540371900979e-01 -3.3637582366507980e-03 9.7275627431457883e-03 -1.8477572341220300e-01 2.6862299194783501e-02 4.0549186127096022e-02 -1.7088557009100409e-02 -1.2346522870468980e-01 -5.0670427543762539e-02 -2.4324939833200072e-02 1.8253802493032331e-01 -1.3462293888257719e-02 -6.6975608600540720e-02 3.8224766779222909e-02 -1.6268318210823521e-01 2.7423933374210702e-01 -1.0999402082721289e-01 1.2207473861256390e-01 5.4201255050135306e-03 1.9370994830710479e-02 1.9621258641870451e-01 -8.8134946505516482e-02 -2.7199151336217579e-02 -1.7054418255415221e-01 -4.7643506103116368e-03
-7.1232927901225110e-02 -2.1741842658477870e-01 -7.6834704572298823e-02 7.0489426472303746e-02 -1.9360614775485169e-01 1.4111681769932519e-01 -2.5284418355295429e-01 1.3366532080262039e-01 -1.1244039174239390e-01 -3.9562552933111193e-02 8.3813423975065936e-03 4.6780664009651543e-02 1.6722902771026860e-01 8.4105886172066241e-02 -2.4159419724616241e-01 9.4354872073545371e-02 -1.6876281259953921e-01 5.8729663646925577e-02 -1.8073833301821710e-01 1.8033311376617611e-01 -2.7836795480114529e-01 1.4723560998412161e-01 1.3780077008713570e-02 -9.0490996702279225e-02 9.2855403264691772e-02 2.7633212857534012e-01 4.0650772785292152e-02 1.8316790552648031e-03 -3.7726103513845817e-02 -3.4591254242696190e-03 7.6671122672597319e-03 3.3090315051496938e-01 1.1391695778506940e-02 1.3035361199284681e-01 1.8055632903204311e-01 -1.6680142243650039e-04 3.3072413665548049e-02 -8.5567811883533532e-02 1.1065148597562670e-01 -9.1262020506603980e-02 2.2451365950129890e-01 -9.0670804702287791e-02 -5.8286410680397110e-02 4.5585854337559732e-02 -1.7767641719255819e-01 -1.2062052481875490e-01 6.5076934268987391e-02 2.1407645122972030e-01 1.9369227858435620e-01 3.1149096961289760e-03
1.8327089231178570e-01 5.3426645598976120e-02 -9.6630749606925054e-02 -2.0508875026757689e-01 9.1458258109034421e-02 3.2254447675170710e-02 1.7255522687037861e-01 -1.5601579943412791e-01 1.1573544338676990e-01 5.8961971402393967e-02 1.0333039893209949e-02 2.0089966179208191e-02 6.6497997581334872e-02 -2.0989534445869770e-01 -1.2151844299319089e-01 1.2580182661792319e-01 1.3670018975414669e-01 -1.8834818051100391e-01 1.4234926187245020e-01 2.0861004285182571e-02 2.7823619411875311e-01 1.9059690239912130e-01 -5.4422031494846528e-02 -1.9326063374992761e-01 6.5789853850255334e-02 5.6707210139373507e-02 -9.0766169297032170e-02 -4.5769789857965690e-02 7.7705833322925230e-02 -2.1607204128428120e-01 -2.2871988496828599e-01 4.1516091607767952e-01 -1.9865178985660131e-01 -9.2303007761463662e-02 1.9525978581489109e-01 1.5531767037537359e-03 5.0601165682348632e-02 1.5881418411691481e-01 1.0449891203524191e-01 -5.4044075288507430e-02 1.2794187583909239e-01 -2.7405508707737732e-02 9.6888486773578170e-02 -9.7371642201354320e-03 1.5551873058314211e-01 -8.1408901904821113e-02 1.8694825465186829e-01 -1.0831257071750750e-02 -8.4380418913929542e-02 -2.5671286091420661e-02
5.2851372924424850e-02 1.5343228636222830e-01 5.6545692902007672e-02 1.3631874841539751e-01 -6.7136617807998497e-02 2.4618045118268531e-01 1.4361628224652921e-02 6.9342978004599806e-02 -1.0858815168214170e-01 9.3443341691278367e-02 -1.1210410777638320e-03 -5.9433470507145668e-02 4.6460920456353097e-02 -3.1607417717502237e-02 9.0722729555096169e-03 -1.2598219391185531e-01 2.5544580429046049e-01 -3.1457658704488500e-01 -5.5458607677478983e-02 -2.2218387916910420e-01 -2.4185632105566041e-02 2.3249967049118470e-02 3.0579529535573158e-01 -6.1004504277697068e-02 1.3460493583915710e-02 4.4803286036915607e-02 2.9178676841002438e-01 8.8662732824679666e-02 5.9292293971749288e-02 -3.0716622890598028e-01 -7.7952584354998022e-02 -1.4173609245590789e-02 -1.8111665986477951e-01 -8.2313534525282547e-02 3.5655297557131073e-02 -8.5230223094385615e-04 -7.4612239983568807e-02 -1.4723724866887941e-01 7.3447454790933758e-03 2.6643536488259412e-01 -1.3254989831629910e-01 5.8748556714064058e-02 -7.3597922958299692e-04 1.7491480256378461e-01 -2.5766117283131562e-01 5.5285752499240698e-02 -1.3568147279691431e-01 1.5500300559067731e-01 8.9016064774124826e-02 1.1699017066823360e-01
1.2407609808139770e-02 -5.1316942244524558e-02 -4.3977062726340957e-02 1.4818117471503470e-01 2.3855059086961661e-02 -1.5203057794457421e-02 -3.2337547920630549e-01 -4.2098641109870161e-02 5.5127748704295682e-02 -9.2533074822784778e-02 5.2548034691681983e-02 5.1416592425239369e-02 -5.9869988339081907e-02 3.3724521668544997e-02 -1.0132315682512430e-01 9.3694144101837490e-02 -2.2377297217334691e-01 -4.1761721815462499e-01 -1.1344765342092950e-01 -1.4943218693797181e-01 7.3270576435349621e-02 1.1633197352246449e-01 3.1972251202014759e-02 3.9360810014261888e-01 6.8831341411423164e-02 -1.5933610272064391e-01 5.8103717233950383e-03 3.7366755316465203e-02 1.1121577267899641e-01 -1.1731613999828010e-01 -5.4670094350783308e-02 7.1644534103983359e-02 -1.0956570979455600e-01 2.4583224495023451e-01 -2.7100795296062857e-01 1.2293793601582450e-02 -3.7948284433291422e-02 -1.2704354826092609e-01 -2.5179541028016620e-02 -1.1564727975581229e-01 -4.5356130985330818e-03 6.6041027455965462e-02 1.0305717419256880e-01 5.8578852892023657e-02 3.4508718399517541e-01 1.6181804495434441e-02 4.0359461626289853e-02 -7.5543899727018469e-03 1.6468341377024361e-02 -8.7764093705356941e-02
