# CEC 2013 LSGO F14 permutation vector 0-based (D=905)
508
666
527
302
652
102
83
661
444
260
145
836
805
184
400
749
615
458
776
769
758
819
359
750
121
671
791
610
306
442
856
150
848
777
362
233
583
875
853
795
760
295
264
631
404
216
664
16
201
418
894
826
7
43
351
863
115
274
347
450
892
199
469
252
324
411
697
141
138
51
101
482
518
254
366
705
156
723
105
133
65
164
488
766
329
376
715
29
204
575
762
821
501
834
437
100
888
256
292
261
384
598
477
175
289
383
552
614
670
298
741
677
381
778
13
0
570
580
330
267
636
471
539
196
890
243
786
305
248
56
623
357
12
565
576
883
634
648
116
899
2
796
15
683
660
111
219
220
493
513
592
81
218
126
445
311
271
211
397
703
131
173
815
818
238
226
563
179
234
891
426
325
854
457
831
540
479
659
857
732
391
395
509
414
1
485
839
654
273
506
674
67
86
370
194
538
338
810
72
215
724
898
514
847
855
144
505
752
880
453
735
589
63
862
407
387
410
739
871
134
64
596
296
904
529
352
579
497
334
730
82
530
390
607
550
170
551
231
618
430
590
247
577
628
756
26
754
90
130
620
864
398
284
290
120
712
372
339
434
336
373
40
212
263
245
98
496
454
543
553
627
327
637
780
363
597
45
340
163
35
601
802
270
528
874
859
886
125
192
24
701
547
360
681
483
889
279
205
643
641
168
382
884
695
642
259
828
331
770
278
103
873
286
19
113
142
694
852
816
47
846
321
713
495
14
59
412
838
68
77
214
645
861
345
139
881
808
114
154
523
198
822
318
679
879
151
657
807
52
498
119
665
740
588
389
644
829
358
650
544
745
380
307
222
877
317
481
277
365
763
794
455
768
443
25
533
326
368
844
900
435
191
473
158
312
104
41
342
236
525
262
235
692
122
6
765
89
313
733
569
809
531
232
87
123
468
293
394
600
566
806
242
801
814
746
333
39
34
832
465
172
868
587
586
80
314
726
474
401
328
792
207
388
663
449
534
561
788
427
193
38
813
902
486
748
546
594
288
463
88
203
428
44
36
882
30
190
323
315
441
343
124
693
896
61
28
738
647
843
237
402
425
268
57
646
300
422
885
812
817
595
521
447
582
74
227
197
603
753
725
303
559
71
210
555
675
717
294
773
578
178
94
866
542
731
562
187
456
516
255
800
772
350
309
700
285
830
128
747
804
572
79
722
689
613
767
556
96
476
344
651
200
719
140
95
622
11
606
160
167
8
429
266
240
369
69
419
91
73
159
396
704
5
460
446
678
840
736
593
512
76
475
21
316
250
202
632
433
779
183
494
621
386
676
424
3
32
774
490
616
354
406
515
224
608
702
484
49
771
378
699
478
784
377
887
793
33
548
635
783
472
491
893
851
785
558
55
451
335
685
251
464
537
640
737
599
181
322
308
18
287
221
127
392
37
257
374
706
417
22
137
545
797
110
157
602
560
557
291
46
459
135
869
653
729
332
420
625
655
633
249
310
604
696
364
656
698
341
217
571
470
355
467
744
436
169
272
206
524
811
346
153
152
878
708
522
827
658
58
567
462
129
617
564
687
480
17
761
246
511
903
673
833
276
895
283
416
798
27
901
106
554
591
541
850
720
275
225
408
612
371
662
161
824
667
684
304
421
823
228
742
148
440
790
136
356
269
448
189
520
721
439
176
85
764
379
62
718
265
349
149
870
568
707
690
180
208
519
385
413
182
517
507
584
297
466
867
166
213
782
669
229
10
649
93
165
399
500
532
716
680
743
147
66
549
499
20
709
849
711
84
143
319
23
691
803
282
112
757
714
195
393
70
487
171
789
775
624
50
423
4
872
865
639
526
619
253
842
710
734
686
581
626
348
244
535
209
146
60
42
438
799
860
629
503
835
510
668
897
845
75
755
258
672
108
280
727
54
132
230
502
759
630
367
320
409
185
223
117
97
820
118
403
53
188
452
682
31
536
837
574
9
78
728
605
239
353
688
876
609
109
461
92
638
301
825
787
611
186
858
751
585
107
405
337
781
281
155
415
241
375
492
504
48
174
177
489
162
431
432
841
361
573
99
299
