# CEC 2013 LSGO F14 shift vector (D=1000)
5.6845457841605707e+01
7.9392107079934178e+01
7.5856720101266717e+01
2.4306068723356010e+01
4.7068708364538359e+01
7.7363684057495206e+01
9.2541993408856882e+01
6.4958027182943113e+01
6.0083432489425967e+01
5.0113620977828333e+01
-4.1645532870025894e+00
-8.0609215411528297e+01
3.2187006527036957e+01
4.8577771479053531e+01
-3.1637116277361141e+01
3.4823747627401801e+01
-8.2493518005102700e+01
2.7523370578817381e+01
1.7645280243385230e+01
3.7094369921086603e+01
9.3925267432142462e+01
-3.6781265496714653e+01
-3.6434622390307467e+01
3.3047163141235927e+01
6.2284679176003131e+01
8.8883087135751921e+01
-6.4726847056962384e+01
4.7574845179931422e+01
-3.2259455669944373e+01
3.9355839586427358e+01
-1.5286260104198410e+01
-3.2913055524087262e+01
-6.9993300072612286e+01
8.9267028581896994e+01
-6.5849796529193966e+01
-9.8598003242265676e+01
4.2876334292854857e+01
-1.2652364990861991e+00
5.9974998716834316e+00
-9.2813339863573404e+01
2.0507607344887681e+01
-9.7805440004611171e+01
-1.9078719612815109e-01
5.1192260041035063e+01
8.7797061558360880e+01
1.1847127429935480e+01
6.6737277805967437e+01
6.7147651264507900e+01
-6.6859565885581915e+01
-7.5617422411098005e+01
2.2854471460959239e+01
9.4273543318055218e+01
6.3863504967363937e+01
2.8972416956593721e+00
-9.6848818916500207e+01
-7.8343003733879229e+01
-1.2802018797816530e+01
-1.8425693694335781e+01
-7.2501874420471353e+01
8.7763672118500196e+01
-2.8406619115318900e+01
-6.6436073301966573e+01
2.4736586920279219e+01
3.6145464258424511e+01
-4.0862292756944507e+00
-8.2327253943376192e+01
-1.8688981334748370e+01
-2.7740524599833101e+01
4.7714095153791556e+00
6.8229438774001792e+01
3.2980750323503742e+01
9.7893744312381571e+01
4.5618402630947720e+01
5.3635375459649282e+01
9.0953400802587296e+01
-3.7749238265440390e+01
5.6154723058907429e+01
-4.0931003162422400e+01
1.7790983600301800e+01
8.2353742048410822e+01
7.2175930225908985e+01
7.6204174533546167e+00
9.3123468952174964e+00
-3.3357093992064037e+01
-2.9300134885943919e+01
-5.3834158366496503e+01
-1.6848280788119310e+00
-6.2871548434825641e+01
8.9534556459713343e+01
-2.5858048806767091e+01
9.0143466221743466e+01
-7.3720115364297500e+00
2.3757392580330190e+01
-9.0527010075119563e+01
-4.9896604306099000e+01
1.1678617918155030e+01
2.1639863935756711e+01
-5.7652841109562480e+01
4.4374499179485142e+01
1.7358249900173330e+01
3.9424654449146942e+01
1.0425278008637340e+01
-5.1376665035567349e+01
9.4622850074034176e+01
-8.5605517211023070e+01
-8.1932409014487490e+01
2.5154392197091830e+01
-8.6694972766674795e+01
-5.0198299977579588e+01
-7.0104564495455918e+01
-8.9365194548505489e+00
-6.4817364686414507e+01
-2.3145091232701031e+01
-3.1672678738115000e+01
5.0887009500448727e+01
-5.2144293060845413e+01
7.2442174390883338e+01
-7.8840381487554012e+01
9.3231577761704500e+01
4.1715699615710108e+01
-2.6114779122866619e+01
1.1495968579850690e+01
-1.3952582064411271e+01
-5.4367421422478699e+01
7.5398243422247333e+01
4.3115906383874737e+01
-2.2621924128750742e+01
9.1118192493535943e+01
4.8756673153803931e+01
6.4113631360330402e+01
6.8747553871350036e+01
-8.6108988719726710e+01
-7.2103057404937516e+01
7.6412500878476379e+01
7.3299019371617590e+01
-5.3530758525165837e+01
7.0577188206271927e+01
-1.5687045422387900e+00
-2.6939870065129561e+01
3.4066032695436718e+01
4.6129526947300413e+01
6.2941649694925850e+01
-2.8967653441124781e+01
1.6106811140445860e+01
7.3136736151491206e+01
4.0127783258930378e+01
-5.2188915562804262e+01
-5.9375718872863899e+01
1.5535211300583709e+00
8.0540964045893038e+00
-1.8393620131085091e+00
-6.5283539097928980e+01
-5.3746821275673909e+01
1.0463810460295919e+01
7.4627231239255760e+00
2.1044145795758979e+01
5.1435979864891138e+01
-6.0517882215767507e+01
3.2125631728797380e+01
-2.7300108430324158e+01
-6.3987601151237694e+00
7.2916477546734839e+01
-2.3716974961023830e+01
4.2377652303725931e+01
-1.6632482931023070e+01
8.5836882358003479e+01
-2.6158898972634191e+01
2.2636467400313141e+01
-7.9226026696639282e+00
-3.4106396443085501e+01
-6.0986999714240461e+01
-4.6529231232038008e+01
9.8499728626177916e+00
-2.8605343832269330e+01
-5.5540965680151373e+01
2.8804782551101830e+01
-1.7098667639298860e+01
-1.2256731298252619e+01
2.7241117983836659e+01
-7.2223289953084574e+01
-8.2042997592881605e+01
3.2463606839966687e+01
9.9406581145626674e+01
6.5005018627211726e+01
-5.5844186397926507e+01
-2.9162626732478191e+01
-1.1757250056913341e+01
-2.7757454463921900e+00
-7.3806553869595930e+01
-5.8369034782916451e+01
8.8886271823160978e+00
-8.0963286435863804e+00
-8.7188001550983572e+01
7.0223286333343196e+01
-3.0214516898860371e+01
3.9396359681734182e+01
-9.4263955421602759e+01
-2.7518247568299319e+01
1.1907467527778031e+00
5.4745848621295927e+01
5.3082178893117167e+01
-2.6064540082359311e+01
-9.8263983648121993e+01
1.9073665353765850e+01
8.6398281222028260e+01
2.4192846515931429e+01
7.9629279938064272e+01
-1.4063506010381490e+01
5.7157399849579363e+01
-9.7038444925144617e+01
-6.1133007175679857e+01
-5.9093327748796440e+01
4.5715428442910913e+01
-7.1491971209639232e+01
2.0735052020481110e+01
-7.1886525962232383e+01
-7.4998730115076199e+01
-6.1235141111179260e+01
-3.6705572277581886e+01
-2.2769158751335912e+01
3.1994889732176031e+01
6.6328823119220218e+01
-2.0742602635937399e+01
-3.7589301168706668e-01
-3.5671568314120847e+01
-4.3615652185407697e+01
-3.6315961940190661e+01
-9.6082793263139394e+01
-4.5738948078972427e+01
-6.0241997672283041e+01
-2.8513988047472470e+01
-8.6419104347732958e+00
1.1727223335970949e+01
-8.8185530943275182e+01
-7.1393346370004480e+01
-4.4048619140925943e+01
-5.6603718139677298e+01
5.7507568035107973e+01
3.9554166994417388e+00
4.7134578647303371e+01
-9.2507576830564858e+01
-8.6614174756435816e+00
7.7270602307843419e+01
-5.6818638201255148e+01
6.8015524752606780e+00
-5.8826805859912490e+01
-2.4432223284883701e+01
7.4052937476408260e+01
5.6773868283839583e+01
-8.5665027963471037e+00
-2.8020403065855639e+01
2.9319787969920430e+01
4.4359439372388053e+01
3.1926427281650199e+01
3.3862149598460363e+01
-6.5787438090533200e+01
1.5842460308667190e+01
6.6714282828932198e+01
-1.2069336294186019e+01
-4.8367805459318491e+00
1.9594230118261169e+01
-9.9393302847745986e+01
3.8091954329252218e+01
1.6978665508384569e+00
7.6280206986753441e+01
-8.6810010818804557e+01
2.5958719110785040e+01
3.8976540784964300e+00
3.9640293374295787e+01
-3.8677070745714090e+01
-2.1044802187442020e+01
-4.3019254243186488e+01
-5.4331602427840743e+01
4.6408055459845187e+01
-2.9917006294208189e+01
7.7676834586656895e+01
9.9832950525494638e+01
6.5624869161429729e+01
-6.5026290812609261e+01
6.6873764964136186e+01
-3.5502915700727243e+01
9.6334850646201232e+01
4.1196719350881601e+01
3.7828842945611939e+01
-8.1394532609208753e+01
-2.2856670871570920e+01
5.3819945759260222e+01
-8.6271502246346969e+01
-7.4434407444428970e+01
5.8874697164698063e+01
-7.7742495092150349e+01
5.1334523431269517e+01
5.8604603999178650e+01
-3.3511467348377373e+01
6.2369904805931178e+01
-3.1803221879721370e+01
6.7193636543164246e+00
6.0597151569905940e+01
-6.4600547845825361e+01
-9.4761148187713431e+01
2.9811384482421531e+01
-8.8984487908528962e+00
9.1797110965879597e+01
9.3133013664758457e-01
-1.2171622762075350e+01
4.1952482164541827e+01
6.9725684255369691e+00
9.9222245122455661e+01
6.6432849300429524e+01
4.2347062119803702e+00
8.2108662130700747e+00
-1.6366912660304930e+01
6.5782071093759583e+01
5.0667900421943521e+01
-5.3221621631065560e+01
-3.2116924548863309e+01
5.1186192424989343e+01
6.8555115665634162e+01
4.4541453163123677e+01
-9.9430889740157866e+01
1.3642467551837880e+01
9.7740306947968364e+01
-8.9077950460827537e+01
-6.1424626064348668e-02
5.9789718802927567e+01
9.8730971963060455e+01
-6.1581138453477060e+01
6.1283474807889149e+01
3.3661635953895512e+01
6.0991324162148949e+01
-1.6934084002380452e+01
1.0827788013373230e+01
8.5110407426376966e+00
-2.3502710112959949e+01
3.9091277070003159e+00
-3.9875779220066839e+01
4.2664479351634178e+01
2.0826429682287650e+01
8.8409285051162865e+00
6.3354127640343307e+01
-5.8277235774250300e+01
5.1669561089846823e+01
5.3643774958952640e+01
-8.2780813005435178e+01
8.8345588439672071e+01
-7.4768645841228514e+00
5.6058771509611551e+00
-3.9816809642154517e+01
-1.8993339102914110e+01
8.0948730966954173e+01
-4.3764814111125403e+01
-8.1858387223280872e+01
9.6240522435806596e+01
-2.8976944255730078e+01
2.2769370348579301e+01
3.6870617741324551e+01
-6.3270763791353971e+01
3.4259493082404553e+01
-7.4580951359885475e+01
-1.8095882473425270e+01
-7.8297350900150889e+01
1.2548970373554351e+01
-3.8431018103524089e+01
-9.1513343042303532e+01
-7.1985053745436119e+01
-6.6757208122574809e+00
-4.7539381807440172e+01
3.9848649685807281e+01
-9.9141323479925830e+01
2.4210262673358049e+01
4.1436794523764231e+00
-2.6813154738581049e+00
-3.2933249987393090e+01
1.4520087915705879e+01
8.0232743416557568e+01
2.8652093160225430e+01
-1.2166632050557959e+01
-2.2975436947076918e+01
8.0376127996370968e+01
9.3826111139012099e+01
4.4438642264991781e+00
7.4267596364323879e+01
-8.1589101115648532e+01
2.9074726016546901e+01
-5.4347852389752823e+01
8.6249702617689508e+01
-4.3600230551510869e+01
-9.8260005392081268e+01
-5.3139820847298743e+01
-6.7504372031576887e+00
1.2571296802371760e+01
1.7604375930329731e+01
-9.1498514684713072e+01
-9.5017668459319182e+01
2.9491896294421519e+01
-1.9743007825890270e+01
5.1267789696511590e-01
-7.4980366685707423e+01
8.1802986004233034e+01
-3.8812025893169718e+01
-2.0121751041685521e+01
-5.3419561815914951e-01
-7.3690904614036285e+01
7.5918314252472001e+01
3.3583319565007983e+01
3.4988747747963700e+01
1.4642618633419520e+01
-4.6472248382722583e+01
-2.5092911319091700e+00
-2.7774241914870760e+01
-8.2714558238792762e+01
-3.9132551445095501e+01
9.8278126575057217e-02
2.6112097775847460e+01
-2.7711076719304842e+01
-7.2774112253929076e+01
-2.9243972945832959e+00
-4.0546871862854701e+01
-1.8562427461864100e+01
2.2328695342395509e+01
5.0155278125758231e+00
9.9005621895032164e+01
-1.8926953812770750e+00
8.9948919661581641e+01
-7.5235628602937737e+01
-6.8287988576311420e+01
6.9324880413842948e+01
1.5705933163650579e+01
-5.0686132455781552e+00
7.7098488249530448e+01
-2.1659029111823870e+01
-2.0129552944491159e+01
9.5041866748736794e+01
5.4063141273122199e+01
-2.4490231266207061e+01
-8.4561738109349534e+01
-2.8095868946201961e+01
6.3125161155820933e+01
5.5425614794603270e+01
-6.3761247884310833e+01
-1.9487611262415552e+01
-2.7324472890572132e+01
5.1306278556386708e+01
6.1248851253991063e+01
-7.9781635204451433e+01
1.6466914592743610e+01
-9.8433253433072991e+01
-1.4989559190324100e+00
1.2328471562104889e+01
1.8481603649929792e+01
-4.5132321310770521e+01
-2.3827293922667541e+00
-4.2706958037515292e+01
-1.8319624828729630e-01
6.3655632853904621e+01
-1.2875373564077419e+01
-2.9777594964109930e+01
4.5384381289264532e+01
-4.5552972751294632e+01
9.5389618161111912e+01
7.6286363422985573e+01
-6.3182082947964943e+01
-4.8081409991163007e+01
-4.7794916878207751e+01
-1.0399658131693320e+01
-9.1356832933804554e+01
-8.2055052964846737e+01
7.2368511127257062e-01
2.4432841437974272e+01
1.2530442030752420e+01
-5.0467810756746303e+01
2.6678520111459910e+01
-7.6128281729275855e+01
9.6361892706061539e+01
-3.0565504056655111e+01
5.6736989349825073e+01
-9.7587240591136165e+01
-5.3558341261979727e+01
3.0327216171758561e+01
5.7607460777490751e+01
-8.8379055542477445e+01
9.0826093740806030e+01
8.8307978523292419e+01
9.8729161801923411e+01
3.0650717029088749e+01
5.7172090260544742e+01
8.4355566756250511e+01
-9.8346127345178846e+00
1.5004752947720099e+00
-3.0921656988915519e+01
-5.8948431413939019e+01
-9.0956132038770505e+01
6.5946226024023616e+01
-9.1180241310009862e+01
-5.6964138685472527e+01
1.0825114613527060e+01
-4.6689685011428203e+01
-6.7661399059336020e+01
5.9828335779132622e+01
6.0593658190943941e+01
-2.7564377696108629e+01
-6.6339526146439241e+01
3.1932490518915920e+01
-7.6303863712992452e+01
-5.4386770798605127e+01
5.2187854220745429e+00
-1.2609716789777661e+01
4.6162678533676178e+01
3.7377138543538933e+01
3.8751240262425071e+01
-2.9047383891364301e+01
8.0934445034818125e+00
-2.9849202611736590e+01
1.7668303660254828e+01
2.9768330298521648e+00
-5.8023022654006141e+01
-8.7953629899159633e+00
3.0137269323982331e+01
7.7337208097215751e+01
-4.6283441959371132e+01
9.0242900912193178e+01
1.7311309922879818e+01
-2.3971519636367269e+01
-5.2932366445411567e+01
-2.7423573051475060e+01
9.9134298618230488e+01
3.8870715665419517e+01
6.5458217917711270e+00
7.3718904956128881e+01
6.7098031777421230e-01
-2.7801737647613670e+01
1.9873338534910548e+01
-4.6926487978062532e+01
3.8124340009421857e+01
5.9159039671583471e+01
3.2290664963202893e+01
-9.7474569196928002e+01
-6.1562635740323364e+00
-8.6225687849873918e+00
-9.4755908770709794e+01
5.4642627397834573e+01
9.0790304663776809e+01
6.2305669917518117e+01
5.8632658619060173e+01
7.5346564643154139e+01
-7.4324260649893475e+01
7.7660556247513995e+01
5.1185334263139403e+01
-3.7114638261453031e+01
3.0060186433976890e+00
1.7408217466284340e-01
1.6301817418929389e+01
1.7710305110115460e+01
4.6946976534036096e+01
-3.0119411291634508e+00
-4.0756179124606128e+01
1.8874630615618241e+01
-2.5866871685803201e+01
7.9305531279138549e+01
3.2585771560503233e+01
-8.2797191990808798e+01
2.0482326060524020e+01
3.7199181813167627e+01
9.0795210214541328e+01
4.0199008828496012e+01
1.8007670616462470e+01
-4.3370313524321773e+01
-3.9695084097311608e+00
5.2545137408009488e+01
1.5803570182559920e+01
-4.7574411611374870e+01
-4.6524730329905417e+01
-2.2233632792351379e+01
-5.4597692700170150e+01
3.0162247483842211e+00
-4.9239582100366178e+01
-7.3306540433600176e+01
2.9338851178081139e+01
-7.8951538629534582e+01
-9.3300340343060810e+01
-1.2929868728543029e+01
-6.3261332981076158e+01
-2.7904166252622542e+01
9.9245052588523990e+01
-8.9674010625497075e+01
-6.4037997741692251e+01
-2.2703016536261380e+01
5.0503455103452588e+01
7.1545646490571428e+01
-7.8572271972059383e+01
-4.7039906316276550e+01
7.7485381397320667e+00
5.3153454026840812e+01
-7.6820555963381878e+01
2.1164174032075419e+01
-1.7390151182205670e+01
-8.0968551608279125e+00
5.5195289721423400e+01
-3.9157285144110347e+01
-6.0207941793995857e+01
-2.0779335701550958e+00
4.8482333122913719e+00
4.3848315373756122e+01
8.5599616708679918e+01
-1.6285084394290340e+01
-4.5998804792220369e+01
-2.6292140931389010e+01
-6.0870728404835461e+01
-9.7975218921595697e+01
4.9080761482533063e+01
4.6198498495428758e+01
7.1421878902283865e+01
7.3062170378982870e+01
7.4547639834013708e+01
-2.1876546088540941e+01
2.1360063280325100e+01
-1.8355615792000918e+01
1.7298591245354029e+01
5.7653120836648299e+01
-1.1133444813175430e+01
2.0336687590252400e+00
7.9325420454646263e+01
-9.8196319723508580e+01
-1.5953880104047800e+01
7.7771614725025302e+01
-1.7125520834502620e+01
-4.3636140632333003e+01
9.4543287633756151e+01
1.9583344855304990e+01
9.1386525549135825e+01
-8.6834306415157187e+01
1.6533062049640510e+01
-6.2614115421368631e+01
4.3308104934819738e+01
9.2256620908528291e+00
-4.1093404046040760e+01
5.2563248233780271e+01
7.6847424253994959e+01
-4.4755210182930512e+00
-2.8331803053068999e+01
5.3697317098573528e+01
2.3088481391572749e+01
7.2141970099845764e+01
6.6608843067889040e+01
-2.6796609713192641e+01
4.4753270632799200e+01
6.8781743033508320e+01
8.0876638196384665e+00
2.8096163465024890e+01
-3.3893698905704703e+01
-9.5263357744080945e+00
-4.6422276984372623e+01
-9.0386557295692171e+01
-7.6508085058470073e+01
-2.1766098692529209e+01
-7.4626066629655824e+01
-9.2521710556079711e+01
9.4295919471800232e+01
2.3606822675759030e+01
-3.0665389735573211e+01
-4.4409377654065159e+00
-8.3532890096213706e+01
3.9585011518656863e+01
1.5378233211839641e+01
-6.6478272708225576e+00
6.9874379904735164e+00
-6.3027564801193762e+01
5.3616769920428871e+00
5.4214798343987617e+01
6.6592849235980296e+00
1.1075708119525370e+01
4.3141959682577493e+01
1.9062327313934770e+01
-5.7446281513097773e+01
6.1243666684281827e+01
4.9609221436183972e+01
2.0316435003454011e+01
7.1233946791594838e-01
2.3447660445078451e+01
6.1913112846900923e+01
-4.0751869135842817e+01
4.0969788861388260e+01
7.8181541319851906e+00
9.5060637195619151e+01
4.8297779821008127e+01
-3.8825316021066378e+01
1.7860737780405440e+01
-6.4298196341010918e+00
-1.1679570567839059e+01
8.6628938716895533e+01
-9.4422362582226910e+01
2.0331507437678031e+01
-1.5112735408533901e+01
-2.9750575642761682e+01
6.0784448635899089e+01
3.3549488390024052e+01
2.4907335548812831e+01
-1.1880985502182330e+01
2.3633959918109340e+01
2.4920205758600218e+01
8.0998611161775742e+01
-3.7255601534455657e+01
9.0810458286764391e+00
3.0615711852374390e+00
5.7056924098685947e+01
-7.2257067422558634e+01
1.7650620970559711e+01
9.6088626657549398e+01
1.4467846630207649e+01
-2.0456140813984359e+01
6.1763590703065873e+01
1.6487627571446438e+01
3.0638522758547989e+01
3.8107368492449480e+00
1.7236444999910621e+01
-1.7238989822946209e+01
-6.4171111119380924e+01
2.8446413931868060e+00
8.2655377477180039e+01
-4.8402967383407081e+01
-6.4867049917353071e+01
3.4371700338342408e+00
9.6379135286232753e+01
-6.7413992439060934e+01
5.4515373566715127e+01
-3.2196089583045222e+01
-8.1198387584910012e+00
-5.0081144660155509e+01
-1.3839305820837829e+01
-8.3664180205658440e+01
1.0603796018518841e+00
-9.9978020754900570e+01
-5.2276983467001081e+01
-9.4388583612875593e+01
-9.8692712239283040e+01
2.4780204971480810e+01
-1.2673733112646410e+01
-8.1342901616101102e+01
3.7726746088650053e+01
-7.6603571750391566e+01
6.9071798815871091e+01
-5.1271330149943722e+01
5.9244151565709799e+01
-4.7111155579736732e+01
-7.1375859411804313e+01
1.4142653708700911e+01
4.3549444233010540e+01
3.6118311248176703e+01
-2.9967092963157761e+01
-4.2226508251808987e+01
2.7871049375245480e+00
-8.5313045116169093e+01
-6.1445380508084767e+01
7.9596671619475032e+01
-3.5078830443108302e+01
3.6268543923481928e+01
-5.5310703335617049e+01
2.9261539573609820e+01
-2.9220821612964681e+01
-3.0418488716781571e+01
-4.0857156230442527e+01
-5.9926960810114522e+01
6.9990614333516694e+00
6.7939628799103758e+01
9.2999100399762170e+01
9.7599488143447232e+01
5.7963501775065332e+01
-4.4306873195604191e-01
-9.2131780071632818e+01
-4.0679546184817823e+01
3.2171035174527880e+00
-6.3586286907065084e+00
2.8006473020540191e+01
-6.4281724525993633e-01
8.4353621224351969e+01
8.2183626034649876e+01
7.2734974897810602e+01
-2.8410831324626859e+01
-7.9239355466887005e+01
-9.3416563398035109e+01
6.4541000325552517e+01
-8.2754446028915780e+01
-2.3117916109991150e+01
-7.6326304328070819e+01
1.4541251273060301e+01
-5.2592136711473358e+01
4.0198739495695072e+01
-1.1989797616192750e+01
7.4849659274349463e+01
2.9198917330153499e+01
-8.5175251966461289e+01
-1.4511924397046981e+01
7.8967029739999290e+01
6.0097005815000024e+00
-3.8242664334539911e+00
4.4785947620604759e+01
-1.2283435990940410e+01
-7.8685205877746384e+01
-2.5090709535986001e+01
-4.2495257376476310e+01
-3.6194018584668513e+01
-8.2993985091600862e+01
6.9731144211282796e+01
6.8132169201440760e+01
1.6450018335139440e+01
-5.1002146851513267e+01
6.1643204463796827e+01
5.6297621635547699e+01
2.2498163736263969e+01
4.4600093534546854e+00
7.5191368329360060e+01
-8.2028601558260092e+01
-3.5569388733667267e+01
5.5313535519877803e+01
-1.3400715031096601e+01
-4.9819533841632207e+01
3.2902674728839102e+01
-6.9236090716491105e+01
2.9977551119890379e+01
2.5855818340213379e+01
7.4375383195310917e+01
2.7751481030686850e+01
-4.6180086281892827e+01
8.7291000805169361e+01
8.3365377592972663e+01
-4.4828927481127970e+01
-2.3836762126539309e+01
-2.1055284399826309e+01
4.6371656944369548e+01
2.9516379173863559e+01
-4.6794927264847381e+01
-6.8994058934044048e+01
-1.9273389243027090e+00
3.2311462473401853e+01
-3.5728369309995713e+01
-1.3584372935297299e+01
4.8774951076897608e+01
8.5799812429929432e+01
2.7165881028295409e+01
-7.3310789419949600e+01
-5.3086174081231917e+01
-4.9454649632785518e+01
-3.5090335234894177e+01
5.0626491838240170e+01
-9.5865998660380328e+01
3.0290769982821239e+01
-6.6217259085836091e+01
1.2902734570963410e+01
5.9624632585455160e+01
-2.6175702486947522e-01
3.8854652000522933e+01
-5.6765894101008051e+01
-2.3480074010429148e+00
-2.8904572128065048e+01
-3.8089620196987127e+01
3.4559641615736012e+01
-6.5760596216665164e+01
8.5657580582299985e+01
1.8923166618686800e+01
-3.3242528585229287e+01
-4.9214515538490467e+01
3.5550185141081371e+01
5.2068282421184392e+01
-7.7036037336618818e+01
1.7570380228745421e+01
-8.2892354332828564e+00
2.6957718886135460e+00
-2.4047186561179972e+00
-3.3143454578139128e+01
-2.1882719599049910e+01
-4.0179215425315263e+01
3.5798231187545838e+01
5.5879010939079290e+00
-8.2127663228252629e+01
-8.1060675815505405e+01
-9.2593675069819810e+01
-5.3619369942903880e+01
-9.2518869717799618e+01
6.4871216570574575e+01
-1.9179755676068491e-01
-3.9049913651926531e+01
-4.9828731102582484e+00
-7.0259519144466381e+01
2.1165851561947811e+01
2.9102505772760050e+01
8.3448869366161290e+01
2.3596941732851231e+01
4.1397284668757628e+01
8.2210105340163025e+01
-8.3494327145831576e+01
-6.3834106180567332e+01
-6.4226699081528182e+01
-1.0680951658710759e+01
-5.6892001461935592e+01
6.7344146931248446e+01
2.7461945578712811e+01
-2.1042492686822570e+01
7.8745779790895227e+01
4.8381055282677814e+01
8.8090940177600359e+01
6.8262588888052605e+01
2.6703050354792580e+01
3.2001124647512349e+01
5.0829384823857460e+01
-9.0468904814080247e+01
3.2194326544518248e+01
-7.4172612411349220e+01
5.4822061651615307e+01
-8.3191828830633327e+01
3.6572515011686853e+01
3.3538271975162729e+01
1.5118809043569501e+01
-2.7568647606964220e+01
-5.8547353622668894e+01
-6.1790307688234428e+01
-9.9488660761549585e+00
9.5831567553783785e+01
-9.1352551753643112e+01
-7.9707104551132929e+01
-9.0416870778823935e+01
1.4799548636395160e+01
3.7201180719440742e+01
-5.4860941714815823e+01
-4.0055429941378371e+01
4.6694344584544133e+01
4.8096439164807506e+01
-1.9694817150690941e+01
-3.5159350679730373e+01
6.6261527396521075e+01
-3.2454881025917901e+00
-5.8956459246587343e+01
5.7714758287049754e+00
4.8715148407613746e+00
4.7743369097975801e+01
4.8697583332100969e+01
4.9585310868061350e-01
-8.2195883128856408e+01
4.4836246510435082e+01
-4.8006317098045443e+01
4.0462814178278947e+01
9.0993112838807789e+01
7.1824378187556121e+01
-2.1358231723503000e+01
2.9212565654221422e+01
-1.1716172281031920e+01
-5.3927612296139188e+01
-4.9272090855556009e+01
8.4449734927596680e+01
4.5294717297461062e+01
-5.1862415877302901e+00
-3.3315836496110771e+00
1.9017091469438281e+01
-7.8006133701320948e+01
2.5833462508871441e+00
3.4602413659278007e+01
-3.6248309437291873e+01
2.9688579255811089e+01
-4.6940915612554242e+01
-6.7404090289128192e+01
1.9656508586738301e+01
8.2453865841137286e+01
4.0166901838289391e+01
-8.4509056780130365e+01
2.8013893049750078e+00
4.4058582099750133e+01
2.0180916492542291e+01
8.3097686767001107e+01
-5.6992112360906603e+01
-8.6221594664892720e+01
-7.8900929172569562e+01
-2.9628429799289609e+01
-2.3138894812305939e+01
5.0037751225132169e+01
-1.8134894678597039e+01
-6.8150161521329807e+01
5.4620002619240033e+01
-9.1369666104529330e+01
5.6014671242169157e+01
-7.3786408192955975e+01
-9.7154117581807228e+01
6.6304315091041000e+00
-4.0623961074865420e+01
5.7594082587112618e+00
4.4765156043048847e+01
-3.0581987894702269e+01
-3.0367918976505699e+01
-6.7224567148880681e+01
-2.7304905318744211e+01
-7.7594468011235847e+01
-4.6688703932252579e+01
-8.7383870435142370e+01
-8.8034851786140209e+01
-2.8831700193773340e+01
-8.5561125738787815e+00
8.5538879588696602e+01
5.1555788026901062e+01
-3.5937491007949063e+01
-2.5101288436845969e+01
3.0420538505797911e+01
8.2639989347547953e+01
