# CEC 2010 F14 rotation matrix (50x50)
-6.5678762099999996e-02 -1.3365215899999999e-01 1.3572247300000001e-01 -1.2199424500000000e-01 8.0697581899999999e-03 4.4288665499999998e-02 2.6220181500000000e-01 -2.4106387500000000e-02 -3.5440960500000000e-02 1.2038804200000000e-01 1.8633542199999999e-02 2.7298777099999999e-01 1.5457147799999999e-02 -3.3078270500000001e-01 -1.2781531800000001e-01 -5.3890790799999998e-02 -3.2548605300000000e-01 1.0095067800000000e-01 -1.2466567700000000e-01 -2.7796376500000002e-03 -8.3934493700000001e-02 -4.5668455599999998e-02 1.0697272300000001e-01 1.4675462500000000e-02 1.2293432100000000e-01 -7.5961466699999994e-02 -4.9348193899999997e-02 -9.8106031999999996e-02 2.6147182200000002e-01 6.3593210299999994e-02 -2.4561452800000000e-01 4.1811836200000001e-02 1.1986116900000000e-01 5.4093994800000003e-02 -1.9357125800000000e-02 -2.2331918000000001e-01 -6.4219481499999995e-02 -1.2480474699999999e-01 -1.3437069200000001e-01 -1.0653891800000000e-01 1.1444544800000001e-01 2.1912702600000000e-01 1.7827710000000000e-02 1.9137732800000001e-01 7.5920020899999996e-02 1.2590120299999999e-01 -2.7465378099999999e-01 5.0500971200000001e-02 -6.3078377399999996e-02 -1.2435810300000000e-01
1.0683084800000001e-01 -1.6627558700000000e-01 -1.1871452000000000e-01 3.3500896499999999e-01 -1.3703855000000001e-01 -5.6647112200000002e-03 -2.0964199600000000e-01 -2.4182250599999999e-01 -8.0075690800000002e-02 -9.0975093699999995e-02 9.1689903599999997e-02 6.8027167999999999e-02 5.7402661399999999e-02 -1.4030878199999999e-01 1.7781773600000000e-01 2.0166398799999999e-01 -9.2257200299999995e-02 -5.7887353699999995e-04 1.2055082200000001e-03 8.3971322500000001e-02 -2.7788071800000003e-01 -1.2473739400000000e-01 9.8084789000000006e-03 -8.4393544400000006e-02 1.1300254999999999e-01 5.1756531100000003e-02 -1.8499280700000001e-01 -1.3925710199999999e-01 -1.7427294700000001e-01 1.4150330699999999e-01 1.0414992300000001e-01 -6.2288610899999999e-02 -2.7648245100000002e-01 1.5574813400000000e-02 1.5851774199999999e-01 1.1905079200000000e-01 -2.7931089999999997e-01 -9.3940766900000000e-02 -2.2607561499999999e-03 -5.0776573200000001e-02 1.2442150400000000e-01 1.1839982000000000e-01 1.5415558800000001e-01 -8.2449996600000006e-02 -6.2652490300000002e-02 -2.8983082000000000e-02 -1.8746406400000001e-01 -1.7653981099999999e-01 -6.3181897599999995e-02 -1.0125672699999999e-02
-3.3189737800000002e-01 7.7866920100000004e-03 7.2485076999999995e-02 -1.4815960800000000e-01 4.5187150000000002e-02 -2.2673418400000001e-01 -7.5096556100000003e-02 -2.9553760500000002e-02 1.2584645899999999e-01 -1.2392498100000000e-01 1.9678592500000000e-01 1.1929712000000001e-01 4.0563666799999998e-01 9.4918314399999995e-02 -1.9710875300000000e-01 -6.1623718299999998e-02 -8.1206130099999996e-03 2.3342206900000001e-01 6.0213991900000000e-02 -2.9878916700000001e-02 -3.8580500400000002e-02 6.9242060999999994e-02 -9.2793792400000005e-02 -2.1769990400000001e-02 3.1767320500000001e-01 8.2647524299999997e-02 7.9941272899999999e-02 -5.1796877700000001e-02 -2.4069568300000000e-02 -7.3840940300000005e-02 1.5355387800000000e-01 -1.6802943000000001e-02 -1.0754996400000000e-01 -9.5801838299999997e-02 4.9549932300000002e-02 1.3314785300000001e-01 3.3477865300000000e-02 2.5066775200000002e-01 -1.4562528100000000e-01 2.3416717399999998e-02 9.1445344299999995e-02 -8.8833792999999994e-02 1.7697499899999999e-01 1.0221520500000000e-01 2.5506678999999999e-01 -2.2034838500000001e-02 2.0757644900000000e-02 -7.9338237699999994e-02 -1.5511522000000000e-01 -1.1016034399999999e-02
-4.4347237999999997e-02 6.9955728499999995e-02 2.0472312300000001e-01 -1.3411988000000000e-01 3.4332024000000003e-02 -2.1074587999999998e-03 -1.4313293799999999e-01 -1.5130327799999999e-02 -7.1168471100000005e-02 1.4693274300000000e-02 -1.6455437000000001e-01 1.2060567799999999e-01 -1.2961121300000000e-01 -2.1949669199999999e-01 1.1922221500000001e-01 -2.9641732999999998e-01 2.1021835799999999e-01 -1.7276014100000001e-01 1.8392159100000000e-01 8.5627090599999997e-02 -5.3668482099999996e-03 -1.8123802999999999e-01 7.1189903399999999e-03 1.4348113300000001e-01 -2.4473476899999999e-02 -1.1650912600000000e-01 3.8604641299999999e-02 1.4199145099999999e-01 2.8461142200000001e-02 1.1801813700000000e-01 -4.8495050599999999e-02 1.4271894900000001e-01 -2.0791904700000000e-01 -6.9166548400000000e-02 2.9134576699999998e-01 2.4159359499999999e-01 -5.9515943600000003e-02 3.0588311200000001e-01 -3.9825585300000001e-02 -1.4554045500000001e-01 -2.7670094700000002e-02 2.5811583100000000e-02 -1.9574411600000000e-01 -7.4309388100000000e-03 1.3778678000000000e-01 1.9792998000000001e-01 -1.8454466400000000e-01 1.6640878200000001e-02 1.3564273400000000e-02 1.0846935700000000e-01
-1.4017387800000000e-01 -1.3904852000000001e-01 1.5740140900000001e-02 -5.2951845599999998e-02 -1.5650832300000000e-01 1.5942465500000000e-01 1.6044840099999999e-01 -3.5467778599999999e-01 -7.5713536099999996e-03 9.2303895200000000e-02 -7.3026990500000000e-02 -2.2313570899999999e-01 2.1166934800000001e-01 -1.0898517200000001e-01 7.7783803800000005e-04 -1.5807270100000001e-01 6.5548904699999994e-02 -1.6568862600000001e-01 1.0064915000000001e-01 1.6143561400000001e-01 2.3858636599999999e-01 -2.5504431599999999e-02 -1.3128169100000001e-01 3.8870582500000000e-02 1.3256879299999999e-01 2.0990836500000001e-01 1.1280165100000000e-01 1.8041417300000001e-02 -1.0929735200000000e-01 1.4770444099999999e-01 1.5584131900000001e-01 1.4450413100000001e-01 1.1636340300000001e-02 1.0679941000000000e-01 -1.1599286100000000e-01 -6.6469411399999997e-02 -5.4593216200000003e-02 -1.7638973199999999e-01 -2.4315472699999999e-01 -2.3325026500000001e-01 -6.9763655199999997e-02 7.8980981100000000e-02 8.8600420799999996e-02 7.8885754899999994e-02 -5.6994815900000002e-02 -7.1078584599999994e-02 1.2305036400000000e-01 3.8240369599999997e-02 2.4114706299999999e-01 1.6732030900000000e-01
6.5296321499999999e-03 3.4063431100000000e-02 1.2465718299999999e-02 -7.4009349299999999e-02 1.1277822899999999e-01 -5.1821997400000000e-02 2.9742252699999999e-02 -1.3571955500000000e-02 -1.6281627300000001e-01 -4.6255210900000003e-02 7.4209370900000002e-02 1.6641192599999999e-01 4.0333094299999997e-03 -1.1962006900000000e-01 -6.7542602800000004e-02 2.1033432299999999e-01 -1.8758756800000001e-01 -2.5514642700000001e-01 1.4132549899999999e-01 7.2773447600000003e-03 1.3624114700000001e-01 -2.6611775700000001e-01 -1.0507923500000001e-01 1.1429556900000000e-01 -1.0222268800000001e-01 -1.7284770199999999e-01 1.1505837800000000e-01 -6.4877869699999993e-02 -3.3040220699999998e-02 -1.3334302100000001e-01 3.1323142700000001e-02 8.5813661499999999e-02 4.5923412699999999e-02 2.9359761799999998e-02 -3.1461748000000000e-01 -1.3108441200000000e-03 -1.5923045699999999e-01 -3.9406040400000002e-04 1.9961655200000000e-01 5.4315766200000002e-04 2.8857448599999998e-02 -3.2977064400000000e-01 2.2454177900000000e-01 -1.2979932499999999e-01 2.4258370200000001e-01 -1.7267794400000000e-01 -1.7495138599999999e-01 -2.3975601700000002e-02 6.7793484400000006e-02 2.5391735900000001e-01
8.1333471700000007e-02 9.6306815500000004e-02 -3.0101340899999999e-02 -2.4046989899999999e-02 -3.2047978800000002e-02 2.0907451799999999e-01 -1.6746835099999999e-01 3.0795178499999999e-02 1.9086333699999999e-01 3.9583899200000000e-01 -2.8338730300000000e-02 1.1467647700000000e-01 3.9824676300000000e-02 -3.4514898000000002e-02 -1.7435942399999999e-03 -1.0683711500000000e-01 -7.1473644500000003e-02 1.9605160999999999e-01 1.1196502799999999e-01 3.1811630299999999e-01 -1.3937209700000000e-01 -4.0346627400000001e-02 1.5828334499999999e-02 -1.0758573400000000e-01 -6.9016662600000001e-02 -4.2481868800000003e-02 3.1108876499999999e-01 -1.3801893000000001e-01 7.4514504699999998e-02 -1.2233357300000000e-01 -2.2101305800000001e-01 -2.5540828400000000e-02 -8.2702487300000002e-02 -1.2363062099999999e-04 -7.6261583800000005e-02 1.3635000400000000e-01 -4.1051743400000000e-02 -1.6478379700000000e-02 4.3950547899999998e-02 1.2397972800000000e-01 1.1945299800000000e-01 4.4251363100000003e-02 3.9284424100000000e-02 1.2095860200000000e-01 -1.4400648299999999e-01 -8.9323632700000002e-02 2.1870800800000001e-01 -1.9508348800000000e-01 -6.1439340600000003e-02 3.2213328000000002e-01
1.7162680999999999e-02 -9.3559107700000005e-02 2.8282177900000000e-01 -4.8480542100000001e-03 -1.6878881299999999e-02 -3.1233358999999999e-01 -6.3377526700000002e-03 -6.6240545700000000e-02 1.1503020200000000e-01 -9.9003030500000005e-02 -8.3950387000000001e-02 1.1461153100000000e-01 4.6076832999999998e-02 1.8846300299999999e-01 1.5601464900000001e-01 6.4848084799999997e-03 8.4358139700000001e-02 2.2456086100000000e-01 9.1620345100000002e-04 -3.0978827500000000e-02 1.1061796400000000e-01 -3.6380988700000000e-01 -3.6488402099999998e-02 -1.2280680300000001e-01 -1.9282105599999999e-01 2.3546065599999999e-01 2.3066696100000000e-01 -1.1372018800000000e-01 1.3216878700000001e-01 2.0671601500000000e-01 -1.0268360300000000e-01 2.4332202900000000e-01 4.7051453100000001e-02 -1.0468258100000000e-01 -2.5925401700000000e-02 -7.8361832399999998e-02 9.3189087000000004e-02 -1.6359175800000000e-01 4.6819791299999997e-02 -2.9858673200000001e-02 4.9242189999999998e-02 -3.2719561500000001e-02 -5.6342739100000002e-03 -2.3813495900000001e-01 -1.2019234099999999e-01 2.5925231399999998e-02 -4.5221540200000000e-02 -1.9772211000000001e-01 3.2978318399999998e-02 -1.3826359999999999e-01
-1.8699834400000001e-01 -8.7734903500000003e-02 -5.6394025899999999e-02 3.3558498999999999e-02 1.8771309900000002e-02 -2.8786635900000000e-02 1.9569115100000001e-01 -2.1603473200000001e-01 -1.0626472100000001e-01 3.3698798899999999e-01 -6.2406437500000002e-02 1.9683245999999999e-01 -1.4970731800000001e-01 8.1737791500000004e-02 -1.7611723100000001e-01 9.8626382400000004e-02 1.4890525399999999e-01 -1.8592661100000000e-03 -3.1412065099999997e-01 -1.8532481900000000e-01 7.6094661499999994e-02 7.8973639499999998e-02 4.5209620699999996e-03 -7.8152648100000000e-02 1.7736006400000001e-01 -1.0537435200000000e-01 7.6219776300000000e-02 -7.1824288799999997e-02 1.1659356300000000e-01 -3.5947863400000002e-02 1.8647454599999999e-01 -5.1776901799999997e-02 -1.0834933600000000e-01 1.2062515700000000e-01 1.4729643600000000e-01 9.5893038000000000e-02 5.1935212199999997e-02 3.4749879700000002e-03 1.5350619700000001e-01 7.2856215500000002e-02 -1.6373335300000000e-01 -5.2050764600000000e-02 -1.5529608200000000e-01 -1.4159274199999999e-01 -1.7174821500000000e-02 5.0710046699999997e-02 -6.1461138399999997e-02 -3.6237690099999997e-01 1.8812393799999999e-01 1.2056889500000000e-01
7.3517250899999997e-02 -6.0843005100000000e-02 -9.3926022499999998e-02 -1.8923267199999999e-01 -1.0734186000000000e-01 1.1028931300000000e-01 3.3832209299999999e-01 -2.1598356299999999e-01 -1.3625097100000000e-01 -9.8088612500000005e-02 2.8450381299999999e-01 -7.2637771099999998e-02 -7.1693543900000004e-02 -1.3716877299999999e-01 1.9718605199999999e-02 -1.0412122400000000e-01 -1.2539799200000000e-02 1.9381133100000000e-01 7.5435336699999994e-02 -2.7939157199999998e-01 -7.2420460199999995e-02 -2.7082838400000000e-02 7.1334533800000002e-02 -2.7426676600000000e-01 -1.3644260899999999e-01 -4.3800851100000003e-02 -7.5138662100000003e-02 8.0301845100000005e-02 -1.4383818000000001e-01 -4.5385666699999998e-04 -9.5766606200000007e-02 9.9307970800000006e-02 9.8779965600000005e-02 -2.1966703500000001e-01 -4.5850952600000001e-02 1.9009848400000001e-01 -1.5428261900000001e-01 1.0577024400000000e-01 -3.5201329500000003e-02 -8.2293085700000004e-02 1.8028819099999999e-01 -1.8311769899999999e-01 -2.3928167700000000e-01 -5.1005482499999998e-02 -3.4604803199999999e-02 -4.7396154099999997e-02 1.9671247900000000e-01 -1.1155633500000001e-01 -8.7963319200000001e-02 6.5547324099999998e-02
7.3149038499999999e-02 -1.5930840099999999e-01 2.8023543599999999e-02 2.0694691599999999e-02 -5.2569940199999998e-02 4.0818734500000002e-02 -2.2756151499999999e-01 -9.6559888900000002e-02 7.5597420600000007e-02 9.4339101800000005e-02 -5.3906737400000002e-02 1.1460633700000000e-02 1.0190660500000000e-01 1.0195073400000000e-01 1.4109998800000001e-01 -6.7027058900000006e-02 4.9817468500000003e-02 1.2212886100000001e-01 4.0986425100000001e-02 -4.5658848400000000e-02 7.2105941899999998e-02 9.1876449999999998e-02 -3.1028841000000001e-01 4.9536538999999997e-02 3.9875925399999998e-02 -2.9098913399999998e-01 -2.2422721500000001e-01 -2.0843271000000000e-02 -5.6201229499999998e-02 -2.7838089399999999e-01 -2.3165387500000001e-01 1.6259570099999999e-02 1.0809212200000000e-01 7.6600891900000002e-03 -1.5624851500000000e-01 -1.9098696200000001e-01 -1.8046811600000001e-01 1.8872087900000001e-01 -1.1383485900000000e-01 -1.2509098199999999e-01 -4.1098372899999999e-02 -1.6181117900000000e-01 3.7240061400000003e-02 -2.7604385799999999e-02 -6.8947822100000000e-02 2.8091705200000000e-01 -2.5948954299999999e-03 -2.2090420299999999e-01 2.4781569300000000e-01 -2.0312940299999999e-01
1.6673349500000001e-01 3.7245425300000003e-02 1.5609089700000001e-01 -6.4729328599999997e-02 -2.2163812099999999e-01 1.9337440400000001e-03 1.8970618900000000e-01 -3.0851850699999999e-02 -5.1346264199999998e-02 -1.0388874600000000e-01 -1.6900865000000001e-01 4.1032236000000000e-02 3.1421449499999998e-01 4.8084249699999998e-02 -1.1477953700000000e-01 -1.4501767500000001e-01 -1.0648494999999999e-01 -3.2607977799999999e-01 -1.0844324100000000e-01 2.1653797600000000e-02 -1.6896314500000001e-01 -1.2002375699999999e-01 -1.2670840100000000e-01 -2.3628050800000000e-01 9.1253905400000002e-02 1.6841278000000001e-01 3.4097676500000002e-03 -1.0249332599999999e-02 -9.7733365599999997e-02 -1.5642571999999999e-01 -1.3794003499999999e-01 -1.3068996799999999e-01 6.5121035600000002e-02 -5.3797752700000000e-02 5.6938049900000003e-02 -7.3475295199999999e-02 -8.7003954100000003e-02 2.1676196100000000e-01 3.2835087699999999e-01 1.4761647700000000e-01 -2.1631035500000001e-01 1.7944634800000001e-01 2.2011673400000001e-02 -1.3083980700000000e-01 -5.0368352900000003e-02 1.2052039400000000e-01 8.1584177699999996e-02 3.4344534400000001e-02 -5.6796843700000002e-02 3.0725858100000000e-02
9.5850084500000002e-02 3.8046274900000003e-02 -1.4398062100000000e-01 3.1922753900000003e-02 -6.4638902499999998e-02 -1.2109773300000000e-02 -4.3855562799999998e-02 -1.5981598499999999e-01 -5.5553538000000000e-02 -1.2361970999999999e-01 3.7633829600000002e-01 9.7260965399999996e-02 -1.3158915099999999e-01 6.4596001200000003e-02 -5.2992447099999999e-02 -9.9973726799999996e-02 1.4522017700000001e-01 -2.6069966600000000e-01 -1.2746542100000000e-01 5.7730364200000002e-02 -1.4977001300000001e-01 9.4350739200000006e-02 9.7315368599999993e-02 5.5958377099999998e-02 -1.8158101600000001e-01 -9.1920995299999992e-03 2.4661572400000001e-01 1.5524767599999999e-02 -3.4311359999999999e-02 -1.6119422400000000e-01 -1.0801975699999999e-01 2.5483651499999999e-01 -7.6079136399999997e-02 6.7140599699999998e-02 5.4537469099999999e-02 -2.8553413900000002e-01 1.4419467599999999e-01 -6.1994913899999999e-03 -2.8715298700000003e-01 8.7831178999999995e-02 -6.2315298399999997e-02 1.3799565599999999e-01 1.5740290800000001e-01 -1.1553549800000000e-01 2.1536055900000001e-01 1.5538127400000001e-01 8.8853676399999998e-02 -1.6642463900000001e-01 -9.2748395999999997e-02 7.1966087999999996e-03
-1.7781643200000000e-01 -6.8324023999999997e-02 -1.5378364700000000e-01 -2.4889439700000002e-02 7.5160723400000004e-02 1.3296163300000000e-01 -4.7122007700000003e-02 -1.0401409400000000e-01 1.4612119500000001e-01 -1.1840837500000000e-01 -1.0645477300000000e-01 1.2692206700000000e-02 -1.3695370600000001e-01 9.1519890300000004e-02 1.8075056400000000e-01 -1.8924755599999999e-02 -1.2133524300000000e-01 -9.3790007199999997e-02 -1.8237020300000001e-01 -4.8881819700000002e-02 3.9484710600000000e-01 7.3034863000000005e-02 1.8090689600000001e-01 -6.0830603400000002e-02 1.4807006400000000e-01 3.9885907299999999e-03 9.0852676699999996e-02 -1.7266871000000000e-01 -1.3442498899999999e-01 -2.0373287200000001e-01 -1.6742006100000001e-01 2.2199351800000000e-01 -1.1091520200000000e-01 -1.7637986700000000e-01 -4.1924416700000001e-02 7.3149650900000002e-02 -3.7435969100000001e-02 2.2905698099999999e-01 9.1432472500000000e-02 9.1215679300000005e-02 2.4671575100000001e-01 2.7984704199999999e-01 3.6131205800000003e-02 -9.2415584499999995e-02 -7.3734405500000003e-02 -1.5756151500000001e-01 -1.1492918500000000e-01 1.4892335500000001e-01 4.4292403700000003e-02 -6.7899568399999999e-02
4.2096295899999997e-02 5.0694470300000002e-02 -1.0195756000000000e-01 -8.3047527300000007e-02 -2.1932899400000000e-01 -7.6060675199999997e-02 -4.1429160299999997e-02 1.1861274000000000e-02 -1.1499950000000000e-01 1.0632288400000001e-01 -1.0204702600000000e-01 -1.6969641699999999e-01 -1.8587931700000000e-03 -8.3298519000000001e-02 1.2574299600000000e-01 1.5335445800000000e-01 1.7124246200000001e-01 -3.9119514400000003e-03 1.0601867199999999e-01 -3.6513187799999999e-02 2.0775936100000000e-01 -1.2697638200000000e-02 5.2271571099999997e-02 -1.4230825200000000e-01 -6.8132595399999996e-02 -3.0794178400000000e-02 1.6856638600000001e-01 -2.0209926500000000e-01 2.2835646100000001e-01 -6.6388255600000001e-02 1.3779589100000000e-01 -2.7623775000000000e-01 3.5089923800000000e-01 1.8050907799999999e-01 6.9192466999999994e-02 1.2389069699999999e-01 -1.5039358500000000e-01 1.0432503200000000e-01 -1.1545935200000000e-01 -4.0195139800000002e-02 2.0529788199999999e-01 2.0023199500000000e-01 1.1722216000000001e-01 -1.8316514300000000e-01 2.4286904800000000e-01 1.7479212799999999e-01 3.3467290400000002e-02 5.7249141299999997e-03 -1.6716454900000000e-01 -7.2275712699999994e-02
2.0604650499999999e-01 -1.0539878200000000e-01 -1.4537132200000000e-01 -2.1498209900000001e-01 1.7216500700000001e-01 -1.6753646600000000e-01 1.5429358300000001e-01 6.0810085000000000e-02 -3.3044253500000002e-02 1.0193939500000000e-01 -4.5289351100000000e-02 3.0481293300000000e-02 -2.8124694299999999e-02 4.5870247900000000e-01 1.7974521500000001e-01 1.2717438900000000e-01 -5.1680732500000003e-03 -2.2216048299999999e-01 -1.2795918400000000e-01 1.3276181300000001e-01 -1.0774888000000001e-01 4.5045191900000003e-02 -1.4936660500000001e-01 -2.7162245299999999e-01 2.2774947100000002e-02 -3.0835064700000000e-03 8.8549284300000003e-02 1.9126774999999999e-01 1.3000604399999999e-01 3.6405485400000000e-02 3.0716128400000001e-02 3.3996654299999998e-02 -1.0031767599999999e-01 -9.0911726400000004e-02 -4.8554019300000003e-03 9.5544196200000001e-02 -2.0631680299999999e-01 -3.6886825800000002e-02 -1.3617245000000000e-01 -1.6376963600000000e-01 1.2974208600000001e-01 -1.2890723600000001e-02 2.0727401699999998e-02 3.1850689399999998e-01 5.4216511100000003e-02 5.0454753499999998e-02 -1.1723842600000001e-01 6.8836481000000005e-02 1.8013113000000001e-02 3.7414994799999997e-02
-1.2450004600000000e-01 -1.1158325700000001e-01 -1.5907902700000001e-01 -1.7033998400000000e-02 -7.6569084999999995e-02 -7.1322600299999997e-02 6.0878708800000000e-02 1.2319752100000000e-01 4.3389348400000000e-02 2.5584528299999998e-01 -1.5147442799999999e-01 -2.3834631600000000e-01 -7.1930072700000000e-02 -2.5657242100000002e-02 -1.7064050100000000e-01 -7.4292283500000000e-02 -3.7185096299999998e-02 -4.5608298499999998e-02 8.0099771599999994e-02 1.2561263800000000e-01 -1.0520940500000001e-01 3.8506132700000001e-02 2.0980290700000001e-01 9.0944813200000002e-02 1.2647353700000000e-01 4.7302007399999998e-02 2.1328728100000000e-01 1.1506478500000000e-01 -1.9743736600000000e-01 1.3243227299999999e-01 4.2875541400000002e-02 1.1027468200000000e-01 -4.8289627199999997e-02 -1.9002713399999999e-01 -1.6127496199999999e-01 -7.0571356099999996e-02 -2.8441614799999998e-01 -5.6169669200000001e-02 1.5376142500000000e-02 2.4080560700000000e-01 8.9915800200000007e-03 -2.4456488100000001e-01 5.1220180599999996e-03 -1.7758973200000000e-01 -6.8192146900000004e-03 2.6486189900000001e-01 -1.2448783099999999e-01 -3.2103162099999999e-02 -1.5807517099999999e-01 -2.7604608600000002e-01
-8.2046647100000002e-03 -1.8577502100000001e-02 -3.3857948500000002e-03 2.2375116700000000e-01 2.5798462300000002e-01 2.6375185299999998e-01 6.9342109799999996e-02 -3.7633368899999999e-02 -3.2977460800000002e-01 4.6546023200000002e-02 5.0923896200000002e-03 1.7213749400000000e-01 5.4249125600000003e-02 2.9893675700000000e-01 -1.8200452000000000e-01 -2.6905831200000002e-01 -4.8801838000000000e-02 7.5311098800000004e-02 8.2139335999999993e-02 2.5937983999999997e-01 1.2225558600000000e-01 -2.3667197399999999e-02 8.2590701099999997e-02 2.6377766699999999e-02 -1.3586641199999999e-01 2.1737330799999999e-01 3.4018554600000000e-03 3.1016435499999998e-03 -8.8121988999999998e-02 -1.0730968500000000e-01 -5.3361721000000001e-02 -1.5726965700000001e-01 9.2354072999999995e-02 1.1644594000000000e-01 1.8653157500000001e-01 3.6493936700000000e-02 -8.7504345100000006e-02 4.5319449000000003e-03 1.7995377000000000e-02 -1.8906004900000001e-01 1.1668837899999999e-01 -1.1873450400000000e-01 -3.5841554300000002e-02 -1.1240011000000000e-01 1.0651062400000000e-01 -1.2645898000000000e-01 -4.3336059099999998e-02 -2.9175230999999999e-02 -2.5704922599999999e-02 -2.7704165700000000e-01
1.3976702999999999e-01 2.2748115199999999e-01 -3.5034399500000001e-02 -9.6488291800000004e-03 -3.6333719500000000e-01 -1.1162594500000000e-03 -1.2056191300000001e-01 9.9184322000000005e-02 -2.8473673100000002e-01 -1.6713527900000000e-01 -1.7836251900000000e-01 2.2888310700000000e-01 4.4067568000000001e-02 -4.7883917099999999e-02 -1.5413541600000000e-01 1.3848660699999999e-02 -1.1264212300000000e-01 1.0751512000000001e-01 1.2461259000000000e-01 1.0656548400000000e-02 9.3900262299999995e-02 2.7250240100000001e-01 -8.6987506699999998e-03 -2.1623386200000000e-01 7.3159247799999994e-02 -3.9003389100000001e-02 1.2994534199999999e-01 1.8470788899999999e-01 1.3158885000000001e-01 3.9105864599999998e-02 3.5681414900000000e-02 1.7667218100000000e-02 -2.1017168700000000e-01 -1.1984059399999999e-01 -6.6420032500000004e-03 -8.3174880199999995e-02 3.8423561199999998e-02 -8.4558958800000000e-02 -1.5595196500000000e-01 9.1845661199999998e-02 1.7049432300000000e-01 -5.9942444099999999e-02 -3.7924114900000000e-02 -1.4594920500000000e-01 -2.2202297700000002e-02 -6.4752101399999998e-02 -4.7303951800000001e-02 5.9548068300000000e-02 3.5735152700000000e-01 -3.2581603399999999e-02
-8.2272292299999994e-02 6.8134835199999993e-02 -3.0512055699999999e-03 -2.3091642700000001e-01 8.8437528700000004e-02 1.3535272000000001e-01 -8.0119123200000003e-02 -1.4873857200000001e-01 1.3580470799999999e-02 -8.0515866500000005e-02 -1.4257208399999999e-01 6.9118118100000001e-02 -3.5706498000000003e-02 -2.5117378699999998e-01 8.4541043999999996e-02 2.2203973900000001e-01 3.5604908600000001e-01 1.0678252700000000e-01 -1.6582610600000000e-01 1.2254708300000000e-01 -8.8747957200000005e-02 -6.4644020999999996e-02 5.4153559400000002e-02 -2.1806598799999999e-01 2.1776640800000000e-02 2.1252379699999999e-01 -3.5831094199999997e-02 2.9358045400000001e-02 -6.2481821700000002e-02 -1.1980593300000000e-01 -2.2817634600000000e-01 -2.1052056400000001e-02 -1.3691427300000000e-01 1.5672630000000001e-01 -8.4367428800000005e-02 4.9523238800000001e-02 -6.6952002600000005e-02 -1.4920999600000001e-01 6.1693644700000001e-02 1.2508120100000000e-01 -1.3315166100000000e-01 -1.7769434400000000e-01 1.3351430900000001e-02 1.2515052400000001e-01 2.9014947499999999e-01 -4.4716551100000002e-02 1.0380117400000000e-01 1.2906897600000000e-01 1.0780820700000000e-01 -2.7702707100000001e-01
5.6649560400000000e-02 7.6524827399999995e-02 -2.0638127900000000e-01 2.7035340200000001e-02 -1.8620423699999999e-01 -2.8601765899999998e-01 -7.7791085800000007e-02 1.4049364300000000e-01 -1.0628549599999999e-01 1.5099748499999999e-01 -1.0153604800000000e-01 2.0012445900000000e-01 7.9092991900000006e-02 -1.0929946000000000e-01 3.0105038399999999e-02 -1.6868255300000001e-01 -2.6419933199999999e-02 -2.3550933499999999e-01 5.3327988799999997e-03 -1.3635506700000000e-01 1.5072295099999999e-01 5.7781077200000003e-02 -4.4884942900000002e-02 5.0484575099999998e-02 -3.6494541700000001e-02 1.9866349100000000e-01 -1.7495053399999999e-01 -2.8636216300000000e-01 2.5118176600000000e-02 -1.6359265800000000e-01 -2.5507307399999998e-03 2.0108797100000000e-01 -1.3316470200000000e-01 9.4011896799999994e-02 -1.4183013600000000e-01 1.3135154700000001e-01 -1.1357486799999999e-03 -1.1669577800000000e-01 -7.6260570400000005e-02 -1.1293841800000000e-01 -7.8070802800000005e-02 -1.1183617400000000e-01 -2.2800267599999999e-01 1.7290980500000000e-01 -6.6287027799999995e-02 -1.2221170300000000e-01 1.1139549999999999e-01 -8.3829392799999999e-02 -2.9139860899999998e-01 -1.6241926800000001e-01
-1.9685118300000001e-01 -1.5385687100000001e-01 2.5138685199999999e-03 1.0967636200000000e-01 1.5574948599999999e-01 -1.9959688500000000e-01 -3.2233694000000000e-02 -6.4072450000000003e-02 -6.9798153399999993e-02 1.2438686300000000e-01 -1.3397287599999999e-01 -2.6234598999999997e-01 4.7113240799999997e-02 -1.4133750500000000e-01 -1.0034200800000000e-01 6.6552171399999999e-02 -1.8442595500000000e-01 3.3712470299999998e-02 -3.4504880900000000e-02 1.4015272900000000e-01 -4.9834127300000003e-02 -5.7775771199999999e-02 -1.1213379800000001e-01 -2.9786546800000002e-01 -3.3984316599999997e-01 -1.8187598599999999e-01 -9.7630496800000001e-03 9.3569830100000001e-03 8.1133628299999996e-02 -6.7863972900000000e-02 2.5325315800000001e-02 -4.1943926700000002e-02 -2.3824934700000000e-01 -4.2336934399999998e-02 -1.7025197600000000e-02 -1.8647889300000001e-01 3.4077817300000000e-02 2.3427450399999999e-01 -2.2439916200000001e-01 -7.8932771600000000e-03 -1.7209795800000000e-01 9.3021382200000002e-02 -1.8158185199999999e-01 -1.4230192899999999e-01 7.1904957300000003e-02 -2.6974188799999999e-01 4.5122298599999999e-02 8.9959228899999993e-02 -6.5203894299999995e-02 -5.6189682499999997e-02
1.3786368500000000e-03 -1.6247638300000000e-01 -9.7173152900000004e-02 1.1504527299999999e-02 -2.0860143300000000e-01 3.8108126700000002e-02 9.1463580599999997e-02 -2.8452688899999998e-02 -1.1828660800000000e-02 -1.0038585400000000e-01 -2.0914135000000000e-01 8.4446893900000000e-02 5.3865780699999997e-02 1.0868880800000000e-01 -1.1979216900000000e-01 1.3706064400000001e-01 8.6515160699999996e-02 1.7006336300000000e-01 -1.0384283900000001e-01 2.9209522100000000e-02 -7.4992298399999997e-03 -1.5160404000000000e-01 1.1791612700000000e-01 4.4401977399999998e-01 -1.9567581000000001e-01 1.0085386900000000e-01 -1.6382990900000000e-01 2.3943339899999999e-01 2.8849520000000001e-01 -1.8336093100000000e-01 4.6643353499999998e-02 1.0075334100000000e-01 1.8921225500000000e-02 -1.7986328500000001e-01 1.9796732099999999e-02 7.8922130300000004e-02 -2.9633375200000001e-01 8.8991925799999996e-02 -1.0791168499999999e-01 1.4762073600000000e-01 -9.1595387599999994e-02 1.4122089500000001e-01 6.9420813299999995e-02 6.8727354899999996e-02 2.7204310400000001e-02 -1.4955146400000000e-01 1.3209583300000000e-01 -5.6527118699999997e-02 -2.5033773899999999e-03 8.2850257799999993e-02
4.7556893000000003e-02 1.1424380400000000e-01 -6.6889966300000006e-02 1.6869704799999999e-01 -7.0295005499999997e-03 -1.6501712299999999e-01 2.7196571600000002e-01 7.7314345300000004e-02 3.0219204799999999e-01 3.0579358300000001e-02 9.0456762800000007e-02 1.7801037400000000e-01 -1.5324311199999999e-01 -6.4389146800000005e-02 8.8355610200000004e-03 -1.1065491099999999e-01 -3.0698567100000001e-02 7.4752695800000005e-02 1.0123860899999999e-01 3.1569107000000002e-01 5.8021843199999999e-02 -1.2879244099999999e-02 7.4273212199999994e-02 -1.4145493400000000e-01 -5.8039110999999997e-03 -2.8604386400000001e-02 -2.6331631599999999e-01 9.4538100299999997e-02 -2.7270981699999999e-02 -8.0298570200000002e-02 1.9023258600000001e-01 7.2583143500000004e-03 -3.8017640700000001e-02 -9.7393222400000007e-02 -2.8398695099999999e-01 2.1596583699999999e-01 7.9753555399999995e-02 -2.7300463399999999e-02 7.6283366100000000e-02 -1.5574740400000001e-01 -1.0427011799999999e-01 2.3270414200000000e-01 8.3799033100000003e-02 -1.6880816700000001e-01 2.2320401100000001e-01 1.5995778599999999e-01 1.0267920600000000e-01 -3.4356152600000002e-02 1.8338290400000001e-01 -8.7710138899999998e-02
-2.1936505100000001e-01 -1.2313001200000000e-01 1.6779740400000001e-01 -4.4712067100000003e-02 -1.0133228100000000e-01 1.8217930800000001e-01 -1.3577504000000001e-01 1.5651246399999999e-01 3.9691888600000003e-02 6.3222355800000001e-03 -5.4274551999999997e-02 8.0964701200000003e-02 2.3464862900000000e-01 2.2740676099999999e-02 2.4681548000000000e-01 -1.9079918900000001e-01 3.6558967499999998e-02 -2.5044762599999998e-01 -2.1984194000000001e-01 -1.0685664100000001e-02 -1.4466875300000001e-01 1.6846655700000001e-02 1.4793368500000001e-01 -6.0501190300000000e-02 -8.7428911100000006e-02 -2.9922945899999998e-01 -2.6054787499999999e-02 3.6573952399999998e-02 -4.1673616400000002e-02 -9.8882848499999999e-03 1.6292576800000000e-01 -8.7115034999999993e-02 1.9590216499999999e-01 -2.7221084499999998e-01 -1.8980232400000002e-02 7.0685159400000003e-02 5.4474980499999999e-02 -3.3106025700000002e-01 -4.8217731200000002e-02 2.0262078100000001e-02 6.3391373799999998e-02 -7.9789939599999998e-03 -6.2979153100000004e-02 -6.1295043000000000e-02 1.8977520900000000e-01 -2.1528962800000001e-01 3.4584986400000003e-02 -1.5823946500000000e-01 2.9825740100000001e-02 -8.5419882799999999e-02
-1.9303740799999999e-01 -1.3301828199999999e-01 -8.2924003699999999e-02 -3.8218204300000003e-02 -5.8242353900000002e-02 -2.0166199100000001e-01 -7.5198072199999993e-02 -1.5680365900000001e-01 -4.2206036000000002e-02 -6.3493941499999998e-02 4.1380290200000003e-02 -8.2183093299999996e-03 -3.8219546000000000e-02 1.2569119900000000e-01 -9.1869249400000005e-02 -2.2961574400000001e-01 1.6431731700000000e-02 -1.5810913200000001e-01 1.5531782599999999e-01 4.2599553200000001e-02 -1.6694174500000000e-01 -3.8013060600000002e-02 4.7439903200000001e-02 -3.2286582100000003e-02 -8.1661734599999994e-02 -1.3442592500000000e-01 -1.6430875200000000e-01 5.1906754899999998e-02 1.4897721999999999e-01 2.2407666500000001e-01 -4.9768781999999998e-02 7.0435880500000006e-02 8.6652370800000003e-02 4.0989047499999998e-01 -1.3961126900000001e-01 8.5153850599999997e-02 9.2276865900000008e-03 1.0249504800000001e-01 1.9667663499999999e-01 3.2984914300000001e-01 2.9590287700000001e-01 7.5736183200000001e-02 2.1976934799999999e-03 1.3658647600000001e-01 -4.8269619499999999e-02 -9.1085018200000006e-02 1.1015933700000000e-01 -1.3175651300000000e-04 2.1185312800000000e-01 -1.3553124499999999e-01
-8.5768458800000003e-02 -1.9930582299999999e-01 1.4922046400000000e-02 -1.2200974000000001e-01 3.8087242200000003e-02 9.7379915100000006e-02 -2.1749493700000000e-01 -3.7675388700000000e-02 -8.6148545100000001e-02 -4.9299530100000002e-02 2.1675859000000000e-01 -9.5363872700000005e-02 -2.1379121200000001e-01 -3.6969162799999997e-02 2.0167698299999998e-02 -1.0361773400000000e-01 -8.7950214299999996e-02 2.1878580500000001e-02 1.5955043999999999e-01 9.5021606800000005e-02 -8.2664986499999996e-02 -6.7577875300000000e-03 -2.0384148999999999e-01 -5.5726043199999999e-02 5.7434651599999997e-02 2.4167084100000000e-01 -2.6566577099999999e-02 -1.4197435200000000e-01 3.1055418699999998e-01 -3.3209758800000000e-01 3.3067279599999999e-01 8.3961493799999995e-02 1.9139612199999999e-02 -2.1058494300000000e-01 6.7232151000000004e-02 -1.2450470600000001e-01 -5.3477560299999997e-02 -1.7867196199999999e-01 2.3310615200000001e-01 9.8695557200000006e-02 1.3057622099999999e-02 3.0765145099999999e-02 -2.1367334599999999e-01 2.2058308499999998e-02 2.9395772600000002e-02 1.5243592200000000e-01 -1.2116578700000000e-02 1.1558997100000000e-01 7.2573371600000006e-02 1.8638320800000000e-02
1.8652659399999999e-01 -2.1541272500000000e-02 -5.8499082299999998e-02 1.2507633300000001e-01 2.5122259400000002e-01 1.0290155400000001e-01 -2.6684088000000000e-01 5.3676802000000003e-02 8.4791877200000004e-02 -5.5825068800000002e-02 5.6596225000000000e-02 -6.5119388900000005e-02 1.4019151399999999e-01 -1.3190140400000000e-01 -3.5026580499999999e-01 -1.5763143299999999e-01 2.3063403399999999e-01 -7.3688050599999999e-02 -2.8800539300000000e-01 -1.0836199700000000e-01 1.4470483700000000e-01 1.0816653499999999e-01 -1.6948552600000000e-02 -1.1352733199999999e-01 -6.2841151499999998e-02 8.6503333000000002e-02 -8.7016344199999998e-02 -3.4720528200000003e-02 2.5120813400000003e-01 3.2521898100000002e-01 -3.1138031399999998e-02 8.7718434900000003e-03 -3.9000306600000000e-02 -1.5530012500000001e-01 -2.3186135699999999e-01 -3.7226902600000000e-02 -2.1590895099999999e-01 4.0071869000000003e-02 1.2171511000000000e-01 -1.1564409800000000e-01 1.0866662200000000e-01 3.9868492200000001e-02 1.2291900600000001e-02 -5.8849388199999998e-02 8.8474793699999998e-02 6.8474811100000005e-02 3.6773270199999999e-02 -3.5567481400000003e-02 -2.3872918500000000e-02 1.2801954700000001e-01
6.2276457799999997e-02 1.0120849200000000e-02 -1.0902525800000000e-01 9.2889151199999995e-03 -2.4272053099999999e-01 1.4101235500000001e-01 -2.2782876799999999e-01 -6.7442649300000004e-02 3.9664817300000002e-02 -1.8101354099999999e-03 -7.6875618599999999e-03 -5.5206543800000001e-02 -1.8059266099999999e-01 1.1789601700000001e-01 2.3839761899999999e-02 -5.6931347200000003e-02 -3.0912162900000001e-01 6.8230137299999993e-02 -2.4147956900000001e-01 1.6635543300000000e-01 -1.9001298800000000e-02 -6.7429591799999994e-02 8.8854178700000005e-03 -1.3300947099999999e-01 1.1782632100000000e-01 1.2038163900000000e-01 -1.0826657600000000e-01 -4.0747240400000002e-02 1.0651883099999999e-01 2.3007914600000001e-01 -1.3661853000000000e-02 1.8046563500000001e-01 3.3083628199999998e-01 4.1365276300000003e-02 1.0467883500000000e-03 1.6341143499999999e-01 1.5303605900000000e-01 2.2519503599999999e-01 -1.3194456500000001e-01 2.4550121599999999e-02 -2.8977810700000001e-01 -2.6379222499999999e-01 2.3920105300000000e-03 -1.6195741900000001e-02 1.8521083799999999e-01 -6.4081410699999994e-02 -1.3267105900000001e-01 2.3114577300000001e-02 -2.5923236700000001e-02 7.1145613999999996e-02
-2.5840108600000000e-01 7.3071334200000004e-02 -7.1111734999999995e-02 2.2207810300000000e-01 2.7538630500000001e-02 -1.2454043800000000e-01 1.4104088400000001e-01 -7.1065948300000001e-02 -1.6128039599999999e-01 -5.1664234099999998e-02 -2.4182657900000001e-01 7.2314364500000006e-02 7.0933294999999993e-02 8.1129493200000000e-02 2.9451921199999997e-01 -1.2674902599999999e-01 8.0120904500000006e-02 1.3775950500000000e-01 -9.8528226400000002e-02 7.7082056499999996e-02 -1.4332624399999999e-01 1.6236875900000000e-01 1.1199603200000000e-01 -3.9134689600000003e-03 -4.1973206700000001e-02 4.3228993799999997e-02 -1.6665655800000001e-01 -1.5079860900000000e-01 3.4031222600000001e-02 -1.6348923300000000e-03 -5.7858345499999998e-02 3.7003405500000003e-02 6.4048083000000002e-03 -9.4407093499999997e-03 -6.3735027200000002e-02 -2.1811692099999999e-01 -3.6325681600000000e-04 -1.6721955199999999e-02 3.4822815299999997e-02 2.6455129299999998e-03 1.4528877400000001e-01 -2.1316065500000000e-01 1.1524062599999999e-02 -8.2168501899999996e-02 9.2841297399999995e-02 2.4751417200000000e-01 6.8540091200000000e-02 2.3668824999999999e-01 -8.0621335099999997e-02 4.4850761500000003e-01
6.4570944699999994e-02 -3.3277838199999998e-01 1.2518917500000001e-01 1.4131811100000000e-01 -2.4462483600000001e-01 -1.0226819099999999e-01 1.8532813900000000e-01 3.2304037699999999e-01 1.1089006300000000e-01 -1.0364206800000000e-01 2.1268630799999999e-01 -3.9613746999999998e-02 -6.6628070700000000e-02 -5.1687717600000002e-02 -5.1924883499999998e-02 -1.1699197000000000e-01 1.9070155899999999e-01 8.5541029300000002e-02 -1.5511517100000000e-01 1.9043428600000001e-01 2.1588768600000000e-01 6.9724861099999993e-02 -2.4377835000000000e-01 -9.0546166600000005e-03 -4.3096434599999997e-02 -3.0128019499999999e-02 3.8625690700000000e-02 -1.0376597999999999e-01 -1.5795208399999999e-01 -2.9027989800000001e-02 -1.4944485399999999e-01 -7.7972673500000006e-02 -4.6012139899999999e-02 1.5024185300000001e-01 1.2323987800000000e-01 8.1798784900000004e-02 -1.3723763800000000e-01 -7.9239571499999994e-02 -6.6051035800000005e-02 2.4093941599999999e-01 4.9712755700000000e-02 -8.0580249100000001e-02 -1.4163508200000000e-01 2.6170269600000001e-02 1.1465957500000000e-01 -9.0717405799999998e-02 -1.9149195699999999e-01 1.0825096400000001e-01 3.8884159100000003e-02 1.6675220900000001e-01
-9.2644135099999997e-02 1.4813501600000001e-01 1.5046978599999999e-01 -7.4063412699999998e-02 -1.9285585000000001e-02 -1.9087324000000000e-01 -2.9728990500000000e-02 -3.5193184600000003e-02 9.1520352400000005e-02 -1.1996546700000001e-01 1.9190590599999999e-01 -1.9796507699999999e-01 9.6482170100000000e-02 -1.2862150899999999e-02 8.9304420100000004e-02 9.1773425600000000e-02 -1.7741719600000000e-01 -1.0824693800000000e-01 4.9107626500000001e-02 2.2781870300000001e-01 2.6915997000000003e-01 2.3813949200000001e-01 3.8445974300000002e-01 -6.1895583400000002e-02 -1.7677630300000000e-02 -1.5134359400000000e-02 -1.0164124900000000e-01 7.5768287500000003e-02 1.8419909100000001e-01 -2.0621786699999999e-02 -1.6053024099999999e-01 -9.4112360799999996e-03 -3.1477720899999999e-02 6.1789555699999998e-02 2.6412716899999999e-01 -8.3941490499999993e-02 -2.7068266299999999e-01 -7.7817994299999999e-02 1.6223359000000001e-01 -7.9568183500000000e-02 -1.5532645500000000e-01 -1.4184454299999999e-01 -4.6609971500000000e-02 6.7830557599999994e-02 -4.1731788100000000e-02 1.7896855100000000e-03 5.4978539700000002e-02 -2.6153311800000001e-01 3.4645048700000000e-02 6.0414806000000001e-02
2.0603394999999999e-01 1.3474169599999999e-01 2.7537256699999998e-02 -7.9036937299999999e-02 -1.5698636799999999e-01 1.2744716800000000e-01 -7.1784739100000002e-03 -1.1608181800000000e-01 1.9795683900000000e-01 2.2516020100000000e-01 2.6406654700000001e-02 -1.6652080399999999e-01 2.9857475999999999e-01 1.2829664900000001e-01 -5.8921559100000000e-02 -1.7389539300000000e-02 4.4810091500000003e-02 9.6867844499999994e-02 -2.8266606900000002e-03 -1.0594025700000000e-01 4.6594910199999999e-02 -1.2220445600000000e-01 2.3369033200000000e-01 -5.9381668300000003e-02 -2.2968152700000000e-01 3.4693275500000002e-02 -1.9013766100000001e-01 4.7899993400000000e-02 -7.0262907099999994e-02 -1.7713557199999999e-01 2.0249187399999999e-01 1.2208709000000000e-01 -1.6650763199999999e-01 1.5789831900000001e-01 -1.3172678199999999e-02 -1.2515152500000001e-01 1.5054019799999999e-01 4.8054685000000000e-03 7.6247788999999996e-02 6.0879232899999997e-02 1.7518651800000001e-01 -2.7922013100000000e-02 -1.2570310700000001e-01 7.6997561100000000e-02 1.4657324399999999e-01 5.5820925600000001e-02 -4.2828200599999999e-01 4.5642422799999999e-02 1.5730703499999998e-02 5.9486220700000002e-02
8.0922548400000002e-02 -9.0055657299999994e-02 -1.0959247000000000e-02 -1.2626969800000001e-01 3.3466840499999997e-02 1.0063716900000000e-01 1.1907903800000000e-01 1.4582892800000000e-01 -2.2636487399999999e-01 -1.9471675700000000e-02 -1.6859270500000001e-03 -1.4443109100000001e-01 6.2410616600000000e-03 -5.7623531600000000e-02 1.0124543300000000e-01 -2.2763102499999999e-01 2.3200294099999999e-01 1.2800516900000000e-01 1.8182550700000001e-02 9.6304841700000005e-02 4.9974631999999998e-02 -1.7064687700000001e-02 1.0473403100000001e-02 -1.6947941699999999e-01 1.8810116900000001e-01 -1.8583494700000000e-01 -1.5875594600000001e-01 9.4374203399999995e-02 2.3811700599999999e-01 -9.9342831600000001e-02 5.6127038099999998e-02 2.0069060300000000e-01 -1.2786257700000001e-01 9.3899346699999997e-02 -1.7892438700000000e-03 -4.4612138600000004e-03 1.1990669700000001e-01 -3.1106774199999999e-02 8.0317035800000006e-02 1.3904441599999999e-02 -1.1069455400000000e-01 -4.6939435799999998e-02 4.4973270500000001e-01 -1.4029891999999999e-01 -2.3225615299999999e-01 -1.6898237699999999e-01 -1.2510159200000001e-01 -6.2488740700000003e-02 -2.6975577699999997e-01 -2.8543520199999999e-02
-6.5997511699999997e-02 -1.4586798100000001e-01 7.0358189799999998e-02 -1.7795839299999999e-01 -5.2633138300000000e-02 -4.1640339700000001e-02 -1.2960297700000001e-01 -4.4565933400000000e-02 -4.7771346200000002e-02 1.1378468600000000e-01 1.1364437099999999e-01 -8.3074196700000005e-02 -8.9157842900000006e-02 1.1361269900000000e-01 4.1349397300000000e-02 -3.0138313600000001e-02 -1.1367198200000000e-01 -1.1121619200000001e-01 -9.0240468700000000e-03 -8.1847048000000006e-02 6.0890216400000002e-02 -9.7810323300000002e-02 3.6948110800000003e-02 1.1206087300000001e-01 1.3305528100000000e-01 2.3600244800000000e-01 -1.8719727300000000e-01 2.4935898300000001e-01 1.0418566200000000e-01 -5.9990514799999999e-02 -3.1706129199999999e-01 -4.0813109100000000e-01 -2.3678456000000001e-01 2.3052173100000000e-02 -2.2517380600000000e-01 1.1114481399999999e-01 1.8991701200000000e-01 -1.2776581900000000e-01 -1.6047165599999999e-01 -5.4683366999999997e-03 9.9498763300000001e-02 9.3447742800000008e-03 -3.5945842399999997e-02 -3.1665512000000001e-01 2.7401365200000000e-02 4.7652053100000001e-02 -1.5596179199999999e-02 -1.8571404600000001e-02 -8.8456993700000000e-02 1.5389325000000001e-01
1.4367929800000001e-01 9.2719967799999997e-02 2.1727023700000000e-02 7.2516994700000004e-02 6.9524489699999997e-02 -1.4653291900000000e-02 7.3208535399999997e-02 1.1272149099999999e-01 -8.1844292499999999e-02 2.8099223400000001e-01 -2.2297976099999998e-02 -1.2064117200000000e-01 -8.7214417299999999e-02 -7.9705770000000002e-04 2.4401138400000000e-01 -1.3140734100000001e-01 -1.3026865600000001e-01 7.6522106800000003e-02 8.6973372100000002e-02 -2.3728241600000000e-01 1.0335107600000000e-01 -4.7069552399999999e-02 -1.4619068599999999e-01 4.3007714500000002e-02 1.4414038700000001e-01 1.2309793900000000e-01 -1.1708644100000000e-01 5.0925549399999999e-02 -4.5661563400000001e-02 1.7434560399999999e-01 -5.9833959300000003e-02 6.9113482000000004e-02 -9.5362625899999998e-02 -8.4465877800000005e-02 1.8228691699999999e-01 -2.4922523199999999e-01 -6.8106493399999996e-02 1.4970634199999999e-02 8.7213279800000001e-02 2.2680827700000000e-01 4.3438471100000001e-02 1.0561669000000000e-01 1.3134261300000000e-01 7.0864290100000005e-02 4.6329916799999998e-01 -1.8621554300000001e-01 2.0837359799999999e-01 -1.6956687800000000e-01 9.1545045800000002e-02 -1.5462984900000001e-02
2.0511859499999999e-01 -3.4785146600000000e-01 2.3680369400000001e-01 2.3280564000000000e-02 1.1766946200000000e-01 7.5566483800000001e-02 1.0111224300000000e-01 8.2200364600000006e-02 8.1802658599999994e-02 4.1228584100000000e-02 -1.1440529600000000e-01 -6.8052457699999999e-02 1.2003249600000000e-01 -9.4014943899999995e-02 7.7674640899999994e-02 1.3275336300000001e-01 -1.3339702200000000e-01 -7.2757326200000000e-02 8.5739831799999999e-02 -1.1026547800000000e-01 -2.3341058500000000e-01 4.4186190700000000e-01 8.5566346200000004e-02 1.0697316000000000e-01 -8.2217811399999993e-02 1.7761917999999999e-01 8.4509629200000005e-02 -8.6058098700000002e-02 1.2116627300000000e-01 -5.8783627099999999e-02 -5.1298116799999996e-03 2.3599890600000001e-01 -5.7097622100000002e-02 1.6424616400000000e-01 1.4470758300000001e-02 2.6705087300000002e-01 1.1222675000000000e-01 1.1458254900000001e-01 2.0691560899999999e-02 -7.1589870700000002e-02 5.6903094600000002e-02 -9.2334789799999997e-02 7.1680825300000001e-02 -2.1162841399999999e-01 1.1616236700000000e-01 -5.6844240000000004e-03 7.9561466700000000e-02 1.2120515500000000e-02 1.2928977400000000e-01 -3.8844905899999997e-02
-8.5969648100000004e-02 8.4390871100000001e-03 4.0552453100000002e-01 4.5744424200000001e-02 2.1442760299999999e-02 2.0458793799999998e-03 -5.3433637700000002e-02 1.5280612700000001e-01 -3.2140207399999998e-01 -9.2094530599999991e-03 -7.0426933700000000e-02 -1.4276494100000001e-01 -2.0838719600000000e-01 5.7552641000000000e-03 -1.3254491600000001e-01 4.2598244200000003e-02 -3.6385842299999999e-02 -3.1497163199999997e-02 -9.2997568000000003e-02 -1.9353516300000002e-02 5.7493151999999999e-02 -3.6559582700000003e-02 1.5520570000000000e-01 -1.5175154499999999e-01 -1.5456738700000000e-01 1.4917204200000000e-01 -1.3338448000000000e-01 -1.4253577800000000e-01 -2.0288552400000001e-01 -8.8823338700000004e-02 9.1737222699999996e-02 5.6732838800000003e-03 -1.7586986799999999e-02 -9.3060319899999994e-02 -1.6125084600000000e-01 1.2489006599999999e-01 4.3584863299999999e-02 8.7740871100000006e-02 -1.8176368600000001e-01 1.2042220200000001e-01 5.3185488000000003e-02 5.7392548000000002e-02 2.4018674900000000e-01 3.3288862800000002e-01 -8.5130146899999995e-02 2.1594136500000000e-01 1.0906765500000000e-02 -2.2193788500000000e-01 1.0987439000000000e-01 7.2460000600000005e-02
-1.5626476800000000e-01 1.8722230700000000e-01 -1.5024716599999999e-01 -1.6034383299999999e-01 -5.6324102199999997e-02 -1.3990281800000001e-02 7.4948446599999996e-02 3.3285821900000001e-01 -6.2362896700000003e-02 5.6283905100000003e-02 1.6772285500000000e-01 -1.5643435000000000e-01 1.4908594500000000e-02 8.0249729199999995e-02 1.4453231299999999e-02 -1.7790207100000000e-02 1.7879645799999999e-01 2.6281296100000000e-03 1.7907838900000000e-02 -2.2997208400000000e-02 -3.2977314699999999e-01 -7.6184938899999999e-02 1.0804688300000000e-01 7.9188182800000007e-02 4.0209332299999997e-02 1.5993397700000000e-01 -3.6375704199999997e-02 -3.3017184300000002e-01 4.1822659099999999e-02 1.5177973600000000e-02 -1.2848001300000000e-01 -1.6684816200000001e-02 -1.3458091700000001e-03 -3.3702282000000000e-02 -5.8068391900000002e-02 -7.5830352800000000e-02 -1.3221630700000001e-01 1.5300618899999999e-01 -6.1435477900000000e-02 -2.1938713400000001e-01 -8.0160102699999999e-02 9.2864332199999997e-02 -2.3300084900000000e-02 -1.4417695699999999e-01 -6.0802308899999997e-02 -2.2047419500000001e-01 -1.8618581800000000e-01 -5.0617786499999998e-02 3.9328033600000001e-01 1.8903735200000001e-02
1.5715604799999999e-01 -1.2206152700000000e-01 -2.6609294600000000e-01 -1.5753417100000000e-01 8.8712540500000006e-02 -9.2738839700000006e-02 -5.5785091200000001e-03 -1.7350507599999999e-02 -3.2355566499999999e-01 -2.2325443000000000e-01 -5.9715544400000001e-02 -1.8259309700000001e-01 2.0555914900000000e-01 -5.4764406799999998e-02 1.4564933599999999e-01 -8.7982494800000005e-02 -1.1433996000000000e-01 2.4077714000000000e-01 -1.0591551300000000e-01 1.5773649200000001e-01 4.9379959700000003e-02 5.4027619200000002e-02 2.5915256599999999e-02 2.1773205500000001e-01 -3.5304278600000003e-02 -8.4467860500000005e-02 1.9478859400000001e-01 -6.2853882700000002e-02 -9.4633600900000003e-02 7.1647245100000007e-02 -3.0614846200000000e-02 -1.0066428800000000e-01 -6.4263222199999998e-02 -1.5608372200000000e-02 -1.8869028400000001e-01 1.0702839800000000e-01 2.1176496500000000e-01 -2.7953315900000001e-02 2.0430072199999999e-01 8.6860847499999998e-03 -1.3504174099999999e-01 1.8586452000000001e-01 -1.6952049899999999e-01 1.3612412500000001e-01 1.4161089499999999e-01 1.2718190700000001e-01 -1.0100349000000000e-01 -2.3899891400000001e-01 6.1770758100000003e-02 5.3204170799999997e-03
-7.3208230999999999e-02 2.2407772100000001e-02 1.2845064700000000e-01 -1.3036469400000000e-01 -1.4236921699999999e-01 3.1875760199999997e-01 5.4228778200000001e-02 1.5866034200000001e-01 8.5073002699999997e-02 -2.4548965000000000e-01 -7.1921573799999999e-02 -1.7314116800000001e-02 -1.3142722500000001e-01 2.6767121199999999e-01 -1.6702102300000000e-02 -2.1321330900000001e-02 -1.8015765400000000e-01 7.9552658799999995e-02 -4.0578878399999997e-02 -8.5902067299999996e-02 -4.4489852400000002e-04 -1.2319650800000000e-01 -3.4886291499999999e-03 1.8385877500000002e-02 1.0782464199999999e-02 -1.9191722200000000e-01 5.4460898799999997e-02 -1.9737471200000001e-01 3.7738164999999997e-02 1.3041887999999999e-01 1.5360841000000000e-01 8.5883138699999993e-03 -3.8815347200000000e-01 3.0908680900000002e-01 -1.2545938300000001e-01 -7.7472632700000002e-02 -2.0339543500000001e-01 -2.6219955600000001e-02 8.2763066300000007e-03 -1.5000278700000000e-01 -5.7527997099999999e-02 1.0443046700000000e-02 -9.2233545200000003e-02 -5.3725201899999998e-02 1.2016559700000000e-01 1.3124764400000000e-01 2.4847829399999999e-01 -1.1596284599999999e-02 -1.4379724599999999e-01 -4.5984860400000001e-02
1.2674231100000000e-01 1.8723203699999999e-01 3.5691856700000003e-02 -1.7497030100000002e-02 2.8655615099999998e-01 -4.7723686300000000e-03 9.3608788999999994e-03 -1.7125609699999999e-03 -1.5250321200000000e-01 7.5776473100000005e-02 1.4122708000000000e-01 -6.4092675200000004e-02 2.7374524800000000e-01 7.0977414799999999e-02 -1.6475027300000000e-02 5.4151778900000003e-02 -8.1826160400000000e-02 7.3993797000000000e-03 -6.2352433999999998e-02 3.4571488900000003e-02 6.1639674999999998e-02 -1.8248562300000001e-01 2.0807646300000000e-02 4.0860348200000000e-02 1.3812616300000000e-01 -1.7898280999999999e-01 -1.3399746800000001e-01 -1.6740395299999999e-01 3.4461790899999997e-02 -2.5962868800000001e-03 -3.5663446799999998e-02 2.1734842300000001e-01 2.2498111800000001e-02 2.9462024100000001e-02 9.0055056199999997e-02 2.7038596700000000e-01 -1.1438187100000000e-01 -2.0148042599999999e-01 -2.8722250399999999e-01 3.3971710199999999e-01 -8.1311286999999996e-02 6.7686576299999995e-02 -1.3022482299999999e-01 -2.1775331700000000e-01 -7.0673846499999998e-02 1.8199650400000000e-01 1.4006848999999999e-01 2.1722269899999999e-01 1.2781769100000001e-01 -1.9911162300000002e-03
-1.6294896600000000e-01 4.1769624799999999e-01 1.5457389899999999e-01 -3.7707818200000000e-02 -1.1600749800000000e-01 -6.2763658200000001e-03 6.9611906799999998e-02 -9.8648090300000005e-02 -6.1000665000000003e-02 9.2948192900000004e-02 9.4227897899999996e-02 -1.8259719199999999e-01 -3.4112753099999997e-02 -7.0095075100000001e-02 5.5970284000000002e-02 1.7373242699999999e-02 -1.0467998800000000e-01 3.5919292700000001e-02 -3.8661511799999998e-01 1.4479674200000001e-01 -7.8649162100000003e-02 1.5991807099999999e-01 -4.3001660000000003e-01 2.1884979900000001e-01 -1.7632253400000000e-01 3.9401035500000001e-02 5.4170570400000001e-03 1.1796413600000000e-01 3.2702110499999999e-02 -4.9447041999999995e-04 1.0776025400000000e-02 1.1102791100000001e-01 -3.7741247999999998e-02 1.5682613200000001e-02 -1.5236795300000000e-02 1.5961510200000001e-01 -5.2889902699999998e-02 -2.1227761400000000e-02 1.4233135899999999e-01 -6.5620178099999996e-02 2.5065679600000002e-01 2.9164505100000002e-02 6.5685476800000003e-02 -1.0312975100000001e-01 -6.0365647100000003e-02 -4.0203201300000003e-03 -5.0003123699999999e-02 -2.5346743500000001e-02 -8.3713048100000007e-02 -1.6281564600000001e-01
9.5172342600000001e-02 -9.7204340599999994e-02 1.3490922399999999e-01 2.2799083800000000e-01 -1.4218314500000001e-01 -1.1055781600000000e-01 -8.0831378199999998e-02 5.8777579000000003e-02 -1.7258042200000001e-01 1.9838942600000001e-01 3.0719394700000002e-01 2.6963904399999999e-02 8.2803569899999999e-02 -8.2054190400000004e-02 1.9884792400000001e-01 -3.7994225499999999e-02 2.2992733799999999e-03 5.6244720300000002e-02 -2.7307039200000000e-01 -2.5990854000000001e-02 2.8981404900000000e-02 -2.0937272300000001e-01 2.5218162700000002e-01 6.1314635399999998e-02 1.4549425999999999e-01 -3.2700828299999998e-02 2.5208364599999999e-01 1.6380067100000001e-01 7.6910001600000000e-02 -7.2724659200000000e-02 1.2116777500000001e-01 -4.2801528999999998e-02 -8.2241543700000003e-02 4.5490784800000003e-02 -1.2085984100000000e-01 -4.7072010499999997e-02 -1.8317600300000000e-02 2.3079871800000001e-01 1.2078523200000001e-01 -1.4829255399999999e-01 1.6861821700000001e-02 -1.1292322600000000e-01 -8.0709086699999998e-03 1.1283148699999999e-01 -7.7952984399999994e-02 9.6767372899999992e-03 2.2102445700000001e-01 2.9718788000000002e-01 1.3211144000000000e-01 -1.2973495900000001e-01
5.4078472799999999e-02 -3.3844615799999998e-02 2.4813139200000001e-01 -1.8510199899999999e-01 -1.2478338600000000e-01 -6.7969911300000005e-02 -1.0572789000000000e-01 -2.5543202100000001e-01 -1.5215319999999999e-01 2.2901928899999999e-01 1.5361666199999999e-01 1.7788707500000001e-01 -6.1185084399999999e-02 2.1491465100000001e-01 1.3874377500000000e-02 -9.5740712200000008e-03 1.0813423100000000e-01 1.2140075200000000e-01 1.3219567199999999e-01 -1.4896331600000000e-02 3.2915961100000002e-02 3.2990696400000002e-01 5.6157098400000001e-02 6.1661567000000000e-02 -1.4767065800000001e-01 -9.1494680100000003e-02 -4.4434482999999997e-02 -1.6878490099999999e-01 -1.1521450300000000e-01 2.0383884399999999e-01 -1.3148689999999999e-02 -4.6894060899999999e-02 -2.6695517799999999e-02 -1.4825139200000001e-01 -1.5685571900000000e-01 2.5162537600000000e-02 -1.5447664300000000e-01 -2.5260148800000000e-02 1.1614688500000001e-01 4.0692956500000002e-02 -3.0880449799999998e-01 1.7760282499999999e-01 8.6344394300000002e-02 -2.4199968700000001e-02 4.2604376300000003e-02 -1.2700662700000001e-01 -8.8312839300000001e-02 2.8378610399999998e-01 -1.1961271499999999e-01 -2.1802353600000001e-02
2.0109351899999999e-02 -4.8941564399999998e-02 1.4644289399999999e-01 6.7790601300000003e-03 -6.9783307700000005e-02 1.4703137199999999e-01 5.9549049100000001e-02 7.8256400800000001e-02 -1.5381365599999999e-01 6.2571291799999998e-02 7.2219481000000002e-02 5.3744617000000001e-02 6.9551488400000000e-02 5.7797470199999999e-02 -1.2940825800000000e-02 4.2734807699999999e-01 2.0906994600000001e-01 -1.0781429100000001e-01 1.0093363599999999e-01 3.5613270600000002e-01 4.8845788299999998e-02 1.1317836800000000e-02 -1.9404700500000000e-02 4.5363820999999999e-02 2.3903670599999999e-01 -2.4517500599999999e-02 -1.7586480400000001e-01 -2.4082162800000001e-02 -1.1159867000000000e-02 1.4570491399999999e-01 -1.8897827799999999e-02 1.7875640500000001e-01 5.7906881700000003e-02 -8.9152406000000003e-02 -1.3685810300000001e-01 -1.9140564700000001e-01 1.9176269300000001e-01 2.0092539900000000e-01 4.8297846200000001e-02 6.6476235599999996e-03 2.0442608200000001e-01 6.8595498699999993e-02 -3.2930956400000000e-01 -3.2166374599999999e-02 3.7257864199999997e-02 -4.9502820199999999e-02 1.0331817800000000e-01 -1.4497201500000001e-01 -1.8615690100000001e-01 -1.8411590500000002e-02
-1.1104126000000000e-01 1.1165982000000001e-01 -1.9319010200000000e-02 1.6459863000000000e-01 8.9241974000000002e-02 2.7266045500000002e-01 1.9610717300000000e-01 4.5949353500000000e-05 5.7095340100000003e-02 -5.9237591700000002e-02 1.6387603000000001e-01 1.4864601699999999e-01 1.3414145899999999e-01 -6.0798510600000001e-02 3.6062768099999998e-01 -1.5017496100000000e-02 4.4020459999999997e-03 -1.0488526600000000e-01 1.2429389800000000e-01 -5.8134211700000001e-02 9.0647606500000005e-02 8.1825774700000006e-02 -8.0609885699999995e-02 -3.0883384300000000e-02 -1.4116233000000000e-01 1.7018601000000000e-01 8.6229988600000002e-02 2.5814711700000000e-02 2.5134151700000001e-01 1.3838939300000000e-01 9.9165016999999994e-02 -1.8605335300000000e-01 -8.7435615100000003e-02 -4.6360598099999999e-03 -2.2708342800000000e-01 8.2674195199999995e-03 -5.8433862300000000e-02 2.1288404000000000e-01 -1.5670475200000000e-01 3.4499021899999999e-01 -1.6917353700000001e-01 -6.5382275000000004e-02 -5.7872004099999999e-02 7.6720734499999999e-02 -1.3111271999999999e-01 6.1749510600000002e-02 -2.0444325299999999e-01 -1.1530201200000000e-01 -2.8499926200000001e-02 -1.1249628300000000e-01
-8.0916896899999993e-02 -1.5194595899999999e-01 -1.7202694199999999e-01 -4.0542457100000001e-01 8.7565088999999999e-02 1.2108850100000000e-02 -1.3502367800000001e-01 2.5800188299999999e-01 -1.7983962799999999e-02 1.1708469500000000e-01 8.2915996500000005e-02 3.0643193099999999e-01 8.9918758700000004e-02 -1.3993961199999999e-01 1.0578415300000001e-01 5.2434103500000002e-02 -1.1764265700000000e-01 6.7457537700000000e-02 -1.4152758400000001e-01 7.4450365099999999e-02 1.1773394800000000e-01 2.7405138100000000e-02 -1.9227201100000001e-02 -3.9049995900000002e-02 -2.3489038400000001e-01 1.7330709399999999e-01 -1.3917612400000001e-01 1.5090961999999999e-01 -2.6344619200000002e-01 1.4146859800000000e-01 2.1672406000000000e-01 3.6680562399999998e-02 5.6643099199999998e-02 1.7532302499999999e-01 1.4005632100000001e-01 -1.5200124300000001e-01 -5.7334154300000002e-02 1.1769330500000000e-01 7.2866559999999999e-03 3.1078514000000002e-02 2.3278318300000000e-02 5.6887082300000003e-02 7.7691549900000004e-02 -1.7757807800000000e-01 -1.7389886399999999e-01 1.1203363600000001e-01 1.1504041600000001e-01 -4.5987824599999999e-03 3.9635199599999997e-02 8.9609519200000001e-02
-3.6660917799999998e-01 -9.4674519499999998e-02 -1.8129406100000001e-01 2.1331467700000001e-01 -1.6673560900000001e-01 1.7418236100000001e-01 -5.6864770600000003e-02 2.0760557299999999e-01 -1.2780861900000001e-01 1.1368364700000000e-01 1.3443097000000001e-01 -2.8039708999999999e-02 1.7994895000000000e-01 9.2154664400000003e-02 -5.6542516799999998e-02 2.0222257799999999e-01 -1.2013220800000000e-02 -1.8047612700000000e-03 1.6265679499999999e-01 -1.6982725800000001e-01 7.3691953800000001e-02 -4.4823534599999999e-02 -1.0384763399999999e-01 -1.5637466999999999e-01 -1.5898220699999999e-01 -1.8527311099999999e-02 3.0293609700000002e-02 1.6257402300000001e-01 3.7629665899999998e-02 5.4286280700000002e-02 -2.8506529000000003e-01 2.2556874800000001e-01 -3.8616584000000002e-02 -3.3774330100000000e-02 8.3128372899999997e-02 1.8136373500000000e-01 9.7649704500000004e-02 -1.2074857300000000e-01 2.0438535499999999e-01 -1.2713979300000000e-01 -1.4950277700000000e-01 1.2996074499999999e-01 9.3215065099999994e-02 8.8742289000000002e-02 9.6776400799999995e-02 2.3405051700000001e-01 -2.0706878000000001e-02 9.0257792899999995e-02 -7.4395000300000005e-04 9.8313353299999996e-03
-6.1177711900000001e-02 9.4970830100000000e-02 1.5177620400000000e-01 1.3974409500000001e-01 1.2872514900000001e-01 -5.9836164599999998e-02 -1.5354624900000000e-01 8.3264348200000005e-02 -6.1552992299999998e-02 -5.9980590100000002e-02 -3.7944098300000000e-02 1.2955577899999999e-02 -3.5648127500000001e-02 1.9953520900000001e-02 7.0561325499999994e-02 -3.1504047799999997e-02 1.2005558899999999e-02 1.4135919899999999e-01 3.0906408800000000e-02 -1.3751319100000001e-01 -1.0716428300000000e-01 9.0176616000000001e-02 1.4753001400000000e-02 -1.2085972900000000e-01 1.8675921900000000e-01 9.6084116700000000e-02 1.2323715900000000e-01 3.5465185599999999e-01 -1.2804434700000000e-01 -1.6335579800000000e-01 3.9451031800000001e-02 1.9767518100000001e-01 2.2634743700000001e-01 3.1403440700000002e-01 -2.4752122900000001e-01 -2.2576412000000000e-03 -2.7120650400000001e-01 -5.8846588599999999e-02 -4.2187290400000001e-02 -2.0694212199999999e-02 -1.0255256900000000e-01 2.7692761900000001e-01 -2.4194027800000001e-01 -6.8363598200000000e-02 3.0809355300000001e-02 -1.2407368100000001e-01 -1.5445133100000000e-01 -1.0366388300000000e-01 -1.2245664400000000e-01 1.6569911200000001e-01
