# CEC 2010 F14 permutation vector 0-based (D=1000)
857
250
414
78
525
228
749
198
677
124
631
544
651
497
337
908
249
821
765
890
354
533
888
444
762
440
302
611
122
115
780
707
492
471
292
529
903
775
438
415
152
933
706
14
430
710
294
336
111
322
27
390
852
7
831
966
158
104
22
30
300
777
946
186
687
436
11
958
72
251
180
214
421
121
96
19
582
197
55
417
420
149
997
753
895
205
763
26
648
805
301
810
97
79
33
375
973
71
188
131
639
106
643
846
591
554
503
574
953
666
273
863
20
155
674
0
708
441
170
542
340
891
963
871
317
581
372
31
460
868
743
416
683
950
412
767
860
160
836
379
462
381
558
173
210
47
261
172
624
612
807
829
21
386
405
339
46
127
222
680
595
502
986
734
52
902
425
543
473
528
1
673
768
866
396
199
86
319
714
684
977
89
305
998
725
597
664
259
190
472
957
171
285
48
741
531
422
431
661
942
927
482
145
667
236
373
69
781
366
84
137
38
928
938
352
147
521
426
700
10
980
728
454
930
36
328
76
62
925
103
769
385
744
220
485
572
996
168
218
853
399
919
176
452
276
429
191
712
550
886
87
65
42
804
110
335
916
501
650
105
278
326
642
450
275
128
690
662
118
865
308
202
913
536
822
545
101
413
225
577
37
904
154
64
43
40
312
809
136
717
500
291
174
362
817
783
509
206
679
553
387
880
66
602
371
282
778
511
320
899
713
801
54
194
939
931
892
94
855
649
583
636
467
799
341
784
88
361
948
811
75
298
994
453
346
590
95
83
397
213
675
589
144
889
739
755
141
575
887
146
897
835
932
327
196
256
286
935
656
53
67
81
494
519
861
427
548
720
41
223
459
695
334
80
917
844
982
549
750
451
618
520
433
434
704
293
63
615
455
540
370
632
443
267
688
233
446
448
480
383
573
313
309
356
458
658
331
588
491
730
526
774
949
849
166
456
756
204
691
211
567
510
195
870
698
377
568
882
828
792
270
959
464
241
203
179
355
771
475
135
423
297
722
552
729
537
148
219
833
800
736
303
99
999
108
776
507
759
985
601
224
465
61
400
616
806
740
119
693
936
325
678
922
408
663
596
318
410
359
976
924
613
697
477
724
442
562
943
164
856
419
435
165
645
269
869
694
143
133
238
556
969
388
296
235
447
505
394
732
338
512
488
60
307
240
230
73
633
157
468
39
114
369
893
184
813
975
773
333
59
187
231
779
515
858
555
351
794
461
514
798
208
215
733
808
411
129
393
920
449
109
378
466
951
619
954
49
716
479
906
102
608
599
838
788
98
23
944
263
681
257
113
968
478
839
229
653
823
827
283
796
398
885
365
316
35
834
875
153
51
772
785
585
541
761
640
614
169
374
850
818
161
971
956
586
248
561
193
782
660
252
9
262
901
342
559
534
692
937
357
28
635
506
162
138
926
630
945
279
689
665
668
476
826
570
803
5
657
964
253
907
622
702
983
17
992
625
551
532
329
638
760
367
469
132
535
18
395
392
244
921
347
879
486
516
85
258
483
840
876
463
13
565
177
742
837
647
538
368
209
403
212
68
242
409
299
266
140
182
290
676
91
380
353
314
34
499
841
593
627
867
915
847
226
748
376
961
93
883
406
116
910
709
288
175
754
246
474
812
504
628
814
881
592
192
670
493
955
523
987
824
671
825
995
424
45
15
167
795
183
254
432
274
401
508
547
201
967
600
655
737
947
150
77
701
350
751
239
2
6
604
4
12
181
221
685
306
363
123
845
672
584
310
787
268
8
594
227
793
984
498
991
151
816
970
364
489
563
234
723
349
530
112
496
513
819
727
718
16
358
560
990
391
974
659
264
50
3
281
277
962
566
120
58
682
738
156
641
260
125
271
786
524
418
178
898
918
345
978
770
669
952
766
620
894
644
25
873
470
578
603
747
217
232
646
185
571
70
324
830
790
107
764
382
56
495
989
705
207
295
912
284
711
90
32
923
287
518
245
428
637
189
911
437
719
139
721
134
407
752
74
940
57
29
439
580
941
487
484
402
843
791
757
579
92
82
598
735
914
652
142
877
905
626
884
988
686
746
610
321
315
348
699
360
404
304
272
797
789
522
517
715
654
323
993
569
864
859
872
900
389
929
24
634
605
862
126
896
878
539
587
832
564
758
851
163
981
854
384
100
445
934
289
330
481
731
979
909
200
621
457
972
546
265
332
243
247
237
815
696
255
344
490
527
874
745
820
343
606
617
703
623
576
842
629
965
726
802
117
159
216
311
130
960
44
280
557
607
848
609
