# CEC 2010 F14 shift vector (D=1000)
6.0399059299999998e+01
8.2654353400000005e+01
8.9801863200000000e+01
-4.0262272299999999e+01
-3.5127179300000002e+01
1.0541910100000001e+01
4.9529997000000002e+01
8.7583847100000000e+01
-1.2673751400000000e+01
4.5805109199999997e+01
6.6302159099999997e+01
-9.3375295399999999e+01
-4.9997046599999997e+01
-8.5121667099999996e+01
-1.3975517000000000e+00
-1.9718778700000001e+01
-9.1010639400000002e+01
1.5652796800000001e+01
7.5833504700000006e+01
-8.6899570400000002e+01
-3.1015747300000001e+01
-2.3838357899999998e+01
-9.5929319800000002e+01
-4.7648050499999997e+00
-8.0434649500000006e+01
-7.6068715499999996e+01
8.6862068299999997e+00
-6.6116104800000002e+01
1.3461166600000000e+01
-3.6350288599999999e+01
5.5496787500000003e+01
-2.4986191800000000e+01
2.4019531400000002e+01
4.4859045299999998e+01
-6.9224815000000007e+01
-4.5087885800000002e+01
-9.3479182800000004e+01
4.1507623799999998e+01
-7.8261991399999999e+01
-1.0953590699999999e+01
-1.0745166899999999e+01
3.3626968200000000e+01
-2.6381717099999999e+01
-3.2502904899999997e+01
-1.4195573100000001e+01
-4.4328910600000000e+01
7.2551165600000004e+01
-2.9864432900000000e+00
-1.7881446499999999e+01
-6.1712488899999997e+01
7.0397681899999995e+01
-7.7192803400000003e+01
6.3217520399999998e+01
-1.1067414400000001e+01
7.2599844800000000e+01
6.1766910099999997e+01
5.1050999599999997e+01
-6.1635624000000000e+01
-2.3329768500000000e+01
-8.6103669600000003e+01
2.1765719000000001e+01
-6.1825457499999999e+01
-9.1657760499999995e+01
-9.0737127799999996e+01
5.9056711999999997e+01
-5.1794163599999997e+01
6.2588998799999999e+01
-9.1917966799999995e+00
2.2473006500000000e+01
9.0517613999999995e+01
-9.4047385899999995e+01
-1.0998902800000000e+01
4.5437063100000003e+01
3.2848425300000002e+01
1.3896107799999999e+01
-9.0091510799999995e+01
-4.9067206299999997e+00
-7.8862394100000003e+01
-8.3084157599999998e+01
6.9510564099999996e+01
1.7317697899999999e+01
-4.7591731000000003e+01
9.6113473900000006e+00
-6.9806934200000001e+01
4.3212742900000002e+01
-8.9978487200000004e+01
1.7969796800000001e+01
-2.3828593500000000e+01
-6.0856364100000000e+01
-6.7636155000000002e+01
-1.1602272700000000e+01
6.1394343399999997e+01
-9.6045451499999999e+01
8.1857342599999996e+01
6.7399006600000007e+01
2.7318960700000002e+01
8.9285173000000000e+01
7.9683626600000004e+00
4.4534458299999997e+01
1.1184201699999999e+01
-1.8359750099999999e+01
4.5217862099999998e+01
1.8115446599999999e+01
-9.6355091799999997e+01
-2.8429210999999999e+01
-2.4750372500000001e+01
-6.6101256699999993e+01
1.1667281500000000e+00
-3.0200027700000000e+01
-4.6641445699999998e+01
-5.6979185100000002e+01
-1.6407667499999999e+01
7.3604495799999995e+01
-6.5453257399999998e+01
7.6763726100000000e+01
1.0055774100000001e+01
-8.4484678299999999e+01
-5.9510980900000000e+01
-6.9033635799999999e+01
3.8124219600000004e+01
-7.2013271599999996e+01
1.9992030300000000e+01
4.3584957500000003e+00
-5.7182001499999998e+01
5.1850000100000003e+01
-4.2635904300000000e+01
-9.9175968100000006e+01
1.2656670900000000e+01
6.6908430299999999e+00
2.9461282000000001e+01
-3.3619851599999997e+01
1.5162827500000001e-01
-3.3222918000000000e+01
-5.6872382899999998e+01
-2.9616839599999998e+00
1.8885188200000002e+01
2.7709592000000001e+01
-4.2074458700000001e+01
-3.2068917999999996e+01
-5.9668859900000001e+01
7.0095307599999998e+01
5.8496246100000000e+01
9.6752585599999996e+00
1.5707646499999999e+01
8.4466615700000006e+01
8.2333022099999994e+01
9.2671815100000003e+01
1.0744778200000000e+00
-7.4298173399999996e+01
-4.7338683699999997e+01
4.7088313499999998e+01
5.2920321399999999e+00
-7.5559943399999995e+01
-6.1430041299999999e+01
8.7160529800000006e+01
-4.9627759099999999e+01
-2.8141926000000002e+01
-2.0815338300000001e+01
-1.3098741800000001e+01
-5.7580545100000002e+01
9.4117743700000005e+01
7.4888859600000004e+01
6.8880964100000000e+01
9.1860427599999994e+01
3.9198066599999999e+00
-4.4907369900000003e+00
-1.6750864499999999e+01
7.1487862399999997e+01
8.7442347900000001e+01
1.0213977200000000e+01
-2.8661244600000000e+01
-7.7502086199999994e+01
7.6737318799999997e+01
-2.8502992800000002e+00
1.2531562600000001e+01
6.2526463999999997e+01
2.6163395399999999e+01
1.8393946700000001e+01
8.3260852000000000e+01
-6.9315050600000001e+00
-8.6188507099999995e+01
8.4816924499999999e+01
1.2743897000000000e+01
3.9730387700000001e+01
-6.3708440600000003e+01
4.5708275399999998e+01
-9.8339202299999997e+01
7.0650554900000003e+01
-9.1180503099999996e+01
1.6976112700000002e+01
-1.7353817400000001e+01
-1.4318635000000000e+00
-3.6394742800000003e+01
-4.1572514200000001e+01
-7.8145061900000002e+01
4.5302663899999999e+01
-2.6532600100000000e+01
-4.4296917399999998e+01
7.5508685600000007e+01
-9.0958770900000005e+01
-1.5347940100000001e+01
2.7908629000000001e+01
6.5355885799999998e+00
5.8711861300000002e+01
4.0548544600000000e+01
-1.8825799100000000e+00
-5.0401587900000003e+01
3.3948770400000001e+01
-4.3107287200000002e+01
-8.6092201700000004e+01
-8.0092871500000001e+01
4.3465809200000001e+00
-7.1718783400000001e+00
-2.4839577200000001e+01
-3.5209743400000001e+01
7.5051604200000002e+00
-4.4574213299999997e+01
-5.4185643499999998e+01
-7.4578213399999996e+01
-7.8171245099999993e+01
4.4412834900000000e+01
-6.0689424600000002e+01
-7.1397478899999998e+00
-9.1800146799999993e+01
-8.0557244600000004e+00
1.7744802300000000e+01
9.6189799899999997e+01
5.0699985200000004e+00
2.4855515199999999e+01
4.2122920200000003e+01
1.0995312300000000e+01
9.3119880899999998e+01
-6.8538274000000001e+00
-7.5221925700000000e+01
9.4833987800000003e+01
7.9401703800000007e+01
-2.7911999999999999e+01
8.4382224899999997e+01
5.3718086200000002e+01
-9.1667453899999998e+01
-5.5926442600000001e+01
-1.6017836299999999e+01
1.0868898400000001e+01
-6.6274254900000003e+00
4.6188922699999999e+00
-7.9917555699999996e+00
9.6092250100000001e+01
4.5571237099999998e+01
7.6801096500000000e+01
6.3152621900000000e+01
-1.4611610700000000e+01
-6.8384119699999999e+01
-9.9837936099999993e+01
-3.2759324599999999e+01
-9.8732308300000005e-01
6.3729006800000001e+01
-2.5195974499999998e+01
-2.9944940899999999e+00
1.0038569200000000e+01
-1.4007097699999999e+01
2.3900777500000000e+01
-6.7013837499999994e+01
-6.1216166399999999e+01
8.2432183800000004e+01
9.1661029200000002e+01
-1.6584223800000000e+01
-6.2726133699999998e+01
-6.1056122600000002e+01
1.3639480700000000e+01
6.4948798199999999e+01
6.5093553700000001e+01
5.3030593699999997e+01
-4.5702124099999999e+01
4.6733649800000002e+01
7.1525771199999994e+01
4.0452696200000000e+00
2.8554918199999999e+01
2.6051601200000000e+01
4.0165370699999997e+01
-5.6796449500000001e+01
-1.2092817500000000e-02
-7.1875461299999998e+01
9.6515567200000007e+01
-4.4918132800000002e+01
-6.6638918399999994e+01
7.2374132200000005e+01
-9.5388274000000006e+00
1.4095113899999999e+01
-9.3828058999999996e+01
-4.5228876700000001e+01
3.5653317899999998e+01
2.4157999600000000e+01
-6.2218662100000003e+01
-1.4498298900000000e+01
3.1033095800000002e+01
2.7791948699999999e+01
9.8540072699999996e+01
-8.5224560999999994e+01
-3.8096427400000003e+01
8.6431881900000000e+00
3.4317081899999998e+01
1.3050817500000001e+01
2.5741172500000001e+01
-2.7026408600000000e+01
-8.6933065999999997e+01
-4.6201132700000000e+00
1.0962721900000000e+01
3.4875641199999997e+01
-6.4891437699999997e+01
-4.6067310300000003e+01
-7.2119572500000004e+01
-3.0651121300000000e+01
-1.9818144799999999e+00
-4.2810314200000001e+01
-4.4763087300000002e+01
7.1341753699999998e+01
4.3450748400000002e+01
-2.5972080099999999e+01
1.2815123500000000e+01
-2.8870972299999997e-01
-9.8621578200000002e+01
2.5209237900000002e+01
-5.9037627600000000e+01
8.6476146000000000e+01
-6.8521291099999999e+01
-4.2387534000000002e+01
7.5176863999999997e+00
1.1734513000000000e+01
-3.0964529700000000e+01
3.6234697099999998e+01
1.7331311800000002e+01
2.8274080600000001e+01
-8.6538623299999998e+01
-3.4176089900000001e+01
-1.1177972100000000e+01
5.0180569499999997e+01
-8.8987082999999998e+01
-6.4222864999999999e+01
4.4399977000000000e+01
7.9887877599999996e+01
9.6470026700000005e+01
-3.2009657099999998e+01
5.1391364900000003e+00
5.6292313200000002e+01
3.6145912699999997e+01
7.0615944799999994e+01
7.2579052099999997e+00
-1.3371987900000001e+01
-7.2521537800000004e+01
-2.4108504499999999e+01
-9.1301553600000005e+01
-7.1754297600000001e+00
8.5700858800000006e+01
-1.9801923200000001e+01
5.6857445400000003e+01
1.9883097200000002e+01
9.4855819900000000e+01
8.1179535800000000e+00
5.4511712799999998e+01
4.2994481999999998e+01
-5.1655043999999997e+01
1.4495066700000001e+01
7.3112735099999995e+01
-6.4275270899999995e+01
-3.9475711300000000e+01
1.1613899699999999e+01
7.7621534299999997e+00
8.4381330400000003e+00
9.5125541799999993e+01
-1.5771078700000000e+01
-8.9940803299999992e+00
8.5016166999999996e+01
-4.9163658300000002e+01
5.9183470600000000e+01
-6.8722448400000005e+01
4.0737149199999998e+01
8.2664168900000007e+01
4.8427935699999999e+01
5.8080936299999998e+01
-3.0462560199999999e+01
-7.4878144899999995e+01
4.3375410500000001e+01
-9.0824113900000000e+01
2.8535551199999998e+00
-8.5039944800000001e+01
-8.4231472800000006e+01
-1.9373500900000000e+01
2.2123468400000000e+01
3.5456853299999999e+01
-5.1966262999999998e+01
-3.7649766999999997e+01
9.2556138300000001e+01
5.9140906099999997e+00
-9.7962831599999998e+00
-6.9075526400000001e+01
7.3420022700000004e+01
5.1351964400000000e+01
-5.6772702199999998e+01
5.4195723000000001e+01
8.2534143200000003e+01
-4.3330353500000003e+00
-3.6412016500000000e+01
2.0994969600000001e+01
7.1828080600000007e+01
-2.9655442300000001e+01
6.9988934000000000e+01
-2.4063515200000001e+01
-3.1764914399999999e+01
5.1536294599999998e+01
-4.6715198500000000e+01
-2.7355568699999999e+01
3.6609118700000003e+01
-3.5031042999999997e+01
-2.9736135000000001e+01
-6.2181565999999997e+01
-1.5664463399999999e+00
-3.1358213500000002e+01
7.9577048099999999e+01
-8.3527822999999998e+01
9.8835072400000001e+01
-5.0360819399999999e+00
-9.6517359200000001e+01
2.8850376300000001e+01
-7.9281120000000001e+01
-9.5400241500000007e+01
-7.5897535700000006e+01
1.0173572300000000e+01
3.5936366000000000e+01
9.0939929000000006e+01
3.2197220600000001e+01
2.3341365000000000e+01
4.3100765400000000e+01
-7.5435274500000005e-01
2.4503050300000002e+01
-1.3050588999999999e+00
6.8019669300000004e+01
8.5198049699999999e+01
-5.2338301299999998e+01
5.1051983300000003e+01
4.2298228500000000e+01
-4.3300028599999997e+01
-3.2353033699999997e+01
6.9043416600000000e+01
-2.0248645600000000e+01
-5.6505085600000001e+01
-5.2551146899999999e+01
3.5739615600000000e+01
-9.1756678399999998e+01
1.8218855500000000e+01
4.7557675300000000e+00
-7.2361830200000000e+01
7.5914707199999995e+01
8.4283606899999995e+01
3.6444339300000003e+01
-5.7388502000000003e+01
-1.7306647000000002e+01
2.0933498799999999e+01
-4.7391478800000002e+01
-3.7455480299999998e+01
-7.8464258099999995e+01
-5.8639390400000003e+01
7.5710613899999998e+01
-3.4643685699999999e+01
-3.6007909900000001e+00
-2.0852849200000001e+01
-2.9687571500000001e+01
9.0495023099999997e+01
-4.8335446800000000e+01
5.3841392300000003e+01
-5.6547840399999998e+01
-3.3899313200000002e+01
-1.4711106700000000e+01
-1.0208091100000001e+01
-3.5000579200000002e+00
5.3298950400000003e+01
5.9551138000000002e+01
7.4158661499999994e+01
9.6968920100000005e+01
-3.4816415100000000e+01
-2.4514580700000000e+01
2.3151561500000000e+01
4.2714613200000002e+01
-1.6967871200000000e+00
7.1662130199999993e+01
-7.4522261599999993e+01
2.3970363400000000e+01
7.6383830200000006e+01
5.7542067699999997e+01
6.8014981500000005e+01
1.4777246800000000e+01
8.7949441699999994e+01
-5.5954289699999997e+01
-6.9055429300000000e+01
-5.4066097399999997e+01
2.6274249600000001e+01
5.5217603300000000e+01
6.7003852800000004e+01
2.8709562399999999e+01
-9.4252065999999999e+01
-2.6058080299999999e+00
-1.7199046400000000e+01
-6.7355678100000006e+01
-2.0104592100000001e+01
6.3733900700000001e+00
-2.6531956900000001e+01
6.4153838899999997e+01
7.4398965799999999e+01
-5.4239699199999997e+01
8.2507672400000004e+01
-7.3186399499999993e+01
6.9626410600000000e+01
1.1547819900000000e+01
-6.4952251399999994e+01
-4.5861397099999998e+01
-4.7791921600000002e+01
4.1565537800000003e+00
-3.8867925100000001e+01
3.0901807099999999e+01
-2.7259489599999998e+01
-5.0320413400000000e+01
8.4766507000000004e+01
9.8888711700000002e+01
-4.4562183299999996e+00
-2.4218478900000001e+01
-2.0405904300000000e+01
-1.6210541500000001e+01
-1.2789435599999999e+01
1.4532295100000001e-01
8.6700136200000003e+01
6.4003013199999998e+01
-6.7432991000000001e+01
-3.1469808900000000e+01
2.4999579399999998e+01
-1.9407793999999999e+01
-3.5852040400000000e+01
5.7625976799999997e+01
1.5945668200000000e+01
5.1744350400000002e+01
3.9287303899999998e+01
-9.4538930399999998e+01
-1.5863928899999999e+01
-1.1569680399999999e+01
8.7114654199999997e+00
-3.6263275700000001e+01
-1.8907215399999999e+00
3.3607302400000002e+01
-2.3047601300000000e+01
-9.5670632800000007e+01
1.4315279200000001e+01
8.5294792999999999e+01
4.7883099000000001e+01
-5.2899294900000001e+01
-7.2011929600000002e+01
-3.5292523199999998e+01
-2.9673342500000000e+01
-5.1316069499999998e+01
2.8171285800000000e+01
2.9582867700000001e+01
-6.0475494900000001e+01
-8.8492857099999995e+01
-9.1460212799999994e+01
-8.1586018199999998e+01
-1.7968661999999998e+01
-2.0504970499999999e+01
4.9057958700000000e+01
8.7576518399999998e+01
-4.1636054899999998e+01
-2.3099951200000000e+01
-9.0471511100000001e+01
4.0467180599999999e+01
-2.4401301499999999e+01
9.8310813300000007e+01
-6.5351577700000007e+01
-8.1145156400000005e+01
-7.7560062900000005e+01
-8.8125030199999999e-01
7.3673522899999995e+01
-2.2680708100000000e+01
6.3687859699999997e+01
-4.8716978300000001e+01
2.3927639100000000e+01
1.0161976800000000e+01
-3.2054216699999998e+01
-4.6256072400000001e+01
1.1877804599999999e+01
2.0829940900000000e+01
8.3175339800000003e+01
-7.7993594599999994e+01
-5.8005259199999998e+01
-6.3644570799999997e+01
1.5336946299999999e+01
-3.6986755800000002e+00
-6.5420202399999994e+01
-5.4096106100000000e+01
-4.7047740599999997e+01
3.0607258099999999e+01
2.1417475799999998e+01
3.3911373699999999e+01
3.6617734700000000e+01
5.6976184699999997e+01
-9.1964448800000000e+01
8.1656601199999997e+01
7.7880721800000003e+01
5.5153114499999996e+00
-5.6589490800000000e+01
7.2544841899999994e+01
1.3946553699999999e+00
-9.5460239200000004e+01
7.1211328199999997e+01
-8.8918853700000000e+01
-2.5509255599999999e+01
-8.2945216700000003e+01
3.6307360600000003e+01
5.9099069800000002e+01
4.0144099300000001e+01
6.0027935200000002e+01
1.2353136599999999e+01
-6.3640612800000000e+01
-3.5703947100000000e+00
8.0005824599999997e+01
9.8508788600000003e+01
2.0330422200000001e+01
3.2136527299999997e+01
3.6821919899999997e+01
-2.1412484599999999e+01
8.1458465899999993e+01
-6.9205372800000006e+01
5.9893755300000002e+01
2.3256864099999999e+00
3.9373924400000000e+01
-4.0134685599999997e+00
1.2210863399999999e+01
-2.9523358200000001e+01
-5.9490509800000000e+00
5.2376792500000001e+01
4.8185539700000000e+01
-4.0521869400000000e+01
-3.6392393300000002e+01
-7.6477096900000006e+01
2.2818286799999999e+01
-9.8787023599999998e+01
-8.8340478500000003e+01
1.1739025200000000e+01
3.3472720899999999e+01
8.1682293599999994e+01
8.9556312500000004e+01
-5.5279457000000001e+00
-2.7398766500000001e+01
7.6212191799999999e+01
-4.5180054400000003e+01
6.7957983600000000e+00
-2.1763970600000000e+01
-8.0169703200000001e+01
-8.3868085200000007e+00
2.5206155500000001e+01
-7.6902924400000003e+01
4.5090356800000002e+00
8.6381905599999996e+01
9.2160000999999994e+01
-9.4028458099999995e+01
-3.0582228799999999e+01
-4.6053560500000003e+01
6.3936639000000000e+01
-8.4674205800000006e+00
-8.4071033299999996e+01
5.4948173900000000e+01
-6.9673747100000000e+01
-1.4029324300000001e+01
-1.9685528999999999e+01
8.7663273999999998e+00
-9.8572881600000002e+01
7.4862611599999997e+00
-5.9553671500000000e+01
6.7881416999999997e+00
4.9668595500000002e+01
4.8200330299999997e+01
-9.7512390600000003e+01
5.5047853699999997e+01
-7.6447678400000001e+01
-2.7068682100000000e+01
9.5597346599999995e+01
8.2713696600000006e+01
3.6091535200000003e+01
7.7461111200000005e+01
3.6932006800000003e+01
-3.1840822800000002e+01
-2.1137890899999999e+01
-4.1598334700000002e+01
7.6035348900000002e+01
6.5414250000000003e+00
8.9509609699999999e+01
-7.8198097899999993e+01
4.4943423299999999e+01
-4.0257696600000003e+01
-9.8668876600000004e+01
6.3611269800000002e+01
-2.2135809699999999e+01
4.5002173999999997e+01
-3.1943372300000000e+01
-3.5360555699999999e+01
-5.7735069199999998e+01
-4.7236262599999996e+00
9.8453737000000004e+01
5.7744633999999998e+01
-3.7149229200000001e+01
-1.1453018699999999e+01
1.7189693999999999e+01
-4.9985386699999999e+01
5.9460339300000001e+01
7.0323754300000004e+01
7.8061247499999993e+01
3.6298204900000002e+01
6.6532390899999996e+01
4.8986286200000002e+01
1.8654911599999998e+01
3.5815628799999999e+01
-1.1653548300000001e+01
-8.9561613600000001e+01
-7.3415568000000002e+00
1.8564460599999999e+00
-1.7340460199999999e+01
-6.8463358799999998e+00
-4.0334270099999998e+01
-3.1286189700000001e+01
7.5472510000000000e+01
-1.3827719800000001e+01
-1.9408313400000001e+01
-3.0847536399999999e+01
7.9973341199999993e+01
5.0396039899999998e+01
4.5222449999999998e+00
2.5098002900000001e+01
-4.1415239800000002e+01
2.5959283299999999e+01
4.2997022999999999e+01
-1.8044802900000001e+01
3.1680954199999999e+01
-2.5831539599999999e+01
7.4886238300000002e+01
5.0108116299999999e+01
5.3648235700000001e+01
-6.1683161800000001e+01
6.7779936699999993e+01
-8.3023458500000004e+01
5.2717421899999998e+01
1.6636107400000000e+01
-7.4761892700000004e+01
9.7312106400000005e+01
-2.2726136400000001e+01
-4.5513373100000003e+01
-9.6279341200000005e+01
-2.7568354299999999e+01
6.9507627400000004e+01
5.7119755300000001e+01
6.0778485099999997e+01
-7.8256515199999996e+01
-1.6445715000000000e+01
-1.8517783699999999e+01
-2.9505678100000001e+01
-1.2973069300000001e+01
8.3163979100000006e+01
-6.0083203099999999e+01
3.6858614600000003e+01
-5.7794929400000001e+01
-3.7365062199999997e+01
-3.5182874200000001e+00
-1.6011195499999999e+01
-6.2438173200000001e+01
1.0477328099999999e+01
-9.6917156800000001e+01
-2.1896515399999998e+01
4.5213371600000002e+01
-8.5601388200000002e+01
3.0610332499999998e+01
4.4284290900000002e+01
-5.2597960700000002e+01
8.7048667399999999e+01
-1.8012178800000001e+01
3.1720493399999999e+01
-6.2446591599999998e+01
4.5204028000000001e+01
7.1943502800000005e+01
1.1348409600000000e+01
4.3596387800000002e+01
9.1279307399999993e+01
-7.3307964799999993e+01
6.1445204400000001e+01
-8.8925694399999998e+01
-8.5151857800000002e+01
-3.9157564000000001e+01
-5.8781213500000000e+01
-6.9483262900000000e+01
8.8470788299999995e+01
3.0442534999999999e+01
3.6235345799999997e+01
-2.7004247199999998e+01
-4.3090177599999997e+01
8.4892721499999993e+01
-4.5339596000000000e+01
6.4104141499999997e+01
-8.0528546100000007e+00
-8.4545672499999995e+01
-8.6543403100000006e+01
4.2556510099999997e+01
4.7008307899999998e+01
9.7471819600000003e+01
6.2933894500000003e+00
-7.4684377100000006e+01
-9.9709944600000000e+01
3.3672076500000003e+01
6.7808293100000000e+01
-2.2474969200000000e+01
-4.1012224900000000e+01
8.3065140799999995e+01
-3.6288260899999997e+01
5.8798357000000003e+01
-4.9817965299999997e+01
-3.5384743899999997e+01
-2.1805811400000000e+01
-1.0852385900000000e+01
-3.6850632599999997e+01
6.3649000100000002e+01
-4.5873174599999999e+01
-4.8283671300000002e+01
-7.9830878099999998e+00
4.0147840400000000e+01
-7.1509339600000004e+01
-6.6379053700000000e+01
6.4294261700000007e+01
1.4060447399999999e+01
-2.4093403500000001e+01
-6.0923403800000003e+01
-6.3396756600000003e+01
-2.7649263000000001e+01
2.6012903900000001e+01
7.1814703899999998e+01
6.8353478800000005e+01
-7.6872919000000000e+00
-8.8716575399999996e+01
-4.3588672199999998e+01
-4.1434595199999997e+01
-1.8840451500000000e+01
-3.9688966800000003e+01
1.3289357100000000e+01
8.1978241999999995e+01
1.9954137700000000e+01
1.9673389499999999e+01
2.1845863200000000e+01
7.8551689699999997e+01
-6.1489121500000003e+01
2.3631880700000000e+01
5.4260912599999997e+01
-8.1868168800000007e+01
-6.1528955699999997e+01
5.1346088700000001e+00
-7.1046911899999998e+01
4.5535994899999999e+01
3.0366894899999998e+01
-5.4539289599999996e+01
4.6724972600000001e+01
-1.5382276299999999e+01
5.3069905900000002e+01
4.2113777700000000e+01
-9.0305453900000003e+01
-4.7419063000000001e+01
3.9955954200000001e+01
-3.8088349299999997e+01
2.7437145999999998e+01
-1.2679606000000001e+00
-1.8790637600000000e+00
2.7433254999999999e+01
-5.1919929000000003e+01
2.1286249900000001e+01
-4.0531908899999998e+01
-7.1950390700000000e+00
8.8159554000000000e+01
-2.6782622400000000e+00
-6.1621589600000000e+01
-6.3148875400000004e-01
-4.8197816199999998e+01
7.9829594400000005e+01
-5.0237288399999997e+01
-5.6180475100000002e+01
-7.8272103500000000e+01
-1.5037226900000000e+01
-6.9731626199999994e+01
5.1214474099999997e+01
-9.8548972199999994e+01
4.0949629500000000e+01
9.5574549399999995e+01
1.9093115399999999e+01
-3.1049368300000001e+01
7.5749960299999998e+01
1.9374690100000000e+00
-7.4028257199999999e+01
3.0487154799999998e+00
-4.8709704600000002e+01
5.0940777900000000e+01
-8.5546853999999996e+01
-3.7236289100000000e+01
-7.6963144200000002e+01
9.2124917600000003e+01
-9.5568162000000001e+01
-2.3141864699999999e+01
2.1021772100000000e+01
8.3228464500000001e+01
-1.0045485100000001e+01
8.8263427399999998e+01
8.7730723400000002e+01
-2.7282884500000002e+01
-2.8326865099999999e+01
5.0391991300000001e+01
-2.2548695400000000e+01
9.2039062099999995e+01
6.9752162999999996e+01
2.7662489699999998e+01
7.8200976499999996e+01
-3.6382008599999999e+01
-7.8654829699999993e+01
-4.2273564299999997e+01
4.0036502700000000e+01
4.6851890099999999e+01
-7.9597123900000000e+01
9.7964380800000001e+01
7.1667616800000005e+01
4.0572514499999997e+01
-5.4640403199999996e+00
5.4391753999999999e+01
4.6395947999999997e+01
-3.2121017500000001e+01
-1.1034700400000000e+01
-7.3355366399999994e+01
3.9234780399999998e+01
-7.5046568399999998e+01
-7.7887890600000006e+01
-1.4938064199999999e+01
-1.0157561200000000e+01
-3.0080522299999998e+01
-8.1117933699999991e+00
-7.9872421000000003e+01
-4.6987647099999997e+01
3.9958513500000002e+01
9.3200919799999994e+01
-4.0604331500000001e+01
-7.6498843799999996e+00
3.9058807899999998e+01
-9.7661014199999997e+01
-9.8218299599999995e+01
-2.2284661600000000e+01
-1.7734112400000001e+01
4.0920157900000000e+01
-9.6008368399999995e+01
6.5735848500000003e+01
1.3729139099999999e+01
-6.5845628899999994e+01
8.2127127900000005e+01
4.5883331499999997e+01
-9.4053109899999995e+01
-2.0460749400000001e+01
8.8510113700000005e+01
3.4221256199999999e+01
-1.3265612800000000e+01
-4.8516867900000001e+01
2.0951475100000000e+01
6.0767730499999999e+01
-9.7977439700000005e+01
-5.9597678199999997e+01
-6.0132855200000002e+00
-4.8098603300000001e+01
7.8909915900000001e+01
-8.5124047700000006e+01
-5.0509984099999997e+01
1.0044647800000000e+01
-5.4334223299999998e+01
2.5627043499999999e+01
3.3447595499999998e+01
9.2528608500000004e+01
-6.2650728399999998e+01
-1.1571854999999999e+01
1.3752398599999999e+01
2.6745152000000001e+01
9.5555324899999992e+00
2.8290374199999999e+01
-4.4302239600000000e+01
-6.5887164499999997e+01
3.3465559499999998e+01
-8.0591939300000007e+01
3.2344448600000000e+01
-6.3396260599999998e+01
-5.3314660699999997e+01
3.4601725999999999e+01
1.9144482100000001e+01
-1.7841933200000000e+01
-5.7204488400000002e+01
9.5151876099999996e+01
-4.0940014800000000e+01
4.3320683000000002e+01
-5.3508092699999999e+01
-9.9909800899999993e+01
-3.3216406999999997e+01
