# CEC 2010 F10 rotation matrix (50x50)
-1.0853627600000000e-02 -5.0048218999999998e-02 -2.7866410000000003e-01 -4.6675598800000002e-02 -1.0576019900000000e-01 7.4515807500000003e-02 -2.8413649100000000e-02 -1.0265682600000001e-01 2.2096660300000001e-01 -6.6211515700000001e-02 -2.2963760400000000e-01 -1.3490714700000001e-01 1.9034302200000000e-01 1.4454764400000000e-01 7.3500405000000005e-02 -1.3411062800000001e-01 -6.5602360799999995e-02 -1.2071222800000000e-01 2.6821561399999999e-01 1.8473911700000001e-01 -7.6448785000000005e-02 -4.9648511999999999e-02 -2.2973352900000000e-04 1.3581216500000001e-01 4.8023355199999999e-02 1.7852374700000001e-01 1.7420223300000001e-01 1.4913588699999999e-01 -7.2823154599999995e-02 -1.5425420300000001e-01 -1.0882724100000001e-01 1.4950692800000001e-01 -2.0023892200000001e-01 1.8059772599999999e-01 -5.2601391300000001e-02 -8.4804246000000000e-02 -8.0164604000000000e-02 -2.5813665900000001e-02 1.5863999300000001e-01 -1.5456159799999999e-01 -2.0268523299999999e-01 -1.0836213900000000e-01 -1.5406193100000001e-01 -1.9499368900000001e-02 -1.3903971800000001e-01 8.8867205800000001e-02 2.1383246600000000e-01 4.0315267000000004e-03 2.4832791300000001e-01 1.8070821800000000e-01
4.5976392599999999e-02 2.6173627700000002e-01 2.1487814700000000e-02 -1.8650346200000001e-01 -9.5032464200000000e-02 -1.9712330700000000e-01 -5.6600877199999997e-02 -2.2243876500000001e-01 -1.6977589400000001e-01 1.1384975500000000e-01 -1.5917585400000000e-02 6.7043068999999997e-02 4.8221872600000000e-02 -5.9407647799999998e-02 1.3569530899999999e-01 1.3210047200000000e-02 1.0794196400000000e-01 -3.3853239600000001e-02 1.2490574100000000e-01 -4.6198722300000002e-02 5.7017972899999998e-02 -9.8155115299999998e-02 -1.9394792199999999e-01 1.4430547499999999e-01 -2.5845502399999998e-01 1.1864741900000000e-01 1.1626132400000000e-01 -9.4792666400000003e-02 1.5454575600000001e-01 -1.2929606900000001e-01 -8.7891590800000002e-02 -1.2593355600000000e-01 -1.1813601300000000e-01 -1.1659935300000000e-01 4.3011782599999999e-02 1.9910941300000001e-01 -2.2943162700000000e-01 5.5430018700000000e-02 2.8846073500000002e-01 1.8923771200000000e-01 -8.2341560100000002e-02 -1.4088789800000001e-01 8.1632652000000000e-02 1.8441007000000001e-01 2.4019583500000000e-01 1.0491950899999999e-01 -1.0912227400000001e-01 -1.7118970200000000e-01 -1.2624794500000000e-01 1.2740302100000001e-01
4.2694495800000001e-03 1.1638520300000000e-03 -4.4336110200000001e-02 3.7553542600000003e-02 9.6390165599999994e-02 -8.2231393999999999e-02 -6.2901456600000002e-02 1.4514418900000001e-01 1.5789376299999999e-01 -2.4506797000000000e-01 2.7761946700000001e-01 8.6947270699999996e-02 -2.0470889800000000e-01 -2.4495827800000002e-02 1.6823962100000001e-01 -1.0952862500000000e-01 8.2380448699999997e-02 -3.8826256300000000e-01 -8.2749965300000002e-03 2.7137582700000001e-01 9.8067991100000002e-03 2.4229795100000001e-01 -5.8716700199999999e-02 2.4093769300000001e-01 -1.5008312500000001e-01 -1.4351247200000000e-01 1.8847181399999999e-01 1.2879228600000001e-01 1.4097870700000001e-02 3.9818364699999997e-02 1.8474715100000000e-01 -1.0870390700000000e-01 -1.7390335400000002e-02 1.8054826800000000e-02 6.0387613499999999e-02 5.9298751199999999e-02 6.4317004499999997e-02 -1.1728329400000000e-01 -2.4429425000000001e-02 2.0439209600000000e-01 -1.6800068800000002e-02 -1.6948179599999999e-01 -7.0856457700000000e-02 -1.7344228999999999e-02 -5.4144895999999998e-02 1.1899039000000000e-01 1.0769841500000001e-01 1.8390143300000000e-01 -1.9464518900000000e-01 -7.6204013700000003e-02
-1.9021518200000001e-01 1.2883003100000001e-01 -2.8093633199999999e-02 3.1929449999999998e-02 1.6302873200000001e-01 5.3829932100000000e-03 2.9651947699999998e-01 -8.8964315599999996e-02 -3.4217359000000003e-02 -5.8336633200000002e-02 1.0146718500000000e-01 -5.5928098300000000e-02 1.9860507599999999e-01 1.5556079600000000e-01 3.0390102600000002e-01 -1.6329344700000001e-01 1.5802823099999999e-01 3.1630750999999999e-02 9.2725502700000004e-02 -8.9239119299999996e-04 8.3545174400000005e-02 1.5624607299999999e-02 -1.2209317000000001e-02 -1.1951888200000001e-01 1.2980893700000001e-01 -4.4482680300000001e-02 -2.1916580099999999e-01 1.2004346200000000e-01 -1.1864758900000000e-04 4.0219044099999997e-02 1.1087020600000000e-01 1.6451808800000001e-01 1.4985888900000000e-01 5.4755830499999998e-03 1.1755530100000000e-01 1.6987136999999999e-01 -3.2486430700000002e-01 -2.8514298399999999e-01 4.7126885299999997e-02 -9.6302350600000003e-02 3.9859308599999997e-02 1.3952140599999999e-01 2.6673816200000000e-01 1.1652678399999999e-01 3.8843246499999998e-02 1.3439040399999999e-01 9.8378883700000003e-02 1.6679073100000000e-01 4.8380562600000003e-02 -1.2302000400000000e-01
1.1227171000000000e-01 -7.6664956100000001e-02 -1.9883666000000000e-01 1.4830156400000000e-01 4.9574434000000001e-02 -1.4130300300000001e-01 -2.1556528400000000e-01 8.4347891899999999e-03 -3.6804401799999997e-01 9.9460692099999998e-02 2.7855714999999998e-01 -1.5141685099999999e-01 1.5755613099999999e-01 5.2775806299999999e-02 -1.2699192500000000e-02 -2.6349843099999998e-01 2.0767902499999999e-01 -5.6665322300000001e-03 -5.6443992399999997e-02 -3.4238305900000002e-02 -4.8139331500000000e-02 -1.0587856000000000e-01 -5.2732184799999998e-02 1.4290769400000000e-01 -2.6153790400000002e-02 -1.4174205900000000e-02 7.4975763400000006e-02 -4.2332513299999999e-02 -1.8002888599999999e-02 2.3701278600000000e-01 3.6169906600000003e-02 1.4909553800000000e-01 -1.0072886700000000e-01 2.0205807100000001e-01 -7.9696297999999999e-02 -2.3138711499999999e-02 2.2796426100000000e-01 1.4471111900000000e-01 -1.3608792600000000e-01 -8.7712948200000002e-02 4.9383083300000002e-03 7.4442303099999996e-02 1.4729696000000000e-01 -9.2902541100000000e-02 2.8641703200000002e-01 1.7270586600000001e-01 1.1237059500000000e-01 -4.7530467000000000e-02 1.1934118100000000e-01 3.8708937800000003e-02
1.7529673000000001e-01 -1.1813090699999999e-01 -1.3079979899999999e-01 1.2307717000000000e-01 2.6723243699999999e-01 9.0181487599999999e-02 1.0650677800000000e-01 -1.2007509300000000e-02 3.1573969799999997e-02 -2.7879731200000001e-02 -1.7739261300000000e-02 -1.0732461000000000e-01 2.6226172100000000e-01 -4.5673221000000000e-02 3.4832681599999998e-02 1.0845712900000000e-01 -9.4973682800000001e-02 -2.6563810399999999e-01 2.1561539899999999e-02 3.6182006900000001e-02 -1.9998834300000001e-01 1.2463247000000000e-02 -1.5495438500000000e-01 4.3316106500000000e-02 -9.7842471900000005e-02 -5.7893771800000000e-02 9.2911782200000001e-02 -1.9036252500000000e-02 2.0778449099999999e-01 -2.2000374400000001e-02 8.8224976599999994e-03 -7.7805285500000002e-02 1.6197577599999999e-02 -1.4566893900000000e-01 1.1121385700000000e-01 3.6433018700000003e-01 3.7394447900000002e-02 8.8754137999999996e-02 -1.6071586600000000e-02 -2.2044406899999999e-01 -1.0533537200000000e-01 1.6617322000000001e-01 -8.3710206699999998e-02 -5.2360141700000001e-02 1.0686059600000000e-01 -3.4843369600000001e-01 -2.6607550800000002e-01 2.1018133400000000e-02 1.3980855300000000e-01 -1.3669555600000000e-01
-1.2066810300000000e-01 -6.7465591000000005e-02 1.7892882700000001e-01 -1.1056554400000000e-01 1.4676899900000001e-01 3.1436177199999998e-01 6.5509761499999999e-02 -1.8459926300000001e-01 -8.0250993500000006e-02 -2.9188525799999998e-01 -1.1111876699999999e-01 3.0896702900000000e-02 1.8626291300000000e-02 1.3004131599999999e-01 -4.9072367200000001e-02 2.3700034100000000e-01 8.2698799800000000e-02 6.4583116300000007e-02 7.6835402200000000e-02 -5.6287419800000002e-02 2.1817682500000001e-02 -4.2640679500000001e-02 -5.6396630599999997e-02 2.5655688799999998e-01 -1.9326165400000000e-01 -1.8674001100000001e-01 5.1198433500000001e-02 1.1242748000000000e-01 1.2553116800000000e-01 1.8176472699999999e-01 -2.7773199700000001e-01 1.5329408900000001e-02 1.5897839300000000e-01 -2.2268656099999999e-02 -1.5622087400000001e-01 -1.7922129000000001e-01 -7.8686482799999999e-02 1.7964470799999999e-01 -4.4640730099999998e-02 1.1997091400000000e-01 -8.8431078999999996e-02 1.5520000799999999e-02 -4.8481909300000002e-03 -1.1204361800000000e-01 1.9557029600000000e-01 8.2566322999999997e-02 2.0349498599999999e-01 7.1256581700000002e-02 8.7018956300000005e-02 -1.8762825599999999e-01
1.9884912599999999e-02 -1.4075845700000000e-01 3.9122092200000000e-02 -1.7576535000000001e-02 3.0460551700000001e-02 1.6539706400000001e-01 -4.2345410600000001e-02 2.0648591799999999e-01 6.5330645800000003e-02 -4.9138685500000001e-02 -1.6156316500000001e-01 -1.1902222799999999e-01 -6.6418319300000001e-02 -1.2666339500000001e-01 -1.1464834000000000e-01 -1.3798250500000001e-01 3.7326293900000002e-02 1.3455109400000001e-01 1.0402703600000000e-01 -4.2061556200000003e-02 -2.8344277599999999e-02 7.4076619499999996e-02 9.8175519099999997e-02 3.9564933800000002e-01 -1.8639463500000000e-01 -8.1947384500000008e-03 -2.0633972399999999e-02 -9.8946783100000005e-02 -1.2364411800000000e-01 -7.1932088500000005e-02 -1.8062544200000000e-01 3.5563125600000002e-02 -5.4927449599999997e-02 1.1129231800000000e-01 2.8515927699999999e-02 1.6176161400000000e-01 4.2759027400000003e-02 -1.1473746500000000e-01 1.2880888600000001e-01 -1.9166553800000000e-01 3.8939840900000000e-01 -1.6755871100000000e-01 3.9467732900000002e-01 1.6489109900000001e-01 -3.2155523900000003e-02 -6.3539139699999997e-02 -1.1085176300000001e-01 6.0282112899999997e-02 -2.9251952000000001e-02 -8.0594735500000000e-02
-8.3692729899999992e-03 3.3458561599999997e-01 2.1798168900000001e-01 4.7231756499999999e-02 -5.7699317899999998e-02 1.0063860700000000e-01 -2.5553842399999999e-03 -4.1313754500000001e-02 -9.5358044399999994e-02 1.0673754600000000e-01 3.1571234199999999e-02 1.2323491000000000e-01 3.5242849000000000e-02 1.5574732699999999e-01 -1.3068118200000001e-01 1.1099936200000000e-01 -8.7645299999999995e-02 -2.8962005299999999e-01 -8.2421533199999994e-02 -1.0758173700000000e-01 -2.8874902099999999e-01 5.7375594100000003e-02 -4.8975860500000003e-02 -2.6516519900000000e-02 7.8610716100000005e-02 -3.6858455100000000e-02 6.9513494800000006e-02 -9.2934720799999995e-02 -2.5458064600000002e-01 -5.4510204299999997e-02 9.6345418500000002e-02 9.9053311300000002e-02 -1.3811951000000000e-01 -5.9166085100000002e-02 2.0491548300000001e-01 2.8075589599999999e-02 4.6006777700000001e-02 1.0436855400000000e-01 2.7677185700000001e-01 -1.1275975600000000e-02 1.3898475399999999e-01 -8.5433186800000005e-02 1.9006541199999999e-01 -2.6433227999999998e-01 -5.4307315900000000e-02 -3.2770429699999999e-02 2.8378195099999998e-01 -1.2199941900000000e-02 1.4023150400000001e-01 -1.7843425700000001e-01
-1.2855601600000000e-01 -1.3291224800000001e-01 2.8727750600000002e-01 -2.6334461800000000e-02 3.6317575000000000e-03 -2.7948170000000001e-02 -8.1317647300000004e-02 1.1451576700000000e-01 -1.1499460400000000e-01 -8.4471561700000003e-02 1.5820037600000000e-01 -2.6621033199999999e-01 2.4003326899999999e-01 2.5552856699999998e-01 2.2794778700000001e-02 8.7657032200000005e-03 1.6212081200000000e-01 -3.0141703799999999e-02 -1.5944131000000000e-01 -1.0775406999999999e-01 2.5839354300000000e-01 1.9036677699999999e-01 7.7401111100000003e-02 -6.3658739300000003e-02 -1.6134664400000001e-01 4.9069259400000005e-04 -3.5912094899999999e-03 6.0340985600000001e-02 -2.7913943800000002e-01 -2.0416331500000001e-01 -4.5541726999999997e-02 -1.2171440800000000e-01 4.1262296400000002e-02 -4.9433731900000000e-02 -1.6489743500000001e-01 7.6240507400000004e-02 1.7786635600000000e-01 -1.4853156400000000e-01 2.5404630299999997e-01 -3.9234480900000000e-02 -1.4846880200000001e-01 -1.3029615300000000e-02 -1.9372244899999999e-01 9.2495267600000000e-02 4.1134173699999997e-03 -1.6535772900000001e-01 3.3684168000000000e-02 -1.4880139300000000e-01 5.1177011600000002e-02 1.9315381900000001e-02
-1.1748507499999999e-01 -5.9634830700000002e-02 -5.0956085599999999e-02 -1.1878604900000000e-01 3.7802466000000000e-02 1.6587781099999999e-01 -9.9075857899999994e-02 2.2658061099999999e-01 -1.0202381400000000e-01 -2.6302713100000000e-02 -3.6139519699999997e-02 -1.6335095899999999e-01 1.3540529800000001e-01 1.4320906899999999e-01 1.1538090399999999e-02 -3.4658327300000002e-05 -9.2765886700000005e-03 -1.1999334700000000e-01 -1.3684654900000001e-01 -1.1972177800000000e-01 4.8881097200000001e-02 3.8783463499999997e-02 2.2428463000000001e-01 -5.1482980499999997e-02 1.2541282000000001e-01 1.8591892800000001e-01 -6.0271388199999998e-02 7.5944141899999998e-02 2.8360806599999999e-01 4.5524795299999997e-02 -5.0953814700000002e-03 -2.2625870499999999e-02 -2.0525360200000001e-03 7.4811428599999993e-02 3.2706602699999998e-01 4.1176176900000000e-02 -1.2544790000000000e-01 3.8862170200000001e-01 -2.9763325500000000e-02 -1.2153786200000000e-01 -9.1359934899999995e-02 -2.4423517900000000e-01 1.7194397800000000e-02 5.7165805299999997e-02 -7.3214819900000006e-02 6.0718221500000003e-02 9.1746746200000007e-02 -5.5943727600000000e-02 -4.0094232600000002e-01 -3.2210338499999998e-02
-9.0172682199999993e-03 -4.3029692699999997e-02 -7.2943628499999996e-02 3.9425651899999997e-02 1.8099091000000001e-02 -9.5027786899999994e-02 -1.0547272000000001e-01 -2.7679351299999998e-02 -1.4205040500000000e-02 1.9802587899999999e-01 -1.0189548700000001e-01 5.5469098299999998e-02 -2.2656301600000001e-01 1.9279333900000001e-01 2.3905237800000000e-02 4.9038545500000003e-02 1.5661012999999999e-01 -5.7393151800000000e-02 -5.9441998199999999e-02 7.2201984100000005e-02 7.1244047399999996e-02 -2.5740744600000001e-02 -2.5623474699999998e-01 -2.4810829200000001e-01 -7.8358479100000003e-02 -5.3143216700000002e-03 4.0583461100000004e-03 4.3669433000000002e-01 -4.5050642699999997e-02 1.1904995100000000e-01 -1.0317293600000001e-01 -1.5770288700000001e-01 5.1758420899999998e-02 -2.3279123900000001e-01 -6.3009928600000001e-02 1.9386949300000001e-02 -4.5690576199999998e-03 1.4251130600000000e-01 -8.5597509700000005e-02 -2.7512589100000001e-01 2.1333493800000000e-01 -3.3524628200000001e-01 8.5146004100000006e-02 1.3571732400000000e-01 -7.4223837699999998e-03 -6.4941905100000002e-02 3.3232439300000000e-02 1.1119465800000000e-01 1.9826496599999999e-01 4.7736149600000000e-02
-2.3877569200000001e-01 1.9941901900000000e-01 4.4250705799999998e-02 1.3014072500000001e-01 1.6824310300000000e-01 -1.0370899000000000e-01 3.8529431100000000e-01 8.1556941100000002e-02 -3.7104893000000001e-03 8.4259079700000003e-02 -9.2873567599999998e-02 -2.2145263000000001e-01 -1.4319737499999999e-01 -1.2172415200000000e-02 6.6515671600000006e-02 3.8310481100000002e-02 1.8468475600000001e-01 1.2008127200000000e-02 1.5542342400000000e-01 -1.8749603300000001e-01 -4.8565416200000003e-02 -2.0325583600000000e-01 -1.3092035099999999e-01 1.1280335300000000e-01 7.5359998499999997e-02 4.1343333800000000e-02 2.0950881199999999e-01 1.2665350900000000e-01 7.7063406900000006e-02 -1.2913423299999999e-01 1.5555953600000000e-01 -9.3513372899999992e-03 -2.0551151100000001e-01 9.0950026200000006e-02 -7.4733325099999998e-02 -2.8741007099999999e-01 2.3065793900000001e-01 -2.8631250400000001e-03 -2.5326907199999998e-02 -7.2429684600000002e-02 5.2422995399999998e-02 -1.4763180900000001e-02 -8.2695980299999999e-02 5.4237025000000001e-02 4.4965063899999998e-02 -1.8305265800000001e-01 -2.4777253799999999e-02 -5.8194275099999998e-02 -2.2711326000000001e-01 -1.2592129099999999e-01
2.1396507500000000e-01 -1.3261672999999999e-01 -5.5741923600000000e-02 1.1688290400000001e-02 -1.0946038600000001e-01 -5.7278339200000000e-02 1.1818176800000001e-01 6.1443539200000001e-02 8.1867148400000006e-02 -1.4988392500000000e-01 3.9783204000000003e-02 2.0240219900000000e-01 -3.3590284799999998e-01 4.8974615399999999e-01 5.1941985400000001e-02 -1.7309952900000002e-02 1.0757440100000000e-01 -3.6644217999999999e-02 -1.3896216900000000e-01 -2.3598618599999999e-01 -2.4677087200000000e-02 -2.5464351299999999e-01 1.6310790900000000e-01 1.7246495300000000e-01 -1.2201436300000000e-03 1.4974132400000001e-01 -5.6268140100000003e-02 -4.7382103299999999e-02 2.3497303300000001e-02 1.0758234400000000e-01 1.1187390300000000e-01 -1.7056623900000001e-01 -1.1259523000000000e-01 1.6800629400000000e-01 6.1590804399999999e-03 7.4689315600000000e-02 -1.4881768000000001e-01 2.4141263800000000e-02 1.2873026300000001e-01 1.1826737500000000e-03 -2.7455506399999999e-02 1.5795668800000001e-01 -5.0286921499999998e-02 6.5880863100000006e-02 -3.0189315299999998e-02 -4.7108053400000002e-02 -1.2735744600000001e-01 -4.1027016399999998e-02 1.7682280000000000e-01 -1.0490804500000001e-01
3.1513455000000003e-02 -3.6691496400000002e-02 2.3714517500000001e-01 -4.7992786799999999e-02 -1.5527146600000000e-01 1.4851808200000000e-01 -7.7604261399999999e-02 -1.9883395900000000e-01 1.1189921600000000e-01 6.6075206600000005e-02 1.3961544000000001e-01 -3.6160117800000002e-01 -3.5809842400000003e-01 7.0569826000000002e-02 -1.3408891000000001e-01 -1.1207509000000000e-01 9.6793274400000004e-02 5.2550790399999998e-02 7.0650488100000006e-02 1.9141026000000000e-01 -2.7860129900000002e-01 -3.5347570699999997e-02 1.2490150899999999e-01 -1.1823531100000000e-01 -1.2109122500000000e-01 -1.0345564900000000e-01 -1.4600367800000000e-01 -1.5744519400000000e-02 2.0408119100000000e-01 -8.5657325500000006e-02 1.9271422699999999e-01 1.5873588100000000e-01 -5.5552582000000003e-02 -1.2541368700000000e-01 -1.4609170199999999e-01 9.2980266899999997e-02 -6.1819278700000001e-02 -8.3272580699999994e-03 9.7054433400000001e-02 -2.3759321799999999e-01 -1.3562744800000001e-01 9.0082880399999996e-03 -3.6703633499999999e-02 -9.2239230199999994e-02 1.4847658699999999e-01 7.3534395899999994e-02 -2.0476644900000000e-02 5.5166156700000003e-02 -1.3435971199999999e-01 1.3442744499999999e-02
7.0495948000000003e-02 4.1260282699999998e-02 1.3278467299999999e-01 -2.1295801700000000e-01 1.5353450799999999e-01 2.4914747700000001e-01 2.5763000699999999e-01 1.4627459600000001e-01 1.2758251300000001e-01 1.6112223100000000e-01 8.3346646100000005e-03 5.7594899800000002e-02 2.5559736300000001e-03 -6.4336499300000002e-02 1.2805343100000000e-01 -3.8368704999999997e-01 3.2034222000000001e-02 6.0972379500000000e-02 6.0616870300000000e-02 -7.1187036600000003e-02 -1.2542766000000000e-01 -2.7560546400000000e-02 3.8737300000000002e-02 -1.3791994699999999e-01 -1.4300623300000001e-01 -7.7362190299999994e-02 -2.4531588300000001e-01 1.4865906100000000e-02 -7.3467313200000000e-03 1.2211065000000000e-01 -1.2591486299999999e-01 -1.4913615899999999e-01 -2.7126467599999998e-01 -3.5525754100000001e-02 1.3245323800000000e-01 1.1005097500000000e-01 2.2911224999999999e-01 4.2820640700000002e-02 -1.3554565900000001e-01 2.4178622799999999e-01 -9.9143252599999995e-02 -1.2390565200000001e-01 -1.1174163800000000e-01 4.0014023699999998e-02 4.9796971000000002e-02 8.1452847700000004e-03 1.3218054000000001e-01 -9.4111278399999998e-02 1.9824813099999999e-01 1.0019889899999999e-01
1.4302471100000000e-01 -6.4195058200000002e-02 -1.3417567300000000e-01 1.5290746199999999e-01 -6.2449535700000003e-02 1.5118918400000000e-01 1.0350848999999999e-01 1.7523021699999999e-01 -1.3904012299999999e-01 -8.2433408200000002e-02 -4.2149610499999997e-02 8.4487385299999995e-02 1.2793547699999999e-01 4.1871008100000003e-02 -2.6927719999999999e-01 -6.7738363999999995e-02 2.0469168500000001e-01 2.8717566200000000e-01 1.5532854400000001e-01 6.0134300799999998e-02 -4.8597270300000002e-02 6.6957375999999999e-02 1.5986443800000000e-01 -3.0943313399999998e-02 1.4978983400000001e-01 -7.7635342100000004e-02 3.2345778100000000e-01 -3.6846085100000002e-02 -3.7583064300000003e-02 -4.7887849599999997e-02 2.5232268200000002e-01 -1.4694409700000000e-01 -4.4657795299999997e-02 -4.5477905099999999e-01 8.7783003100000007e-02 -7.1294106199999999e-02 -6.7734333999999993e-02 2.0789343999999999e-04 6.1911179099999998e-02 8.0071904099999994e-02 -1.2028086800000000e-01 -9.0758054500000004e-02 2.6657294900000001e-03 1.7730468699999999e-01 7.6341100100000003e-02 1.1797046800000000e-01 2.3734615600000002e-02 7.0010922099999998e-02 7.6293870299999997e-02 -7.1404515299999999e-02
5.4454554900000000e-02 1.4495046100000001e-02 1.9270733100000001e-01 1.0087598800000000e-02 -7.1611786900000002e-02 6.4329042000000003e-02 -7.7689650599999993e-02 -3.1916322599999998e-02 1.0545435000000000e-01 8.0031179100000002e-02 -1.4494130899999999e-01 -1.5841264799999999e-01 5.3429202299999999e-02 -7.8881102600000003e-02 -1.3491815900000001e-01 -1.7551306799999999e-01 4.6863595000000001e-02 -2.1157969099999999e-01 -1.7567502100000000e-02 -8.0798024699999998e-02 -1.3015069800000001e-01 -1.4408219200000000e-01 -1.4197677000000000e-01 -7.5353924399999994e-02 1.3455675900000000e-01 1.4521214800000001e-01 1.1175480200000000e-01 5.3472857000000000e-03 -2.0984090399999999e-01 3.2307281399999999e-01 -1.6618305700000000e-01 -2.8117700400000001e-01 2.1615170700000000e-01 1.0280447700000001e-01 1.3131534500000000e-01 -1.3492893200000000e-01 4.4248489900000000e-02 -1.5566424900000000e-01 1.4763541799999999e-01 6.5689675699999997e-03 -2.1285740300000000e-01 1.0610415500000001e-01 2.0619281400000002e-02 1.1455317700000001e-01 1.0240113200000001e-01 1.2616551100000001e-01 -1.7447326299999999e-01 3.2707662100000001e-01 -1.4889693600000001e-01 -2.3379285699999999e-02
7.3998324800000001e-02 -6.5656440199999999e-02 -7.2041967400000004e-02 1.2037759500000000e-01 -1.3725512300000001e-01 2.0470444800000001e-02 8.7024756600000003e-05 9.1741251499999996e-02 2.2838934599999999e-01 9.5387685900000005e-02 2.1854648500000001e-01 -1.6822755000000000e-01 -1.5741881299999999e-01 -2.5945929600000001e-02 1.3512471400000001e-01 3.3463954099999998e-01 8.2948042000000000e-02 -4.5403388800000000e-02 2.2436355899999999e-01 -8.5579979700000003e-02 -1.8205763000000000e-02 9.9055130500000005e-02 -6.0199815499999997e-02 -9.5302196899999993e-03 -5.3814236699999997e-03 -2.0341739500000000e-01 2.6048945500000000e-02 -3.6086310400000002e-02 -5.9222705100000002e-02 1.0143167300000000e-01 -1.8659946499999999e-01 3.5313497899999997e-02 5.8150446699999997e-02 -7.0227059100000003e-02 2.6911531999999999e-01 -7.1294931199999995e-02 7.9809573199999997e-02 1.1341855100000001e-01 5.0641799100000003e-02 -4.0071246800000002e-02 -8.6961843499999997e-02 3.0325844200000002e-01 1.5417901500000000e-01 3.1037920299999999e-01 -9.0820471799999997e-02 9.2207923100000005e-02 1.8000885699999999e-01 -2.8543143999999998e-01 1.2981118300000000e-02 1.2835130700000000e-01
1.8807943899999999e-04 -2.0939992200000000e-02 1.8145026900000000e-01 -1.4546115900000001e-01 -9.2324539900000002e-03 -3.8552662500000001e-01 -1.5646900300000000e-01 2.3765242100000000e-01 2.9807713999999999e-02 -6.3091103600000000e-03 -3.2188665999999998e-02 4.7711834300000000e-03 1.1732810900000000e-01 2.0818377400000001e-02 9.1577314500000007e-02 1.1103168900000000e-01 8.0720181500000002e-02 -3.7773536100000000e-04 3.8748270200000001e-01 -1.7254544699999999e-01 -3.1523861899999998e-02 -1.1481947400000000e-01 -1.5324495299999999e-02 1.8742401600000000e-01 5.4568556800000001e-02 4.8732078500000001e-03 -2.7456090799999999e-01 -9.8388633099999998e-02 4.2852921799999999e-02 3.5943523900000003e-02 6.6298451999999994e-02 3.0941735900000000e-02 2.5659600500000001e-02 -2.5877040699999998e-01 -7.2174122600000001e-02 3.2937290100000002e-02 1.2855316000000000e-01 9.0942697399999994e-02 -6.4962045999999996e-02 -7.0101523999999998e-02 -2.0731879800000000e-01 -9.2087117600000004e-02 4.8735547999999997e-02 -1.7867603400000001e-01 -2.5139936200000002e-01 1.0085020000000000e-01 -5.1818975400000002e-02 2.5178716800000001e-01 9.2622637300000005e-02 -6.8869060800000007e-02
1.0705461099999999e-01 5.2127878900000001e-02 8.3751260399999999e-02 -1.6715365600000000e-04 1.8097418400000001e-01 -1.2139404800000000e-01 2.5424984000000001e-02 5.7504612300000001e-02 -1.0380577600000000e-01 -4.1959620300000000e-01 -1.9780140900000001e-01 8.9860613499999995e-03 -2.0691749600000000e-02 -4.7568350999999997e-03 1.4794216199999999e-01 -1.3808368499999999e-02 -1.1704174400000000e-01 -1.8581046000000000e-02 -1.0999624199999999e-01 8.2838378399999996e-02 -2.3690397199999999e-01 -7.3240168600000002e-02 3.5350444600000003e-02 -7.5409430400000005e-02 -1.1039544400000000e-01 2.7914868799999998e-01 -6.2138590799999997e-02 2.6821378399999998e-02 -1.2412092199999999e-01 -6.4092676700000004e-02 -3.1108737000000001e-02 9.6580359400000003e-03 -3.2074499800000003e-02 -2.8738858600000000e-01 -3.2509729699999997e-02 -6.3775163200000002e-03 1.6309284900000001e-01 8.3587842800000006e-02 -2.7669605800000000e-03 -1.3685237600000000e-01 2.3516130499999999e-01 3.0010473700000001e-01 -6.9631848299999993e-02 1.3055230800000001e-01 7.1361549199999999e-02 2.5456038600000003e-01 1.5409476599999999e-01 -9.6539976499999992e-03 -1.4837500000000001e-01 2.0507360899999999e-01
-6.2447185000000002e-02 4.7094129600000000e-02 -8.6190925500000001e-02 -2.0949931199999999e-01 -1.7165083300000000e-01 -7.0525840300000003e-02 -4.6325688300000001e-02 -1.7176454400000000e-03 1.4652270800000000e-01 1.4135207899999999e-01 -1.2518361000000000e-01 1.5090660800000000e-01 7.5698854800000007e-02 -3.6625691500000002e-02 1.6866289400000001e-01 -1.6124353899999999e-01 2.2692553800000001e-01 -1.7821248900000000e-01 -2.4293554500000000e-01 1.0587486400000000e-02 8.4815762399999994e-02 3.5043142800000003e-02 2.2768283900000000e-01 -1.3531015400000001e-02 2.2629978400000000e-02 -1.3819248800000000e-01 1.8384798399999999e-01 -1.7351105200000000e-01 8.2981420400000006e-02 1.2879168299999999e-01 -2.7654376600000002e-01 1.8661481299999999e-01 -2.1502859799999999e-01 -3.0318510300000001e-01 -1.5921538299999999e-01 -9.6101037599999994e-02 -1.7005858900000000e-03 -4.7806271800000001e-02 -2.5923771400000000e-02 -1.6614129100000000e-01 2.5388690799999999e-02 1.9890049700000001e-01 -2.9831671300000001e-02 3.8099147100000001e-02 -3.2463714699999999e-03 -1.1874052600000000e-01 4.9627305800000000e-02 5.0569424100000003e-02 -1.1458731799999999e-01 -2.5560054799999998e-01
-3.1627410600000000e-01 -6.7160067599999998e-02 -1.4527011700000000e-01 -1.1064942600000000e-01 -4.2910519699999997e-02 -1.2564753200000001e-01 1.7866187000000000e-01 -6.7846882499999997e-02 -1.5751600800000001e-02 1.8337197399999999e-01 2.2048190700000000e-01 1.7980268599999999e-01 9.6618537800000001e-02 3.8253085300000003e-02 -1.9470159800000000e-01 5.2948747499999997e-02 1.1584296299999999e-01 2.3674396100000002e-02 -6.3967457599999999e-02 4.0550281200000003e-02 -3.0993825200000003e-01 1.4620812200000000e-01 9.1029804699999994e-02 3.9158629600000001e-02 -2.6204816700000000e-01 1.5351037700000000e-01 -7.2794230000000001e-02 -1.0242812599999999e-01 1.5198502799999999e-01 -1.4060133499999999e-01 -5.1837499199999998e-02 1.3472382499999999e-02 2.0985899399999999e-01 9.9785587400000000e-02 1.1550718200000000e-01 -1.3828088799999999e-01 1.5049476200000000e-01 1.0195546100000000e-01 1.0341567900000000e-01 -1.7609924900000001e-02 9.5252329499999996e-02 4.9660972999999997e-02 -1.6954937500000000e-01 2.3208614599999999e-01 -4.8272706800000002e-02 4.8511484600000002e-02 -1.5046503100000001e-02 3.0217252500000003e-01 1.3832330600000001e-01 2.9797444800000000e-02
-1.1062674700000000e-01 1.9907137400000000e-01 1.5507572999999999e-01 -7.3291504199999996e-02 1.3528112000000000e-01 -1.3641011800000001e-03 -5.7907771499999998e-03 -2.5982179200000000e-01 5.6416012100000003e-02 -8.6308799699999994e-02 1.1649857100000000e-01 -1.5101170500000000e-01 3.6970137499999999e-03 4.2773237999999998e-02 3.2501150899999998e-02 2.0945945000000001e-02 6.2851459400000004e-02 -5.7196997700000002e-02 -5.2881685799999996e-03 1.5151258600000000e-01 7.3843738800000003e-02 1.1314691700000000e-01 2.0680317600000001e-01 1.2875860200000000e-03 7.3340636099999995e-02 7.8724921099999998e-02 1.6204571400000001e-01 -1.7408953299999999e-01 -1.4840341900000000e-02 -9.7521564300000002e-02 -5.5860351400000001e-02 -3.4703211299999998e-01 -1.1514322600000000e-01 2.6862698599999998e-02 7.1159692299999994e-02 -1.0584495700000000e-01 4.1017037700000003e-03 8.8587806000000005e-02 -3.3195820900000000e-01 -1.6535879700000000e-01 3.8468165200000001e-02 -1.1738687100000001e-02 1.5388947800000000e-01 -2.8500748800000000e-02 -1.4995928600000000e-01 2.7097293700000002e-01 -3.0383865399999999e-01 -1.3706298400000000e-01 2.7646785600000001e-01 -6.8200461300000001e-02
-2.0069550799999999e-01 -7.5864267299999996e-02 -6.2107062400000003e-02 -2.5191750499999999e-02 -1.3941734300000000e-01 2.7504876099999997e-01 -1.3407133399999999e-01 1.6550990900000001e-01 4.9249471099999997e-02 1.1974961500000001e-02 1.0080825800000000e-01 1.5705240900000000e-01 3.4775526600000002e-02 1.8117176700000001e-01 1.2907426499999999e-01 5.2171346899999999e-02 -1.4075353500000001e-01 -2.7204536400000001e-01 8.0766474899999996e-02 -2.0753107900000001e-01 -1.1597016800000000e-01 -7.1721394499999994e-02 2.9886518099999999e-02 -2.8468659100000002e-02 1.4835631699999999e-01 -4.2544947499999999e-02 -7.7665205900000001e-03 1.0804838200000000e-01 1.1851217700000000e-02 -3.1070281799999999e-01 -3.3203153499999999e-02 1.0430764500000000e-01 1.0386787900000000e-03 -1.2140788499999999e-01 -1.3129599700000000e-01 -9.0056426999999994e-02 1.1009046900000000e-01 -1.1642245900000001e-01 -1.6294610500000001e-01 1.2097816900000000e-01 4.0880389300000000e-02 -2.4166728700000001e-02 1.6717970900000001e-01 3.1171154499999999e-02 3.5544903999999999e-01 1.2234291500000000e-01 -3.1644178400000000e-01 2.3921456899999999e-02 1.0955289000000000e-02 1.7325046399999999e-01
-9.5262380800000008e-03 -9.0287885200000001e-02 -1.0909021200000001e-01 8.6204544800000005e-02 1.6012327999999999e-02 -2.6893383999999999e-02 -1.0626763000000000e-01 -2.0858410599999999e-01 6.3793831999999995e-02 -2.4919461400000001e-01 -7.5441814600000004e-02 -1.7601254800000000e-02 4.5862635399999997e-02 1.0086562600000000e-01 -1.3685760399999999e-01 -2.9501814300000001e-01 2.2839354700000002e-02 -1.4734092900000001e-01 -2.4041262899999999e-02 1.2421370900000001e-01 1.2614798199999999e-01 -6.8816484299999994e-02 -2.4773587999999999e-01 -5.1359557399999999e-02 -2.8810554000000001e-03 -9.7251773000000000e-02 -3.6460445200000002e-01 -1.6863405600000000e-01 1.0127684600000000e-01 -1.6885416000000000e-01 6.9468566499999995e-02 -3.3546736600000002e-02 -3.5225894399999999e-02 -1.1809948900000000e-01 1.0709197500000001e-01 -3.7439175800000002e-01 1.2084871899999999e-01 1.3732184900000000e-01 1.0736034999999999e-01 1.4409196299999999e-01 -4.3608938299999997e-02 9.2831341199999997e-03 2.5173869700000001e-01 1.4405049900000000e-01 -7.3348551799999995e-02 -2.1818881200000001e-01 -1.9054470099999998e-02 -8.0331774999999994e-02 -1.1954970200000000e-02 -9.6658149999999998e-02
6.4323144900000004e-02 2.3045528600000001e-01 -1.1753015700000000e-01 -9.3591757900000003e-02 -1.3042672399999999e-01 2.1151287099999999e-02 5.2291215699999997e-02 2.0035548900000000e-01 -2.5688952500000001e-01 -4.3775954300000003e-02 -2.6436957700000002e-01 -5.6488423400000001e-02 -9.1142606200000004e-02 1.9144693199999999e-01 -4.3109553799999999e-02 2.2454555599999999e-02 1.6944716400000001e-01 -1.8960157599999999e-01 2.5493329199999998e-01 7.0184547500000000e-02 1.8581663900000000e-02 2.3878665399999999e-01 8.9202188599999996e-02 -1.1270291600000000e-01 -2.3523856100000001e-01 -1.8348560999999999e-02 -5.1020226900000000e-02 -2.1158881299999999e-01 2.7245645700000001e-02 9.5737712399999994e-02 3.4873257200000000e-02 -9.7272347400000000e-02 1.4603540200000001e-01 9.6192500799999997e-02 6.5518416400000001e-02 -1.4373912599999999e-01 -8.6879103200000002e-02 -1.6934891599999999e-01 -1.9989831100000000e-01 -5.3792961100000002e-02 2.1075463400000001e-02 8.4620306600000000e-02 2.8903756600000000e-02 -1.8285795599999999e-01 9.1462738200000004e-02 -2.6034582800000000e-01 2.5549299700000000e-02 6.0029458600000000e-03 -1.2194461500000000e-02 2.8605140800000001e-01
-8.4100873500000006e-02 1.1050644300000000e-01 -1.1231961100000000e-02 -4.8583076900000001e-02 4.3067930799999998e-01 1.9481827400000001e-01 -1.8385170700000000e-01 1.3220703600000000e-01 -3.8130310100000002e-02 1.6670992100000001e-01 2.0779487999999999e-01 3.2598878500000000e-01 -1.7948013600000001e-01 6.0440539400000000e-02 -6.1596705199999997e-02 -3.2045677100000003e-02 -2.3521751100000002e-03 8.0621984499999994e-02 2.1839899199999999e-01 2.5653537799999998e-01 1.8017460099999999e-01 1.5908202600000001e-02 -5.1867551999999997e-02 1.0126790900000000e-01 1.2329022000000001e-01 1.8871094799999999e-01 -1.0710295900000000e-01 -6.9231972500000002e-02 -1.5893672900000000e-01 2.8334567400000000e-02 -1.0057678400000000e-01 4.1070304400000000e-02 -4.7038885400000001e-02 -4.7992914400000003e-02 3.4852366000000003e-02 -1.0848468300000000e-01 -4.5565344399999999e-02 3.1646925700000002e-02 1.9427876799999999e-01 -2.4812358000000001e-01 -1.3082377200000000e-01 1.3991142700000000e-01 -1.2525897200000000e-01 -3.9216361399999997e-02 1.1574357800000000e-01 -8.1167818099999997e-02 -8.4273852199999999e-02 -4.9070109600000002e-02 -1.0105329600000000e-01 -1.0374784799999999e-04
-1.3724633800000000e-01 1.0193924700000000e-01 -3.4456437399999998e-02 2.7096953100000001e-02 -8.5851818900000001e-02 6.6766900399999995e-02 -1.1433821600000001e-01 2.6786944800000001e-01 -1.6424548899999999e-01 1.1110734900000000e-02 2.5024706800000001e-02 -2.1376149100000000e-01 8.5023418200000006e-02 2.6532014300000001e-01 1.2255906600000000e-02 2.0636711599999999e-01 -6.4739112000000001e-02 1.0756269400000000e-01 -4.6232319799999998e-02 4.1368677700000001e-01 -1.4050045899999999e-01 -2.2892714100000000e-01 -1.9650887000000000e-01 -5.3512860000000002e-02 8.1757529100000004e-02 -8.3453438699999993e-02 -7.2194647700000003e-02 -1.4671013499999999e-01 1.4000535700000000e-01 1.3453121200000001e-01 -1.9537927399999999e-01 -4.9117715200000002e-02 -2.2102970299999999e-01 2.3929446399999998e-02 -2.5810263100000001e-02 7.3276269899999996e-02 1.9548513599999999e-03 -1.9173474300000001e-01 2.3503961000000000e-02 2.2234871800000000e-01 1.7647486600000001e-01 4.4607427899999996e-03 -1.3347562600000001e-01 1.1064736800000000e-01 -1.4547518100000001e-01 6.0630908499999997e-02 -8.0889337199999994e-02 2.6400253799999999e-02 7.9370092600000008e-03 -1.4661660100000001e-01
-3.8487479999999998e-02 1.6754299900000000e-01 -1.7923481899999999e-01 -8.6922273100000003e-02 -3.0880019500000000e-01 -4.7518694700000003e-02 6.7722557700000005e-02 -1.3138844399999999e-01 -1.2788364099999999e-01 -3.4602999899999998e-01 6.0620883200000003e-02 6.5669832600000005e-02 -1.3364645600000000e-01 -5.2292568300000002e-02 2.6771461999999999e-02 2.1748485800000002e-02 -5.3545914200000003e-02 8.5271316799999997e-02 1.9292077599999999e-01 3.6668493699999999e-02 -4.5064030900000003e-02 1.0766548500000001e-01 4.0630440900000002e-02 -1.2840946700000000e-01 9.5721511499999995e-02 1.1881593400000000e-01 -8.8862796999999993e-02 5.5886392899999998e-02 -1.9550160300000000e-01 1.0001122100000000e-01 -1.4306253699999999e-01 1.2898356899999999e-01 4.3253471799999998e-02 7.4602680099999999e-02 7.5233225000000001e-02 1.9705333999999999e-01 3.0761301600000002e-01 2.0755638300000000e-02 -6.6250380400000003e-02 -8.7174592199999998e-02 -1.6271669100000000e-01 -1.9483688499999999e-01 -7.1511027800000002e-02 1.2673406400000001e-01 1.6673079399999999e-01 -1.0326050200000000e-01 -1.1500710400000000e-01 -8.0234048000000002e-02 -3.4952353200000001e-02 -3.7605259299999999e-01
-3.8890196699999997e-02 -2.1746367400000000e-01 -3.6245109900000000e-03 6.2514331300000003e-02 5.0376314599999999e-02 2.8377232000000000e-03 -1.6652552300000002e-02 1.2651328600000000e-01 -1.6627897200000000e-01 4.3909186800000000e-02 -3.7302204399999997e-02 -1.8151322700000000e-01 -2.8868115599999999e-01 -1.4007911000000001e-01 2.7662337700000000e-01 3.6732455499999997e-02 -2.5014022800000002e-01 3.2215930099999998e-02 -1.0247525600000000e-01 -1.1607884600000000e-01 7.0173134200000001e-02 2.2298630400000000e-01 -1.0881603099999999e-01 -1.1386603600000000e-01 -9.1797297900000005e-02 3.1902932299999998e-01 8.1180061700000000e-02 -2.1176253500000000e-01 1.6406074800000001e-01 -5.9297801100000004e-03 -1.4165775800000001e-02 6.6420294599999999e-02 -1.0541850200000000e-01 -9.7562131999999996e-02 9.2590412200000000e-02 -2.2035280900000001e-01 -6.5722726900000000e-02 -1.5498219299999999e-01 9.6072248700000001e-02 2.6238916700000000e-02 -1.5371732699999999e-01 -8.7257716599999993e-02 7.0800607799999998e-02 -3.6586292899999998e-02 1.2745644900000000e-01 4.5031717999999998e-02 8.3205054900000006e-02 1.3323796800000001e-01 2.8988436000000001e-01 -2.0705087699999999e-01
-3.6046459700000000e-01 -2.5450557800000001e-01 -6.0651337200000002e-02 2.7860082700000000e-02 -2.0782982500000002e-02 -1.7206693500000000e-01 1.5137634599999999e-01 -7.5571268600000005e-02 -5.5650462599999999e-02 -1.8633631400000000e-02 -4.8793300300000002e-02 -9.2700572100000003e-02 -2.7111209000000001e-02 -1.0496562000000000e-01 -1.2302670800000000e-01 9.8461521999999996e-03 -1.6055888399999999e-02 -1.5427949799999999e-01 9.0044362700000005e-02 8.8633899500000002e-02 -2.1582341299999998e-02 9.5335397099999997e-02 2.2024132399999999e-01 7.4981624600000005e-02 7.2679795500000005e-02 5.6895196199999998e-02 -1.1425705500000000e-01 2.0893922400000001e-01 -4.6899567900000001e-02 3.9336829299999998e-01 1.1712177500000000e-02 -9.9936335500000004e-03 -1.5634657699999999e-01 -2.0496252400000001e-01 7.0255454800000006e-02 -8.6638292400000004e-03 -4.7086725599999997e-02 2.4195046800000002e-03 2.6002376399999999e-01 1.7353070600000001e-01 1.3647493399999999e-01 4.0207951100000000e-02 2.1770584199999998e-02 -2.4197977700000001e-01 6.5249471000000003e-02 -3.0118607599999999e-03 -2.1606921700000001e-01 -2.2819109000000001e-01 5.8704549400000000e-02 1.3230199600000001e-01
2.4281224700000001e-01 -3.1799496199999999e-02 1.8312867299999999e-01 1.1763501900000001e-02 -7.5591122299999994e-02 -1.5561757100000000e-02 3.2095614900000002e-01 1.5848752799999999e-01 -1.0446119299999999e-01 1.0351259700000000e-01 -1.8601935900000000e-01 7.7320934300000005e-02 3.8160915500000003e-02 -4.3837811200000002e-03 7.3734955800000002e-02 1.3346811800000000e-01 5.8263060200000001e-02 -8.2736644499999998e-02 -9.1777014399999995e-02 3.0638282200000000e-01 1.0309060700000000e-01 2.7292041299999997e-01 -2.6040275900000000e-02 -3.5353128800000001e-02 9.5527527000000001e-02 -6.7692941600000001e-02 -9.3261729400000007e-02 8.6172885800000001e-02 -1.7419742700000001e-02 -4.4209530800000001e-02 2.8476881499999999e-02 1.4342709500000000e-01 -1.3917857100000000e-01 2.3071637000000000e-01 -2.1696594799999999e-01 -4.2994440500000002e-02 7.1135495699999995e-02 3.2979348500000000e-01 1.5788663000000000e-01 3.7058412600000000e-02 -1.5267546300000001e-01 6.4379692599999996e-02 1.8485786600000001e-01 9.8946058500000003e-02 4.8693055399999997e-02 1.5125949699999999e-01 -2.3350860700000001e-01 1.3734479999999999e-01 1.1346802600000001e-02 2.1282756800000000e-02
-4.6627311000000003e-03 3.9647351700000000e-01 -1.4943207100000000e-01 5.8327629399999997e-02 -8.3931438799999994e-02 5.3047906300000003e-02 1.1635247899999999e-01 1.9111821900000001e-01 2.6482708799999999e-01 -5.3907891899999998e-02 6.0535977199999997e-03 -1.6363715600000001e-01 -3.2339103700000003e-02 9.5269474699999995e-02 -1.4290803400000000e-02 -1.3490263699999999e-01 -9.5716482199999994e-02 1.3515725300000000e-01 -1.9305218599999999e-01 -7.4125888900000002e-03 3.0316184899999998e-01 -6.4742629999999995e-02 -5.2977712300000000e-02 8.4980917800000000e-02 -9.5663116899999998e-02 -1.8609477499999999e-02 6.7117127400000004e-02 -2.3564998000000000e-02 1.4038232900000000e-01 6.9947785499999998e-02 -1.6637257900000001e-02 1.5198110100000001e-01 3.0816921100000000e-01 -1.5644720500000001e-01 8.7520971899999994e-02 2.1626049899999999e-02 2.1622253499999999e-01 1.2779618700000001e-01 2.2338838499999999e-01 -1.9991563800000001e-02 4.9007682400000002e-02 -2.4482476300000000e-02 -5.1629286500000003e-02 -2.3756637600000000e-01 5.2650549700000000e-02 1.5984306800000000e-01 -1.7671013899999999e-01 1.3250982200000001e-02 1.4843135299999999e-01 1.0258176700000000e-01
-3.9009713100000003e-02 -1.8984442800000001e-01 1.2494207100000000e-01 9.4767874799999999e-02 -2.1119591600000001e-01 7.9014575000000004e-02 1.2246122500000001e-01 1.0207229499999999e-01 1.7287258500000000e-01 1.0095099200000000e-01 7.3933977200000005e-04 1.9515491500000001e-01 2.6418297400000001e-01 -3.6080029800000003e-02 1.3819912300000001e-01 7.4050116499999999e-02 -6.4574903300000000e-02 -6.7316113600000005e-02 9.6460455900000006e-02 2.2227875999999999e-01 7.1531728800000000e-02 -2.5431344600000000e-01 -1.8276037799999999e-02 -8.8294447499999998e-02 -3.4006223699999999e-01 1.3088131000000000e-01 -1.5937831499999999e-02 -1.4667304400000000e-01 -6.6492795699999996e-02 1.4285503999999999e-01 2.7641239099999998e-01 -8.2725394499999994e-02 1.2690560900000000e-01 4.1403836300000003e-02 -2.8148193500000002e-02 -1.3616610200000001e-01 1.2285248800000001e-02 -3.0237167299999999e-02 -3.4305767100000002e-02 -2.1539868800000000e-01 7.1988169800000001e-02 -1.4116785100000001e-01 1.8390357900000001e-02 -5.2778954800000000e-02 1.2890853299999999e-01 1.3262941600000000e-01 4.9200472199999998e-02 -2.7888415700000002e-01 -7.5564329099999994e-02 -2.1366374699999999e-01
-1.1497623500000000e-01 1.2387174099999999e-01 -4.8000328900000000e-03 2.7487707600000000e-01 1.5567305100000001e-01 -8.7007577700000005e-02 -1.2567432800000000e-01 -1.0301405399999999e-01 1.2663449400000000e-02 1.6598582400000000e-01 -2.4619761100000001e-01 -4.1770287800000000e-02 -7.4784670400000003e-02 2.0481705100000001e-02 1.9736478499999999e-01 1.4745349099999999e-01 -6.5103532399999997e-02 3.8787885800000002e-04 -1.6452873600000001e-01 2.1374236299999999e-01 -3.8260769399999998e-02 -2.1038602200000001e-01 4.4746644499999999e-01 1.9279491500000001e-01 -1.1045857500000001e-02 -9.3870496600000006e-02 -9.3645086599999997e-02 -7.5247624700000001e-02 -1.3935596000000000e-01 7.0392414000000000e-03 7.0056633699999996e-02 1.9939134800000001e-02 1.3654767600000001e-01 -2.7386094400000002e-02 8.2340067599999997e-02 5.0891482900000000e-02 1.0521012900000000e-01 6.8317281999999997e-03 -5.1442439999999999e-02 1.2452817800000000e-01 -2.3712759899999999e-01 -1.5809121400000001e-01 6.9536317200000003e-02 2.0416905799999999e-01 1.7495587400000001e-01 -1.6699410400000000e-01 9.2787821399999998e-02 8.1942812899999995e-02 8.0989394800000003e-02 8.0337384999999997e-02
1.5247833399999999e-01 1.2379992900000000e-01 4.2193246199999999e-02 8.4863417799999993e-02 -2.7108576499999999e-02 6.8080413300000003e-02 4.4619903599999997e-02 -1.4397818600000001e-01 -2.3290416500000000e-01 1.4843593999999999e-01 4.4171298200000000e-02 -3.3007948500000002e-02 6.8268050699999999e-02 1.7901341100000001e-01 8.6680967299999995e-02 -1.6251044700000000e-01 -3.9746837099999999e-01 -2.3275007600000001e-02 3.2338955099999997e-02 -1.4681770299999999e-01 -8.0473374799999997e-02 1.7737264200000000e-01 1.0239359199999999e-02 2.5073857199999999e-01 -1.6917852600000000e-01 -1.5640301800000000e-01 -6.3185707999999993e-02 1.0196799400000001e-01 -7.9613057500000001e-02 2.1426075700000000e-01 6.9734763899999996e-02 1.4591514500000000e-01 4.9068290099999997e-03 -1.4900801899999999e-01 -3.3020555600000001e-02 -2.4813102400000001e-01 -9.4962140200000003e-02 -5.1302989000000000e-02 -7.6452450699999994e-02 -1.0277257900000000e-01 -4.2706308800000000e-03 -7.9428207900000006e-02 -1.9901200899999999e-01 2.4671615299999999e-01 -2.4302935400000000e-01 5.2789378700000000e-02 -2.2556661700000000e-01 -6.6411648599999998e-02 -9.5365316699999994e-02 -2.2665475200000000e-02
-8.1462711100000001e-02 -9.0783951099999996e-02 2.9120343399999998e-01 -2.2659895199999999e-01 -1.6013097300000001e-01 -1.0100842500000000e-02 8.8549652499999992e-03 1.1323844400000000e-02 -2.2807751500000001e-01 7.9153178399999996e-02 -3.8407070600000003e-02 -2.9391293599999998e-03 -1.1934702100000000e-01 -1.8891508700000000e-02 -6.5617003500000007e-02 -2.0959668300000001e-01 -2.4519127199999999e-01 -1.7745699800000000e-01 1.9913058400000000e-01 1.5143704899999999e-01 2.7565805500000001e-01 -1.6032347899999999e-01 3.5466914900000000e-02 1.0334365399999999e-01 1.8226283099999999e-01 -2.6085530100000000e-02 2.0625826300000000e-01 6.3730074799999994e-02 1.7727367199999999e-01 -4.6978348699999999e-02 1.3533838300000001e-01 2.6576870700000001e-02 1.7731996300000000e-01 4.1426793400000002e-03 1.0925557000000000e-01 1.4684030900000000e-01 1.1974982600000000e-01 8.8619899799999999e-02 -4.6834772699999999e-02 9.9242863799999994e-03 1.6221282000000001e-01 2.2875080300000000e-01 -6.6156337300000007e-02 2.1942734000000000e-01 8.1931172699999995e-03 -9.6401133799999997e-02 1.6750735600000000e-01 1.5444232500000000e-02 2.0132044499999999e-01 -2.5274082600000001e-02
-3.3402648899999998e-01 -6.8810932699999994e-02 -2.0031117200000001e-01 -1.2264776600000001e-01 7.2464739500000003e-03 2.7416333900000001e-01 6.1361480300000000e-02 -1.0415162900000000e-01 -9.1651369199999999e-02 5.8004489600000000e-02 -1.7121191999999999e-01 3.0338405499999999e-02 -1.3690148799999999e-01 3.4766296400000000e-02 -4.0198894300000003e-02 4.0940296399999999e-02 3.7876448299999997e-02 -3.8174421299999997e-02 -1.4368490400000000e-01 -6.5507365900000003e-02 3.9709430699999999e-02 2.8193249100000001e-02 -2.6522542500000001e-01 7.8055458300000005e-02 -4.3282644900000000e-02 7.6152324300000004e-02 5.1478042400000000e-02 -2.2763381299999999e-01 -1.4006746500000000e-01 1.4270207700000001e-01 2.7660609400000002e-01 3.4669054899999999e-03 -1.2077042299999999e-03 -8.6872816600000000e-02 -2.1134866099999999e-01 3.0476053800000003e-01 1.7158767000000000e-01 1.8185670099999999e-02 -8.7226050499999999e-02 -1.8017335100000000e-02 -2.3315113600000001e-01 7.6608939400000006e-02 1.4832125700000001e-01 6.9344102099999999e-02 -2.8403553300000001e-01 1.1859084400000000e-01 2.7026760300000001e-02 -3.2562763699999997e-02 -7.7974781600000001e-02 1.2538277500000000e-01
-1.8010497200000000e-01 -9.4511555499999997e-02 2.6910671100000001e-03 2.1016585600000001e-01 1.0671247600000000e-01 -1.8403448100000000e-01 1.7856471600000001e-01 1.1479683200000000e-01 -1.2212018299999999e-01 -1.2040813600000000e-01 7.1261297499999997e-03 6.7344002799999997e-02 -1.3646444099999999e-01 -1.1358810299999999e-02 -2.3986471900000000e-01 -1.0344014700000000e-01 -1.5443054800000000e-01 -1.7024278200000001e-01 6.4095656200000004e-02 -7.7534829499999999e-02 1.4038460200000000e-01 -2.5142605600000001e-01 4.2732784000000003e-02 -2.5993638800000002e-01 -2.2524601100000000e-01 -3.2282238099999999e-01 1.1241433500000000e-01 -1.8576225299999999e-01 -1.4510227800000000e-01 -1.0712446700000000e-01 -2.5051784500000002e-01 1.3836879399999999e-01 -1.1891926200000000e-01 6.2723690499999998e-02 7.0918927199999995e-02 1.0416899300000000e-01 -1.7445376700000001e-01 7.6802556399999999e-02 -2.8021931300000000e-02 -1.1817380600000001e-01 -1.5373228300000000e-01 -8.5126094900000004e-02 -5.5695825599999998e-02 6.0266455999999999e-03 -4.6783328499999999e-02 1.8552060200000001e-01 -6.1173075399999999e-02 9.0237866400000005e-02 -3.3972608100000003e-02 5.1456334999999999e-02
2.6004574200000002e-01 -6.4851756199999999e-02 -3.9801056699999997e-02 -1.8721749500000001e-01 1.0746163000000000e-01 2.4120667100000001e-01 4.2088311599999997e-02 -1.5230628299999999e-01 -2.1565856799999999e-01 -7.4714565299999994e-02 1.7779052500000000e-01 -1.7270109299999999e-02 -4.6575001900000003e-03 -1.4257673900000001e-01 1.1296060300000001e-01 1.9248148900000001e-01 2.0374511400000000e-01 -1.2297556200000000e-01 2.4162610099999999e-02 2.8450237699999999e-02 1.1824435599999999e-01 -3.4536857999999998e-01 1.8945743900000001e-01 -1.6643068000000000e-01 -1.1504781100000000e-01 8.2206446000000002e-02 1.0238136100000000e-01 5.5246384000000003e-02 -5.3851470299999997e-03 3.9783315399999998e-02 2.6567411999999999e-02 2.5526395099999999e-01 8.2378933999999997e-03 -3.8011157300000001e-02 1.1534550200000000e-01 -1.2699845600000001e-01 1.7935990099999999e-01 -1.3552459100000000e-01 1.4363028799999999e-01 7.5202723700000002e-02 5.3611476300000002e-02 -1.2533829599999999e-01 7.3640184900000002e-02 -3.0468408100000000e-02 -3.0443235800000001e-01 -7.1509237200000006e-02 -1.6149930400000001e-01 1.2348424400000001e-01 1.2554144099999999e-02 1.2169383100000000e-01
-1.3106662199999999e-01 -1.4146262099999999e-02 2.9120876000000000e-02 -2.2262203400000000e-01 -3.4263964599999999e-03 9.3026393499999992e-03 -7.5686932200000001e-02 1.6660222699999999e-01 5.7018245900000000e-02 -1.3205697000000000e-01 7.6503142900000001e-02 -1.5762662999999999e-01 -2.9429562100000001e-02 -1.2535146599999999e-01 2.3164219799999999e-01 -1.0884250099999999e-01 1.0867212800000001e-01 6.4036086100000000e-02 -4.3681945200000002e-02 3.6959240900000002e-02 -2.0840601600000000e-01 -7.0921992099999998e-02 -1.2508496999999999e-01 -3.8620565799999999e-02 2.2586381300000000e-02 -5.9006261999999997e-02 1.2857930800000000e-01 -1.3897560500000000e-01 -3.6170503300000001e-01 4.3369287200000002e-02 1.5847630600000001e-01 1.6793639299999999e-01 1.4267086300000001e-01 1.9690041900000000e-02 -2.5273036600000000e-02 -9.7763395300000000e-02 -3.5782428100000002e-01 3.8989381200000001e-01 -3.5070811200000003e-02 1.1374854500000001e-01 9.2299373700000006e-02 -4.2272317800000000e-02 -1.1310409900000000e-01 7.5556784000000002e-02 2.6837765300000000e-02 -2.2286728400000000e-01 -1.7150247900000001e-01 -4.8916031200000000e-03 1.4024959700000000e-01 3.2193541300000003e-02
1.3589425099999999e-01 1.3010695000000000e-01 -3.5948532400000000e-04 1.8666109199999999e-02 6.6949136500000006e-02 -1.7460478799999998e-02 9.7516616599999995e-02 6.5089990400000006e-02 1.9444530700000001e-01 7.6497671300000000e-02 1.1148477100000000e-01 -1.9612499999999999e-01 3.3496128399999998e-02 4.8781450900000000e-03 -4.1433708000000002e-01 1.1147617899999999e-01 2.9543379500000001e-02 -2.4721060100000000e-01 4.1677149200000001e-03 -2.9623452900000001e-03 1.7330255899999999e-01 -1.5405914600000001e-02 1.4050255800000000e-02 5.8788126800000000e-02 -9.2675589200000005e-02 4.1062134800000000e-01 -1.1228155300000001e-01 1.7898916599999998e-02 -1.1185237200000001e-01 4.1678288299999998e-02 -6.5086871100000004e-03 2.6869695199999999e-01 -6.0837811600000000e-02 -1.3958976900000000e-01 -1.4365318999999999e-01 5.7611078699999999e-02 -1.7690306100000000e-01 -2.4053546600000001e-03 -3.0501808899999999e-01 2.3316178200000001e-01 1.6536650500000000e-02 -4.7374062900000001e-03 4.2180782999999998e-03 1.9437967900000000e-01 8.1950807099999995e-02 -2.0225287200000001e-02 7.8183885100000003e-02 6.6632007599999998e-03 5.1781197799999998e-02 -1.1604267000000000e-01
9.4160931700000006e-02 -3.1383172000000001e-02 -8.3822638899999996e-02 1.2037253700000000e-01 1.9126766500000000e-01 2.0959459199999999e-02 6.2990800000000000e-02 -1.3192787000000000e-01 8.0440958000000007e-02 2.5127798699999999e-02 6.2203022099999998e-02 -6.1938240600000000e-02 -7.5744264500000004e-03 1.0588712300000000e-01 1.0342549500000001e-01 -3.4289805999999999e-02 -7.7208085100000004e-02 -1.4216147000000001e-01 2.7320768099999998e-01 -1.0968369400000000e-01 1.2723669800000000e-02 1.0223923700000000e-01 1.4005696300000001e-01 -1.9932039500000001e-01 2.2065029300000000e-01 8.3856818899999998e-03 4.2349371699999999e-02 -3.7988745000000002e-01 9.4611137499999998e-02 1.4811917299999999e-01 -5.9736734800000003e-02 -9.6068448299999998e-02 1.7214810300000000e-01 2.2992623300000001e-02 -4.2707025100000001e-01 7.4483420499999994e-02 7.5955952800000004e-02 1.4023461100000001e-01 2.1609407700000000e-01 9.6438747399999997e-02 2.6794665600000001e-01 -2.1855423900000001e-01 -7.9780226999999995e-02 1.0102471500000000e-01 1.2127396000000000e-02 1.6442147000000001e-02 9.8229921200000000e-02 2.6902124999999999e-02 -6.2224650399999998e-02 2.4588968800000000e-02
-1.2789743200000001e-01 9.9459628600000002e-02 2.7913313900000000e-02 4.7885470299999999e-01 -2.1859493099999999e-01 2.6298541900000000e-01 -2.1008832299999999e-01 -7.5220516299999998e-02 -5.6988995500000000e-02 3.5967323299999999e-02 -5.0479507000000000e-02 2.4204095700000001e-02 4.9947532500000001e-03 -1.2451227700000000e-01 1.7561957300000000e-01 -8.5471397099999999e-02 1.5080640200000001e-01 4.9144920800000000e-03 2.0061200700000001e-01 -9.0081071600000007e-02 1.5471748900000001e-01 3.2531538100000000e-02 7.8235946500000000e-02 -6.1124025999999998e-02 -2.0733548800000001e-01 1.4889614500000001e-01 -8.5948356899999995e-02 9.4260090099999999e-02 -2.8981499599999998e-02 -6.5190770800000006e-02 2.8428353799999999e-03 -7.0012622799999993e-02 -1.5006546800000001e-01 1.3921983200000000e-02 1.4799927899999999e-03 1.1329942500000000e-01 -3.3653795200000003e-02 2.5177168599999999e-01 -1.1924720999999999e-02 1.4514249500000001e-01 1.3089398299999999e-01 2.4707150600000000e-01 -1.5623521500000001e-01 -6.9854437300000002e-02 -1.4041066299999999e-01 -6.6286812299999999e-03 -6.2807531500000000e-02 2.3555955600000000e-01 -1.7718700299999999e-03 -1.0111338000000000e-01
-1.1012805400000000e-01 1.1393395500000000e-01 1.6836453900000001e-01 1.4395462000000001e-01 -1.7055991900000000e-01 -5.1121958999999998e-03 1.2287190700000000e-01 6.3368044999999998e-02 3.6430104300000002e-02 -1.7763829500000000e-01 3.5028167900000001e-01 9.9922352699999994e-02 9.6363141900000004e-02 7.7732910800000000e-04 1.9822665100000001e-02 -7.0003486599999998e-02 -2.1847258899999999e-01 1.3894556699999999e-01 -2.3207307500000000e-02 7.7518707000000006e-02 -6.2220856800000002e-02 -5.3834489200000002e-02 3.1579512300000001e-02 -6.0440728199999999e-05 -3.5149624499999997e-02 1.7531681299999999e-01 1.5877521700000000e-01 3.7743970299999999e-02 1.3321933399999999e-01 1.8574470500000001e-01 -1.2649374399999999e-01 -9.4426491000000001e-02 -1.0920082500000000e-01 -5.4898774700000000e-02 -2.0125266999999999e-01 -2.0902233999999999e-02 -4.5790720500000000e-02 6.0662388800000001e-02 -2.4922130500000000e-02 -7.1475962000000004e-02 -1.7463465500000000e-01 -1.8670033600000000e-02 3.5671588399999998e-01 2.4603028400000001e-02 -9.7656952800000002e-02 -3.6869932300000002e-01 8.9679949600000003e-02 1.3613165799999999e-01 -3.7702107100000000e-02 2.8420303000000002e-01
-9.2619615599999996e-02 2.1330644800000001e-01 3.0008205800000000e-02 6.4384704399999999e-03 2.0871222400000000e-01 -4.1426454299999999e-02 -3.0150978699999997e-01 2.0862177800000001e-01 3.3881274500000003e-02 -7.7992682699999996e-02 -1.3993695700000000e-01 1.1790943100000000e-01 -5.4840297100000003e-03 -1.0629311000000000e-01 -1.2114011099999999e-01 -8.1447204300000006e-02 2.0199680099999999e-02 -4.1583024500000003e-02 5.6630403400000001e-02 -7.9071043199999996e-02 -1.8827559499999999e-01 3.3123823699999999e-02 1.3354771800000001e-01 -2.4784884900000001e-01 -1.7176437999999999e-01 -1.0434318600000001e-02 1.1244102100000000e-01 2.2135392600000001e-01 2.4396957000000000e-01 1.0651655000000000e-01 1.1931806000000000e-01 1.0287494599999999e-01 1.0607723300000001e-01 1.7210473700000001e-01 -2.1105657500000000e-01 -1.0469979700000000e-02 3.5364987300000000e-03 -6.9336287600000004e-02 1.4907878599999999e-01 7.0254378100000001e-02 -1.3389429400000000e-01 9.9229601700000003e-02 1.4668738800000000e-01 1.8925026500000000e-01 -1.5894072300000001e-01 4.8933480400000000e-02 -8.3409765100000005e-02 -2.8101722600000001e-01 1.8043640300000000e-01 -1.6976018000000001e-01
2.3328344599999998e-02 2.4457747900000000e-02 -2.9456068499999999e-01 -3.3663163499999998e-01 8.5789216000000001e-02 -7.5004666299999995e-02 -5.7373211700000003e-02 -2.6175022100000001e-02 8.6418749500000003e-02 1.1350033700000001e-01 4.9000091599999997e-02 -1.7066099200000001e-01 4.6842925500000000e-02 1.2923872400000000e-01 -1.3428824100000000e-02 8.5836870800000006e-02 -3.4904952600000000e-01 1.3569954000000001e-01 1.1765003800000000e-01 -1.4557284500000000e-02 1.0950714200000000e-01 -3.7253825599999998e-02 1.5206645499999999e-01 -1.6044999300000001e-01 -2.4415959600000001e-01 -1.1453140800000000e-01 6.4238556500000002e-02 1.4165273800000000e-01 -1.9868117699999999e-01 -1.2464238700000000e-02 1.6151721099999999e-01 -2.1964768900000001e-01 -1.6090185400000001e-01 3.6247959300000000e-02 -4.8526625699999999e-02 -4.1127565700000000e-02 4.8311054899999997e-02 1.2583556400000001e-01 7.3694027400000001e-02 9.6716941900000006e-02 2.9555005799999999e-02 2.1983091199999999e-01 2.0098802800000001e-01 -5.6028700399999999e-02 9.6825128999999996e-02 -2.2645361499999999e-02 3.5981344999999998e-02 2.4047172100000000e-01 -1.3255508199999999e-01 -1.8036460400000001e-01
-6.7536631400000005e-02 1.8126195800000000e-01 -1.8225298099999999e-02 -7.3820844299999994e-02 -5.3417856600000001e-02 9.2743551699999996e-02 -1.0383747000000000e-01 1.5117526799999999e-02 5.7212733900000000e-02 -2.1742290700000000e-01 3.7177957499999997e-02 1.0978448999999999e-02 9.1625005900000001e-02 -2.6919131099999999e-01 -9.4658301299999997e-02 2.2067673300000001e-01 -1.9995813000000001e-02 -9.3091796599999999e-02 -8.1983048800000000e-02 -1.5980878400000001e-01 1.7420944699999999e-01 -8.6418746999999997e-03 -1.1612423000000000e-02 2.4278055699999999e-02 6.6517936700000002e-02 -1.8695433000000000e-01 -2.0226302600000001e-01 -6.6955970200000006e-02 8.7328433699999999e-02 1.9685972099999999e-01 2.7254223599999999e-01 -9.1610007699999996e-02 -3.1969262199999998e-01 9.9731649399999997e-02 -1.3886749800000001e-02 -6.5056988100000004e-02 -3.5566866400000001e-02 -5.3502187100000001e-02 1.0865206800000000e-01 -2.7471241800000001e-01 8.0717913399999994e-02 -6.9049407199999996e-02 -1.8440417100000001e-01 2.5421859000000002e-01 1.9796789800000000e-01 2.0917491600000001e-02 5.2176271800000000e-02 1.7951057100000001e-01 1.8993033400000001e-01 1.7010344399999999e-01
-4.7394374599999997e-02 -1.1785797000000001e-01 2.6018895199999997e-01 2.6353899900000002e-02 1.1671135900000000e-01 -1.0705241900000000e-01 -1.5795187499999999e-01 -1.7386528800000001e-01 2.4955349099999999e-01 -5.4128986499999997e-02 -1.4080805800000001e-01 1.1102421899999999e-01 9.5946077399999996e-02 3.2861793400000000e-01 -8.2761872700000006e-03 4.6235574400000000e-02 2.5239478900000001e-02 2.0330118599999999e-01 9.8360393099999999e-02 -3.7131260200000002e-02 7.3815901899999994e-02 1.7645331100000000e-01 -9.7952252700000006e-02 -1.4552251699999999e-01 -6.7880723700000006e-02 3.9595525100000001e-02 2.4549978200000000e-01 -1.0989491500000000e-01 5.5874572200000000e-02 2.0123802299999999e-01 1.2745664500000001e-01 3.3689398100000001e-01 -1.9700475500000000e-01 8.4188679200000005e-02 2.7982992000000001e-01 6.9677975300000000e-02 1.4864987700000001e-01 -2.3818661000000001e-02 -9.2905758899999996e-02 8.9811243700000001e-02 8.4090548299999998e-02 -2.8513881599999999e-02 -1.6061483900000000e-02 6.3029626699999994e-02 1.0776701900000001e-01 -5.9159282399999999e-02 -1.3101668399999999e-01 1.0240488500000000e-01 -7.2572269600000003e-02 1.3273850400000001e-01
