# CEC 2010 F10 shift vector (D=1000)
4.0113759399999998e+00
-4.0800719299999999e-01
1.6447905199999999e+00
-2.4428769600000000e+00
1.5845201799999999e+00
6.6071557299999994e-01
2.9875255200000000e-01
4.2872973400000003e+00
8.9207950499999999e-01
2.3914734100000001e+00
2.9572004600000001e+00
-1.7332012400000001e+00
-2.6176422000000001e+00
-3.0889450500000000e+00
-5.5575150600000001e-01
-4.6727118100000000e+00
-4.7799421500000001e+00
-2.2170708700000001e+00
1.2661172900000000e+00
-4.4392102000000000e-01
-1.0918300100000000e-01
-1.4287251999999999e+00
-3.2155578800000000e+00
7.8281931900000001e-01
-3.2283695300000002e+00
1.2918180699999999e+00
4.9938646400000000e+00
-3.9419758800000002e+00
-1.6697927699999999e+00
4.4888673199999998e+00
-4.2110417599999996e+00
2.8895203700000001e+00
-7.2632118499999998e-01
3.4037858700000001e+00
-4.5972660699999999e+00
1.8168572199999999e+00
4.7791994000000004e+00
-1.3722794000000000e+00
2.3923471299999999e-01
3.4762680700000002e+00
1.2894022599999999e+00
-4.8240367099999998e-01
-4.9619398400000003e+00
-1.7139118400000000e+00
2.9953048299999998e+00
2.4065177400000000e+00
-4.7722481999999999e+00
-1.5209108700000000e+00
3.5329446600000001e+00
4.8646193999999996e+00
-4.2654607999999996e+00
3.0154530099999999e+00
2.4683072699999999e+00
-1.2597555499999999e+00
-2.0771041900000000e+00
3.6165686199999998e+00
-3.6151899799999998e+00
-9.3954604900000005e-01
-3.3500653499999999e+00
3.2531641300000000e+00
9.1073278000000002e-01
-1.0669170500000000e+00
-1.9858382999999999e+00
9.2537086000000002e-01
4.9490575100000003e-02
-1.8835890500000001e+00
-1.6016576400000000e+00
2.4676986900000002e+00
-4.3162066199999999e-01
-2.5864879099999998e+00
-3.0413330999999999e-01
-3.4469276700000000e+00
2.0009180400000002e+00
-4.1421139599999997e+00
-1.3051796499999999e+00
-2.1558977000000001e+00
-1.8808470600000000e+00
-2.9137894300000000e+00
-4.1109912999999998e-01
9.8556719699999995e-01
-4.8289781100000004e+00
5.1261004899999997e-02
4.8881692799999998e-01
-2.4218346300000002e+00
-3.5699260100000001e+00
-1.3823139600000001e+00
3.1149682300000001e+00
6.4921651499999999e-01
-7.1653286800000004e-01
1.9106559299999999e+00
-4.9045228300000003e+00
3.5608584699999999e+00
-7.0503207099999998e-01
-3.4969358200000000e+00
2.3981196400000000e+00
-2.8253177799999998e+00
3.8617872100000001e+00
1.4113915100000001e+00
4.5986340300000004e+00
-3.2782461399999998e+00
4.1829492200000002e+00
1.3594856799999999e+00
-4.6138315499999999e-01
-3.3673430799999999e+00
2.7617187500000000e+00
1.5971763200000000e+00
-7.5382788700000003e-01
-3.8670463900000001e+00
-3.7226281399999999e+00
6.8738826900000005e-01
-1.3629092300000001e+00
2.1952847700000002e+00
3.4802484200000001e+00
4.7883065299999998e+00
-1.3244169800000001e+00
2.8832637300000002e-01
9.7665481200000001e-02
-4.7181796000000000e+00
-4.4816861899999996e+00
-2.9329433599999999e+00
4.6105088399999999e-01
1.0439632200000000e+00
-2.6822880599999999e+00
-4.8385366500000000e+00
-1.6330104299999999e+00
3.5929252599999999e+00
-3.1045912599999999e-02
-3.6667746900000000e+00
-5.0362263299999999e-01
-7.7041892899999997e-01
5.6779843500000005e-01
-4.6579449000000004e+00
2.7396828700000002e+00
6.3930624000000003e-01
4.9410021000000004e+00
3.1424175000000001e+00
9.4133267799999998e-01
4.8432012400000000e+00
-4.6432408399999998e+00
2.7423609799999999e+00
-4.1349732000000001e+00
7.5927864400000000e-01
4.6835848999999996e+00
-4.1946092699999998e-01
-4.8268992099999997e+00
3.4927728199999999e+00
-2.6620093900000001e+00
2.2305796700000000e+00
3.8694090800000001e+00
5.2724688600000003e-01
2.5162254900000001e+00
-4.2557105599999998e+00
8.1362171500000002e-01
8.0300025300000000e-01
2.9717963400000000e+00
2.3167631200000001e+00
-1.9440563799999999e+00
-5.9725859299999995e-01
-3.9297882999999998e+00
-1.3740277200000001e-01
1.3606754900000000e+00
-1.5043921300000001e-02
3.1917002999999999e+00
-4.9024952400000004e+00
1.4490819200000000e+00
-2.6828007899999999e-02
-2.5348826600000002e-01
-2.1335345299999999e+00
2.5269039300000000e+00
2.1676248199999999e+00
3.8115663099999999e+00
2.9906890300000000e+00
2.9445889599999999e+00
2.6198525600000000e+00
4.9995820200000002e-01
8.1786319600000001e-01
-6.9028832900000003e-02
1.8235230000000000e+00
1.0350323100000001e+00
-1.1651438900000000e+00
7.7394980000000002e-01
-8.3436251900000002e-01
-1.2673200300000000e+00
-3.6153794900000000e+00
-1.7730315500000000e+00
-2.4802684300000002e+00
3.5797453500000000e+00
-1.9612854399999999e+00
-2.2526041299999999e+00
4.3973022700000000e+00
-4.7242918200000004e+00
-4.3314072399999999e+00
-1.2761967100000000e+00
-2.4682611099999998e+00
-1.3691443000000001e+00
-2.8361687700000000e+00
-4.0468551200000000e+00
-1.9928577800000000e+00
2.3897547200000000e+00
-4.4535682899999998e+00
4.6378197799999998e-01
-3.0760142099999999e-01
8.5308487700000002e-01
-1.3639386200000001e+00
-4.7740752000000004e+00
-9.0782421800000002e-01
3.0201301100000002e+00
-3.1058505900000002e+00
2.0431848700000002e+00
-2.4667371600000001e+00
3.5697292599999999e+00
2.4542323499999998e+00
3.2884701799999999e-01
3.8782552400000001e+00
-4.7641173999999999e+00
1.0780209300000001e+00
-3.7723153800000002e+00
1.2438931900000001e+00
-8.2543132699999999e-01
1.6532365499999999e+00
-3.7693364299999998e-01
-1.2562923500000001e+00
2.3833446600000001e+00
4.8507425800000004e+00
-4.1527047399999999e+00
6.3137199700000002e-01
-7.6787485099999997e-01
-3.1593630700000003e-01
-2.8471982300000001e+00
-4.4724876599999996e+00
1.9741668699999999e+00
4.6273166500000000e+00
2.0941137300000001e+00
1.4780148099999999e+00
3.6781869299999999e+00
2.1941175700000001e-01
-1.9144071800000000e+00
2.7127834700000002e+00
-3.6342185499999999e+00
1.7836116099999999e+00
2.7601433399999999e+00
-1.7888402699999999e+00
3.0133217499999998e+00
1.5253309799999999e+00
-4.3655172300000000e+00
-3.2843601400000000e+00
-3.5588366499999999e+00
1.3906699600000001e+00
-3.8537007800000000e+00
2.7449048700000001e+00
-4.2698748599999998e+00
-4.3149910499999997e+00
2.4982463500000001e+00
-1.2135459799999999e+00
1.5798283700000000e+00
1.2172067200000001e+00
5.9161919200000002e-01
-2.6282465600000000e+00
1.2129431200000000e+00
-4.5802921000000003e+00
3.3801042799999999e+00
-2.4827145599999998e+00
3.7156692699999998e+00
2.4645498500000000e+00
-1.0868180500000000e+00
1.8046933000000001e+00
7.4839455200000005e-01
6.6395955699999998e-01
4.1888687700000000e+00
1.0127723700000000e+00
3.1538108700000000e+00
3.2301539099999999e+00
3.9537388600000001e-01
3.8551575100000002e+00
1.8676433299999999e+00
2.3349298499999999e-01
2.4451829799999998e+00
1.7518869600000000e+00
-3.4391345400000000e+00
-4.1761301000000000e+00
-3.8194971799999999e+00
-4.3894449199999999e+00
-7.8431057500000001e-01
2.2946851200000000e+00
3.9883307499999998e-01
1.7613743799999999e+00
7.8998742899999996e-01
2.0623275200000002e+00
1.7880546300000000e-01
4.3543366700000004e+00
3.1333644899999999e+00
-2.9310040300000000e+00
2.9720670199999999e+00
7.2043051300000005e-01
-9.4891112600000005e-01
-3.6644992699999999e+00
-1.8001606999999999e+00
4.1316152700000002e+00
1.0649294199999999e+00
-8.2650920600000000e-01
-1.2357761300000001e+00
1.6880209399999999e+00
-8.8745412300000004e-01
3.4132360799999999e+00
1.3691188000000001e+00
-4.2447333100000000e+00
3.3249110700000002e+00
-2.1525576300000000e+00
-2.5490108899999999e+00
1.5364144399999999e+00
1.5129195600000001e+00
5.3506084799999998e-01
-8.4605428199999999e-01
3.5921758300000000e+00
-1.6181211499999999e+00
-3.9337444200000000e+00
1.9312361000000000e+00
-9.8979376799999996e-01
4.6869930799999997e+00
-3.8955693700000000e+00
4.9714393499999998e-01
-2.6100462099999999e-01
-2.9597949899999998e+00
2.2378393300000000e-02
-3.9146179399999999e+00
2.8513042799999999e+00
-3.6687747599999998e+00
2.3066559500000001e+00
4.8855471200000000e+00
-5.3549580500000005e-01
-9.3816224299999995e-01
-2.5001123299999999e+00
-1.7492262700000001e+00
-1.5615091600000000e+00
4.4515377000000000e-01
-7.6987662400000001e-01
2.7109556200000000e+00
1.8320067700000000e+00
-2.4053574200000001e+00
1.7602377600000001e+00
2.2570184100000001e+00
-4.3482518800000003e+00
3.1267624500000002e+00
-3.9248687699999998e+00
-1.5906762800000001e+00
-8.3729523600000000e-01
2.9599977300000000e+00
-3.5630583200000001e+00
-3.3459557700000002e+00
-2.0130340599999998e+00
-1.9164030999999999e+00
1.7327647399999999e+00
2.9246870400000002e-01
-4.3428253799999998e+00
-4.0536132900000004e+00
-4.6374834099999998e+00
-1.4788269500000000e+00
3.0316897900000002e+00
-2.0364431599999999e-01
-3.9704866299999999e+00
1.8534039700000000e+00
-3.6036623200000002e+00
-1.9154184999999999e+00
1.5572771400000001e+00
-9.2391428700000000e-01
-5.5097863000000002e-01
-1.1452789800000001e+00
-3.1916752499999999e+00
-2.9404679400000000e+00
-3.2731551900000000e-01
2.9985491600000000e+00
-2.6216740500000002e+00
-2.3709583099999998e+00
1.4878697100000000e+00
3.1795023699999998e+00
-3.7120332000000000e-01
-4.8860391500000002e+00
-3.0781112799999999e+00
3.3387381600000001e+00
3.5539212999999998e+00
7.3144307700000000e-01
-3.7208803300000000e+00
2.6658387099999997e-01
-3.4066805400000000e+00
-2.4050534500000000e+00
1.4837698500000001e+00
5.4119510500000001e-01
1.8446399600000001e+00
4.9519890599999998e+00
-3.2754867500000001e-01
-4.9069442900000002e+00
2.4117711300000000e+00
-5.1387675000000001e-02
-1.8929080400000000e+00
1.4127190999999999e+00
-3.7464408300000001e+00
-2.3948888799999999e+00
-3.0629664299999999e+00
-2.4545620700000002e+00
-1.5140570300000000e+00
-1.9034356400000001e+00
8.0432496499999995e-01
-1.1810563199999999e+00
-4.7581029399999997e+00
6.6119264799999999e-01
-1.1866087999999999e+00
3.3277975600000000e+00
4.0266470099999996e+00
4.2590852799999999e+00
-3.4761925199999999e-01
3.9467295800000000e+00
8.0494835499999995e-01
-1.2919071000000000e+00
-1.7687058899999999e+00
-7.1465794400000004e-01
-6.8495906500000003e-01
3.6427927100000002e+00
-3.0291294799999999e+00
1.4877422000000000e+00
-1.7242217600000001e-01
-1.1229388000000000e+00
-4.4536552900000004e+00
-4.1169130200000001e+00
4.5628512499999996e+00
-1.5847325699999999e+00
3.7078868100000002e+00
-3.4554091400000000e+00
-9.2472993100000000e-01
-2.7003201699999999e+00
-1.0769123300000000e-01
3.2264240100000001e+00
3.8725971800000001e+00
2.2874492800000001e+00
4.7950003900000002e+00
-1.4157572899999999e+00
2.9073602500000001e-01
-2.3760426400000001e+00
8.3318395300000003e-01
-8.4097396400000002e-01
-1.2688643100000001e+00
-5.0130381099999999e-01
2.8857937200000001e+00
6.5486422499999997e-01
1.7202224100000001e+00
4.4708779400000003e+00
-3.7639614099999998e+00
-1.4613875800000000e-02
-3.1725721899999999e+00
3.0812661200000000e+00
3.5467727299999998e+00
-8.6980423600000001e-01
-3.2306646900000002e-01
-4.1034654499999998e+00
-2.7467632300000000e+00
-2.8155607499999999e+00
9.6313965700000004e-01
4.6140337200000001e+00
6.0129705400000000e-01
2.3321263999999999e+00
-2.7238786600000000e+00
-3.9593011100000002e+00
3.0601946600000001e+00
4.7523768500000001e+00
-2.2845043700000001e+00
-4.1372246600000002e+00
3.3430298999999999e+00
-1.9783049699999999e-02
1.0563600700000000e+00
2.9548384400000001e+00
-3.1965414000000001e+00
1.3666000199999999e+00
-3.0276458200000000e+00
-4.7984920400000002e+00
3.6042923199999999e+00
-1.3473692799999999e+00
2.0894083499999998e+00
3.2412599400000000e+00
1.8821056400000000e+00
-4.8161322000000002e+00
2.8734306699999999e+00
4.7661821800000004e+00
-3.1641588199999999e+00
-1.2683741700000000e+00
-2.2976053900000002e+00
-1.3018121800000000e+00
-4.1094075600000002e+00
-4.9747488200000001e-01
-3.8089353600000000e+00
2.4722502099999999e+00
-1.3062276300000000e+00
-9.9198981699999994e-02
9.5265852100000004e-01
-4.2840343799999996e+00
4.6787384300000001e+00
4.2822515100000000e+00
2.6856382399999998e+00
2.2206660800000000e-01
-2.2273893999999999e+00
2.9922886100000001e+00
-1.7204511800000000e+00
-1.2575696100000000e-01
-1.8638093100000000e-01
-2.5370267900000001e+00
1.9762681200000001e+00
-9.7879748600000005e-01
3.6944755800000002e+00
2.2151480299999999e+00
-4.2713969699999996e+00
1.5381260900000000e+00
-1.3202056799999999e+00
1.5880461900000000e+00
2.6648610300000000e+00
-3.0955452700000001e+00
-1.5779852000000001e+00
-3.2004590899999998e+00
3.2181213400000002e+00
-3.1477696900000001e+00
1.2358048900000000e+00
2.3141942099999999e-01
-5.8763957999999998e-02
2.0458750399999999e+00
2.8981505799999998e+00
-1.8621921100000001e+00
-3.0898111600000000e+00
-3.6906323200000002e+00
-8.6896953499999996e-01
2.3843925399999999e+00
-4.9643909800000001e+00
-5.7121725599999995e-01
-4.3401191499999996e+00
1.1211517799999999e+00
-4.2571943900000004e+00
-2.2717806399999998e+00
1.4529227700000000e+00
-1.7781548700000001e+00
-4.6969498700000001e+00
-4.6839241600000001e+00
4.2879004399999996e+00
-1.1800986800000000e+00
4.2603065000000004e+00
4.5335556099999996e+00
-3.5926588000000002e+00
-1.9230976000000000e+00
-2.8124210199999999e+00
-9.8411577400000005e-01
-9.2015469999999999e-01
1.2926414799999999e+00
4.7644834700000001e+00
3.9921928800000002e+00
-3.1417283600000001e+00
4.0557198000000003e+00
-2.0256974699999999e+00
1.7013719100000000e+00
-3.9110943400000000e+00
-2.7290574400000001e+00
1.7036022500000001e+00
-1.7862106400000000e+00
2.6343388600000002e+00
-1.1393827800000000e+00
-6.5937343900000001e-01
-3.9907443400000000e+00
-4.8010356600000001e+00
-4.3435664899999997e+00
-1.7262448399999999e+00
2.4353398999999998e+00
-5.6892800399999999e-01
-2.1018356200000001e+00
1.3118808600000000e+00
1.1672947000000000e+00
-2.5387945099999998e+00
4.3308933500000002e-01
1.8998764500000000e+00
-1.4307143099999999e+00
1.5860172400000001e+00
1.2834150200000000e-01
3.6950578699999999e+00
4.9328631999999999e+00
-1.3492816299999999e+00
-4.7179550500000000e-01
9.2582372800000001e-01
-1.1606762600000000e+00
-4.5328504299999999e+00
-9.4908904900000002e-01
2.6652693699999999e+00
-8.0323898299999996e-01
2.4938418699999998e+00
-1.4791388900000000e+00
-1.1414659899999999e+00
4.2330783800000003e+00
2.1977254700000000e+00
-4.8292656599999999e+00
-3.5952825599999998e+00
2.5076687600000001e+00
6.6220010200000001e-01
2.3673097500000001e-01
1.8600580799999999e+00
4.9744424100000000e+00
-2.5945662100000000e+00
1.2710735500000001e+00
-4.9390837000000003e+00
-1.0139696300000001e+00
-3.7745934299999999e+00
-2.8412845600000001e+00
2.0765697200000002e+00
2.5269807700000002e+00
-1.6423998399999999e+00
2.0788757599999999e+00
-4.2205300000000001e-02
-1.2466601900000001e+00
-4.5143571399999999e-01
-4.2284231800000001e+00
-4.5332711199999998e-01
1.0668036599999999e+00
2.2208478299999999e+00
1.7476581899999999e-01
3.8550702800000001e+00
-3.3946776800000000e+00
1.0677620299999999e+00
-1.3632943900000001e+00
-1.0010500600000001e+00
-4.7235736900000003e+00
1.1789993999999999e-01
3.5747369700000000e+00
-4.1032617000000000e+00
-4.9133590199999999e-01
2.9434826500000000e+00
1.8064530500000000e+00
1.1931890900000000e+00
-1.9254582800000000e+00
-5.0011352099999995e-01
2.4774084300000001e+00
-2.1742780000000002e+00
2.5231212599999999e+00
1.8779783100000000e-01
-2.5332007800000000e+00
2.5155640400000001e+00
-2.1712333600000000e+00
-3.7722260099999998e+00
-7.0205025799999998e-01
-2.8766267999999999e+00
-3.6227228299999998e+00
1.5670412899999999e+00
-1.8753847400000001e+00
1.0845911400000000e-01
7.7825004300000000e-01
-3.0913826499999999e+00
-4.4693609500000004e+00
-1.9165009299999999e-01
1.3494329899999999e+00
3.5963882599999999e+00
-2.7963798899999999e+00
2.4902581499999998e+00
9.6979207499999998e-01
3.2309481099999998e-01
4.5477936600000000e+00
-1.5068726100000001e+00
2.9909120699999998e+00
6.8991117000000002e-01
-2.7889687499999999e-01
-1.6998229000000000e+00
-3.5016684300000001e+00
5.8290067000000001e-01
-1.5874103100000001e+00
-1.5853117200000000e+00
-3.4975510100000000e+00
2.3355484199999998e+00
2.3486217599999999e+00
3.4840120899999998e+00
-6.9409571500000003e-02
-3.8459448900000002e+00
-2.0140829199999999e+00
1.4618521100000001e-01
4.8714656400000003e+00
-2.1260537300000002e+00
-4.6941239799999996e+00
-7.4053315200000003e-01
-3.6403804000000002e+00
4.1599621899999999e+00
6.7003324399999997e-01
1.5103235399999999e+00
-3.9170588600000000e+00
4.2926635700000002e+00
3.0462130900000002e+00
3.5631237200000001e+00
1.1785644700000000e+00
9.6928617600000000e-01
-2.3701553400000002e+00
2.3652487199999999e+00
2.5307688599999998e+00
3.5644836299999998e+00
3.2050551600000001e+00
-3.1808965699999998e+00
3.3785309300000002e+00
3.1025152999999999e+00
6.5786878199999999e-01
1.5039245900000000e+00
-4.4239058199999999e+00
3.3629143000000000e-01
-1.7488553499999999e+00
-9.6798320699999996e-01
4.5212693100000001e+00
-1.7779735500000000e+00
4.1660824300000003e+00
-2.7127322100000000e+00
3.6011567300000000e+00
1.7766981399999999e+00
2.2485486099999998e+00
-1.9742381300000000e-01
4.3845559600000001e+00
-3.5325307800000001e+00
-4.0997255600000004e+00
3.8753104600000001e+00
2.7040598500000002e+00
-1.9777636900000000e+00
-1.8051393000000000e+00
1.8956561800000000e+00
-4.9381367100000002e+00
2.9644237000000002e+00
-1.2851204400000000e+00
-2.1996829800000001e-01
4.1254849300000002e-01
4.3195292299999997e+00
1.9555775399999999e+00
3.0691953599999999e-01
-2.5384748800000001e-01
-1.2870111500000001e+00
3.6264703500000000e+00
3.2768822399999997e-01
4.0110247599999997e+00
-4.7113381900000002e+00
1.2337405800000001e+00
-3.6380747400000000e+00
-1.3956716199999999e+00
-4.8306078299999999e+00
3.9216395700000000e+00
4.3690451399999999e+00
1.7795634199999999e+00
-3.3746896600000000e+00
1.4390626000000000e+00
-1.5743007200000001e+00
-3.6977147399999999e+00
-2.1135931900000000e+00
1.7388070700000000e+00
2.2726112000000001e+00
-4.1823923199999999e+00
-1.6916384200000001e+00
-2.6612211600000002e-01
1.0544401700000000e-01
3.6527044800000003e-01
6.1599399700000002e-01
8.7383047400000002e-01
7.0886310100000005e-01
4.0378331100000002e+00
2.8199494700000000e-01
1.7822715499999999e+00
-3.5494940900000000e+00
-4.6276744700000000e-01
-2.8974414600000000e+00
-3.3149388499999999e+00
2.3496674500000001e+00
-2.5746566199999998e+00
-4.3387078800000003e+00
-6.6698929600000001e-01
-1.0056952200000000e+00
3.5562198899999999e+00
-2.3336215899999999e+00
6.8198024999999995e-02
-3.4671201300000001e+00
4.3823169499999998e-01
-1.6043631199999999e+00
-4.4997693300000003e+00
4.4469256800000001e-01
3.6482954600000000e-01
2.8931341399999999e+00
-2.1585329999999998e+00
-8.0603053800000002e-01
2.5625908399999999e+00
1.0325605200000001e+00
-1.1528154700000000e+00
-9.2706339299999996e-01
-5.4667460300000004e-01
2.0618599700000000e+00
4.3602636199999996e+00
3.2306928600000000e+00
4.5749284799999996e+00
-3.1039138700000000e+00
-1.2463184100000000e+00
-7.6303345600000005e-01
2.1039720599999998e+00
3.5798978300000002e+00
2.6382687900000001e+00
1.3661075499999999e+00
-3.8421147100000002e+00
6.9236509800000001e-01
4.3035705599999998e+00
-1.2524131899999999e-01
4.1275391900000002e+00
-4.8371206100000004e+00
3.3255599999999998e+00
3.5309539600000002e+00
3.8862721900000001e+00
-2.1107919100000000e-01
3.9100599200000001e+00
2.0538268300000002e+00
4.2765647199999997e+00
-3.8789780399999998e+00
4.2326908899999998e+00
-3.3328431699999999e+00
3.9690183600000002e+00
8.9284946099999996e-01
1.1408075600000001e+00
2.4423820400000000e+00
1.2382803099999999e+00
1.0356722400000000e+00
1.8757721599999999e-01
1.9776513600000001e+00
-4.0840564400000003e+00
3.2501172500000002e+00
-3.7576634400000000e+00
9.9479909099999997e-01
-4.7334422500000004e+00
4.8050056100000003e+00
-4.1479096699999998e+00
-3.0050324900000001e+00
-3.3757550900000002e+00
-6.6103721900000001e-01
2.8350645200000000e+00
1.0146366000000000e-01
3.2693874699999999e+00
7.8202976999999996e-01
4.5691018100000003e+00
2.1562495199999998e+00
-9.2060710300000004e-01
1.8898940000000000e+00
1.3558379100000000e+00
-3.3365326199999998e+00
-4.8302302199999998e+00
-2.3757906300000000e+00
3.7668878800000000e-01
4.3979122500000001e+00
-4.4449255599999997e+00
-2.1878212000000001e+00
3.2969332599999999e+00
-4.0630037699999999e+00
-4.2040449200000003e+00
-4.3030771899999998e-01
-1.7863959599999999e+00
1.8224699799999999e+00
2.9598016000000000e+00
1.4308340200000000e+00
-4.3530263700000003e+00
-6.5441148500000001e-01
-1.0761638099999999e+00
6.6110066599999995e-01
-3.2726583599999999e+00
-4.4037038600000000e-01
3.5785268700000001e+00
-1.3616673699999999e+00
1.5810387100000001e+00
1.2138392099999999e+00
-4.5042826800000002e+00
-4.8933023499999999e+00
4.2374060000000000e+00
1.2644930500000001e-01
-2.7827724900000002e+00
-3.1385000100000000e+00
-8.2641647299999998e-01
3.6674926499999998e+00
4.5101529300000003e+00
-2.9197462399999998e+00
9.5054929600000004e-01
-1.4946818100000001e+00
2.3024127700000001e+00
-2.3507053000000000e+00
-4.7831161000000000e+00
2.2797162100000001e+00
3.6583836999999999e+00
-3.3268621999999999e+00
4.2807772599999998e+00
-1.1507249500000001e+00
1.7132772000000001e+00
-1.2267479600000000e+00
-2.6835101699999999e+00
1.9823035700000000e+00
1.5656067199999999e+00
1.2723272999999999e+00
3.7450549199999998e+00
-3.1047277600000001e-01
1.2226316500000001e+00
8.0346853600000001e-01
-2.0716378099999999e+00
-1.9877446000000001e+00
2.5666533700000000e+00
-1.4027035200000000e+00
-1.6298525399999999e+00
-1.6664687600000001e+00
1.1227057800000000e+00
-1.7626343400000000e+00
-8.3297511000000005e-02
1.4553653200000001e+00
-4.6227714300000002e+00
-3.8228641500000000e+00
-3.0292111799999999e+00
-2.4358692600000000e+00
4.9946875500000001e+00
2.9656076400000000e+00
3.4769503600000000e+00
4.7551751700000000e-01
4.0823985800000004e+00
-3.1505401700000002e+00
6.0907893899999999e-01
-5.9176375900000001e-02
1.2110231199999999e+00
-2.2598074100000001e+00
-3.3622459899999999e+00
-2.1962408700000000e+00
1.2777442900000000e+00
9.3712459900000000e-01
-4.1312780100000002e-02
-2.8050974200000001e+00
3.9634897300000000e+00
-8.7292009699999995e-01
-4.5350954899999998e+00
-2.0815128700000001e+00
-1.1337413800000000e+00
-2.0128770700000000e+00
-2.8834266999999998e+00
-1.0510601899999999e-01
2.3949693299999999e+00
-2.3887801500000001e+00
-3.6327214799999998e+00
-4.3030799699999998e+00
3.3386505199999998e+00
9.5058306699999995e-01
-5.4650371499999995e-01
-4.0260830600000004e+00
-4.1445709900000001e+00
-4.0227482099999996e+00
-9.4336301800000000e-01
4.2626798499999996e+00
1.1257451900000000e+00
-4.6436010699999999e+00
1.9076661399999999e+00
-2.8521073600000002e+00
-2.9384676999999999e+00
-4.7962940400000003e+00
1.9295404599999999e+00
-1.9043576200000001e-01
-3.2557258700000000e+00
8.3597769300000002e-01
1.8364671500000000e+00
1.4767443400000000e+00
2.3586423700000000e-01
-3.6678673499999999e+00
-3.4475758600000002e+00
-4.2096751200000000e+00
-2.8543255599999999e+00
3.1804389400000002e+00
-1.9974202299999999e+00
3.4332440100000001e+00
-3.8778466500000000e+00
-1.4473893400000000e+00
-3.9027430800000000e+00
7.6778369899999999e-01
3.2513584799999999e+00
-3.0511367300000001e+00
6.7583410400000002e-02
-2.3571104100000002e+00
8.7122870900000005e-01
3.5789278400000000e+00
-6.2581031700000000e-01
4.0602414199999997e+00
2.1658336399999998e+00
1.4249767300000000e+00
-4.5094935200000003e-01
4.8732031300000003e+00
-2.6637542399999998e+00
9.4022773699999995e-01
1.4179760600000000e+00
-3.2662646299999998e-01
-4.8267276700000004e+00
3.0868749800000000e-01
-3.8381474999999998e+00
-1.1502741800000000e+00
-2.6379199600000001e+00
-1.0749283199999999e+00
3.8337930600000001e+00
-2.3271390200000002e+00
-1.8634673900000001e+00
-6.3073092799999997e-01
-3.1946187500000001e+00
3.4549233500000001e+00
-9.4024213099999998e-01
-2.1092731499999999e+00
-7.7595089799999994e-01
4.1805814200000002e+00
-1.2618222699999999e+00
-2.5305860299999998e+00
8.4814320999999998e-02
4.3511902700000000e+00
