# CEC 2010 F10 permutation vector 0-based (D=1000)
728
171
831
140
370
300
220
137
343
600
969
676
936
118
12
930
670
281
815
81
601
202
452
816
886
715
611
291
520
442
234
173
228
438
872
340
242
96
943
306
296
736
934
282
683
378
336
444
913
560
405
6
472
78
681
685
372
209
7
991
503
820
960
199
366
874
575
480
951
493
316
661
847
243
780
67
594
349
956
602
612
350
778
796
729
248
91
893
317
916
116
889
365
174
743
903
308
46
876
812
112
229
498
860
69
303
94
315
346
590
57
99
400
497
139
595
49
708
684
822
373
959
109
782
751
694
563
583
999
895
866
41
114
29
825
428
447
241
250
881
917
363
638
605
143
101
475
829
888
592
200
273
73
675
826
504
77
733
379
622
763
2
423
352
449
175
823
186
613
558
546
23
869
358
920
224
572
682
253
487
38
944
995
690
818
972
518
706
177
483
430
828
911
759
476
21
636
523
844
33
227
819
0
615
271
515
401
570
576
533
471
939
596
223
259
922
929
688
698
564
142
931
501
686
587
579
323
950
279
60
864
159
172
514
965
868
9
526
247
877
666
824
11
371
634
626
353
776
187
882
458
478
18
870
946
25
324
222
56
95
925
176
640
183
427
853
952
700
144
786
167
164
148
419
798
193
420
935
532
445
525
329
185
147
577
680
440
845
221
115
256
973
833
301
644
862
335
305
321
599
505
580
705
286
240
702
774
977
707
842
104
958
80
754
854
312
509
657
499
24
938
858
799
878
269
884
207
989
436
168
718
871
691
132
264
284
359
178
757
105
834
851
318
949
908
384
589
351
17
549
873
555
439
239
750
390
93
76
19
648
914
574
388
392
838
542
361
356
975
821
263
309
398
857
62
896
10
737
937
791
631
593
339
90
808
641
794
804
756
814
163
459
559
122
947
852
910
288
276
837
277
58
422
502
656
98
530
802
907
394
905
494
793
536
562
466
770
649
667
106
843
26
496
354
696
215
850
529
448
923
565
809
772
450
623
552
635
891
333
332
976
130
162
380
245
835
413
902
28
954
342
246
755
389
337
697
674
885
761
393
709
341
517
978
879
294
491
693
861
460
720
797
840
244
664
262
410
61
156
235
181
740
34
994
752
100
742
435
810
769
865
85
138
417
875
735
233
610
451
237
51
97
409
848
386
477
75
550
189
225
897
20
719
27
714
135
788
429
621
347
768
311
290
507
119
789
582
396
839
255
738
145
945
453
469
219
660
581
65
645
962
534
434
659
63
992
463
998
265
678
495
216
381
1
124
462
566
970
128
32
212
295
832
14
717
320
425
103
606
513
904
673
585
456
481
79
54
117
712
474
489
287
36
344
625
521
734
249
781
402
915
650
724
141
35
591
258
783
607
996
722
695
4
963
642
553
538
609
775
827
805
226
364
571
302
747
231
586
152
443
64
404
898
926
411
155
113
201
668
773
190
424
725
485
701
102
283
151
232
629
188
127
153
328
184
941
154
251
134
179
334
608
39
470
767
275
272
746
180
710
900
955
687
146
813
713
588
120
624
578
89
500
785
314
539
859
524
368
59
441
749
108
492
997
165
516
528
169
540
84
535
210
508
933
129
326
541
665
327
745
617
598
753
711
399
377
31
385
66
50
278
161
468
671
573
801
149
544
160
637
266
506
652
421
267
198
953
55
203
901
627
894
584
614
484
268
15
280
966
980
322
414
892
547
662
170
855
604
211
647
70
464
395
473
771
803
274
236
630
655
52
703
556
110
158
387
45
543
830
867
490
806
482
721
257
13
899
924
800
988
131
37
651
182
787
519
205
646
47
230
677
618
537
620
270
298
762
192
486
887
455
919
726
68
568
909
382
88
5
689
289
663
856
331
846
985
817
890
391
345
319
125
87
297
238
918
979
811
679
727
217
8
511
961
569
784
325
92
731
849
74
260
603
330
133
765
863
836
807
619
561
196
986
639
654
367
967
408
213
987
412
304
748
741
669
431
912
40
191
362
932
48
42
964
554
313
739
795
83
531
940
551
16
968
150
633
293
123
643
732
522
628
397
927
883
779
716
704
446
984
22
44
285
488
338
461
942
699
437
616
374
418
121
983
348
360
3
557
510
30
357
383
72
369
971
921
157
126
43
214
426
928
658
880
982
465
111
545
107
195
261
432
990
841
512
376
692
454
548
136
208
403
375
981
310
406
744
758
790
166
415
906
252
407
299
416
204
777
723
948
433
479
792
218
292
653
632
597
457
760
766
197
672
86
82
957
355
71
567
254
764
206
993
974
53
730
467
194
307
527
