2.104537788757832040e-02 -6.504673487530625298e-02 3.126008312799351263e-02 -6.182756559655043782e-01 5.706702289827139118e-01 3.421171533212362115e-01 -2.339476244951429751e-01 2.493248445714925723e-02 3.318744709809062776e-01 6.230243714409775674e-02
-4.343671849392756190e-01 1.200623539790672961e-01 4.148544375364746628e-01 -8.505796345521866864e-02 2.139599758721465184e-01 -6.081666066552913197e-01 2.495951026766535241e-01 2.058029883219488765e-01 2.930754592779525880e-01 -1.066762179441237968e-01
4.987612487864142019e-01 1.273576032463166474e-01 -3.146710292215861848e-01 -1.738180913889471671e-02 2.724623764392812286e-01 -5.223827491145354163e-01 -5.987686432660058178e-02 2.235050377731876425e-01 -8.791596400890520913e-02 4.767691611434840548e-01
-3.148860740960691684e-01 -1.593954021934878285e-01 -4.948961828448171507e-02 2.021253825285315997e-01 -2.040713023503354095e-01 -1.731205901576875206e-01 -6.922447603714906306e-01 -1.862444188734933836e-01 3.613763497048066986e-01 3.406427459830981275e-01
1.638199542499924888e-01 -1.006543714152343810e-01 -1.087583414165912143e-01 -6.742407464716578813e-01 -5.303436516604634887e-01 -3.467040265967458179e-01 -7.311792452376604523e-02 -1.690795948752464861e-01 9.808555015333999746e-04 -2.473855003671003305e-01
-5.221210910431767216e-01 -3.185906637277687858e-01 -3.262040711049943309e-01 -2.442381324590081060e-01 -1.362074577177723733e-01 1.044648312211343272e-01 2.579816900425400683e-01 3.526656445849231658e-01 -2.506253720852213984e-01 4.202643632528068052e-01
7.741499282501365653e-02 1.913533309977755170e-01 2.204604773288188213e-01 -1.001795633478087394e-01 -1.701082343499651373e-01 1.141169782737136013e-01 4.474028694552978913e-01 -5.150928517374454563e-01 2.461946885561427378e-01 5.750571800440892334e-01
-1.581584519013629064e-01 6.198561794299963790e-01 -5.729513504816697855e-01 2.055205582177211873e-02 -1.336091968721292988e-01 1.121150746162664913e-01 9.533335592563070560e-02 1.397804485239810546e-01 4.235193681811014188e-01 -1.537910877983109104e-01
9.723756569406696859e-02 4.221823303310357489e-01 4.782211237542630111e-01 -1.389364450357137848e-01 -3.410198957754977389e-01 2.093523223832221281e-01 -2.637996724593855702e-01 5.203687175738650472e-01 -1.231731333869806599e-01 2.205441053410887031e-01
3.507940783996388312e-01 -4.785604309690266178e-01 4.052820979317613842e-02 1.591510016370819292e-01 -2.231056181901330815e-01 9.847489045191254453e-02 2.223374006934426550e-01 4.046952279695249510e-01 5.896421693960344212e-01 -2.425685930535157256e-02
