1.076537203221969996e-01 1.155019514195838315e-01 -1.265094198990703578e-01 1.609915747572341627e-01 2.956768684903274824e-01 3.147945606270188129e-02 -4.437920553811853797e-01 -8.822477391571656447e-02 1.844148006397518941e-02 1.155307200498256887e-01 5.239654048961980143e-03 -2.966599176067511445e-01 2.471717543678716988e-01 3.877201354841405129e-02 -8.692104131713274118e-02 5.053021700604948957e-02 -2.677471075616492252e-02 -3.917078534864231187e-01 -2.721088469299590695e-01 -4.030680869563200153e-01 -4.525375877401734484e-03 1.149938238371123493e-03 -3.371126716037554233e-02 -5.160899024646824901e-02 4.660305179677974585e-02 7.139079203030461451e-02 -1.773001559294659357e-01 -1.406794476649894099e-01 1.037326979775981400e-01 -4.281109127923946739e-02
1.090470836068178351e-01 -1.966274941493168227e-01 -7.214805412391377126e-02 9.888894842612065694e-02 2.932487679048615958e-01 6.829833631989539258e-03 -6.533473402333987712e-02 1.572624465638519931e-01 3.321945696755916888e-01 -2.435937738237782535e-02 -3.888493151929908048e-02 -1.842653731463907429e-01 -2.979137460779392454e-01 7.606982998335681811e-02 1.937695627032636758e-01 -3.027720754466780018e-01 4.490687222524231692e-01 -4.810568868463750876e-03 1.277748317665664823e-01 4.966125863122729245e-02 -2.390958433518512727e-01 -2.528555715711087726e-01 5.911043094429450917e-02 6.784942481673131298e-02 -2.038001627108265157e-01 8.057355025216743349e-02 -1.106361920864531306e-01 9.762634171988419929e-02 3.528399987596012727e-02 1.689069133131785305e-01
3.954575196333732778e-01 -2.229859368653717977e-02 -2.005017780831004626e-02 3.095087283032328662e-02 -3.413036352592103140e-01 4.760604124583222574e-01 -4.418567518177329845e-02 1.193311669362548573e-02 -5.895086031222349782e-02 1.975963719707371224e-01 2.301897650815303009e-01 -6.333087540218292066e-02 3.231367027198089326e-01 6.157256482772431594e-02 1.761891080171522350e-02 -1.497290628508447519e-01 1.290979315410528683e-01 1.117031880892047496e-01 2.682496377416012101e-01 -3.935623660686096009e-02 -4.147942248613022825e-02 -1.118933146663362299e-01 -1.200559118127055430e-01 -1.405596846073101092e-01 1.471409468058185455e-01 9.367929915606093560e-02 6.678316794240864163e-02 -1.233977358085767417e-01 -1.084764776558016924e-01 2.305257883721449352e-01
3.727246208902659785e-02 1.320890683744544714e-01 2.461865869591211078e-02 -2.714597586416829609e-03 2.153684270465253126e-01 7.811009752500974734e-02 -2.525809186012680230e-01 8.053060385719583436e-02 -1.543528721273112192e-01 -3.461027382568851452e-01 -6.825784033372914172e-02 4.346787986696029203e-04 2.722580594524064493e-02 -1.483072885236975114e-01 -4.491613773039908331e-03 -1.321198404784321850e-02 -2.283585550362331185e-01 3.560718570334284183e-01 2.298503871637596618e-01 -1.788413019404721249e-01 -4.612383405301390682e-01 1.215844774101654813e-01 2.703457785208662201e-01 9.382107155888562422e-02 2.102528746772562573e-02 1.873328577378715054e-01 2.468174012370376036e-01 -1.278591788426675646e-01 2.095774334624352780e-02 -1.325754643533500442e-02
-1.986494373712121841e-01 1.177773810358581988e-02 -1.530466433928445724e-01 -4.300378182689378742e-02 -1.218483467653717900e-01 -2.378909206062045922e-01 2.094320366016380053e-01 7.217987405809248025e-02 8.062355272237008152e-02 -6.917331029438957002e-02 5.301100318351249507e-01 -1.249618381684390774e-03 4.792145012848661456e-02 3.013170611452759551e-01 -8.937831552306346738e-02 -3.474177201951775783e-03 -7.763752808639412875e-03 7.712278889969835169e-03 -7.822246201620283723e-02 -1.021172943673711170e-01 -2.103740091996905148e-01 -1.330762679975169005e-01 4.818597767862425885e-02 -2.722419313208206959e-01 4.042890697591838139e-02 3.614521453320541089e-01 8.538638339327976612e-02 1.781163110727945059e-02 3.381694661811475155e-01 -1.091082533332587146e-01
-2.580800909560786172e-02 1.015402905613399104e-01 1.772552658868105091e-01 2.809355856696727285e-02 -2.332495637246438380e-01 -1.407362385954169792e-01 -1.427847290247976075e-01 -9.083352251009275263e-03 -2.471867315968051260e-01 2.559287733312838320e-01 -2.075187592219892019e-01 -1.474482486095262390e-01 -2.521074853863431234e-02 3.031188897845032426e-01 -2.604384722626682525e-01 -2.822104903747821303e-01 -5.349101400590326738e-02 1.000904203062450704e-01 -2.591275598974551175e-01 3.257475812845633811e-01 -2.919503211909085794e-01 -5.720254797485922055e-02 2.052198696899571184e-01 1.734960863438203826e-01 1.422668409026804637e-01 5.436400796079399536e-03 -2.043523322643621964e-01 -2.402503120980332627e-02 8.067415321487254876e-02 1.215046936624148838e-01
3.202657453761477702e-01 4.778201868403870230e-04 5.352262686586407581e-01 1.189833287193619166e-01 4.208194606226764445e-02 -1.922275170120612553e-01 9.379054973614664448e-02 -2.191647824770810715e-01 -1.496040277289384102e-01 -4.229968266519262138e-02 1.232500619357225491e-01 9.573387083937873188e-02 -8.288633669119996328e-02 -4.835388275602689467e-02 2.029115196159377854e-01 1.565762370048886520e-01 1.150393557159209434e-01 -1.618128066249520103e-01 -1.665652970081906714e-01 -2.853146778857864121e-02 -3.144084340576017711e-01 1.904091607403512326e-02 -5.169607282015196287e-02 -2.765559919823709079e-01 -7.487130412785819589e-02 -2.454746506895454650e-01 1.623936279712717701e-01 -6.497362005024323595e-02 9.911743493252048176e-02 1.587519593520027861e-01
3.556881957401425987e-01 -1.475899163912492429e-01 -9.160629951664521486e-02 6.457841486638699058e-02 7.727564434962802022e-03 -8.762597306436427369e-02 8.422583982010074799e-02 -1.057994807178118113e-01 -1.550990642209789383e-01 -1.053969738358945529e-01 9.631745331995048010e-02 -2.234927955343101735e-01 -3.388494378429098841e-01 1.995870977695438087e-01 -6.807579399660911024e-02 -2.355284144601036411e-01 -7.739839735107484353e-02 7.221485911394462387e-02 1.239818536879464389e-01 -7.511642522716387160e-02 2.159066326703946992e-01 4.643104152790821781e-01 1.886780271270580289e-01 -2.623751385035055783e-01 -1.067674842485179937e-02 -1.255995017217962501e-02 -1.956658027388752941e-01 -5.557375753520227973e-02 -1.175823185721018016e-01 -2.227845359039310469e-01
-1.598461863808986819e-02 -1.046138596630365875e-01 1.802278850970442658e-01 -9.889182952892000555e-02 5.879287073845067615e-03 1.590383697922456013e-02 -2.456463133905796015e-01 -1.670474237839783549e-01 2.263440284304201189e-01 2.746686615042762680e-01 1.115933637885670876e-01 1.253397754936655673e-01 -4.313415451333731943e-01 -2.096493773078437206e-01 -2.025890264195256973e-01 4.102017591941465799e-03 -2.613347407482167206e-01 1.036260532503135712e-01 -8.441103311763861750e-02 -7.091831549560648207e-02 1.325376239417120142e-02 -3.272211796661202432e-01 -1.616824987187740837e-04 -2.243898553273077079e-01 9.371932367386771878e-02 2.254829563741760912e-01 2.165306490708177392e-02 -7.671694278630102060e-02 -3.371285829881632834e-01 -6.061520239591131065e-02
-2.937964289862932468e-02 -1.065877180511472511e-01 -1.589584484210041504e-01 1.199544814843070961e-01 3.308695208288649492e-01 2.064037874254392446e-01 1.556568249197938791e-01 2.047606332270530960e-01 -1.629063478314546620e-01 1.417333375757269809e-01 1.235480894120769418e-01 1.034151166561711882e-01 1.634256994832380266e-03 -2.633269238930936451e-01 -8.631849856759390982e-02 -1.147054176683705989e-01 2.143677904344078455e-01 5.100310324389885352e-02 -4.237215989620289336e-01 1.340337671913326423e-01 5.606322549808265276e-02 1.417141250636900773e-01 2.575374238230928037e-01 -1.418908451125115711e-01 3.618408691452272841e-01 -2.444803935327783187e-02 2.514971971037943121e-01 9.943172302373173843e-02 -3.678520854782223182e-02 7.474427214498569061e-02
-2.074664461981872710e-01 -1.243433089565231797e-01 -2.255134293783232491e-01 2.059709467409200079e-01 -1.715654497186224481e-01 -6.993759161903176369e-02 8.273826413355590825e-02 -2.440226523729231156e-01 -1.944820219759548288e-02 1.925944318077549289e-01 -1.397980189195761336e-01 -2.662667572295235874e-01 1.675793799806765336e-02 -1.922295577121066745e-01 -3.055381415914963372e-01 2.181505570892091350e-01 1.049834234857051074e-01 2.334768038845055627e-01 1.021081952832567502e-01 -2.285516854048747493e-01 -8.360339768133571992e-02 5.445187852155739840e-03 1.779132373112128906e-01 -2.210402498023014695e-01 -2.740403743938258363e-01 -2.047764490831109618e-01 6.790952856967892581e-02 1.594958921131353624e-01 6.184604333904560047e-02 2.734516005407400807e-01
-3.486699885288425255e-03 1.214483029753789245e-01 -3.360265318421835901e-02 -9.066420024535175315e-02 6.943338606034067662e-02 -2.534952313137959212e-01 1.369707802142836328e-01 3.961253216548092371e-01 -1.194517145428305033e-01 -1.729934491767921578e-01 5.514977632775151795e-02 8.402038375603430864e-02 -9.332464332414466129e-03 -1.307783974992049736e-01 -1.177122884744323805e-01 -1.539844876089387637e-01 -1.187910521390272145e-01 9.376911920745027718e-02 4.303136908367297120e-02 -2.956039942085237904e-01 8.022038709441976084e-03 -1.722328763937914509e-01 -1.695977396769576540e-01 -1.417753921012264440e-01 1.923546380391443489e-01 -2.660388760280999465e-01 -4.057581831283596507e-01 -7.586110604595225348e-02 -1.116942048901371637e-01 3.751017418980622797e-01
1.964453229002893486e-01 2.183598697167487002e-01 -2.822258984595327549e-02 -9.505494048770042614e-02 -5.260098669567461055e-02 -1.653140670127588308e-02 1.300929107527341866e-01 1.087094589726296870e-02 2.325386686736013453e-01 1.938557878103510171e-02 -1.154090488862425240e-01 -2.092281836598798850e-01 -7.825155063551267332e-02 -3.016216329970954346e-01 -6.169867124484855470e-02 -1.348481491472988958e-01 -5.728091805922652657e-02 2.620458296210137483e-01 -3.124102011916882748e-01 7.470517244723971773e-02 -3.301213081099891450e-03 2.805886106347973974e-01 -4.787924156522625485e-01 5.138431028232555778e-03 -1.435202570653958953e-01 2.532164909852179790e-01 5.293350515092009462e-02 -7.591252915845003724e-02 2.556178158377960807e-01 1.068504468499826415e-01
1.085852119756006012e-01 -3.071734018938627672e-02 6.364013581557002863e-02 1.888321938364375119e-01 1.571210369397595674e-01 2.306881008422524970e-01 -8.703730158802280847e-02 1.773819707684214098e-01 -4.617418089833839889e-03 3.426272067504896879e-01 4.832802247546411946e-03 3.017035506422158231e-01 -1.458848468171476120e-01 1.395254036764117245e-01 -1.717281185460243706e-02 6.737707913018098349e-02 -2.420606873115014879e-01 1.733730621682842699e-01 1.376921069652530805e-01 -1.206668829849484037e-01 -4.746237652086247871e-02 6.513521819411575986e-02 -1.518729346600113383e-01 -3.331548157212836214e-03 -5.047456104172251198e-03 -1.640343114646487799e-01 -1.450570040061684163e-01 3.840105148009795855e-01 4.588890631164465050e-01 -1.371359122075262726e-01
-2.500100556138217661e-02 3.916218617127494028e-02 1.884552676810936633e-01 1.084267446834824705e-01 2.415320635935978844e-01 -6.078702632953927876e-02 5.332886103176358583e-01 -1.951522592516013732e-01 4.906393190722738856e-02 1.931307123613412446e-01 -2.985531792114426985e-01 -2.955573495805703318e-02 1.544391159056852370e-01 2.295324612171492987e-02 -1.057425910966827282e-01 -2.173745270170573951e-01 -1.126380402319543395e-01 -2.129979594308517854e-01 2.633767195217456281e-01 -2.045848239035297222e-01 -1.082385698249129086e-01 8.096221931600755539e-03 -4.780043296505487316e-02 5.206456709785236420e-02 2.126997579012116779e-01 2.943639436136012977e-01 5.812425489876429235e-02 1.336430937839338806e-01 -1.188081475906192369e-01 -1.515851775934358436e-02
8.992986150549929850e-03 -2.385674993462263693e-01 -7.586415955388231547e-02 -2.981395254978631004e-01 1.587132105792573855e-01 1.410625909304731029e-01 1.293955895758702457e-01 6.650314021193801106e-02 9.537706554175359730e-02 8.194896011423717652e-02 -6.996400171136418766e-02 3.584252846684372190e-02 -4.486920249032915094e-03 2.671009860493744337e-01 -2.043416569341869604e-01 -2.255439253113714626e-01 -2.623336161558104118e-01 -1.185658856147983747e-01 -6.674809088409579261e-02 -7.479581521470980709e-02 7.626683666313155679e-04 -5.363054599151207552e-02 8.308478165956660957e-04 2.755788356802609668e-02 -2.559627915548778332e-01 -3.355593130803434798e-01 3.783705304594440766e-01 -3.945259232055511323e-01 1.182042814306288880e-01 9.305543819649107762e-02
-3.864420084675302958e-01 2.237175161689714253e-01 3.005459969567371714e-01 1.204532701202082473e-01 5.956098258115725790e-03 -8.354722047135830151e-03 -2.122614958011145303e-01 1.636815115820720867e-01 2.613724860532813388e-01 7.247520395865868215e-02 1.304110511016079166e-01 -1.584354285692486097e-01 -1.439452189545795957e-01 1.569774396886463308e-01 -1.355895083303989002e-01 -1.468529806337459144e-02 1.820368020587036784e-01 -4.821973814697555483e-02 2.669118972824396363e-01 1.354945456379222715e-02 7.993075747006267440e-02 3.778690314650717252e-01 -1.382888964259821607e-01 -5.741157333197496188e-02 2.468430168954859616e-01 -1.512476709163684541e-01 2.269991532051677252e-01 -1.110046894334188738e-01 -3.291759468415744044e-02 1.302361109449516330e-01
1.693839162953508226e-01 4.596457919320248373e-03 9.070756064079256442e-02 -1.861020655162761162e-01 8.951766633010983798e-02 -1.420314697731732412e-01 8.744436422452091240e-02 1.179495380773224328e-01 1.542737878782963479e-01 2.016075499138704763e-01 -2.965110920414501527e-01 -4.024791152628257040e-03 4.051950477432088998e-02 2.490687162198474414e-01 1.733168529589034779e-01 4.101253968040212694e-01 1.948440085236356756e-01 3.517950544207866237e-01 -3.649226467605224539e-02 -1.545961163458014764e-01 2.272632136691858928e-01 -4.814737854328586530e-02 2.389626461424676773e-01 -5.200106224161759466e-02 2.122317797627448765e-01 1.290885110766543387e-01 -2.805885524093962302e-02 -2.918087123709191544e-01 1.206128712478448939e-01 3.819228574875057486e-02
-1.154304891505866619e-02 4.504055658324762623e-02 3.292762415987673941e-01 -1.708687378776719001e-01 -1.970242024425700178e-01 2.674963426691117085e-01 1.209007010893359962e-02 2.622920899431614994e-01 6.139618000160761146e-02 -1.746653119487239225e-01 -2.045475554876945712e-01 8.938453519201540465e-02 5.886575488915276981e-03 -2.254585220280312663e-01 -2.748429505972807552e-01 -5.055760689666030649e-02 1.277339707524998980e-01 -2.988859983094667716e-01 4.395399914547239856e-02 -3.455119732529345067e-02 1.176502677481415515e-01 1.985668279824014809e-02 3.339832144159958771e-01 -2.548622643474449667e-01 -1.951835155894421636e-01 1.787367065963867685e-01 -1.605342005395828942e-01 1.752603610603897105e-02 2.644964087037106060e-01 -4.738337054877615750e-02
1.072353326324313044e-01 2.307103124010611295e-01 2.127011610806663067e-02 -3.869418395423381285e-01 2.702084403718106875e-01 1.283957654791001990e-01 1.467739374716329516e-02 -1.181454141102553507e-01 -1.753409892281169724e-01 -1.642144381677710374e-01 -2.564570652617964575e-02 -3.317287069167919600e-01 -4.571316375563688750e-02 9.966832756189353271e-02 -2.961796796686289590e-01 1.474106543613149800e-01 1.678963167495675368e-01 8.071058223285004773e-02 1.025688464174494968e-01 1.701498875165832481e-01 7.604314306085942221e-03 -2.907543512072548464e-01 -1.896472375092530804e-01 -1.595725712366642124e-01 1.321025943808767644e-01 -1.684455899293682279e-01 8.226933836585234583e-02 2.618450328923376813e-01 3.139825264394735527e-02 -2.217989800134451961e-01
-2.004944308073358661e-01 -7.050106807667315401e-02 -3.581359374154360203e-02 -2.224631906131107617e-01 -2.561977230348530532e-01 1.778101894618068779e-01 4.051791145778980280e-02 2.480738737184325082e-01 -2.716516398765610463e-01 1.228670162036223784e-01 -2.082268820375174356e-01 -9.867626680908114789e-02 -2.317840386404516340e-01 1.109547679232725931e-01 2.431820571690832267e-01 3.439384955936111016e-02 1.594070981164036338e-01 -7.102679490696764408e-02 -1.946280802507520391e-01 -3.944641817899677827e-01 -2.847722321630146158e-01 1.105959438902271719e-01 -2.082911895807071923e-01 -5.937226277484730641e-02 -2.511121121154095276e-02 3.938008852034314417e-02 7.957598549656923204e-02 9.404018310730244412e-02 -2.303573644324880265e-01 -2.017056044476284171e-01
-1.097553396133766485e-02 4.998727294537851917e-01 7.246831630129174640e-02 8.243944395549551718e-02 5.607223039617809102e-02 1.482928059999422399e-01 4.722716520242149080e-02 -1.281663081620333655e-01 -1.656954963658724966e-01 -5.506889751898923213e-02 1.113255648710796686e-01 1.351000647940728827e-01 -1.775886395320458166e-01 2.601825533573109417e-01 2.920359142030985039e-02 -1.221149644606890627e-01 5.358705793112897992e-02 9.418998623706600903e-02 -1.698168729802000121e-01 -2.533725590148091511e-01 3.380736918030519678e-01 -1.083117688905114451e-01 1.359303889250489117e-01 1.554969220046896194e-01 -3.047467468336310104e-01 1.284294103070836579e-01 1.448302303942692604e-01 1.651672971278158875e-01 -1.042297126457676915e-01 2.758468636533429885e-01
-2.618324837870378841e-01 6.163431310582033473e-02 -1.132216063225229968e-01 6.831422810637795273e-02 1.975103823574712314e-01 3.087765623754197275e-01 4.637912924131651349e-02 -7.536230513510801254e-02 -5.240778175452751042e-02 -8.027413566208652096e-02 -1.765501815824040421e-01 -3.004157040877585005e-02 -3.811627285535639648e-02 2.068068755259097335e-01 2.606298836379348782e-01 1.515094565138129512e-01 -2.681098650361404823e-01 -5.014290851443831826e-02 -5.877385603654775199e-03 3.376410525620419101e-01 -7.627116238694646444e-02 5.041238394205835999e-02 -6.732215504326334587e-02 -4.687023165150601134e-01 -6.403397877652372561e-02 1.454121838100908559e-01 -2.106636629941912586e-01 -1.019578811916890121e-01 -5.177718526955919776e-02 2.964804061702833171e-01
1.859322639974108349e-01 -3.159693690807126309e-02 -1.091702272522126066e-01 3.825058113894421186e-01 -1.714091976912715184e-02 1.219016131649755946e-01 1.598498305473650682e-01 1.631259091592368593e-01 1.782685575001626607e-03 -1.937444911029830297e-01 -5.056477025788572860e-02 1.672726649028041801e-01 -1.963404797290277948e-01 1.792811929755500355e-01 -4.733602358476283190e-01 4.031598111166168064e-01 1.205781475823526211e-01 -1.002996111210586877e-01 -5.556407173429180751e-02 6.234097197589379830e-02 -1.534817298338121139e-01 -7.356630502032710829e-03 -1.837477992496861223e-01 1.878403071740710473e-01 -3.429853074066839536e-02 1.167687248263651473e-01 -3.089107457970161064e-02 -2.069658110461821965e-01 -1.745149443769976050e-01 -1.494218172108351637e-02
5.955637380796322683e-02 2.982834050043032814e-01 -1.879013405806208570e-01 1.537661400561048941e-01 7.134461165680221206e-02 -3.199472537393880933e-01 -1.171667013936719681e-01 2.283808202072407367e-01 -2.452835728097223777e-01 3.039624640842872316e-01 -1.592325340941239953e-01 1.934599642435824718e-01 6.735219841114217787e-02 -8.292457952876193528e-02 -1.902700420045217583e-03 -1.327779627949465246e-01 1.386740894324070827e-01 -4.309472790019135136e-02 2.178965629904274504e-01 1.789729099760924147e-01 4.408774916856922355e-02 -9.889698960455893528e-02 -9.235682891866545119e-02 -3.028997576432162497e-01 -2.776707075945132330e-01 6.162683942761101874e-02 1.931006829799544466e-01 -1.959815313839013695e-01 -6.494742219997878818e-02 -2.395571726266171875e-01
-1.329245988092520314e-01 1.143580211419333893e-02 -6.368570469260299849e-02 2.727089737602264030e-01 -1.416572214935989116e-01 1.240681285336379530e-01 8.470461655921336652e-02 -1.442599557312589098e-01 -2.502601449075949613e-01 -1.034700004200766188e-01 -9.531653517293560418e-02 -1.477616310992840853e-01 -3.598654281803325694e-01 -1.755882648172725491e-01 1.570053965230210902e-01 -1.003938136597312264e-01 -2.720216616603751258e-03 -6.128804720214982987e-02 1.023759061872678289e-01 -6.614328204442739001e-02 1.717375332818303901e-01 -3.132594999438523820e-01 -5.690469382084811789e-02 8.545697694115464427e-02 2.828297993514349296e-01 -3.161253158711609113e-02 7.567206596222281201e-02 -3.432275526254164877e-01 4.168787011383465746e-01 -7.689481613206430866e-02
2.460573829569424886e-01 4.139532209548359987e-01 -2.357452490951715274e-01 -3.653873385443735106e-02 -1.680138896040483665e-01 6.891083390885456919e-03 1.677924807150667219e-01 2.006884466646298715e-01 2.532432706167654923e-01 1.595680828684984398e-01 5.651733129421580154e-02 -2.185924280210541637e-01 -2.053809642941503144e-01 -9.859149456474551598e-02 1.569804063142523909e-01 1.852612720174321992e-01 -2.814610459939239084e-01 -2.917129755912088451e-01 4.899030850607865445e-02 8.689725835858314040e-02 -1.593258882456241310e-01 -2.828427022976692448e-02 3.111649237551408209e-01 6.744864674317953279e-02 8.947341694611377072e-02 -1.737744055795392706e-01 9.879528343030218041e-02 1.002583218121388120e-01 -4.904567679856552259e-02 2.824337048162412281e-02
1.925358164830486274e-01 -2.588154666629113865e-01 -9.036836139816792346e-02 9.626242030891149146e-03 -1.352756204615453983e-01 -2.508454196438312800e-01 -2.649454882199730466e-01 1.428837930770348041e-01 -8.375185385886388389e-02 -1.856590825046281479e-01 -2.529246353354158150e-01 -1.325186180389450671e-02 -6.621065238658867258e-02 1.275946721852458665e-01 -1.668146925474261674e-02 3.241105344137852617e-02 -1.554102681113553319e-01 -1.899451009758528763e-01 2.935704785276899847e-02 2.128424596531618487e-02 2.001977173976819957e-01 -3.615080888734271969e-02 -1.054845751790127462e-01 -9.244367616754298189e-02 1.762353171131569585e-01 2.082048702127523576e-01 3.842612785374330819e-01 3.546512059474450362e-01 7.454148699935156386e-02 3.349977166767394987e-01
4.635904458399797007e-02 1.896080749447922043e-01 -3.591092564684813526e-01 -2.420525391034572260e-01 -9.224330185811958904e-02 -3.288241365982780880e-03 -1.144501689351103135e-01 -4.097777800254232550e-01 1.560753221826523818e-01 -6.490445579931931885e-02 -1.701817536996989566e-01 4.941840108100437612e-01 -1.261115269993591803e-01 4.301972448300224461e-02 -6.778302280772656452e-02 -1.178154260011273352e-01 2.574395735419860998e-01 -1.124579082160399174e-01 4.119173844686366270e-02 -7.860575588457772989e-02 -1.881905595532409048e-01 1.680119520660798005e-01 3.443409225272892928e-03 -8.482924639834546476e-02 2.415226737352783315e-01 -8.450132251218245294e-02 -5.828029113237686437e-02 -1.964874325711766720e-02 1.092236695969591720e-01 8.942918710673836147e-02
1.360735703048907182e-02 9.933174103275606293e-02 3.821821167195955243e-02 3.589762963091392423e-01 -1.723944896024943163e-01 5.722815874883839526e-02 9.102287966663853702e-03 2.569575206613800358e-02 3.755289530840257295e-01 -2.949326412083424498e-01 -2.590810151947274265e-01 1.975430119848984450e-02 1.908173818649025189e-01 1.565169705443663906e-01 4.857316962811281114e-02 -2.167102447876221583e-01 -6.856223036471587040e-02 2.077174551611917774e-01 -2.476913002234978622e-01 -7.637364565189616594e-02 4.634757141229436765e-03 -1.850025053208824433e-01 1.410831294471349973e-02 -2.706503920297845811e-01 9.286624696926000511e-02 -2.466844696791872793e-01 1.120524631701980273e-01 9.522281427693109201e-02 -1.200713303363329654e-01 -3.031277842281679957e-01
