5.635508227197760789e-02 1.719136566893374740e-01 -1.788702329107263317e-02 1.844639808172352513e-01 -4.840017104578502039e-02 -2.593879049973355291e-02 1.473376236359610902e-01 6.825619076931041529e-02 1.366764381601603962e-01 1.569655757255492556e-01 2.992016835935291108e-01 -1.715051537781446256e-01 -1.158164241269822731e-01 8.654482316139150422e-02 -1.665146491689925845e-01 1.458311224126676853e-01 1.074141537006229920e-02 -2.327589953928132782e-01 -6.943925597515353265e-02 1.028302775089570686e-01 3.566980611279014224e-01 -5.979788823458302705e-02 -1.127311294810046244e-01 4.955144887752935962e-02 3.344799795230296580e-01 -1.569811664906883286e-01 -2.893015323107890335e-01 1.867798908785974210e-01 -4.452559894087223524e-01 -4.871053620778824367e-02
3.966779880235929978e-01 2.326375018903193148e-01 1.263109400333932431e-01 -1.769639160965408853e-01 -6.626291684531256630e-03 -1.961528055194362574e-01 8.428531077427678375e-02 3.166205088592647515e-02 -1.793138155636888609e-01 1.988166089418869631e-01 1.620206032573561772e-01 8.410374994558908468e-02 3.410597404208484118e-01 2.352547178521360860e-02 2.282483165146100279e-01 -8.261244987276449014e-02 8.502980553686883495e-04 1.575607366203856663e-01 -2.339340526226197092e-01 3.439410973508589403e-02 -3.828099694225460536e-02 1.378763735464153817e-01 -1.920799896037769516e-01 9.992679960946798667e-03 -2.860551256053284197e-01 -3.223593255851075340e-02 -1.572741439329722601e-01 -9.897640738105659142e-02 -2.153046136546051259e-01 3.344668638321929288e-01
6.088278191634904912e-02 -1.086765159478744920e-02 -2.158173720622811598e-01 1.622837335502300138e-01 -1.131838260406354685e-01 4.257572600317053313e-01 -2.110034407423630742e-01 3.127109403390011533e-01 1.329715025481091883e-01 -3.100115647843138672e-02 9.819234988405067810e-02 -1.591570352565945257e-01 1.256923465416155405e-01 -2.685897963995640958e-01 -7.939875248208452807e-03 -6.481067001767740199e-02 2.086714785533045902e-01 2.276659915908052501e-01 1.409218355292579661e-02 -2.517689486626004461e-02 -7.452884961039014933e-02 7.020282556798120022e-02 -1.587114878185073297e-01 3.368109156384386793e-01 2.339673027220958990e-01 -4.822472562950907288e-02 9.155876135955068329e-02 -7.587796679461136784e-02 4.879331161053573895e-02 3.494915894960116676e-01
-5.561464009943023479e-02 1.414403791546819033e-03 -3.214314105482079520e-01 -1.966268886852450826e-01 -5.366623466381988811e-02 4.528543330604914430e-02 2.887081663245832375e-01 2.894603839885747099e-01 1.424832492814085694e-01 -1.062364499435941856e-01 1.825533914903020721e-02 3.702096557442746683e-01 3.655766181337969344e-03 1.873974613188169117e-02 9.501495156991543456e-02 3.391664757606324687e-01 1.347997364727651082e-01 -1.725123993084486940e-01 -3.326986948218371709e-01 -1.749302824770654630e-01 -2.270909527491522806e-01 -3.661328086988022146e-02 9.331914167433105756e-02 -1.512266718783637776e-01 1.086539994476910520e-01 -1.991391164376747347e-01 -1.809754205346957301e-01 -1.248110183833035791e-01 1.261750315013671353e-01 5.508971941192208899e-03
1.327328528382241690e-01 -3.862556541793943365e-02 3.560957192845341096e-02 4.386236820881865561e-02 1.315878694864290877e-01 2.540911732265059911e-02 -1.862069507846297323e-01 6.835180323168882008e-03 1.140505521885492451e-02 2.494235338534959434e-01 -5.036701279318909208e-01 1.838926510080955146e-01 -5.779313447208950932e-02 6.079108662422913478e-02 -5.269104933750745623e-02 -2.858560285055722350e-01 4.879519877262943894e-01 -1.142519287254717825e-01 -1.884298840080170789e-01 -1.343658668222145469e-01 1.942333935124220812e-01 -3.603958670898369659e-02 -1.532810702859665475e-01 -2.485944299955872849e-01 1.601568317873668656e-01 5.437423613743622847e-02 -5.282309174195906620e-02 1.355922679749977378e-01 3.526549646362406223e-03 6.945739650765890560e-02
-3.797076957146269111e-02 2.320485009124680920e-01 1.324404142702892140e-01 -1.332449726998533313e-01 -4.154713556670454333e-02 -6.973276296906885663e-02 -1.229835408533669211e-01 1.089502382887063414e-01 -2.204428003911133582e-01 -6.156747565515117288e-02 -1.181644018801479012e-01 1.625524408646042973e-01 -1.514467210386621632e-01 -5.931505160834324442e-02 4.643968579696043930e-01 2.906514121815138019e-01 8.571147207234793008e-02 9.292654779547090960e-02 3.550801009884140824e-01 -2.929125665156114278e-01 2.637163180275903795e-01 -2.973744872618421242e-01 -9.306158946474516955e-03 2.092241582940545519e-01 9.073264437140496352e-02 -7.178580192813499572e-02 5.399769567950306326e-02 4.405144255734812914e-02 -9.080022402851462004e-02 1.664527909427595057e-02
1.026605316541681287e-02 -3.625199753299798797e-03 -7.443185925211140419e-02 2.681301179454108619e-01 -3.350967502587143265e-01 -1.320577268744011490e-01 -3.523709015819924129e-01 -1.090275081193224499e-01 -1.814066571676758166e-01 4.090324899790157009e-02 -6.335705898438823147e-02 7.630582357845692998e-02 2.507585178821224517e-02 -9.778043095699776033e-02 -6.385370233868541134e-02 2.681788914702981086e-01 -1.036801315856020478e-01 -2.692619715780837641e-02 8.188594270709380341e-02 8.212487961901870914e-02 -3.140599125915762846e-01 -1.743139647876125464e-01 -1.732553017947710272e-01 -2.092340469959094451e-01 1.239715173278301830e-01 3.375782453686209661e-01 -3.890564311081434745e-01 -1.102411511467052962e-01 -1.926765855538444677e-02 7.144349206797898089e-02
3.015008769335389416e-01 -3.383364097901708223e-01 -3.941294421934544295e-02 1.508276082769710591e-01 1.425758328708243323e-02 -3.933642986990916468e-02 1.581716756540320346e-01 -1.751707927796201103e-01 -4.312555454172780495e-02 3.113021258671915259e-01 1.813580487081952186e-01 5.480689045776430957e-02 -4.634978597164350345e-01 -1.877149707634847425e-02 -1.675076316981862282e-02 -1.695071869871827772e-02 -2.257473818415974276e-01 2.002844422672906688e-01 -2.237510991914157255e-02 -3.386896327821486974e-01 -6.046785579663438437e-02 -1.254099329844247934e-01 -1.868866939653898718e-01 -4.998367546911414855e-02 7.510378351438357081e-02 -1.954943794598365814e-01 1.086780978170338030e-01 -8.322728877386718904e-02 1.439566084454839689e-01 1.266483311015171309e-01
3.305210299248861894e-01 7.615815473834558480e-02 -1.740113885752826717e-01 -2.288508995428174819e-01 3.321685616980275535e-01 2.247598753230664603e-01 2.387866372299528306e-02 -1.796636587012408748e-01 -2.222293195796800347e-01 8.068229218219016841e-02 2.659021544623525399e-02 -7.479150230235073749e-02 1.667603147998339697e-01 -2.270640370349182036e-01 -4.224936597402832450e-01 2.654594404610501335e-01 1.536419127145637054e-01 1.315438460699626042e-02 2.151635701289990876e-01 -8.843740526714319317e-02 -5.177336158871102822e-02 -1.718674235258356164e-01 1.097712456104169010e-01 3.323301075395825727e-02 -1.327356430556600742e-01 -3.441605036897363301e-02 -1.495718135862227904e-01 1.855883375682330916e-01 7.916691988582916228e-02 -1.136401106129030780e-01
-1.091938351683007652e-01 2.819013157362752486e-01 2.087705007117934830e-01 1.361943474993345948e-01 -4.613635989577631602e-02 6.001466844674741702e-02 3.251307593534620288e-01 -4.107956420217588889e-01 -6.566649157515998259e-02 -2.169722661350714510e-01 -7.434314598731148194e-02 -1.220452361760637344e-01 -1.367575832379839540e-01 -2.944381230884935419e-01 8.332037800861083476e-02 -5.663450029970636818e-02 2.562301177879276470e-01 2.746815545770747158e-01 -8.602617898625575243e-02 1.827585878764954874e-01 -7.126513986494208142e-02 -4.035306755157461178e-02 1.244466671658487344e-01 -1.889384943909925285e-01 1.758618928730509567e-01 -2.320499741889167078e-01 -1.435940870916864176e-01 -1.097453461543037162e-01 7.988859915597795736e-02 1.237206780523890798e-01
-1.596853701994239427e-01 5.853419348043868708e-02 3.716568676591734954e-01 -4.984818253496778317e-02 -1.604576167364897901e-02 2.119176059303390022e-02 2.722064006534240937e-02 3.002129923903526509e-02 -6.342616092222749802e-02 2.669785860554189649e-01 -2.961100207492256900e-02 1.907368039825186601e-01 -4.029250331719958639e-02 -1.523860045732926272e-01 -2.513172910852629061e-01 1.292184602648961678e-01 3.080336475952316546e-03 -1.601937349954903611e-01 1.351627282024788212e-01 -8.464957580247942093e-02 1.387675963538549107e-01 4.853010429415500759e-01 -7.555511625873571890e-02 2.283689447875041079e-01 6.044072889747267863e-02 -3.472348271671679698e-02 -1.905366268420849440e-01 -3.836718551712476333e-01 2.383876856195507321e-01 -4.376055144022007737e-02
-1.464278105829851934e-02 -1.310948804335041462e-01 1.999020355619703614e-03 -1.569523416462864918e-01 5.547414927947591501e-02 3.689028577551999311e-01 -2.998270937837417202e-02 -7.005852207926063779e-02 -7.144265299352796361e-02 2.297575809416161630e-01 -4.485343065125685369e-02 -1.526725280015032438e-01 1.101009200139449994e-02 2.130736465735860452e-01 2.475481813708906298e-01 2.165599865116766831e-01 -1.863400687374409392e-01 2.206663621784956952e-01 -3.053348602718048976e-01 2.177004865315162740e-01 3.499065377180658465e-01 -5.777817562816787988e-02 1.931664623639792189e-01 -6.776694847170246054e-03 1.181544291017589399e-01 2.651483046223452322e-01 -1.935531147596422918e-01 -4.857859516160857594e-02 2.537929565402304855e-01 2.014126827375299633e-02
1.811170055103459298e-01 4.334994467428693876e-01 5.260772822121892629e-03 8.494012897362236691e-02 2.158077205475791016e-01 -1.436845965436500672e-01 2.480980656349468863e-02 1.460774331305584317e-01 2.433494476095362791e-01 6.439474163340491719e-02 -2.347459302042779472e-01 1.118423128616343049e-01 -3.780617694689074049e-01 1.110897971423415896e-03 -1.951600684150147369e-01 6.834597616774221174e-02 -1.404752973816710271e-01 8.335303960081719143e-02 -1.658003252746067524e-01 1.906109304380586567e-01 -1.510743860448439113e-01 -1.468294270843488181e-01 1.735587951979795651e-01 3.049841771228054554e-01 -4.803435413918227120e-02 2.718799972262743725e-01 1.145238736498341292e-01 -8.828806630137174538e-02 -1.190203321972823150e-02 1.043435215805980226e-01
1.430915825050966227e-02 7.323940959156145791e-02 -4.582985807480296353e-02 -4.814339808217291128e-02 3.861577104268228422e-01 7.031251857517144266e-02 -9.947118999276115259e-02 1.126151998449694963e-01 -3.612240685509446325e-01 7.460699146301452700e-02 -1.436937366667629667e-01 -2.361841355541750842e-01 -6.446156077910819571e-02 9.689806487476676500e-02 1.859700089564063907e-01 -6.840547418814746372e-02 -2.011620525518337532e-01 -1.118603515746165872e-01 2.495650185497451726e-02 -3.563970535006161927e-02 -3.886123481571516769e-01 2.630922459904871391e-01 1.187427406243144745e-01 -8.282347426574666882e-02 4.049703823624556942e-01 -1.345859620188957495e-01 1.408070658300169045e-02 -1.043365365213535928e-01 -2.356818604355088442e-01 -5.720934569797949537e-02
2.401970780273926243e-01 7.621650569050474056e-02 2.207138294731005035e-01 1.475967299526541043e-01 -1.311596733692630967e-01 4.611554531692382275e-01 -1.029519823931648731e-01 -9.082477104467182039e-02 -2.379635981281111867e-01 -3.185393015797496896e-01 8.278804578907797418e-02 3.171904309762070273e-01 -4.514547768882131579e-02 1.082787385723413265e-01 -2.653504706828148374e-02 -2.393924845661274114e-01 -1.242121758590695041e-01 -1.805729963132519100e-01 -2.559948292266257530e-01 -6.208153867666581921e-02 -3.580829789511390249e-02 -1.417165991538764380e-01 -1.937859550423804908e-02 2.118412246546299560e-01 -4.254814648594179571e-02 -5.957776301059276858e-02 -5.565770439834333283e-02 -5.832199237969345335e-02 -6.870232544831252064e-02 -2.816536754461778091e-01
4.644089391986523929e-01 -8.639254629386876327e-02 2.369200378029950524e-02 -7.162809890596057161e-02 -2.789720221547372092e-01 -2.950414147905898732e-01 1.100134749656368344e-01 2.651766499056592563e-01 -9.771091778385522508e-02 -1.059929727998382559e-01 -1.532877376223246990e-01 -8.871738324820105381e-02 1.984459893311112388e-01 8.552006514962613368e-03 -1.194456612468769580e-01 -1.083123182521224942e-01 -5.137889473143039676e-02 5.039431073141371897e-02 1.165220070966042493e-01 2.137786553701656045e-01 1.535674425738405846e-01 -1.229477391426734290e-01 1.427273163694668112e-01 -1.876789339848846522e-02 3.516617022428153994e-01 -1.276897449011819841e-01 8.963798503630884817e-02 -1.969502709964783826e-01 2.373449599351735717e-01 -1.981453670451680527e-01
1.677688464511710720e-01 9.394837204877210315e-03 -1.750807573728276334e-01 4.998897658187834159e-01 2.294253003649314102e-02 1.921826347953876565e-02 1.380303517344484976e-01 8.093767248617256271e-02 7.026840960549404769e-02 2.301593404537042309e-01 -9.410193564930366406e-02 -5.732134960276191044e-02 7.219551920187825510e-03 2.403669561908645599e-02 3.786894899214109933e-01 2.297673646331421446e-02 1.858709678181999225e-01 2.302109444787289738e-02 1.560953527883819636e-01 9.837268600751654379e-02 -9.705655297538204329e-02 1.648620295537740754e-01 6.585009166955284321e-02 1.444966901451686103e-01 -2.844756840304648038e-01 -7.929337454566824650e-02 -2.046835869500367167e-01 5.265149707431412279e-02 1.285931669947092404e-01 -4.132243421624500201e-01
-8.539542828180125833e-02 2.901705418493403243e-01 -1.888384735885309529e-01 -3.061302380760097530e-01 -1.037877839767698263e-01 1.333062626709319576e-01 -2.316892241489593995e-01 -4.179497725425113108e-03 1.464438656012975459e-01 1.496665663567723348e-01 6.236738222159823181e-02 1.642691314262636482e-01 -1.426277663916436234e-01 1.987279550521238447e-01 -9.074734665628908514e-02 -1.078668918281084077e-01 -2.319736976478820045e-02 4.085511664735954063e-01 1.550003168668937503e-01 2.125011571449040848e-01 -4.787334070347410570e-02 4.057068736966026185e-02 -2.863439604557335705e-01 -1.922236609884822034e-01 -1.392588749505074483e-03 -2.430887244312128770e-01 -1.217301874468017762e-02 -9.360480071206453423e-02 -3.282506635808688650e-02 -3.374480127958484621e-01
2.139967200994513652e-01 1.652511409670397724e-01 3.660323660554440361e-01 1.051070323084664637e-01 1.402842526126568123e-01 1.238662908819758435e-01 -5.488642196374313165e-02 -3.631820656425990140e-02 5.360215291335852505e-01 -2.840182609683049655e-02 1.297006343510736515e-01 2.238819961379678522e-02 2.873864699673271406e-01 7.841226667984238508e-02 9.215657569022396578e-02 7.531358955231685914e-02 -1.088270273384971260e-01 8.906084481178876133e-02 1.486454736895068962e-01 -3.375366745828268789e-01 -1.050957540907001553e-01 2.217007219452557867e-02 9.001144190404539169e-02 -2.856415248420802744e-01 2.105083028856378213e-01 1.451861087884679657e-01 8.506659647063057397e-03 2.493768505355157747e-02 6.604284666105390833e-02 -8.174646377392076613e-02
4.466298391202368906e-02 -1.006170231984512276e-01 -7.195726320413413368e-02 -8.756794129198894674e-03 -1.441494974346052838e-01 -1.068699990050179238e-01 -4.724675071106516078e-01 -1.843020792746264125e-01 1.813410892640341665e-01 1.478778300293433212e-01 -1.429193273452064421e-02 3.932958363322233003e-02 1.096364361157500626e-02 -1.692933663590893423e-01 -6.105191712328587005e-03 -4.380606472974716897e-04 -2.141174502168979171e-02 1.934506781594745942e-02 -1.396422254465823909e-01 -8.790445520136005997e-02 7.973720719491189657e-02 3.295659899851474672e-02 5.993325435789771394e-01 4.081701829768364514e-02 -1.042298235320971572e-01 -3.488893974452079716e-01 -5.455950423979272906e-02 -1.509419657595733044e-01 -2.296284468460467187e-01 2.158158473693166240e-02
-1.548699697497105676e-01 -1.412717728954221152e-01 -1.833604528319134758e-02 7.901073940602150458e-02 -2.332045759047990385e-02 -6.389522975296595131e-03 2.092086561622847340e-01 -3.404613708191529531e-01 2.716310129200646961e-02 2.780742196447537617e-01 -1.664578037666812060e-01 3.217952167108564798e-01 4.077581957803273482e-01 1.019099392630787582e-01 -2.493054978737895694e-02 1.265242095469825134e-01 -3.275787591189735677e-03 1.196074173293988213e-01 -1.309605909145497397e-02 1.213004575965768300e-01 -1.621116253285907471e-01 -1.189143630539371138e-01 -4.157431344329213380e-02 3.280962949266235107e-01 2.783388450144643755e-01 -3.124220256738925727e-02 2.734821012341968061e-01 3.620642513323119038e-02 -2.200087704929803156e-01 -6.820443733214982818e-02
-4.619586133873732764e-02 1.041490968585408600e-01 1.599022241947735401e-01 -1.346448528729740357e-01 -3.411094217319143168e-02 -2.451148698019461891e-01 -2.356612676900738113e-01 -4.311978728041034742e-02 -2.791344766030195990e-02 1.355717060101309102e-01 2.234597283457277206e-01 -2.249635019656135992e-01 -5.748234061031657662e-03 -2.622742505441422178e-01 1.028053052322917132e-01 1.048017322153940306e-01 1.512873359606134172e-01 -5.726858079033271542e-02 -4.572275805934947202e-01 -5.053727712627199831e-02 -1.637630944462473148e-01 -4.051369096925679092e-02 -1.718877088721948720e-01 1.446714601819615864e-01 1.241833238614256790e-01 1.380481089797506306e-02 1.958032221623369484e-01 2.197938998029251023e-01 2.485051078847458073e-01 -3.658921159482323437e-01
1.982759344798461221e-01 3.192112603508882179e-02 -1.265346269148020231e-01 -1.095092196335731571e-01 -2.293806936900155413e-01 -1.949753264924012491e-02 1.988560967291627679e-02 -2.596174255874825754e-01 -5.672419008211047192e-02 -8.919736341971244709e-02 2.021532578109123401e-01 -1.131295663437797000e-01 -1.865919220328116912e-01 4.030582694102811114e-01 -1.387685395645246039e-02 1.193446453118204298e-01 4.731577819922344053e-01 -1.532826922467788421e-02 6.238054325533176625e-02 -1.259781895849394762e-01 -6.569973998584885400e-02 2.624633634400163062e-01 1.521047432807557942e-01 8.546294349129195111e-02 7.815178888283229319e-02 3.171176705065786305e-01 1.855603048104526587e-01 -1.902659541157517842e-01 -9.672072450791886766e-02 -1.214696042599810837e-02
7.713794341468563354e-02 -1.152460200941964746e-01 3.160991070340152809e-01 -2.258629169199797559e-01 -2.074170795506621312e-01 1.097884191401689580e-01 -2.083196233173965559e-02 6.909034664640596735e-02 6.691596816695272176e-02 1.802621174198997533e-01 8.435602987031379230e-02 9.817507741528502807e-02 -1.773681623919506622e-01 1.421636778611714280e-01 7.568778826831641660e-02 -5.960258596870237485e-02 9.016335394593673336e-02 -1.731670967102391101e-01 2.223698900399324330e-01 3.066744174741913853e-01 -3.391625658992717951e-01 -1.839642441307131823e-02 1.820099197025794591e-01 8.305691612814440627e-02 4.309599648222849078e-02 -1.377966367481399113e-01 -1.178575959438474541e-01 4.466309846209944312e-01 1.482362932071897565e-01 2.483478392144651825e-01
-2.630124356875249148e-01 1.428634516889143724e-01 6.201382636266582898e-02 -2.940583162286967978e-02 -2.528295287143795256e-01 -2.506219407204594157e-02 1.591439776595601763e-01 1.407703758325312693e-01 -8.120816297466486311e-02 1.685194425899151083e-01 -1.367672937919829634e-01 -3.097992490730682724e-01 1.030604273473695875e-01 2.785217853960210155e-01 -2.153684969639015345e-01 -2.340037674547238433e-01 -1.465628335570105106e-02 1.968596712191041653e-01 -6.539580382034751449e-02 -4.553941845194491855e-01 -1.636808886325125389e-01 -2.220284273409650899e-01 1.386568917596805450e-01 1.747093507695275383e-01 -7.025077327853478104e-02 -1.614262954155628454e-02 -2.679320464077921682e-01 3.481663673161719541e-02 3.371161254754531655e-02 -3.464528397381476388e-02
-8.963232123921660577e-02 2.035646669021425048e-01 -2.284163270898473541e-01 1.529868344503766131e-01 2.898690270551154691e-01 -2.299744397658329553e-01 -2.111191557478952485e-01 -2.249006630645825344e-01 -2.364547449395156681e-02 -8.087661542259874659e-02 2.403941366265085477e-01 1.012764115714171881e-01 1.433610668504116115e-01 3.307090469960092816e-01 3.163194151725643583e-02 -1.723425764658267356e-01 7.187941587473626812e-03 -1.575525132587032862e-01 6.387069647499447889e-02 2.025399640944202870e-02 7.571996703865406519e-02 -1.194036457172760884e-01 -5.912628289671649148e-03 1.713679920544961544e-01 1.427470162345487736e-01 -1.812347211999558172e-01 -1.373886165307991736e-01 -4.906502877065306578e-02 4.530456975415960708e-01 2.204581365791913050e-01
-1.283433322922351572e-01 2.892305282298254232e-01 -1.243087329602728525e-01 2.015831873695076715e-01 -1.312148082087041534e-01 7.795048900462751840e-02 8.612230005114721032e-02 1.719671605455103947e-01 -3.142203183955198931e-01 3.102334656723335082e-01 3.100505237564125105e-01 2.679873033654441294e-01 4.773774968878838343e-02 -1.564877478305504166e-01 -5.405898941995765372e-02 -1.688866654063047312e-01 -2.538792558759425666e-02 1.158205769636569751e-02 3.584801611927995041e-02 -2.582527832652659061e-02 1.022985496275947842e-01 3.728123637169172139e-02 3.333499128246694698e-01 -2.902284656280221253e-01 5.884915592759023401e-02 1.908057109492944381e-01 2.911512130868617598e-01 1.464355211774662768e-01 7.820705497148976171e-02 1.492191380234730858e-02
7.320873913813887024e-02 2.694686736563832730e-01 8.898773555852255296e-03 1.912978761445726095e-01 -2.456690851674600273e-01 1.439224119403809954e-01 -6.757872293930194951e-02 -6.958899451894619281e-02 -6.709114362250108432e-02 1.571350920930565664e-02 -2.912284294664003736e-01 -1.933940923713846627e-01 7.055367290311644057e-02 2.324786713742019728e-01 -1.059128100432311509e-01 3.842561462730830213e-01 -1.566023264995376196e-01 -1.640645653202630616e-01 -8.964015675100067693e-02 -2.832920439452783767e-02 4.526451309846555443e-02 1.449138994821699833e-01 -1.134746423432467927e-01 -1.487144947227541647e-01 -1.674246104925047052e-01 -3.324088293452865384e-01 3.472326471913807500e-01 1.314336557349500001e-01 1.533703127608927186e-01 1.783354242406741674e-01
-9.188171567850617061e-02 -2.573428109747261452e-02 1.888319182921235073e-01 2.498520182171247092e-02 1.040282223265058259e-01 1.505227675048012859e-01 -6.126001361994195746e-03 1.116116132833612495e-01 2.691680659612450191e-02 2.603603995676694871e-01 1.430621192908422268e-01 -1.863106105289997205e-01 4.294233747696101638e-02 6.369641001964686244e-02 3.665655831926690339e-02 2.546282884831081034e-02 2.227002631369940922e-01 -2.827798775488860050e-01 6.625819922785322613e-02 1.687643759407902733e-01 -9.706122538203136585e-02 -4.869122607833613059e-01 -3.140787791498925174e-02 -1.448283154616381296e-01 -1.751349747097634135e-01 -7.468416570980081215e-02 1.942212760036758357e-01 -5.193818687561326808e-01 -4.877493388421418746e-02 7.093834038824306000e-03
8.514418005088131292e-02 2.198649277470716978e-01 -3.000200194278293542e-01 -2.767973670320607038e-01 -2.417204710425212566e-01 1.290471111841744734e-01 1.489133565897964862e-01 -2.996208329124941394e-01 2.051234514707694911e-01 1.597241739121776638e-01 -1.455054788722087156e-01 -1.266162232683274991e-01 -4.820265089454147523e-05 -2.608102728030476936e-01 2.249629548566025317e-01 -2.733237583417497674e-01 -2.267805060266221140e-01 -4.220694865827014364e-01 1.171906884408347727e-01 -8.566017401355299765e-02 2.083162934414476558e-02 -2.942223789754575339e-02 -8.385727562136524593e-02 6.401673108419547731e-02 4.969372951000237265e-02 1.383265121987245494e-01 -8.720149294055408451e-03 -7.292387402896684245e-02 5.012060626079037351e-02 6.424195270444499860e-03
