5.049704721336831792e-01 4.998062041765051200e-01 -2.563462349350755301e-02 2.473884830055096684e-01 -2.356255745115742595e-01 -1.008252633588075653e-01 2.078954969959255772e-01 -6.006413487679240770e-02 4.940117337668770148e-01 2.770909759086702673e-01
-2.933825030811573753e-01 3.668948360883771409e-01 -4.835876380021294357e-02 -2.723706489288720278e-01 4.118363471312976726e-02 1.378364572300572362e-02 -6.073286273439572058e-01 -3.487586162431836195e-02 4.979045163035477062e-01 -2.879777254835738098e-01
-5.152505984237649717e-01 2.755119041411964731e-01 3.394042382632545540e-01 8.216249606664351168e-02 -2.093312724325084584e-01 2.098804323992135012e-01 3.744934380067478363e-01 5.500539233557235619e-01 7.738518892454701592e-02 -1.264947889747999659e-03
-4.195831291239101590e-01 -1.113806635173444498e-01 -3.639834853941742443e-01 7.038612092427291023e-01 -1.655982571652577229e-01 4.142719276394402766e-02 -2.510975640698615008e-01 -1.303817324238455422e-01 3.794400396352547861e-02 2.702066629226210770e-01
2.503743241638174410e-01 -2.502474176656893645e-01 -3.319770329239568607e-01 1.318657409411312098e-01 4.645091823192008529e-01 2.245056807110537567e-01 -4.418213889568939345e-02 6.244689441505236749e-01 2.961451082656213485e-01 -3.611888484308475172e-02
2.952061872692577360e-01 -2.027796812654465985e-01 2.974991403706801485e-01 3.755762929557430185e-01 -4.234062441487920214e-01 -1.313184913946887078e-01 -2.596279386907626718e-01 2.084062227877625517e-01 -3.959779374271248098e-02 -5.772739542288649606e-01
1.180913783539375844e-01 4.534936446040435110e-01 3.350154216085602377e-01 3.791965446237055004e-01 5.262272508546109728e-01 2.793900611596719652e-01 -1.839282239977266808e-01 -1.126447495689585215e-01 -3.447672659748169388e-01 -6.337005443520829506e-02
-2.041798991704527333e-01 9.756853406749096957e-02 -2.135874173721374891e-01 2.153361658680603974e-01 3.267112675317321302e-01 -4.433317465754956777e-01 4.656151491582972146e-01 -1.845044160658826371e-01 1.369239318797560168e-01 -5.328516689430652375e-01
1.069556731469410854e-01 2.961529687259209509e-01 -5.740661937221056554e-01 -9.731632118674037046e-02 -3.037698930424080901e-01 4.933781385268478092e-01 1.289043297930214660e-01 -2.990427312087794859e-02 -2.978640850804193940e-01 -3.462653628163184782e-01
-2.213214065144511467e-02 -3.473376187304054730e-01 2.514034212002210222e-01 6.607279941694979564e-02 2.385339886252080266e-02 5.985040442206015499e-01 2.191665258453683873e-01 -4.411322461794318639e-01 4.301275743713699473e-01 -1.577340212514728168e-01
