1.046237424718401421e-01 1.336095693333371782e-02 1.856966080337881797e-01 -6.991650828059490196e-03 1.383556475165496902e-01 9.220235773766181919e-02 1.471962758118324777e-01 2.242961855711026742e-01 -3.128456025164579324e-01 2.771729720380229356e-01 -2.513279856705239457e-01 -2.534650718237147493e-01 3.222890242459190008e-02 -9.480031544840732084e-04 2.201432914449079348e-02 -8.843986699871651813e-02 1.604233666047478468e-01 -2.832765731559253597e-01 1.447438971453888223e-01 1.525324753348717699e-01 -3.912849617414070752e-02 4.133954432828595427e-01 -1.156691769242404466e-01 1.425512175969824991e-01 9.708137912579399564e-02 -1.365710735824208766e-01 1.929002456547288524e-01 2.533112982471645291e-01 2.378840593241198231e-01 3.005214961531373422e-02
2.455353083558264038e-01 3.283880918110779201e-01 8.745654769719057864e-03 -1.110002923897381727e-01 1.032464085190471226e-01 1.730443154686045204e-01 -1.356803250170222630e-01 -1.204214876197150647e-01 -1.207188248331349800e-01 1.268647351877816021e-01 -1.187783632407473089e-01 1.353861236558501213e-01 -2.088540622604942998e-01 -3.027204327166695963e-01 2.402912031800231440e-01 -3.637675492265957794e-02 2.679628562350196488e-02 1.139495420211756593e-01 -2.205272370314529384e-01 2.064607178542878230e-01 -3.288511732305414437e-02 -1.358760051413958614e-01 1.529540293051432909e-01 2.987330096903272336e-01 3.651313032256292002e-01 -3.741959124713762491e-02 -4.563097498406098844e-03 -1.642763180378236515e-02 -2.892793668083344372e-01 1.808259996301577743e-01
2.857165326799958327e-02 2.141036898729511626e-02 -1.826600500791530080e-01 -4.161691064918360272e-01 -1.087297616376179804e-01 -2.654314438376838003e-01 2.096210049710497958e-01 -8.789138813057152666e-02 6.000914645730336117e-02 -2.451664360889647121e-01 -7.710048580067922763e-02 -1.924396128046118315e-01 -6.163508375264330902e-02 -1.203232629286201949e-01 1.819079410473163905e-01 -3.522688595724461358e-01 -4.984029466550482512e-02 1.820232123568355231e-01 1.602685087623356430e-01 6.420073201229814508e-02 8.463632149870051191e-02 7.416072357268900517e-02 -7.615361202897052637e-03 -2.740496066865744651e-01 5.113886306834053430e-02 -2.378184414829072890e-01 1.632339204693586676e-01 2.650577174141520720e-01 -2.246248528385161314e-01 -1.276628989093822053e-01
3.035018218870481621e-01 -1.790374669079690950e-01 2.162370727107382762e-01 -1.563200473789573830e-01 6.712510037912865213e-02 -1.601679112712700581e-02 -6.293063462564667254e-02 3.985376739700480925e-02 3.681032769940186800e-01 1.492148077340393064e-01 8.386743817454603289e-02 -1.175281975340324025e-01 7.764246109432217102e-02 1.026278970058157464e-01 1.102126204743896637e-01 -8.076633308803866929e-02 -3.136069014629387919e-01 7.829695620514116883e-02 4.031769879307853244e-03 8.644697260752068346e-02 1.064545156070943327e-01 1.735290241476485640e-01 -3.324215632453110802e-01 2.008834346865137899e-01 1.155837597168970360e-02 4.780522735246423016e-01 5.774522747686539753e-02 2.112514975041571152e-03 -1.930415979991139674e-01 -8.330998841459005821e-02
3.687698756291503677e-01 -9.349299833461716114e-02 -1.007871451091976733e-01 1.604625990521028056e-01 1.979079664289914442e-01 2.077670151404509280e-01 -1.281640307983264171e-01 -6.859330710661536157e-02 -5.945468131343350365e-02 -1.263017560307867770e-01 -8.409032041264054291e-02 3.724012761700783436e-01 -2.828997824256266891e-01 1.860980574697433942e-01 1.736673310585478899e-02 -2.241553985338275989e-01 8.675865930891313305e-02 5.625530962120919853e-02 1.973455345753522827e-01 2.763720117466068049e-01 2.147142071617263170e-01 4.069228971017437024e-02 1.015733776059556635e-02 -3.540359219325530105e-01 -4.139263026644995035e-03 1.202958299580074164e-01 -4.733716248683688538e-02 -8.848803458181831588e-03 2.328668717285242717e-01 -1.232373376371029422e-01
-3.871214455740561444e-01 8.890952853498025610e-02 -2.062582525641267206e-01 -1.058513527421409001e-01 1.167146448175894885e-01 1.235916461531848948e-01 4.807209786258360290e-02 -1.635350739792343910e-01 -8.974729972351032370e-02 -9.638317439971059997e-02 -1.729025835988893811e-01 1.412389353008945345e-02 -1.076989920884049434e-01 -1.772621921902861053e-01 -3.121953558589287900e-02 -1.765761862553222039e-01 -7.997044028166415408e-02 -3.465584721987415850e-01 2.585705447679014779e-01 -6.062869971758096110e-02 -1.386132359667486547e-01 -2.499955088134143133e-01 -1.680602636172763564e-01 1.155039982038652407e-01 1.265720103951851749e-01 4.792660522940919154e-01 -3.217326001494033583e-02 9.020173394123241761e-02 6.781022572800410320e-02 -1.676420755857981060e-01
2.642834521823838809e-02 2.067927995110496187e-01 -2.145620805048858992e-01 -9.117985662596626850e-02 1.796837240563555760e-01 -1.126367345748286730e-01 7.104784109677741988e-03 1.728181114326760026e-01 -1.434248731636313112e-03 1.879509483058373065e-01 1.611284563285385052e-01 4.670701210033135764e-01 3.379294079351437552e-01 -8.672948279860870358e-02 -4.010848399724619151e-01 -5.971000938838385425e-02 -6.351557332595679506e-02 4.773645680223193716e-02 2.003910022211510822e-01 -1.273934466404749166e-01 9.773941395306159907e-02 2.107062748799216623e-01 1.587326889784116124e-01 4.364122047730991522e-02 3.402924336677913553e-02 6.808876084606473034e-02 -9.165522801063204217e-03 2.715247543597542612e-01 -1.774083906095398899e-01 8.290816657596765393e-02
2.432350140165118468e-01 3.880490371089247992e-01 -8.970248355532488282e-02 -2.043746936098115030e-01 2.491929623559539092e-02 -2.335707121454181079e-01 -1.197134222623606192e-01 -1.197583335223253442e-01 1.621352171928910069e-01 -2.960645578078645035e-01 -1.761460724383344945e-01 1.810184275290621370e-01 1.014246610344911592e-01 5.071102532036064758e-02 -8.129182704101857448e-02 2.292130755058917335e-01 -2.356989398149929305e-02 -1.670324581668816977e-01 -2.663437461289678843e-01 7.139318543935362082e-02 -2.419879937486538735e-01 6.341627140988492783e-02 -2.381025807149687312e-01 6.184371787404158854e-02 -1.435853777853194624e-01 -4.723308620468268798e-02 2.122779279921262474e-01 2.147219090386842666e-02 3.206822315434496584e-01 -8.972366168953621601e-02
-1.600409351524915147e-01 -2.216259195417733530e-01 -2.946752985449880291e-01 -4.494744026039394769e-02 -8.174298087580274264e-02 -8.208316178550270625e-02 1.406853591393358860e-01 -1.792348191494023135e-01 2.771212509012518366e-01 1.574780894676704179e-01 2.315097812900837604e-02 1.658835992105684720e-01 -1.776892893157968611e-01 1.135267892142782509e-01 -5.888176996435672689e-02 6.272422401993968388e-02 4.088750899856868348e-01 1.292193933799554717e-01 1.581589420070715901e-01 1.082936466339931708e-01 -1.678230717972573338e-01 1.922570518834456899e-01 -2.060461189682247785e-01 1.473709946802690962e-01 2.148925400819640397e-01 -1.503973779065457747e-02 2.427643344751919674e-01 -2.407004635151773486e-01 -1.224357848300881282e-03 2.763500653329817869e-01
-1.796349925830209027e-01 2.231812795598749344e-01 -2.723421647203204676e-01 -2.350541703507257052e-02 1.202535380547610361e-01 2.053670252410162989e-01 1.159856418464236122e-01 3.169886624441372591e-01 -1.373340503904281473e-01 -3.367486025895493063e-01 3.764124094654635599e-01 -2.502592890471942444e-01 -5.313794024409615457e-02 7.985493248052266679e-02 -9.873474343630091188e-02 3.513306357876001818e-02 -4.505544780883102146e-02 2.165371271297020506e-01 -1.334351388481594125e-01 3.935294589730308767e-01 5.958959718830206947e-02 1.475128877670955629e-01 -1.429512807220840731e-01 1.053712710762629429e-01 -1.102250197221176994e-02 1.021186697318559738e-01 -1.067252850647159024e-01 -4.315526065638183167e-02 5.094254009911056147e-02 1.050364048401073447e-01
-2.695291400554872818e-01 1.369721695967853481e-01 3.447838205696682756e-01 1.418656132628750843e-01 7.675270929523702462e-03 -3.992699260565708563e-01 9.091252577851566263e-02 2.105272967853974719e-01 1.325175392448588729e-01 -3.131523089526613846e-02 1.641478526090285328e-01 2.102973555423988672e-01 -1.112439649903672612e-01 -2.969092075184678881e-01 1.502003470916934147e-01 -2.092589398631996556e-01 2.986360882212744580e-02 -9.495693190659201810e-02 -1.547165528487563779e-01 8.184654011798016271e-02 2.924419653953461151e-01 3.703775281826898746e-02 2.705757112088927330e-02 -9.877441763483735260e-02 1.485533350504072148e-01 1.311718844401559003e-01 1.768840469437815421e-01 -1.463149246042648732e-01 2.527469437530944774e-01 8.461335993128668576e-02
-2.126895390472034186e-01 -1.890726295852865335e-02 -1.473583775263529183e-01 1.011419004393899201e-01 -2.887471880894657006e-01 -2.703943400545171238e-01 -5.583939498866474782e-01 1.416786476587285071e-01 -8.114661361989483623e-02 3.055821236928737625e-02 -3.267508383428986418e-01 -6.894770020421260581e-02 -2.231393646785232443e-01 1.126734880592580590e-01 -1.879181000325398643e-01 -9.357457288486971392e-02 -4.944844929788785176e-02 -7.014910126852404171e-02 -9.353020196625397298e-02 2.001237669961436205e-01 9.081736418338517969e-02 2.292746757312267847e-01 9.086681936088035483e-02 7.144118748834846211e-02 -1.065650601069245834e-01 8.048932497693116195e-02 -1.810161895696910453e-02 -2.843172309393080313e-03 -2.418971398338232159e-01 -3.845857162863602213e-02
-5.328013089802368513e-02 2.005860389703546520e-01 -1.252001406804962302e-01 1.637542226553591607e-01 5.733433736235446498e-02 1.598665138810351771e-01 -1.801478917749043673e-01 2.651978056415914189e-03 1.478953197356378327e-02 1.393324352682683287e-01 1.364099039031758248e-02 -1.049534881340924847e-01 3.074460635323633118e-01 -8.588041193509021731e-02 1.126905229271934483e-01 -3.167436654876060742e-01 9.784880665355392970e-02 2.784878484084696293e-01 9.663620867268454817e-02 -3.377901449752917368e-02 -6.864175902318489508e-02 -3.009533213391455547e-03 9.985988507283884152e-02 1.287131365840655239e-01 -1.860581509338210815e-01 -2.754903870933252466e-02 4.015636753600839715e-01 -3.530173114699760584e-01 7.142251025286067145e-02 -3.900662639918103247e-01
6.135003358785243686e-03 -2.274916663329137889e-01 -1.421897523658983975e-01 8.596504607804146894e-04 -6.062861387931787333e-02 -8.688415814497979506e-02 -8.140111356504947659e-02 -1.238282649914806133e-01 -6.609428888634323596e-02 -8.880481893864571735e-03 -7.172291829778947025e-02 -4.627033545340450416e-02 1.763877670927116725e-01 -6.558955523532077059e-02 9.867023423568306584e-02 1.051572075211456569e-01 2.492671926308931765e-02 1.852759676916555798e-01 5.329699592533924946e-02 1.810914119465144578e-01 3.589014200854635517e-01 -3.368489188623687292e-01 1.070974415647709954e-01 3.038808873335333005e-01 -2.370354211464582583e-01 1.040936648975621520e-01 2.184545740492332411e-01 3.573577955123281025e-01 2.937370717657780683e-01 2.854158858529204923e-01
5.667460744814298984e-02 2.982194089641233142e-02 3.162428340311471131e-02 4.386625435517147592e-02 3.321537234394780769e-01 -2.649867558518710919e-01 2.080125540307505849e-01 4.649087424869518398e-02 -1.744891086528432278e-01 9.948916315893435725e-02 -1.834900744975757891e-01 -5.639977486066236750e-03 1.106826409848997300e-01 -2.363730603563055435e-02 -1.088875555955583496e-01 3.789367468597832495e-02 1.762684047626123240e-01 -1.073319776678725440e-01 3.222522284553814426e-02 2.594480050992860609e-01 1.303011149453451312e-01 -3.131402510246287241e-01 -3.029185343024807797e-01 -8.516888545216365347e-02 -3.255584287653990327e-01 -4.558324285232711465e-02 -3.033633233950459862e-02 -2.770051779484955512e-01 -3.922669740139812511e-01 4.764622830458617453e-02
1.437741065172060406e-01 1.547519654413564705e-01 -1.029421892033735575e-01 9.229487784867779210e-02 3.360974361071387140e-01 -4.364612433975862960e-01 -1.506165494629897184e-01 -1.393617368428767822e-01 -6.561116371585418161e-02 9.732283532824106964e-02 2.693166391922017788e-01 -3.522454040997853864e-01 -8.144317126660756412e-02 3.162615556967022790e-01 7.854583894039285363e-02 2.260708374905009282e-02 -4.369142647086971670e-02 -9.966518429288757919e-02 1.795701354185956777e-01 -3.628833701724588218e-02 -1.766561783960408083e-01 -9.566555641015753175e-02 3.083727320605003097e-01 -8.485067368839516178e-02 1.726600371091571995e-01 1.413669651769303981e-01 7.362806830362084165e-02 -2.464935816499863250e-02 5.448950997535450397e-02 1.418724112769437495e-01
1.488772117355666603e-03 5.584847893044195960e-02 1.304916092656508708e-01 1.704006398232391362e-01 1.458968771709681367e-01 1.970225680750056774e-01 -1.936970439273415223e-01 -4.462723222730771364e-03 2.625289224545636069e-01 -3.346733425907884030e-01 -1.467410661905225455e-01 -2.269531067030189919e-01 1.832248384865771129e-01 -2.596423203611388786e-01 -2.279535275053842791e-02 2.125924149772316640e-01 3.780085906094467485e-01 -1.795048135338348991e-02 8.242055961833148758e-02 -5.965072855343676178e-02 1.712489629377096992e-02 1.468323749372809350e-01 9.184746643678191880e-02 -2.925574817853489606e-01 2.870129403163923856e-02 2.340105227387543896e-01 1.395045211082925340e-01 1.346600404657813110e-01 -2.238180490819210999e-01 1.994645417325461023e-01
6.043793929868952058e-02 1.767205925259714427e-01 -1.493135455516322319e-01 3.622160598345590676e-01 -4.245999444139833545e-01 1.084279379418384877e-02 1.639478072180040324e-01 -1.528883387883804568e-01 -1.540519936570881876e-02 1.184838135783721352e-01 -7.251975866479169752e-02 6.470297525912836571e-03 3.509406428804203726e-01 -6.307662426337923289e-02 1.545311957616228582e-01 3.845466959976415883e-02 -3.385135640617484287e-01 -9.778222295702482247e-02 1.461843132112899124e-01 3.293255107274284388e-01 -1.123412019260603550e-01 5.399111065211296273e-02 -6.771709555817548298e-02 -2.594355869161063533e-01 1.176681701615516912e-01 6.062715573586389961e-02 -4.623813155751191339e-02 -6.574979263784518080e-02 -9.744809521728297827e-03 2.083481284400953149e-01
-2.433558712630791154e-01 4.593177972403053588e-02 1.497238070687003687e-02 -3.138970506114461267e-01 1.402724200650191932e-01 1.773569438563348255e-01 -1.299488925586290977e-01 -8.904298763474745304e-02 1.711434972877620003e-03 2.481754779952016765e-02 1.013621450615485309e-01 1.509604842458392437e-01 -5.744927125880510549e-02 3.446484749986020862e-02 3.723952187410082271e-01 3.299173357855684219e-01 -2.276807917814322735e-01 -2.594582866481877637e-01 2.643322556972289017e-01 8.537759219516054265e-02 1.961861666107479751e-01 2.367965984209188801e-01 1.538161896418521191e-01 -3.814748006608401770e-02 -2.681925592781959633e-01 -1.398800379040011088e-01 1.283051279852534254e-01 -2.029884241372837683e-01 -8.593688996486274767e-02 7.570819515233701003e-02
-3.710923894611816570e-02 4.834603652507978716e-02 1.118364723418710377e-01 4.343888776679205588e-01 1.709285726165336861e-01 -2.552016026069665877e-02 8.505224878762471241e-02 -2.259495163430554621e-01 3.049226788165288471e-01 -5.983984482947983519e-02 1.226862380803609570e-01 -1.668780787996117579e-02 -3.143773303766689842e-01 -2.164763182367318017e-01 -1.330232096378155537e-01 -5.544898040034355186e-02 -1.869793693036050086e-01 -7.092158775097697279e-03 1.804669869891628864e-01 1.563267562669135025e-01 -1.659853638619557537e-01 8.559355905913787477e-02 -4.112302679627723103e-04 2.621249824644913962e-01 -2.827150514760050082e-01 -2.755370889787245314e-01 -3.098863613665835473e-02 2.542966642390634413e-01 -7.908499130617559214e-02 -7.239185184112516269e-02
4.264549064655755867e-02 -6.127561187606238302e-02 -5.544342025934990981e-03 2.810993302972735197e-01 3.781578082337740121e-02 -1.299362457209730648e-01 -1.053729711780068135e-01 1.630117272061702982e-01 -1.255639380878453004e-01 -4.668629982747627971e-01 -6.098213639308315559e-02 1.561473763066800191e-01 1.676906222400842694e-01 1.893047183974227721e-01 2.790929895864525112e-01 -5.489122329181414690e-03 -4.005423094271036433e-02 -3.399764269535855005e-02 2.705363120212939676e-01 -2.275168080403401349e-01 1.079959331044486465e-01 4.031685185043910012e-03 -2.302111327732782597e-01 3.432670639402881640e-01 2.837397125714014035e-01 -2.062901267236445513e-01 -2.058405795159900034e-02 -4.517453469807340694e-02 -1.410788152961363895e-01 5.234253352271911637e-03
3.059232213190140118e-02 1.816933429611325077e-02 1.819178608773029393e-01 2.736147420347848774e-02 -1.492485162571937085e-01 -1.421337283997828327e-01 1.424598589712589292e-01 -4.770066043005192213e-01 -4.463808260140967321e-01 -1.576191128358036264e-01 1.824809867532541652e-01 1.031643052072398897e-01 4.822407033889933997e-02 3.122401808862270041e-03 8.915591504853959126e-02 -4.863141067963200337e-02 2.369046128250641980e-01 8.449599293313728166e-02 -8.200181772967231331e-02 -5.275449436272901943e-02 -2.294716742613793492e-02 3.655398234702351701e-01 4.895473515439358742e-02 1.370798809025463028e-01 -2.220206391502667909e-01 2.998086007853761892e-01 -1.005614620042104279e-01 4.953578931653027442e-03 -1.114300431657258283e-01 -6.369322048240447232e-02
-4.779296672481305602e-02 -2.534196914818570012e-01 3.283855053569271765e-01 -1.899812641918356138e-01 -5.918783943804219183e-03 -1.350978263125632017e-01 -2.515564556342257951e-01 5.966587474615724779e-02 -2.190711142850264304e-01 -8.725215004842662436e-02 1.030542890795347888e-01 8.369632199915211235e-02 9.513003210990202130e-02 -2.511136193256642835e-01 -1.659425260181321415e-01 2.130298101214282980e-01 -7.076112921646113274e-02 2.580411606567031835e-01 3.095828123670519294e-01 3.346145668016087815e-01 -3.597105798307201896e-01 -9.145439246755314444e-02 -2.245539961486140226e-02 -6.296464727376706316e-02 1.746462948772579682e-01 -3.202784529134552333e-02 8.852840044031532601e-03 -5.635012151139080772e-02 8.181738812887223711e-02 -1.519223330546325690e-01
3.963603521460321022e-02 -3.576008397817265205e-01 -3.509233535945450178e-01 1.940242781618687837e-02 3.227644814362520820e-01 -1.518127918628629502e-01 -1.212694689623435157e-01 4.126822030266866920e-02 -1.766046228106037163e-03 1.835229621587754559e-02 -7.672967066997472829e-02 -1.485148826940650355e-02 1.384906276470744546e-01 -3.980170841994524755e-01 2.628140114159077667e-01 -1.185829488155060452e-01 -7.581381866957384585e-02 -2.321055016150853478e-03 -2.058136436939287106e-01 -7.618243859435575027e-02 -1.903251417494653819e-01 2.438956128175441274e-01 -2.197023266778186032e-02 -3.721727861649288399e-02 -1.067104345422288519e-01 -2.389149848376467475e-02 -3.470267255381254135e-01 -1.063241451088598466e-01 1.632769536272691280e-01 1.198871640749453599e-01
2.068177572226446992e-01 7.800680339041233397e-03 -1.599506095206721101e-01 1.250477438436668476e-01 -1.591019567227265341e-01 -4.183165528622314298e-03 -2.456819051580523203e-02 2.825592250013482243e-01 -2.794488661786539985e-01 6.859419327185993509e-02 1.601897460108735460e-01 5.261064142283510686e-02 -3.707947368826856049e-01 -2.372043623645567478e-01 9.358865425613185907e-02 1.578375228459196755e-01 -1.106860750642649771e-01 7.724116094495803164e-02 6.555261581438369400e-02 -3.299588714186764693e-01 -1.582867174207029104e-01 -4.617100550843329654e-02 -2.415398236737351101e-01 -1.512861465504176661e-01 -2.171482224970888719e-01 1.423956880897027932e-01 3.706153938743583787e-01 6.204058041055977857e-02 -8.882292338045766344e-02 1.232530625538265506e-01
3.462161285808698086e-01 -1.885944236736711022e-01 -4.079643467051349837e-02 -1.387683140013251104e-01 -2.565119437491019672e-01 7.754964984543243067e-02 -1.177649330546831630e-02 9.745852721302356025e-02 4.507066096525160631e-02 -2.277977657569891512e-01 2.647431522494423373e-01 -5.605865446505491761e-02 4.584381586985265822e-02 -1.706028559348281570e-01 -2.049568843838719956e-01 -2.795212671245931313e-01 8.832179396707842689e-02 -4.994050558775769977e-01 8.586997929093530268e-02 9.117055262045940800e-02 -3.771746401882386523e-02 -8.673633713678623181e-02 2.270804255659046311e-01 1.838137009023822210e-01 -9.476107077748704977e-02 -3.805507963892452994e-02 7.004038562076818353e-02 -2.462068571564452746e-01 -4.185327197745350447e-02 1.371186743952406140e-01
-1.502558702274058022e-01 -1.302437810731707224e-01 1.067280566772554340e-01 1.707048267770431768e-02 5.334313723263287010e-02 5.342854566891517415e-02 1.318473931335060745e-01 2.808070405812538306e-01 5.687155615908721235e-02 -8.349902698143342461e-02 -6.317533238476263913e-02 2.737948334908822945e-01 7.973095211829919760e-02 3.153926828290997131e-01 2.917604331742270074e-01 -1.864255105509391996e-01 3.864297950919127339e-02 -2.527379067918831754e-02 -1.716041546651110583e-01 1.766558520363252227e-01 -4.892222156301319624e-01 -1.068329168066182028e-01 2.390881755647148443e-01 -9.787917034180665388e-03 -1.898953742153168534e-01 1.240646156721589843e-01 1.433483476350027042e-01 2.239953106722256393e-01 -1.722398168920797612e-01 9.660344219435858248e-02
1.602680004731740770e-01 -3.340725453725851279e-02 -2.096292959183123639e-01 7.651068097052898809e-02 -1.031520830687645829e-01 -1.671368585279499885e-01 3.270821520392102055e-01 2.556515869867463930e-01 1.188128839329697511e-01 9.903750565127654101e-03 -1.112529139881614365e-01 -2.387370821298806511e-03 -8.984149304257880997e-02 -1.130832836146543063e-01 1.477750501316980047e-01 4.212007067974593566e-01 1.454190969020927038e-01 -2.634942116883793109e-02 9.079559292414621230e-02 1.108163029907987263e-01 6.212310062609129740e-02 3.622998718161189735e-02 3.402251841264921084e-01 1.497946530196493653e-01 4.753746340134094861e-02 1.810219845643258052e-01 -1.040086540071370191e-01 -2.276624923446625079e-02 -2.081533808414247344e-02 -4.829629114467925977e-01
-5.543607940672369561e-02 -3.509961692958077917e-01 -1.112954306744681904e-01 1.535998181463212320e-01 2.134169858813561027e-01 6.002293667586264952e-02 1.379860562621542108e-01 -1.955928356164778059e-01 -1.677596640382340576e-01 -1.163079840035675105e-01 -4.245136178077008049e-03 2.142778861884789623e-02 5.049892951684534226e-02 -5.792464881391115247e-03 -2.191148496431156167e-01 1.146356736726648340e-01 -2.977598387932963164e-01 -1.202073478651596444e-01 -3.793951063268097834e-01 5.181490527495320741e-02 9.899526364257350830e-02 7.408694475313976069e-02 1.095004317857487114e-01 -6.583196541377314692e-02 2.638092166745705236e-01 -3.469004264132900806e-02 4.719997704603556832e-01 -2.481017099274641924e-02 -1.512252323340346483e-01 -1.643226058766930342e-01
5.251403231860834325e-02 5.215091805818303228e-02 1.353330643858617899e-01 -6.668015906274224469e-02 6.942663667939530381e-02 -6.673741190701651914e-03 2.801858435798399993e-01 5.236502778062961799e-02 -2.567173359324043461e-02 -1.982949922314994062e-01 -4.588552469124627109e-01 -4.667541306544664009e-02 -1.191982248716365878e-01 1.996896668851645684e-02 -2.174231832547671162e-01 -5.366875475871153711e-02 -3.071839675386522361e-01 2.826805951873065936e-01 1.575649764749554316e-01 -1.606464692027972097e-01 -4.513673218535101117e-02 1.090090128196199853e-01 2.727225412192922915e-01 1.046214895572395859e-01 -9.001481718930126608e-02 1.295235485258248165e-01 2.516774472849582847e-02 -3.337275344637313790e-01 1.163687084391238358e-01 3.059536335801626983e-01
