-1.913782272999857703e-01 -3.102269977696633374e-01 3.830018300300198214e-02 -1.229029466917301028e-01 3.109487547762486703e-01 2.831464236695932155e-02 2.658509188108678090e-01 2.710528413476748777e-01 -7.390389927182651197e-01 2.504909419205320620e-01
-1.587534982204159284e-01 4.084202036809719272e-01 7.328087835954933960e-01 1.010024015163386302e-01 -1.289889815284407104e-01 2.773951861529229124e-01 -2.980412281435748101e-01 -5.169851385037489699e-02 -2.748546120608059140e-01 1.214294716598575928e-02
3.916210310146420182e-01 4.026448269644566369e-01 1.999163769670758532e-03 -6.031480755636361435e-01 3.001899165470777731e-01 -4.208766164655864533e-02 4.587857382658073330e-02 -2.885535373205325715e-01 -6.296513316600145516e-03 3.787156227276345932e-01
3.594111526889793296e-01 1.945882058294714778e-01 4.081593399542396416e-02 7.153296188867553917e-01 1.545333044175123405e-01 -1.150220314783692299e-01 4.097970725445339024e-01 -2.646278005014305879e-01 -1.223609840125301079e-01 1.719078694470994872e-01
4.759164900073093452e-01 2.247929187161184506e-01 1.131641913125314425e-01 -1.274508343095937246e-01 -5.413579785186096310e-02 1.122634977031383152e-01 3.159187015326347936e-01 6.108592571467633681e-01 -2.473009035833571151e-02 -4.525735033758461201e-01
-2.515707875395962745e-01 4.907025408547927570e-01 -4.152363268913101813e-01 -7.575954455942265908e-02 -5.450634160243539306e-01 -1.984206957020435147e-01 1.702060829263471742e-01 -8.330470818513444065e-02 -3.764857964023975989e-01 -6.038376899970739065e-02
1.031427276201003912e-01 6.231983010165022263e-02 -4.479121300791261140e-01 1.027451345545377925e-01 1.194574246014110663e-01 8.274788461142316143e-01 -1.594285667821982999e-01 -1.347588492969830076e-01 -1.503511343544663426e-01 -9.550801818615919925e-02
-7.975683607810681031e-02 1.655505846810779447e-01 -9.473061707897942330e-02 3.206092814621627068e-02 5.407853647451653645e-01 -3.336971699289887350e-01 -2.816590047586109424e-01 -1.892579607486749860e-01 -2.257329084400137853e-01 -6.215478497448753137e-01
-5.244645006794807635e-02 3.463459972416559896e-01 -2.515387623256648553e-01 2.542661446766237843e-01 2.156475583080954272e-01 -1.435794307421557336e-01 -4.255564295508331707e-01 5.777196740788966833e-01 9.203035096610930055e-02 3.986527240639421432e-01
-5.882973061446901131e-01 3.072418811410982387e-01 4.190691042555409057e-02 -3.146989028628058294e-02 3.455873519968808427e-01 1.964301209634279066e-01 5.058003132151746017e-01 5.233882620455771600e-02 3.726673123137154153e-01 -3.595159792892275302e-02
