# CEC 2008 F03 shift vector (D=1000)
-7.5427528300000006e+01
-3.5731701600000001e+01
-5.7595644000000000e+01
3.8909845699999998e+01
5.2247681800000002e+01
-3.0361027700000001e+01
5.0690814300000000e+01
4.9798660800000000e+01
-7.1155147499999998e+01
-3.0783675200000001e+01
-4.3000950799999998e+01
-2.0088118500000000e+01
7.1527256300000005e+01
4.8019962800000002e+01
-4.6027679800000001e+01
-8.1634412699999999e+00
-4.0975644299999999e+01
-1.3827357700000000e+01
3.5816572000000001e+01
5.7137787699999997e+01
5.8585383800000002e+01
-1.7412315799999998e+01
2.7287785299999999e+01
-6.2562363599999998e+01
-2.8816919500000001e+01
-8.6528635300000005e+01
4.8292618200000000e+01
-7.5819351399999997e+00
-8.2159638299999997e+01
-7.2078871899999996e+01
8.2246375400000005e+01
1.9584639800000001e+01
-4.5585743200000003e+01
7.7313498100000004e+01
-1.2612962200000000e+01
-8.1184461900000002e+01
7.2878157900000005e+01
8.6082181000000006e+01
2.8400651799999999e+01
4.0853066300000002e+01
-2.0465928299999998e+00
3.3440869599999999e+01
-2.4670593499999999e+01
-1.7820649800000002e+01
2.5834873500000000e+00
-8.1808195200000000e+01
8.8444545199999993e+01
-3.4270363900000000e+01
-4.3835130499999998e+01
1.9818599400000000e+01
-9.5430978399999997e+00
-1.4680974400000000e+01
-1.5868457500000000e+01
3.8530189999999997e+01
-7.1499959899999993e+01
-2.1569006000000002e+01
4.5441091000000000e+01
-6.3149316900000002e+01
2.8958834199999998e+01
-4.7350240599999999e+01
4.0970298999999997e+01
-4.3464204700000003e+01
-5.4880849700000001e+00
6.4352609999999999e+01
6.0014320099999999e+01
-4.3241323700000001e+00
-2.8775780999999998e+01
7.5985470599999996e+00
1.1070484900000000e+01
7.6539190300000001e+01
-4.0609313499999999e+01
-3.6784502500000002e+01
2.0258235700000000e+01
7.0315008000000006e+01
3.8600797300000004e+01
-5.3729941599999997e+01
-7.0529582199999993e+01
4.2845762800000003e+01
4.7164115799999998e+01
-3.9784192800000000e+01
6.2139297700000000e+01
2.2389555200000000e+01
2.1900723500000002e+01
8.1880825900000005e+01
-3.6825631100000003e+01
2.3727651300000002e+01
5.6329753399999998e+00
6.6809841399999996e+01
1.5202144900000000e+01
1.8473748100000002e+01
-2.1328171000000000e+00
7.9676879600000007e+01
-2.7625260099999998e+01
-5.4055736500000002e+01
-7.2342026399999995e+01
2.7380777399999999e+01
1.9074103800000000e+01
5.5993906400000000e+01
-6.8838357999999999e+00
-7.3130425799999998e+01
-7.1514867499999994e+01
6.7417962299999999e+01
-7.9063925999999995e+01
6.2502793900000000e+01
-8.2604812299999999e+00
-4.5327415899999998e+01
8.7944554499999995e+01
1.1577229000000001e+01
-5.0304380299999998e+01
6.7951493900000003e+01
4.0961456400000003e+01
6.3555180800000002e+01
-5.8017909899999999e+01
7.2544208499999998e+00
-5.0068351000000000e+00
4.1831011300000000e+01
8.6507498299999995e+01
3.0028072900000002e+01
3.2964365299999997e+01
6.7570834599999998e+01
1.3847700000000001e+00
-5.7792712899999996e+00
-4.5927914700000002e+01
1.1885180000000000e+01
4.6930372900000002e+01
-2.7869584100000001e+01
-9.4415232800000002e+00
2.8419419600000002e+00
-6.1678101599999998e+01
8.6558097599999996e+01
-3.6224309800000000e+01
-6.2171590799999997e+01
7.8432883599999997e+01
3.1295078400000001e+01
-1.2976191900000000e+01
5.9905575900000002e+01
-5.9161827000000002e+01
-1.0684424600000000e+01
4.5439478999999999e+01
2.0789252399999999e+01
-4.4249567399999997e+01
-2.6926590800000000e+01
2.0342271199999999e+01
-2.9209592199999999e+01
2.4478572199999999e+01
2.9887952499999999e+00
3.5164002999999999e+00
2.2760858100000000e+01
8.0853969899999996e+01
-4.9772932200000000e+01
8.9035723099999998e+01
6.7932945500000002e+01
2.2670345000000001e+01
-5.1861905100000001e+01
7.4797396300000003e+01
-6.5834778000000000e+01
8.4251710200000005e+01
2.1583093800000000e+01
2.5338746799999999e+01
-8.7557502700000001e+01
5.2115932700000002e+01
7.1919971500000003e+01
-8.9607924800000006e+01
2.9405274600000002e+00
2.2396879200000001e+01
-4.2265935100000000e+01
-1.8183295300000001e+01
8.5973096600000005e+01
-3.5332664700000002e+01
1.2015922300000000e+01
-5.1097984599999997e+01
-6.5627085600000001e+01
8.6151619600000004e+01
-5.1420419699999997e+01
-6.5558276199999995e+01
-8.0520649300000002e+01
-4.2365028100000004e+01
4.6317799999999998e+01
-1.1575350100000000e+01
1.1984650900000000e+00
-9.4974664499999994e-01
-7.3042363499999993e+01
8.4817815800000005e+01
-1.3517984800000001e+01
-4.1365723899999999e+01
7.8345042500000005e+01
-5.0265157500000001e+01
-5.5868515799999997e+01
-3.9492816099999999e+01
3.1330724900000000e+01
1.7676959499999999e+01
-2.0007562199999999e+01
7.8451742600000003e+01
5.8849462299999999e+01
-8.0770425900000006e+01
5.8986378199999997e+01
-2.0194737400000001e+01
-9.7677487700000007e+00
-8.8349122600000001e+01
-3.9566548800000000e+01
-3.7436877400000000e+01
-1.2620178400000000e+01
3.6240557500000001e+01
-8.8135641300000003e+01
-4.7340600700000003e+01
-1.7734344199999999e+01
-7.4215542700000000e+01
6.9038268799999997e+01
-1.1427770799999999e+01
-3.4417772300000003e+01
5.8366233800000003e+01
3.3748835600000000e+01
5.4745149399999997e+00
-5.8034036899999997e+01
7.1462444700000006e+01
5.5794325800000003e+01
-1.9956804399999999e+01
-3.7803714500000001e+00
1.9332089499999999e+01
2.7342806000000000e+01
4.7254255299999997e+01
-9.4123432099999995e+00
2.5736850199999999e+01
-3.9495012000000003e+01
-1.0208436100000000e+01
-4.5323278999999999e+01
-6.2708613000000000e+01
-5.2825162599999999e+01
7.4548825199999996e+01
1.4869365500000001e+01
3.4794668100000003e+01
6.4168384300000000e+01
-2.4344403899999998e+00
-2.8308172700000000e+01
-1.4643859100000000e+01
-6.8631812800000006e+01
3.3418192599999998e+00
8.4885081900000003e+01
-3.0766888600000001e+01
-2.8949461500000002e+01
5.4337612999999997e+01
-6.1254035000000002e+01
-6.1336204700000003e+01
-6.0540393700000003e+01
7.4582882999999995e+01
4.9503304100000001e+01
-1.2620427599999999e+01
-4.3351833200000002e+01
2.2029719499999999e+01
8.7344881799999996e+01
2.4647226499999999e+01
-4.8048528500000003e+01
5.1209675500000003e+01
-8.9387109600000002e+01
5.3533730300000002e+01
-5.2622189700000000e+01
-5.4084573300000002e+01
8.5964292000000000e+01
2.2152878200000000e+01
-8.0061154599999995e+01
-6.4386291499999999e+01
-1.6588437700000000e+01
5.0067222600000001e+01
-6.0701872999999999e+01
-8.5282974400000001e+01
6.3243491300000002e+01
-4.4473131199999997e+01
-1.8871978800000001e+01
3.3711835200000003e+01
6.6778100899999998e+01
3.2576999200000003e+01
-6.4944049500000006e+01
1.3858081500000001e+01
3.3194356200000001e+01
-3.3084483100000000e+01
2.1302756600000001e+00
-9.7017719800000002e+00
3.6326049500000002e+00
-2.4114264400000000e+01
2.7415463599999999e+01
6.6880703900000000e+01
6.6235040100000006e+01
5.3648169599999997e+00
8.2676666900000001e+01
1.6382844200000001e+01
-8.5803652700000001e+01
-5.7198454599999998e+01
-5.8558845100000001e+00
2.0415243499999999e+01
-6.4862160000000003e+01
-5.1881060300000001e+01
8.8212787599999999e+01
-3.0592639399999999e+01
-1.3349463600000000e+01
-6.3673832300000001e+01
8.2320638600000002e+00
-7.3443967000000001e+01
-1.1707924200000001e+01
-7.4938016200000007e+01
9.8842250000000007e+00
-8.6791488599999994e+01
2.5938792700000000e+01
-1.9392585000000000e+01
-3.1204863400000001e+01
-4.2332615400000002e+01
1.8500924700000001e+00
-8.0082533199999997e+00
5.5867332599999997e+01
-5.8820586199999996e+00
3.3310924100000001e+00
-5.3444745400000002e+01
1.4516246100000000e+01
1.7585866899999999e+01
2.8182169500000001e+01
1.4666804300000001e+01
4.7492458599999999e+01
-6.0559307400000002e+01
6.1155120500000002e+01
8.9337452900000002e+01
2.8824419899999999e+01
-6.7814351299999998e+01
1.5684548100000001e+01
-6.3677306899999998e+01
8.0950053900000000e+01
4.3556568200000001e+01
6.7069374499999995e+01
-6.0373288400000000e+01
-4.7187186700000003e+00
-2.7606113900000000e+01
-3.6339307800000000e+01
-8.2767853000000002e+01
-2.1311838800000000e+01
-6.6251953999999998e+01
-6.4262648100000007e+01
-2.1248305899999998e+01
2.4626206100000001e+01
5.0462119600000001e+01
-1.2983793300000000e+01
-5.9175465500000001e+01
-2.3996605100000000e+01
8.6006869399999999e+01
-7.3254109400000003e+00
6.7344447299999999e+01
-6.2624153999999997e+01
-1.0358387400000000e+01
7.5742883800000001e+01
8.6470076899999995e+01
-6.5621285900000004e+00
-2.7991697299999998e+01
-5.2299496900000001e+01
-3.3080435500000000e+01
7.1611270800000000e+01
-7.7284741800000006e+01
-4.5373720100000000e+01
-8.6425488900000005e+01
8.9434630299999995e+01
-7.1976458100000002e+01
7.5395009500000000e+01
-6.5878750900000000e+01
-5.3091438099999998e+01
-6.0452431599999997e+01
4.9869409800000000e+01
1.0825367399999999e+01
2.9720005100000002e+01
6.7241617899999994e+01
1.9769150000000000e+01
7.8990969199999995e+01
-3.8596989200000003e+01
4.7681215600000002e+01
-6.3121259100000003e+01
2.1487446200000001e+01
2.2176650400000000e+01
5.5503180899999997e+01
-3.2785822600000003e+01
-2.7255747899999999e+01
-4.4357098000000001e+01
7.5869428299999996e+01
3.6627386399999999e+01
3.7120689700000000e+01
-6.2888972299999999e+01
3.6672056800000000e+01
-7.6717079699999999e+01
-8.0545836699999995e+01
4.2529689299999998e+00
2.6918516700000001e+01
-4.7990761700000000e+01
-6.4775548499999999e+01
-4.7234517599999997e+01
6.7350843200000000e+01
6.4932247300000000e+01
2.7289519200000001e+01
6.7345229200000006e+01
8.3463083100000006e+01
8.0380609500000006e+01
6.9538886800000000e+01
6.7819952399999996e+00
5.6370380699999998e+01
-4.6349668700000002e+01
-2.4489096900000000e+01
3.1956329900000000e+01
-5.4524989400000003e+01
-5.4987726799999997e+01
9.0686280099999994e+00
-8.6691239400000001e+01
-6.1017471200000003e+01
6.3305390700000004e+00
-1.2940593800000000e+01
-1.6723803799999999e+01
5.9807925800000000e+01
-5.5313926299999999e+01
3.2388460400000000e+01
7.5297820500000000e+01
-8.1685120999999995e+01
6.8553904799999998e+01
-1.3971275400000000e+01
-7.9767156699999999e+00
2.1130099399999999e+01
4.3687446399999999e+01
8.9277895999999998e+01
7.7029401800000002e+01
-8.6560439500000001e+01
-2.1378932800000001e+01
2.8259078899999999e+01
-8.4920622100000003e+01
2.0074741800000002e+01
4.3089926299999997e+00
2.2127440000000000e+01
-6.4899697700000004e+01
-8.7754159800000000e+00
-1.6349968000000001e+01
7.3608271099999996e+01
-1.7796105699999998e+01
-5.5667832799999999e+01
5.6989757400000002e+01
-1.3941034500000001e+01
-2.0558191099999998e+01
3.8895813699999998e+01
1.8947651100000002e+01
-7.5273097300000003e+01
-6.6526921900000005e+01
-2.3783459300000001e+01
1.0811462499999999e+01
4.3234063999999996e+01
8.6841419000000002e+01
-2.5600163600000001e+00
-8.9929760999999999e+01
5.0698480300000000e+01
-2.7509601100000001e+01
-3.6740493299999997e+01
5.9675381899999998e+01
-7.2368449900000002e+01
-2.2708606700000001e+01
2.5247710300000001e+01
-8.3866338200000001e+01
-3.2510911399999998e+01
8.3097939800000006e+01
2.9951486299999999e+01
-7.4431267300000002e+01
-4.3998694700000001e+01
-6.4306606000000002e+01
-4.0087663499999998e+01
4.9760052600000002e+01
3.7436654900000001e+01
1.8526185099999999e+01
-8.2904581600000000e+01
6.2222689699999997e+01
-4.8646567500000003e+01
-8.8863074300000000e-01
-8.4588411899999997e+01
2.6630338200000001e+01
-1.7920226400000001e+01
4.8152679300000003e+01
-2.0904604599999999e+01
7.0453717200000000e+01
-1.6597366399999999e+01
-2.2170529100000000e+01
-7.4079073500000007e+01
8.6863852800000004e+01
7.5905223399999997e+01
-6.8571759900000000e+00
1.1064043500000000e+01
-1.1899842599999999e+00
8.8915880400000006e+01
-8.5378346300000004e+01
-4.3287112999999998e+01
-3.1110704500000001e+01
-6.7882266799999996e+01
4.4267740600000003e+01
2.3284964599999999e+01
-5.4612941900000003e+01
-6.5216437999999997e+00
-4.2128292000000002e+01
-8.9348058300000005e+01
-6.9163704800000005e+01
1.0604831799999999e+01
7.0608388700000006e+01
7.2217167000000003e+01
3.5978914899999999e+01
-4.7920175800000003e+01
5.3102741099999999e+00
5.4857680500000001e+01
3.5966867100000002e+01
-8.9926065399999999e+01
-3.8685936900000002e+01
-5.9258076299999999e+01
-5.3417789599999999e+01
-7.2957518100000001e+01
-8.3038845100000003e+01
-1.9194870500000000e+01
-4.7981379699999998e+01
-6.9728661599999995e+01
-1.1974228800000001e+01
-3.9220885000000003e+01
6.3845027500000000e+01
-8.3734103200000007e+01
8.6829787800000005e+01
8.1932602700000004e+01
8.7190623599999995e+01
5.7384844200000003e+01
-8.2207893999999996e+01
-3.7426003999999999e+01
4.0013489700000001e+01
-7.1207078699999997e+01
7.8371491199999994e+01
-7.4230269399999997e+00
8.7685132699999997e+01
-1.5485980400000001e+01
5.5826182500000002e+01
-8.1034804800000003e+01
2.0907148899999999e+01
-1.7460772500000001e+01
1.8309350700000000e+01
-4.8341468499999998e+01
5.9391769500000002e+01
-7.7521523000000002e+01
-4.8148221900000003e+01
-2.3595969200000000e+00
8.0927580699999993e+01
-7.7771098300000006e+01
-1.0058699200000000e+01
-5.2468500200000001e+01
5.5411695799999997e+01
8.0789330699999995e-01
4.8318037199999999e+01
-4.9970103299999998e+01
5.3953794100000003e+01
-8.3108988699999998e+01
4.1745765599999999e+01
8.1896289199999998e+01
-3.0055722599999999e+01
-3.1056058400000001e+01
1.0657501999999999e+01
4.1147192699999998e+01
-3.5160239500000003e+01
5.7198149500000000e+01
5.6052594300000003e+01
-2.4461486699999999e+00
-1.2218857000000000e+01
-6.4716912100000002e+01
1.3576397500000001e+01
-5.3448643500000003e+01
-1.4826868800000000e+01
-5.3285842799999998e+01
3.3404123400000003e+01
5.9589827100000001e+01
-3.8812646600000001e+01
-2.3032223800000001e+01
1.0219772799999999e+01
-2.9174797399999999e+01
7.2547263000000001e+01
-4.7797348300000003e+01
-1.7312360000000002e+01
-3.1301543700000000e+01
-1.8868042500000001e+01
-3.9534173299999999e+01
2.5600678800000001e+01
-3.7607902899999999e+01
8.3868897700000005e+01
-1.6995840500000000e+01
-5.2239847699999999e+01
-8.5678139900000005e+01
4.7629545800000002e+01
-1.0579471699999999e+01
-7.2924867199999994e+01
-8.9392453300000000e+01
-5.1569007399999997e+01
5.1794918000000003e+01
5.7463039500000001e+01
-6.3295307100000002e+01
2.4529282700000000e+01
1.5002136699999999e+01
-5.2907272300000002e+01
3.6992204899999997e+01
8.9542224500000003e+01
5.8290543999999997e+01
4.8308988599999999e+01
-1.9911138000000001e+01
-8.9239552900000007e+01
-1.2699679500000000e+01
-3.1028489300000000e+01
5.1353044099999998e+01
-1.1651019399999999e+01
3.7877777600000002e+01
8.1136097899999996e+01
3.7306498499999996e+01
-6.5143536299999994e+01
-3.1684116100000001e+01
5.1998512300000002e+01
-3.8209216200000000e+01
5.3605705899999997e+01
-5.1338953300000000e+01
-2.0625457200000000e+01
7.7894469799999996e+01
8.7032369700000004e+01
4.5217652999999999e+01
2.1544326300000002e+01
-7.9987377899999998e+01
-2.9064328000000000e+01
-4.6846925700000000e+01
6.1676283900000000e+00
3.1857809000000000e+01
-5.0407937300000000e+01
2.9318077200000001e+01
-6.8515868800000007e+01
6.3669014900000001e+01
-5.9774238599999997e+01
2.0602951200000000e+01
2.4583646099999999e+01
4.8486868399999999e+01
8.2559035800000000e+00
-1.6639661700000001e+01
-5.1753783700000000e+01
2.2956441900000002e+01
5.9734824099999997e+01
4.7284268400000002e+01
4.7398890199999997e+01
3.6243902900000002e+01
5.7231676600000000e+01
-5.6200005800000000e+01
-5.4558670300000003e+01
-5.1908064500000002e+01
4.7913611799999998e+01
7.4516724600000003e+01
-4.8444316399999998e+01
-2.7530000099999999e+01
3.5808108699999998e+01
-8.6960936500000003e+01
1.0530659300000000e+01
1.9118279000000001e+01
-8.9846990899999994e+00
-8.4526442700000004e+01
8.8050641999999996e+01
-8.2616096600000006e+01
-8.1425664200000000e+01
-6.9479376799999997e+01
-3.4280344700000001e+01
3.7746601499999997e+01
-6.7807123000000004e+01
2.2436353499999999e+00
-7.2685407699999999e+01
3.4846714599999999e+01
-4.0488327200000001e+01
-6.8129956700000003e+00
2.5766569400000002e+01
-8.3258943799999997e+01
7.1041482500000001e+01
8.3879000399999995e+01
-5.4974863100000000e+01
-6.2291282899999999e+01
-5.0797978000000001e+01
9.8544029900000005e+00
7.0070325100000005e+01
-3.2710358399999997e+01
-8.7033898500000006e+00
-8.6197271400000002e+00
1.5975996100000000e+01
3.8396555300000003e+01
3.8428560300000001e+01
-4.4095094199999998e+01
-6.9308739700000004e+01
-7.0454560400000005e+01
-6.9135199499999999e+01
-2.6776210299999999e+01
4.0889537099999998e+01
-2.1266557700000000e+01
3.6854715200000001e+01
-2.5467508200000001e+01
-8.7362427800000006e+01
-6.0282872699999999e+01
6.5713797000000000e+01
1.0430659800000001e+01
-8.3771317999999994e+01
-5.9893963800000002e+01
-5.9320811499999998e+01
-7.2622036100000003e+01
4.6066902499999998e+01
-4.6191004200000002e+01
4.7302017300000003e+01
6.9890182899999997e+00
8.0609893099999994e+01
8.8285721699999996e+01
-8.1768480600000004e+01
8.7076440500000004e+01
-3.2706195299999997e+01
-8.4172019700000007e+00
3.9001154600000000e+01
7.8027362800000006e+01
9.0638630100000004e+00
-6.8827613799999995e+01
4.3937419400000000e+00
1.1268219200000001e+01
-5.5994161499999997e+01
-3.4076966200000001e+01
8.2841605099999995e+01
7.9078555100000003e+01
-5.0885569799999999e+01
5.5020262700000004e+01
-4.1768712600000001e+01
5.5629576800000002e+01
-1.5681095900000001e+01
2.2200504400000000e+01
8.6330073499999997e+00
2.6403726199999999e+00
-8.6155182400000001e+01
-1.2940011800000001e+01
-8.6362479300000004e+01
-8.5638818700000002e+01
-4.3101354199999999e+00
4.8269556500000004e+00
8.1950245600000002e+01
4.9316964599999999e+01
-6.1110510200000000e+01
2.1881781400000001e+01
4.4535145900000003e+01
-6.2411125499999997e+01
1.5362403900000000e+01
7.7383329900000007e+01
-5.4361392300000002e+00
5.1010563900000001e+01
2.2027434800000002e+01
-8.2049747800000006e+01
-7.5857423900000001e+01
-5.1920824899999998e+00
-1.3352842000000001e+01
8.8241726900000003e+01
8.3613111500000006e+00
7.9679614799999996e+01
-7.0406123600000001e+01
-5.9767591299999999e+01
-2.3309762899999999e+01
3.3291363799999999e+01
8.6327762199999995e+01
-8.0655423600000006e+01
-7.3671924000000004e+01
-7.5410019700000007e+01
3.2170827600000003e+01
7.5048116699999994e+01
-7.7313470300000006e+01
1.6644011100000000e+01
-4.8966036299999999e+01
8.5428806100000003e+01
-1.7607910199999999e+01
2.7799015699999998e+00
1.8255735900000001e+00
1.6835860499999999e+01
-2.3806532900000001e+01
-6.9792592600000006e+01
1.9574019300000000e+01
4.9381876599999996e+00
1.3055126900000000e+00
-6.4683508000000003e+01
-3.1907773299999999e+01
1.7652143000000000e+00
4.4203697400000003e+01
4.0698886799999997e+01
3.8336569900000001e+01
-1.4548821000000000e+01
1.4327398300000000e+01
-4.4069529899999999e+01
1.9879548600000000e+01
2.2147530700000001e+01
7.2492088199999998e+01
1.9201903800000000e+01
8.9154059700000005e+01
7.5333226999999994e+01
-8.9300902199999996e+01
7.7879313699999997e+01
-4.6724393800000001e+01
8.7145803000000001e+01
3.7036453600000002e+01
4.1185606300000003e+01
7.1079902099999998e+01
-1.0802185800000000e+01
8.6983881800000006e+01
5.0903931100000001e+01
9.8262080600000008e+00
-5.4284698300000002e+01
5.5411866900000000e+00
-7.2382388500000005e+01
-1.0529893400000001e+01
-3.4343623600000001e+01
5.1775480899999998e+01
5.3007520200000002e+01
1.0287391500000000e+01
3.6270205799999999e+01
-7.9494211199999995e+01
-3.5985029300000001e+01
-8.1432598299999995e+01
7.3497509100000002e+01
-3.8331004800000002e+01
6.5312666199999995e+01
-1.9853758700000000e+01
-1.0322335799999999e+01
-1.4632316200000000e+01
8.6203921600000001e+01
1.8301380999999999e+01
-5.4495972000000002e+01
1.3620311600000001e+01
8.4034742600000001e+01
3.1652486600000000e+01
-8.6479990200000003e+01
-1.6573665399999999e+01
2.0521611400000001e+01
-4.2778520899999997e+01
6.1449669700000001e+01
-3.7544805599999997e+01
-4.9829275099999997e+01
-4.9331825000000002e+01
-3.9017945099999999e+01
5.9257052899999998e+01
9.4525831000000000e+00
1.3248660699999999e+00
1.8545840099999999e+01
2.9078478199999999e+01
1.5591125900000000e+01
7.6030241500000002e+01
-1.4539001400000001e-01
6.0939930099999998e+01
7.5501729999999995e+01
1.9083781999999999e+01
6.3997744200000000e+01
-5.3125316400000003e+01
-3.9538246400000001e+00
-2.1383819100000000e+01
-1.3652879000000000e+01
-4.5910591200000000e-01
-7.4083394900000002e+01
1.4775351100000000e+01
-8.6201393999999993e+01
-8.9149859199999995e+01
9.7360244900000001e+00
-6.9838149000000001e+01
3.5677218300000000e+01
4.5192477500000003e+01
-4.5028337999999998e+01
-4.5153478300000003e+01
8.3557321500000000e+01
-2.7400207399999999e+01
-4.6890532399999998e+00
6.4976081600000001e+01
-6.9911976800000005e+01
-1.9028822999999999e+01
6.3589163599999999e+01
4.3081632999999997e+01
4.7246829900000002e+01
-4.7617098200000001e+01
4.6265049099999999e+01
-4.8212004999999998e+01
-7.0453620299999997e+00
-8.3631676200000001e+01
4.3597977700000001e+00
-1.8137788900000000e+01
7.1897531299999997e+01
-5.9141707599999997e+01
-8.5550676400000000e+01
1.6592862100000001e+01
1.2639471000000000e+01
1.4843127600000001e+01
-2.8559150200000001e+01
1.0720745800000000e+01
-1.8418739100000000e+01
8.0224109900000002e+01
6.7770722699999993e+01
8.7920899100000000e+01
-1.9553420299999999e+01
7.5620741400000000e+01
-7.6487303400000002e+00
2.9095713199999999e+01
3.8609709400000001e+00
8.6922219100000007e+01
7.1940451899999999e+01
2.3436792000000001e+01
-2.7571330300000000e+01
-3.4948913599999997e+01
7.2223019800000003e+01
-7.0812708499999999e+01
-3.6662633499999998e+01
6.3280326299999999e+01
4.1294443100000002e+01
2.5700693999999999e+01
-4.1726205600000000e+01
4.1063374500000002e+01
7.0596897600000005e+01
1.7872444300000001e+00
9.5561512099999995e+00
6.8556045600000004e+01
6.4126770300000004e+01
1.7917673900000000e+01
-3.1956163900000001e+00
-8.7838399100000004e+01
-3.9817954100000001e+01
1.3343304900000000e+01
5.9025605100000000e+01
3.6823398500000003e+01
-2.8465484300000000e+01
-1.7635255300000001e+01
7.0027007299999999e+00
-5.5845983599999997e+01
-1.1755554000000000e+01
-1.6436999700000001e+01
-5.2985430899999997e+01
-3.7189082200000001e+01
-4.3897849100000002e+01
-3.3730059699999998e+01
8.7618161800000003e+00
5.9547201700000002e+01
-3.6450209899999997e+01
6.7889526700000005e+01
4.5879343200000001e+01
-3.1457341599999999e+01
-4.3538987100000000e+01
4.2143259499999999e+01
-1.1260070700000000e+01
-3.3757792899999998e+01
7.2658121100000002e+01
3.5113649299999999e+01
4.6222955700000000e+01
-4.2004171300000003e+01
2.0020123200000000e+01
-5.8989049799999997e+01
-6.2661868300000002e+01
3.3109619100000003e+01
-5.0768626900000001e+01
4.7463195300000002e+01
-7.7949604100000002e+01
-4.6767289300000002e+01
-2.6241258500000001e+01
1.9378781100000001e+01
-1.5682013299999999e+01
2.0902123899999999e+01
-1.2271123800000000e+01
-1.5138247099999999e+01
3.8845543800000002e+01
6.7768405500000000e+01
-4.2795547499999998e+01
-8.4521483200000006e+01
2.5797970599999999e+01
5.8419993800000000e+01
5.0152674800000000e+01
-4.4535737900000001e+00
6.1790093200000001e+01
-4.6332033699999997e+01
-2.3405748100000000e+01
8.3636312899999993e+01
-5.5697287199999996e+00
5.9272528099999997e+00
-8.0273157900000001e+01
2.2010453999999999e+01
2.9731999099999999e+01
4.6714784000000002e+01
3.1591728799999999e+01
-3.1114754699999999e+01
8.7179580000000001e+01
2.2081787700000000e+00
5.7127567599999999e+01
-1.8984733299999998e+01
-3.2632696299999999e+00
4.0116549300000003e+01
1.4261761999999999e+01
-4.9955250599999999e+01
-4.9333537600000000e+01
-2.6031707200000000e+01
2.5573016100000000e+01
2.5743762499999999e+01
-8.0614387699999995e+01
8.8653384700000004e+01
-2.0186669200000001e+01
-3.6170535600000001e+01
-4.5440848799999998e+01
-8.0933461300000005e+01
9.7589413399999998e+00
2.5040639299999999e+01
-5.1684536899999998e+01
-4.9241025100000002e+01
-7.8033221100000006e+01
8.4500232099999995e+00
-2.6917537800000002e+01
-7.9316026300000004e+01
2.6460146300000002e+01
8.5156937299999996e+01
