# CEC 2013 LSGO F15 shift vector (D=1000)
-4.9834922965232252e+01
3.1855349922588431e+01
5.4720541436828498e+01
-1.9889427603805839e+01
-2.8129096192581191e+01
-9.4752347517226610e+01
6.4663894083540441e+01
2.0260595987098679e+01
-6.9914681698225138e+01
-2.5632871339015630e+01
-9.8375508993586692e+01
4.6021870648001411e+01
5.3404943577759497e+01
9.1824554420274680e+01
3.4369285019881588e+01
4.6608378962005773e+01
3.5334610964264513e+01
-9.7048018051837218e+01
2.2784614727289370e+00
1.1378064466026800e+01
1.1148864028565660e+01
5.3161922700360130e+01
-4.7609915725457469e+01
-5.4000381901639827e+01
-9.9703380040718343e+01
-4.8335367922184879e+01
-4.8549914482225333e+01
6.1160770516248286e+00
1.7397888443286799e+01
-4.3501205977907468e+01
6.7786422628915100e+00
1.9867427058596832e+01
-1.7314853515079751e+01
-8.0097081375523928e+01
-1.5042118961438870e+01
-4.0358403298894574e+00
-5.9303084691534256e+00
-5.9201553649418251e+01
-2.2791245600115321e+01
3.7042163425260163e+01
-3.3347873578158413e+01
-7.8692623904270448e+01
6.1774092874282992e+01
-9.0513321486889637e+01
8.3739068284398797e+01
1.4189246609303281e+01
-8.0064808094057526e+01
3.2797557330104638e+01
-8.5011592216867783e+01
-4.6023187292471583e+01
2.1896660739418351e+01
-1.4733217592437640e+01
1.0590135750011781e+01
-4.4607354719385732e+01
8.5737384278960249e+01
-7.7970993261271133e+01
-5.4753003679581958e+01
8.2255917966065923e+01
1.1568166795848180e+01
2.7721997568013389e+01
6.2119755348676748e+01
5.6946141213688939e+01
-5.1056229969852289e+00
9.4775967817268636e+01
3.5415150652728620e+01
2.1726943997019522e+01
-8.6712121363127920e+01
9.6060414458207205e+01
-6.1273534419198818e+01
-6.5267103851540256e+01
6.9360830581282713e+01
-5.1174857155369988e+00
-8.7259324726849542e+01
1.3939556908930140e+01
-6.1702133238137812e+01
4.3203146551312969e+01
2.0483929473753332e+01
3.9452206278350182e+01
-2.7520292879410761e+01
-7.4451635457245814e+01
1.5237347027161290e+01
3.2655108964653309e+01
-4.8991659287082108e+01
7.3895834243374708e+01
-1.9367833338409511e+01
7.7408665452941534e+01
-4.9809991651392927e+01
6.4540664285189735e+01
-1.4300536033025811e+01
-3.2234892629085657e+01
7.8236693126130803e+01
-5.3702527532807531e+00
4.8675528231852219e+01
-3.6721543226820259e+01
4.7020631633472298e+01
-3.9477771274624970e+01
3.3183754401138508e+01
-1.1499829678696530e+01
1.6748330063039241e+01
7.2690286865341676e+01
8.8083572103427784e+01
2.1970064925397988e+01
-4.4404289473990168e+01
1.1181061029730071e+01
-3.5006510484792891e+01
9.1061115615414380e+01
-2.4162963852101530e+01
-8.8611821364249565e+01
4.6012129224213957e+01
3.2154557631223639e+01
-5.5369051067499498e+01
-8.7040574277162634e+01
-1.6636813699111130e+01
1.0811343808756281e+01
4.9111038105527101e+00
-8.2767578053671812e+01
1.6612388494667240e+01
4.7974939026727561e+01
-8.1741567240747599e+01
1.1422923928262140e+01
5.4215289440492633e+01
-7.1457317609965628e+01
-5.8048142836505733e+01
9.5940852895625767e+01
-8.7289040223284843e+01
-2.0431498569366591e+00
9.7049968952934478e+01
7.4520274011400673e+01
-7.1246652329540126e+01
1.7107951761721711e+01
8.3210237245218067e+01
9.4811939591564908e+01
-7.9415124833000021e+01
7.6190256638081493e+01
4.4705341551537302e+01
7.2629512754857084e-01
-4.2758782298355797e+01
8.8622220546599280e+01
6.9774980428620054e+01
8.2602219864328230e+00
2.6135319313624141e+01
6.0588535059504743e+01
7.4689175462520687e+00
-8.7832330291336959e+01
9.5171897377408268e+00
-1.4589188008239130e+01
8.4575738488790890e+01
-8.0535410573163333e+01
1.8105008785661902e+01
4.5371124731927360e+01
3.4589672603788863e+01
3.7969877068998187e+01
5.4312889720027847e+01
-6.5453608660716085e+01
-8.5520588128194390e+01
8.8169514637672080e+01
3.7532416625438152e+01
-3.6323474180904597e+01
-4.7280922025988183e+01
-5.8074888458199233e+01
8.1418144635303335e+01
-2.3231420430749439e+00
-6.2030299816345448e+01
4.6183412232430847e+01
7.1112034372938055e+01
5.7319628111181878e+01
1.0597435831920790e+00
4.3534700084858571e+00
9.8134131011500997e+01
-1.3688103351346239e+01
-2.3396925009138081e+00
-1.3025258366747151e+01
-2.7562173840951949e+01
-2.4449526219979539e+01
-6.6566094992223029e+01
1.2728240742333670e+01
2.2906736419700390e+01
7.7759550571563722e+01
1.5740564957806781e+01
-7.0408460070744511e+01
-9.4166062845473308e-01
3.9139337751729833e+01
7.2177667738958036e+01
2.0856730533273019e+01
6.1884627271043193e+01
5.9882128927513058e+01
9.1526531318978442e+01
-6.6818480706165730e+01
-3.5109910544358982e+01
3.5954080967856036e+01
-5.9557215617330961e+01
-2.6766908310649541e+01
3.5314677527784163e+01
6.7943862804943919e+01
1.7162243420509411e+00
-3.9434212961203599e+01
-1.3322588549507961e+01
-3.0379814739432700e+01
5.1781100036294497e+01
6.4126772714438374e+01
-1.8590210859694459e+01
-3.4076405781447619e+01
-2.8678860375986819e+01
-9.6904501491361458e+01
-7.3253008799261224e+01
-3.6554476370295212e+01
1.0863302524939551e+01
-9.3694049688426844e+01
3.7036057033205807e+01
-2.9980736027613968e+01
-5.6307531874518887e+01
-3.1721090948201091e+01
4.5251584841362323e+01
-6.9833200876804796e+01
7.7530058386714288e+01
-5.8886247040754448e+01
-1.9712441948503670e+01
-9.2815999567054604e+01
2.0360317552928930e+01
-4.5047590919155553e+01
-8.7603637621082257e+01
-8.6125844960815073e+01
2.4384479985592161e+01
-5.6819425740130981e+01
7.7249597025037360e+01
7.8816300702025728e+01
1.5585658373266551e+01
9.8548826815439483e+01
1.4569372152691511e+01
6.5070163210940663e+01
3.4923393435106377e+01
-8.8989725603858929e+01
-6.4129258190337865e+01
9.0976542283620176e+01
-8.0132355177654745e+01
8.8365263692354148e+01
7.8579162590509384e+01
-1.9509717178909501e+01
-3.8906762972374779e+01
-1.4900291253283481e+01
-5.6429931536363958e+00
8.8773026276336026e+01
8.6782731072813419e+01
2.9813443049387239e+01
-4.8022425639428263e+01
-2.0659491945621081e+01
-5.1190051699391091e+01
-1.2174306736297909e+01
-4.0569022555950710e+01
-8.6147395561049095e+01
4.2768684349262031e+01
8.2715595795962898e+01
2.4027543311200791e+01
-2.5936026500071481e+01
1.9417887352631780e+01
-1.5816908676426390e+01
5.9173142571026780e+01
2.6444710801047080e+01
6.8155583479502980e+01
1.9847983244411399e+01
6.5460980886569047e+00
1.9381564744886980e+01
3.1839775487872739e+01
9.5148742551437149e+00
5.5720897997924368e+01
2.9558349411004549e+01
3.8515594081276028e+01
-5.5054937766870680e+01
-6.1820317095849042e+01
6.1606932129053803e+01
-3.3552470458410532e+01
2.0049565557569601e+01
5.8070984387578918e+01
-7.5481798091771665e+01
5.3029333448824708e+01
6.3911773925222199e+00
-9.9675058586396062e+01
4.2652769731109423e+01
-3.9750884650566363e+01
-9.6542012257801161e+01
2.8157691469607819e+01
1.0453732497206451e+01
-1.5197698846998451e+01
-7.2026860049849745e+01
8.4343356174534492e+01
-5.9729768916607412e+01
-4.9867176029934024e+00
4.2049812178173227e+01
-8.6983130099899427e+01
-4.9977165843314673e+01
-6.5558270700328720e+01
4.4945553885607708e+01
-6.1459202267728777e+01
7.4219041640493826e+00
8.6244950659502795e+00
-5.1827989047187771e+01
9.1607527187565069e+01
-5.0132773399793408e+01
8.2009866883781896e+01
2.6033455167318230e+01
4.0209197874843241e+01
7.0182293632712017e+01
5.3487774743198393e+01
-7.4330838929785287e+01
5.8480535995546283e+01
-5.2042174368755163e+01
-1.1593682973053470e+01
2.0284279304469891e+01
8.2394921241049872e+01
3.1121220048519330e+01
1.6948093462237551e+01
8.2636582854387640e+01
-5.3503406368576456e+01
-7.5491999840120897e+01
7.6346124090849074e+01
2.3151335580976159e+01
-7.2890687859423437e+01
9.7118738441333907e-01
-1.6379734676658800e-01
-6.5727843673065918e+00
-7.2882210057686351e+01
-3.4898635203332113e+01
4.7565957555043930e+01
8.6418703899992096e+01
-3.1130090974330908e+01
2.0970646558931492e+01
9.8046196942519586e+01
-6.4394982681878176e+01
4.6602375392537034e+00
2.5090871841742810e+01
-4.7424307737428983e+01
-5.0582374438579848e+01
-1.8997216417069939e+01
-5.3736734179541187e+01
6.8577236297435251e-01
-2.6407121078931830e+01
-3.4797806982136798e+01
-8.7597898141438165e+01
8.4565988148161324e+01
-3.4832726958630772e+01
-3.0369607572104432e+01
-8.4223578641542915e+01
-3.0841379181683049e+01
9.7805129453778562e+01
9.2336821527792907e+01
7.7796552242883607e+01
-6.2568823869318879e-01
-5.3552278199990113e+01
6.9330720619185811e+01
-3.2312004803363493e+01
-5.7669194874956062e+01
9.7930946012189295e+01
8.5303612218213072e+00
2.4363861540684159e+01
-2.2839639158199340e+01
6.4169667243896725e+01
-8.7562682628734024e+01
-1.7191594739465469e+01
2.7216459383156241e+01
6.4559897779164377e+00
-1.4557148395930261e+01
-2.2373747601340819e+00
5.5370988029402007e+01
-7.2535648821101432e+01
-3.3989657252789947e+01
-3.5059292793390910e+00
8.1718478032963517e+00
-4.0220286748981962e+01
2.4928364765149141e+01
-4.0985545670883667e+01
-4.9104625420421613e+01
8.9392751442940309e+01
1.0380415077942470e+01
-3.1640929425089741e+01
-3.9655441096361970e+00
6.4206861866187410e+01
1.2194251885022570e+01
-8.7856152753528860e+01
1.2566129584131261e+01
-1.3671150909633750e+01
-5.7787294098189292e+00
-3.9497163200928910e+01
-5.1410818688274041e+01
-3.2077143450724442e+01
1.5035339144814090e+01
-7.7051209107398364e+01
9.0657683084335332e+01
8.5929741119192144e+01
-2.3260066341532620e-01
3.7745552083764409e+00
2.8694565214018201e+01
-1.5623842873060330e+01
-1.3738183805479990e+01
4.3831440977709242e+01
6.8408801778127142e+01
9.0450981009409830e+01
-6.1028956732056493e+01
2.2681292728284461e+01
-8.7428201696968344e-01
-3.6009053339167671e+01
4.9002786154507447e+01
-2.9509629931174530e+01
-9.6931131858371316e+01
-6.3894588507282037e+01
5.1728521894984754e+00
2.6363249142868939e+00
-1.0650199697297451e+01
7.0495134521684818e+01
-3.3948044387407158e+01
-9.7345611339213704e+01
-9.5600724815542577e+01
5.8786000822596087e+01
-9.2601895209203050e+01
-4.7392854329564663e+01
4.1359842213137490e+01
5.2618693648256013e+01
6.4262118074082537e+01
-7.8505282056189518e+00
-3.6849691332000859e+01
1.0560709809788181e+01
8.2061162630423212e+01
-8.3203708391255766e+00
-7.8351240203534445e+01
3.1263795776642581e+01
8.9317982393944249e+01
7.1584108786314076e+01
1.9508740369428001e+01
4.3844721938350048e+01
-2.3647643928689579e+00
-5.0222450549029332e+01
-5.4589913875864113e+01
9.5034398465080614e+01
-1.7661881515985041e+01
-9.4308724808181324e+01
1.2021901147682261e+01
7.4388866953794803e+01
4.1614930157121378e+01
2.5962303751414151e+01
-9.5442058872630469e+01
4.0495795921581909e+01
-3.7885714473147289e+01
9.7534308914876391e+01
3.1425198756750081e+01
9.3187149985081547e+01
-7.5099507507259036e+00
4.0705113031689946e+00
-1.8957545315390899e+01
-2.4186487089115431e+01
-8.1802723068480404e+01
-5.0917583203432883e+01
7.9957882713758551e+01
-6.8016013238296040e+01
6.8408171775064366e+00
-9.1957976885084960e+01
-3.1710592234535831e+01
6.0221673048259177e+01
8.8938191760947021e+01
-9.8109026469120639e+00
-6.0834610211781133e+01
-9.6381245046556103e+01
7.2266730372891859e+00
9.8846381704100121e+00
2.2151766719659850e+01
5.1483483395831612e+01
2.2039688915464311e+01
-3.2404455039508917e+01
2.1456601882602921e+01
-3.6726964590580231e+01
-3.0571249610614931e+01
-6.8366418973030775e+01
5.1132821931144669e+01
-4.1452308445806317e+01
1.4050312138334441e+01
-3.2036782304798457e+01
-7.9772503789914268e+01
2.7181796300988079e+01
-9.7359068462735436e+01
6.2870353948853072e+01
-8.5162073392420226e+01
-5.9240691726951290e+01
8.6511452319822581e+01
8.8597733085767615e+01
-1.1113261826308189e+01
2.4854401493879099e+01
1.0725705111684571e+01
4.3218672727903517e+01
-9.1807499313319568e+01
4.3529836796511567e+01
5.3883108610266653e+01
4.5035644738813232e+01
-7.8592768830228920e+01
-2.0415813099632960e+01
5.2808985413028267e+01
2.4623242160101729e+01
-5.6360083204585450e+01
-7.8299216720094307e+01
-4.6959685676987178e+01
-4.3477401585026307e+01
1.1680634392526290e+01
2.8380360872630270e+01
-4.0230389240905573e+01
-4.8850510084837122e+00
-4.4961101480667132e+01
-2.7394378078354379e+01
9.6433305236811833e+01
1.8260463915224230e+00
4.0534639381335689e+00
3.9973009570626267e+01
-8.4129832708372703e+01
-1.0202292230960211e+01
-1.0902267522986390e+01
-2.7366169291155881e+01
-7.3677113424735111e+01
5.7977391695746597e+01
8.8069741217960214e+01
-8.4464956292784336e+01
-6.9871483459048960e+01
7.3019624129374108e+01
-3.8478132471887392e+01
-7.7742060849438388e+01
8.9986896468777488e+01
-2.8823036239148081e+01
9.4833201510651605e+01
-5.1628891461408429e+01
-6.0402655461145073e+01
2.2076451165957650e+01
-9.0754249438876595e+00
-1.6967499713366529e+01
1.9401032675617468e+01
1.4606644115354730e+01
-2.5733774025576771e+01
-6.3810408266142730e+01
-1.4670456380348829e+01
-8.2281864073541655e+01
6.2601320952769058e+01
-2.5223587583269829e+01
-2.0459893500080369e+01
3.0062237992162409e+01
-5.6700434428550260e+01
-2.1126600741537288e+01
-6.8337759137031796e+01
-3.8576976665105377e+01
8.1217684230766949e+01
-4.6600587794852800e+01
-5.8238623901698197e+01
-7.5961942781364144e+01
-9.2108795057171832e+01
3.3989927601161497e+01
9.4641158642456375e+01
5.4463858898625162e+01
-9.9193624095080153e+01
3.3378782839932477e+01
-5.9314460723550617e+01
-1.7466637264906669e+01
6.8836202143890219e+01
-2.7278096398758681e+01
-2.1372147058355580e+01
6.0965011271744139e+01
-5.5973903322245544e+00
3.5014997744340320e+01
3.9635905161021592e+00
8.8223048058150553e+01
-1.2573651709599650e+01
8.2531499359078765e+01
7.5216077838980539e+01
7.1928968783705500e+01
5.6684280462473133e+01
-9.6457429906982753e+01
2.3685238288019592e+00
4.8671926530768310e+00
-4.6081151661995698e+01
9.2882379825392192e+01
3.5317905061905009e+01
-6.1655395392732423e+01
-1.2837935660504510e+01
3.9744030258234972e+01
-7.0034212550556504e+01
-8.8414204199716817e-01
1.6053583154718218e+01
-5.7205224556821022e+01
4.1286438438585293e+01
-3.6295947279408111e+01
2.5930428330118652e+01
8.2360551239745888e+01
2.2225062896431329e+01
6.3873406573539427e+01
-4.3042574970034522e+01
-3.2019553673002349e+01
1.2619627232447939e+01
7.0650568882061037e+01
4.0026052881019062e+01
-4.6842719331529374e+01
9.7434083180016756e+01
1.8200880088810901e+01
-4.7069792905907811e+01
4.1323234979390664e+00
-2.6533797974710499e+01
-4.0688295221999319e+01
7.2567785601280889e+01
5.9313626289345102e+01
7.1675048743023055e+01
7.3618716380506768e+01
1.7154408082994681e+01
8.1519385653631844e+01
-4.7663768207969667e+01
9.8560047722776105e+01
-5.9551228379131793e+01
3.2809240228980777e+01
5.9752590494353782e+01
-1.7369629584407981e+01
-7.2251140997685610e+01
6.4323372792317093e+00
-6.1314580043397688e+00
-7.7254610855728501e+01
1.7571355761707508e+01
-4.2061872175142682e+01
-6.5163524605192052e+01
3.5902974930412910e+01
4.4991742047054970e+01
6.9033815686573845e+01
3.6444447474642423e+01
-7.7820793875664265e+01
-6.9068047868528142e+00
-7.9767369342674868e+01
-5.7378891668491370e+01
6.0364184803077727e+01
-2.1595984568280389e+01
9.8004758181501785e+01
7.3177396859580064e+00
-5.8530079979336797e+01
-9.2027536602070015e+01
8.1752561542338896e+01
-3.2448861439331019e+01
-8.6297025202319020e+01
2.8210276620714271e+01
-3.2266045637142923e+01
3.0187248281167889e+01
-1.7481449140194609e+01
-5.1642996924811889e+01
7.3394553685838389e+01
6.5022786374242159e+01
5.7574597786129033e+01
-3.4816624310800748e+01
-5.9385481283222610e+01
3.4827389213061032e+01
-6.3692608290943511e+01
1.4187997255795500e+01
-6.8117673572393542e+01
2.3098945544635399e+01
7.3525461403116836e+01
-2.0461380039135079e+01
2.5664214319155452e+01
8.1670192906031360e+01
-8.4477622666807353e+00
-6.1497318934264541e+01
1.9580772667275170e+01
-8.4699662740400939e+01
-5.3594186323887158e+01
-9.3711792065797297e+01
5.2991972723268141e+01
8.4506880225394781e+01
-5.1903361597776843e+01
2.8943037097522510e+01
1.7013986192058500e+01
6.6354815934976763e+00
7.9757060786731799e+01
7.1497639666852862e+01
5.9722186576830879e+01
2.1487645777989840e+01
5.9111130900325698e+01
-8.2312430793694666e+00
-4.2502724795739468e+01
-6.4798467808614660e+01
-8.0892355696551149e+01
3.4085488411739377e+01
8.8794442923570898e+01
-4.3788426125686918e+01
-2.7677400710081979e+01
4.7600835279040297e+01
9.5502632493858158e+01
6.0402875226217169e+01
-5.4681328103171197e+01
-9.3000036017219784e+01
-7.0460819519458411e+01
9.4670469222144277e+01
-1.8555458111714640e+00
3.3943339238453831e+01
8.8959280609943525e-01
-1.5712022688329480e+01
4.3985260562031257e+01
9.2899455481911147e+01
3.6127766505777103e+01
6.4614420000322141e+01
6.8399469628679244e-01
9.1159600077537732e+01
4.8670882466283658e+01
5.0888516115265261e+01
3.2561490824577213e+01
6.1626685131371339e+01
3.4248586077100320e+00
9.2497444928190845e+01
9.0114600976051520e+01
3.1160365567430199e+00
-1.4917876853511990e+01
-8.6090652300860793e+00
7.2212459964720338e+01
2.5268685950772980e+01
-2.4534182507912590e+01
-7.1995540568288817e+01
2.7323165447048499e+01
-4.7982102158896303e+01
-3.9922532344332957e+01
5.4955996164345599e+01
-3.3002078009984437e+01
1.7219266227836489e+01
4.7637864609354352e+01
1.6879113485271532e+01
2.0671236486389880e+01
-4.7895004953325291e+01
7.9027516480942978e+01
4.0148035253503913e+01
7.8115657610325201e+01
-3.9755383581982727e+01
4.0360485454660122e+01
3.5929027769982640e+00
8.4235794690815951e+01
-5.2865052712962203e+01
8.8661762381112297e+01
5.9505036106473618e+01
9.9526450949348330e+01
-2.4160279624304009e+00
6.6049294088590543e+01
4.2982375890116302e+01
7.9106920039352417e+01
-8.3830873179599351e+01
-6.4206877087572906e+01
3.6296557697778368e+01
7.3119501380395789e+01
-8.3183531744538513e+01
5.5026123949184537e+01
4.9080319017929952e+01
3.0821685807785730e+01
-4.2780798915883381e+01
2.5326669817824179e+01
-5.9628081231752518e+01
6.0901895162173680e+01
-8.9332710637117799e+01
-5.1828990386466238e+01
7.3684035686842648e+01
-3.3793578834029411e+01
-7.9488920797632701e+01
8.3604505562057923e+01
-5.4110558975444079e+01
8.6655681179707031e+01
-6.9524689198135704e+01
-2.7147684641001771e+01
6.4634609284263111e-01
7.3228001816377912e+01
-6.5631495337526564e+00
3.0750794391414122e+01
2.9187446706099021e+01
4.2277191579926317e+01
-6.5504127318952612e+01
7.5601878598884610e+01
2.2089579090639599e+01
-1.1916471950969839e+01
2.0805865213211259e+01
8.4743642445284621e+01
-9.3660937841815894e+01
9.8555262289161007e+01
7.5979698098049138e+00
8.3812992531732917e+01
1.7226079090135929e+01
-2.1842771079614959e+01
-2.5198922375646621e+01
-6.9903281739723298e+01
5.4582002906066613e+01
-3.5996412217495539e+01
-7.6373551604167574e+01
-1.3092203619280349e+01
-4.9184641712276977e-01
6.5579777425540684e+01
-7.7765258844128013e+01
2.4252448106222580e+01
4.3234696537529871e+01
-7.1722937300812120e+01
2.1645753568516731e+01
1.1333060796752230e+01
7.8845814320295034e+01
4.5801906649624357e+01
9.7880728755786947e+01
4.7939626446707367e-01
6.1206855517571113e-01
3.0097533293381019e+01
-5.7263212866186720e+01
7.7180541401943064e+00
7.9885490514710309e+00
6.7089608542723653e+01
9.2355532428340183e+01
6.1656906542229642e+01
-6.5950448378290631e+01
-5.2354389632194547e+01
-1.4334157629990980e+01
-3.9032594504119977e+01
-8.9953251913804834e+01
-1.4009943886645820e+01
3.5672521187356033e+01
2.8964706941832119e+01
-5.4737726698135170e+01
-6.2777426958885208e+01
-4.5600532768374777e+01
-1.8819034988465251e+01
-1.0976468097461050e+00
6.6239004057548243e+01
2.4500209638418529e+01
4.9212762983646570e+01
-3.0206326415001650e+00
-1.3842121278818700e+01
4.0185577533575421e+00
-2.6892611544114970e+00
-5.6826101817260067e+01
-4.8718010061633628e+01
-3.4385533206499510e+01
-2.9070318282334611e+01
3.9422697265474369e+01
4.0402603761071802e+01
-7.8518344462288809e+01
5.9113431250456387e+01
-7.1017714848619860e+01
3.2638103218030501e+01
3.3084423928639758e+01
5.4371701315224009e+01
-7.3936255824438959e+01
6.1637331593470208e+01
6.6815424180415874e+00
1.9702394379500738e+01
9.1742505307232676e+01
7.7822045893882859e+01
-7.8444781739605190e+01
-4.0964395149158392e+01
-2.5536151128777242e+01
-6.8783699010934612e+01
-3.4834487053180858e+01
-4.5103297805978730e+00
9.1145638952420626e+01
-3.5987095053816831e+00
-3.3208393797659816e+01
-7.7472658021785065e+01
-3.3199115693893702e+01
-8.5688952130448726e+01
1.3925864694458749e+00
6.0557635257678641e+01
-1.9513509298044200e+00
8.4675221796958084e+01
-8.4772230747526990e+01
-2.3756884618694659e+01
5.3917660892576137e+01
-5.9075569174605612e+01
-7.3981588260739514e+01
2.0604628223449719e+01
3.6342506951054951e+01
-1.8817487033593231e+01
4.6613517357705291e+01
6.2958847871991793e+01
-8.5416253926145046e+01
-8.0725699006410338e+01
-1.0657087529429630e+01
-1.2225030109255419e+01
-2.6516864743898829e+01
6.0928187599189712e+01
-1.1310528578178451e+01
5.0109844106118913e+01
-1.2216241513131539e+01
-4.3931740600577577e+01
1.9743994385981679e+01
-9.9156267465447215e+01
4.0298119838280542e+01
6.5055238774376434e+01
5.9441862657996253e+01
4.0643172047570202e+00
8.6316298148735314e+01
1.8167686662100792e+01
-7.2019843394604536e+01
-2.5396315489454359e+01
8.3234793851193245e+01
2.2399335145408790e+00
-8.5785879210720410e+01
4.9134981868143328e+01
-5.4493433848234908e+01
7.2856047613206769e+01
3.5571828304499213e+01
3.9214812864630268e+01
-9.2483454559281270e+01
-9.5110933530730378e+01
5.1593513890788557e+01
4.1664021651912350e+01
6.8200449785680945e+01
-8.3926099568423595e+01
4.3990081608674053e+01
-9.8792367250151102e+01
7.4515640050260203e+01
2.7635604742575261e+01
2.3213043410936990e+01
5.9462185815074598e+01
4.2676702283062212e+01
9.3822782321284649e+01
3.3930899452902921e+01
5.4049683053509042e+01
7.8417476746061936e+01
-6.6104437501724036e+01
3.5107606996626288e+01
-1.0641045821376540e+01
-1.4460176373251199e+00
1.7799599136696610e+01
-4.4820961795842933e+01
9.5256676449096886e+01
-6.2146149040395230e+01
-1.3564262609419940e+01
-3.2470376913627867e+01
2.4426473376885301e+01
7.4423305593599395e+01
-5.8282015098327491e+01
4.8706967850852003e+01
-3.8962563534129977e+01
-9.8684168188976962e+00
-4.2185828522252944e+00
-5.5698410124955737e+00
-1.1463415118106189e+01
-3.4612238255293470e+01
2.4535112762522921e+01
-7.0877873317045186e+01
-9.6603567039440392e+01
3.8409571827496848e+01
-4.6277270426156733e+01
7.9888212744545186e+01
7.4731106326033810e+01
1.2732817790155760e+01
-3.4715079985002241e+01
-9.3004180699909995e+01
9.5689080345314068e+01
9.1284798960266230e+01
1.4343027644402360e+01
-7.6162240529766720e+01
-7.6696110444856032e+01
6.2534088195802561e+01
-8.0262398977323500e+01
-6.3952000258859599e+01
-1.5599401513751880e+01
5.6274879120830221e+01
-6.0141108186795392e+01
-9.5174110126597228e+01
-4.2570155455624104e+01
2.2928330224859518e+01
-2.4322756937801291e+01
1.2801837437347819e+01
-7.9510000673244591e+01
2.9832038830895470e+01
7.3247750373486980e+01
-1.7698529620137549e+01
-5.7070741172039341e+01
-2.3091010271381329e+01
-6.3287553104226937e+01
-2.3959886898303900e+01
1.4797699481173529e+01
3.3309219861819948e+01
9.6243489985912333e+01
-8.7492742667253722e+01
8.9257408651654288e+01
-5.5289786386473203e+01
-2.5061199178616910e+01
1.4226348323364149e+01
8.9173555689421747e+01
3.0410358719339381e+01
5.3206914018822872e+01
2.3466612602556211e+01
-1.1395333774082310e+01
-5.9741821572231871e+01
3.9732535699526842e+01
-7.9156887118714764e+01
-2.7995330247468502e+01
-1.2427466524899019e+01
-4.7905829218581289e+01
3.2194640411429660e+01
3.0391484676511791e+01
6.9165242774805094e+01
9.5548429742985206e+01
-1.8113947723857191e+01
-9.4889718705247205e+01
7.5597279265256461e+01
7.8773136465264058e+00
-1.5999162472160810e+01
-8.9388491103247834e+00
1.0989695364936670e+01
2.2414907270303028e+00
-1.6396797733014100e+01
-4.6800600667949873e+01
-2.7812621816988521e+01
-5.9200463948589856e+01
3.9561661487459290e+01
2.8708027615677469e+01
