-3.791515784056342930e-02 1.109749957349996652e-01 -3.849690992693868274e-01 4.949322418737799323e-01 4.073030712103226647e-01 1.189466523388981734e-01 -2.688758054152747268e-01 5.225136050975818236e-01 -2.523979218463808794e-01 -6.343803722456439753e-02
5.221834953685404734e-01 6.096719427219743359e-02 -1.791392228023546973e-01 5.147633105035041012e-01 1.548177825512815631e-01 5.400011882530390828e-02 1.011555500205057745e-01 -4.737122616311990608e-01 3.998743642476386695e-01 7.152239838762648738e-02
1.616962591457297704e-01 -6.952191611078464284e-01 -4.491963046239091928e-01 -3.347560088614647822e-01 8.651465359006509093e-02 -1.146662244714893863e-02 -2.006935488177506444e-01 9.338474617104285114e-02 2.883613261759312985e-01 -1.921421290231718204e-01
-5.077972019713375973e-01 2.345282221719359184e-01 -7.934336302024312670e-02 2.206676825333260886e-02 2.675999496590943938e-01 -4.897460244350528846e-01 -2.354577667139764463e-01 -2.667840511466341158e-01 3.341068202468686077e-01 -3.614607094323492587e-01
2.805837386836249614e-01 6.015968754456291342e-05 4.776742255684827687e-01 1.665088214218772567e-01 -2.676074326921079605e-01 1.336540521574528517e-01 -4.299571719286540139e-01 1.576289049908317086e-01 1.203626481070780435e-01 -5.930434692772252880e-01
6.039558791249901443e-02 5.579281866535860113e-01 -2.098694929808460619e-01 -4.547272172613260888e-01 1.139907004782583222e-01 5.391134278111701095e-01 -2.784632038680363852e-02 8.921160106506170751e-02 3.384942006506149736e-01 -8.542157957020846126e-02
-7.007887352349304044e-02 9.483116403302652153e-02 -3.769956111873711269e-01 1.750082374774053762e-01 -4.887827793485384764e-01 -1.018052870476299776e-01 5.714350916664782121e-01 2.087133630039317567e-01 6.643443602531903802e-02 -4.353810282287343125e-01
-1.979362005177943973e-01 8.708625247885409468e-03 -3.736536206783106495e-01 6.857060448359153515e-02 -3.942300751246873292e-01 3.060969772610658834e-01 -3.897978343359770892e-01 -5.129579933002860193e-01 -3.854748396902302754e-01 -6.045366925633569727e-02
-5.148187972191061723e-01 -3.536062984871083392e-01 2.353548319883394246e-01 2.570630211325607428e-01 1.802135088018031739e-01 5.736349527553143979e-01 2.577616410700734884e-01 -8.188473772268083095e-02 2.091694323229937313e-01 -1.000944796251883179e-01
2.244551536635538969e-01 -1.563052591882800602e-02 4.777819817710338840e-02 -2.039584389912304230e-01 4.686476927740525489e-01 3.646368738507625024e-02 3.019851470177588593e-01 -2.765572678350046720e-01 -5.057612395387554027e-01 -5.109404332453475472e-01
