-3.012764384482573554e-01 5.513360884817054136e-02 -4.209848690407913541e-01 3.035327071239503002e-02 2.796029093450065964e-02 1.718716181719507907e-01 1.505843082965136748e-01 -1.754051470449709271e-01 -2.909557863372416731e-01 -2.206464802237873279e-01 -1.297612656412185095e-01 5.973860433195298664e-02 -1.240815080455264507e-01 -3.685102233891504597e-02 2.073670539421091363e-01 -1.707505092233442823e-01 -8.839052381815346027e-02 9.808877753710280867e-02 -3.514508986876724861e-01 -2.518288465214660876e-01 -1.520129409006668909e-02 -1.262754682370231980e-02 -1.358261131074325889e-01 -1.400546261873603093e-01 -4.460371348424014420e-02 1.805063040673594299e-01 -2.617433226981544792e-01 1.775604998530821987e-01 1.473168094182396581e-01 4.985165395402693655e-02
-7.188401723528627107e-02 5.282895334828938139e-02 -7.901839459190709847e-02 2.463568561949473490e-01 -9.679752684346841496e-02 1.552047768907124647e-01 3.307741017871308753e-02 -3.747589405451727529e-02 -1.979560656104377703e-01 2.743326613999667596e-01 1.024767969857048044e-01 -9.482868892023060825e-02 6.291217955616923430e-02 1.031290812592322997e-01 1.374037506298995959e-01 -2.123563008828711351e-01 -1.963778025489052170e-01 -2.805860639665062051e-01 -9.664763077640720068e-02 3.507128479618011330e-01 -7.989292645808544757e-02 -7.831613605084269958e-02 -1.342610036406861607e-01 -7.760815222149421155e-02 1.753025695204299406e-01 -4.954092166921537227e-02 4.519357319422451225e-01 3.496186991599261606e-01 -1.401012494173872747e-01 -1.055965625938882352e-01
1.234733566511179575e-01 -4.160126930097571979e-02 5.584922594993061568e-02 2.199998000617865157e-01 2.178159035573634938e-01 1.897769899261107784e-01 -3.033865477739447480e-01 4.983284609280238392e-02 -8.897654955655377729e-02 -8.814555445702240699e-02 -1.492901641555323122e-01 -3.068288329312342522e-01 -4.306856321491239759e-02 1.590432741647362924e-01 4.417749364836153630e-02 -3.388939601274469360e-01 4.239472363450658664e-03 -1.891935682344322578e-01 -1.647253763465496637e-02 -2.505690259248049001e-01 -7.270382181722798154e-02 -2.937984435150772233e-01 2.066773948604627709e-01 1.221071441001832930e-01 1.258125520400482922e-01 4.821652787998293582e-02 1.202249835251713861e-01 -3.335449888683009179e-01 1.722883514838421115e-01 2.362409881015635482e-01
-7.205403804426273318e-02 -1.292856218922672773e-01 -2.641226658117892256e-01 -1.017312933436711198e-01 -3.023411557169360941e-01 8.984616886869441210e-02 1.588323138472212959e-01 -5.562113529080214835e-02 -4.666005867495363717e-03 -5.806348759241106161e-02 2.186290691601487923e-01 4.757241662911483593e-02 1.897715634474985702e-01 1.124457314717150908e-01 -2.482037364123688625e-02 1.920462664930293328e-02 3.782221007843024618e-01 -2.597296107520267183e-01 -6.231528815535249122e-02 2.255962514942664709e-03 2.915322929679031172e-01 -6.144078650809776942e-02 1.462771697156222128e-01 -2.856252595069466715e-01 2.311014124512281998e-01 -6.219172775233981071e-02 -9.253109830261023808e-03 -2.899915016177651572e-01 -2.461870090858921667e-01 2.426384368980580575e-01
-8.073154182811430324e-02 -1.610844602694318506e-01 -3.048023055781372628e-02 -6.904406788819600349e-02 9.483211670748845079e-02 1.657963877375548956e-01 -2.786967359434450731e-01 -3.363088738192485105e-01 8.515258922790770735e-02 -1.628925965978816059e-01 1.505695701356776772e-02 3.509936821590150524e-01 -2.600223217677838927e-01 -8.195491687018578719e-02 2.978711728030231654e-01 3.686573307311433872e-02 1.469049427607106717e-01 2.883076191260858234e-02 1.139857011345618704e-01 3.297181841945952541e-01 8.768811930619863776e-03 -1.008563662346918938e-01 -9.233672762883150809e-02 -3.528263339219400024e-02 -2.409292313897541671e-01 1.791195808188667249e-01 2.899920630912035668e-01 -2.642252024312263248e-01 1.648398556055811690e-02 -6.713037896933604642e-02
4.143823849846045571e-02 -2.273116976493924982e-02 -3.527693055698199326e-02 2.044180067072296769e-01 2.131143156341100409e-02 -6.874674487160634118e-02 -2.874129866266554867e-01 -4.121358579596428040e-01 2.073630815544135753e-01 -7.443423069648670565e-02 4.096204893342929032e-01 -1.955958529375224075e-01 4.904966055381886070e-02 -2.471798911844974855e-01 1.550341874819814170e-01 2.519939580181261851e-01 -1.860533956704378197e-03 -9.967752633719320632e-02 -1.234865260707465745e-01 -2.232589892842047063e-01 -2.280572640428573869e-02 -1.357482975945155379e-01 1.775606842280531839e-02 2.302564700401840969e-01 1.595733897589250438e-01 -1.803176012138842793e-02 -1.702154108216124562e-01 1.959917114205807220e-01 -2.044981097435330797e-01 -9.569575619562446789e-02
9.143448365070087902e-02 -3.333119423662962988e-01 -7.992773222888524542e-02 1.335537949337629350e-02 -9.421156010706134565e-02 -2.600519408946633249e-01 -4.923413086648435744e-02 2.111766813592370617e-01 9.702708575973782723e-02 -1.322628070030751612e-01 -1.672858866959024970e-01 -6.762737827925285883e-02 1.998595646155484351e-01 1.076742496631350049e-01 1.564586231506572001e-01 1.267159479572394221e-01 -2.137002829244371346e-03 8.659265513867346609e-02 -4.107373488948435902e-01 7.104833552212028169e-02 2.767131297415049637e-02 -3.652874347325081317e-01 -3.120307580933846525e-01 -1.350101762350834102e-02 -7.290460646787677579e-02 -3.175515687427942213e-01 5.155906821664947570e-02 -1.125740140923884164e-01 1.223460638591477717e-01 -2.223920825656260092e-01
-4.389813414947724146e-01 2.161972515756305779e-01 -5.229793306472907410e-02 3.161284196036506094e-02 5.792657883674824648e-02 2.283479199095115597e-01 -4.224322322755171694e-02 1.051515751882238225e-01 3.303093520778452863e-01 -1.503393505194436930e-01 2.181240622926239325e-02 -1.376703058298264504e-01 5.121838111083333589e-02 1.274672758549618978e-01 1.890870353875431231e-01 4.396536421492665270e-02 -2.136939864321224791e-01 6.811486911086706009e-02 3.166463221662532690e-02 2.840483149122053352e-01 1.869504110517325179e-01 6.962063113342160936e-02 3.545083647325131815e-01 3.723399333043055093e-02 6.082557319455478284e-02 -3.253180387597355283e-01 -1.446710286164140102e-01 -6.050124300544063721e-02 1.720329240240397461e-01 -1.349778086978992431e-01
6.394142188467659416e-02 1.557846555484225168e-02 4.031377426461278668e-02 2.191059636875196670e-01 2.941281909263279148e-01 1.045319937720770170e-01 5.530124764709790086e-02 3.037227977488592967e-01 -4.022669345928268220e-02 -1.134392750654101278e-01 -1.453625118819304174e-01 3.868287150712442224e-01 -1.507510843313528137e-01 -3.140832890735492655e-01 6.503643802707652355e-02 -3.576680555079132795e-02 -1.517877031560995738e-01 -3.250917407890316357e-02 -6.196750893421531375e-02 -1.428942388108393191e-01 2.789126862376817284e-01 -2.322835792532240446e-03 -1.758622013474500298e-02 5.146457719377643680e-02 1.611617118348324385e-01 -2.301308040576707792e-01 3.571683955927197618e-02 -6.005315177227931595e-02 -4.773117657163948868e-01 -2.007441749175377377e-02
1.053412405353777448e-01 1.857655161482588413e-01 -3.311868435010093537e-01 -2.649003785133695055e-01 -7.143604747066805566e-03 2.753041668587975499e-01 -1.763469443214435439e-01 9.990307272657903553e-03 -1.577724345747812951e-01 -6.835552777590872542e-02 4.392813174069786636e-02 -2.168558258636252289e-01 2.829537214475675092e-02 1.090374467904394601e-01 -1.438350827545598620e-01 6.441195938721087921e-02 -1.811766286949660076e-01 2.363819837882453478e-01 3.733794155246715207e-01 1.558966993242553306e-02 -9.143423721096309575e-02 -2.213529290451124454e-01 -3.325884801204775920e-01 1.699919035721023184e-03 -3.121572436301328288e-02 -1.837034589494372094e-01 -8.686179673948402069e-02 -1.054417387560795949e-01 -3.179614587796791292e-01 -2.514462213199194704e-02
2.830548737045107122e-01 -1.808761367258665889e-02 -7.419698025978005429e-02 -2.840350994014967725e-02 -1.443669852713677648e-01 1.339927793425405578e-01 -2.244807281754019473e-02 1.251906278104506220e-01 1.246799484668426605e-01 -1.197970245479521995e-01 -1.135858954249342329e-01 7.853045609457312212e-03 -6.506645697270557749e-02 -6.496786537289814256e-02 1.080341602061066220e-01 -2.639120562239469225e-01 1.737052286808622725e-01 -1.647390198883889878e-01 -2.120471806864708889e-02 2.823118601105680248e-01 -2.535361304683157457e-01 2.303518187019187313e-01 -1.276238586679874221e-01 1.482700673808022840e-01 3.730920399874295690e-01 1.567482458013093605e-01 -3.888402452681243293e-01 -1.041753567752328330e-01 -1.404679338638961661e-02 -3.264082650985515865e-01
-1.671276493057815282e-01 -9.076748174503185274e-03 4.436889322729584140e-01 1.162708394532711020e-01 -3.965280513033355714e-01 -1.511461931787030574e-02 6.384362442541960392e-02 -1.209189417124178351e-01 -4.847460035567593417e-01 -4.607152908056649787e-02 1.120988893675720216e-01 -3.914848474964363612e-02 -4.396453076748306488e-02 -2.269367881672495688e-02 4.828191270132238533e-02 -1.616457072472306800e-01 -8.327437533853062485e-03 2.676455857411096373e-01 -3.797206824651471607e-02 4.052985504030475611e-02 2.305082816764818937e-02 -1.202747136211503448e-01 1.484006518243026485e-01 1.465918395990763456e-01 -6.285070564964075068e-02 -6.608092276379355645e-02 -1.374722622626037560e-01 -2.360855082483357958e-01 -1.739044556674950448e-01 -2.384249751028925390e-01
-2.157379351688804570e-01 -1.148299296569140621e-01 1.717205178784065867e-01 -2.383450944874934418e-01 2.444423129593164060e-02 -6.055891208000668824e-02 -1.474559002921661532e-01 1.818853131956422731e-01 1.781898807278447794e-01 -6.511939508718937730e-02 2.599260768169999181e-01 -5.928978151776578137e-02 -3.721590895451407643e-01 -7.740874104939245159e-02 -3.590415167521714412e-01 -1.377892564337302173e-01 -1.750235787846768643e-01 1.163376524470790957e-01 -3.081309682912145576e-01 1.990176431129471180e-01 -8.109967176907904862e-02 -2.139531364109747702e-01 -4.820043944874443514e-02 -1.824306953404126186e-01 2.113436484376440549e-01 1.817845613221559242e-01 -5.018255181156823508e-02 4.429681492643058882e-02 -9.384211930845058613e-02 1.942882641079826944e-01
-2.062629417701707657e-01 3.203304648065028598e-02 -1.103799482933053369e-02 -1.479386531816213324e-01 -1.927956989526196652e-01 2.084036161611585170e-01 2.292467454455712483e-01 -7.445346858776862031e-02 1.986492618975417290e-01 9.252519066185449503e-02 -1.629054928856539797e-01 5.538536519164380389e-02 -2.314308356817504006e-02 -5.119424376586504538e-02 -2.552490439979818726e-01 1.410535600703295145e-01 -1.522984456610284032e-01 -1.438141327123698410e-01 1.515978034411939387e-02 -2.906868343440169866e-01 1.399808805419899549e-01 -2.044300948486389435e-01 -9.956818129314440324e-02 2.822534024661427776e-01 2.031764739995481073e-01 2.644647351714320971e-01 2.541694825990964968e-01 -1.637210504444872039e-01 1.182708689925325157e-01 -3.656491143090547236e-01
1.615212969162390100e-01 -2.754989734786551514e-01 1.529129711712709228e-01 3.082057185443776715e-01 -1.367634039683561509e-01 2.291532142443698794e-01 4.146757375093524933e-01 -1.320179502277647465e-01 1.657214225081893311e-01 -4.029793449662027460e-01 -2.330426877974032043e-02 2.343792962543646274e-02 3.851044016424448602e-02 -1.236368290501526496e-02 -8.234360129948462004e-02 1.294622204580489766e-01 -2.969248975737458496e-01 -4.425412048041468122e-02 2.100119507794754870e-01 7.369413988507762803e-02 -2.634965209465410796e-01 -1.328988356375717661e-01 1.024131860527019607e-02 -1.686953253893778981e-01 -4.020287925814507862e-02 -1.547274493168748766e-02 -5.976134159392128276e-02 5.498245603432433404e-02 3.043135886625404976e-02 1.955051932787733315e-01
2.685686751447765586e-01 2.577972770799763849e-02 1.130494987749156577e-01 -2.194134253979060090e-01 1.253124182168997292e-01 1.434727989160236583e-01 1.174691491620318412e-01 -1.472765996538094868e-01 -8.861330540258327559e-02 1.569374388316787383e-01 4.137879803365938081e-01 1.343372449318601114e-01 7.119482742677185616e-02 -1.440694709942057783e-01 1.336311806496497806e-02 -1.867451117261067495e-01 -3.151375134861800764e-01 -2.040071618673726106e-01 -1.096658780204436551e-01 1.204325518549723660e-02 2.164228193524427302e-01 5.298615386573236885e-02 -2.052590895322882192e-01 3.122839692856739947e-03 -7.660753502975183038e-02 -2.285196811963912111e-01 -1.458789774072228040e-01 -2.167682345088529916e-01 3.733908256109243484e-01 3.480877611800327343e-02
2.397338621768535238e-01 -6.200169679782845111e-02 -2.527228981560235288e-02 -2.665953945752779775e-01 -1.081027247968105592e-01 9.139251248409399619e-02 3.452658055024122041e-01 8.510682571854863432e-02 1.826938054880312412e-01 5.686578794665878706e-02 3.100740187343548407e-02 -3.306847017163299651e-01 -1.792454568063221454e-01 -6.867526667409058760e-02 4.436060474605460491e-01 -8.808301267149325209e-02 -2.193548515729416490e-02 2.571213081595831729e-01 -1.033830919606875398e-01 5.643339406271045272e-03 1.449365515364302026e-01 3.166129963598270092e-02 8.135426506619897191e-02 2.930219357366782851e-01 -8.634458046187171165e-02 1.169982545791709433e-01 1.879885402579724585e-01 5.278678673507238711e-02 -1.581372430179654454e-01 2.368272170523252895e-01
1.956071116609452709e-01 2.987623679849858438e-01 4.438459495900696876e-03 1.971864932856150221e-01 -1.415424607874121443e-01 3.124378858964620420e-01 -6.470227399181517625e-02 -1.521829273989413200e-01 2.026431043040890223e-01 -3.271840163809604241e-02 -3.943292345823468797e-02 -5.680911093085682512e-02 4.326929372154936226e-02 -1.797773976238824234e-01 -2.967139029846118103e-01 -7.393962643639488685e-02 2.129788999372943803e-01 3.303963204168436363e-01 -3.775106388370303434e-01 -5.126176681586149669e-02 -8.856890461978328410e-02 2.275460482056712863e-01 -3.233345246863553180e-02 -1.580121458660020961e-01 -8.326260552376726909e-02 -1.956602811089147576e-01 2.706480186041369529e-01 -9.169311638666466369e-02 3.458260304966529614e-02 -2.440042695608641080e-02
-1.181765829167797377e-01 3.679712674200062011e-02 -5.238741459652362931e-02 -3.394632442303152087e-01 -9.258098950473041266e-02 -2.687417215572684981e-01 -3.714047366020290647e-02 -1.324806363434980205e-01 -2.274881621375329788e-02 -1.486719272053298457e-01 -2.439809629963255733e-01 -1.892152986495468925e-01 1.079786360489776442e-01 -4.489713754815131685e-01 4.121864878198632648e-02 -1.200518289981475917e-01 -2.429939873668257866e-01 -3.070520833696400165e-01 -2.097564647536155624e-02 -3.406559608098916336e-02 -2.825867542619381889e-01 1.457315970277462125e-01 1.747022924857573045e-01 -1.490400523770540053e-01 -1.075531974512250882e-01 -1.526238125415110281e-01 1.596799721384398185e-01 -1.648645500368521588e-01 -1.516979498720545660e-01 -1.934559236936981078e-02
-6.848923960097665076e-02 3.311956777447581102e-01 2.845554941719750097e-01 -1.721330359386590847e-01 1.945021418301037808e-01 2.274982299235842609e-01 1.374017138928333714e-01 1.679001756295432080e-01 7.494401495036039085e-02 7.229616833165411482e-02 1.084729548276937017e-01 1.310019879171563928e-01 2.362115454910445611e-01 1.514236306787991315e-01 2.252988356248539215e-01 1.611460730561300181e-01 1.234817837939532065e-01 -1.719564434038433898e-01 -2.403344217623049062e-01 -8.755828608222790410e-02 -4.075515688536562875e-01 -2.093021302557860897e-01 -1.934357106905973270e-03 -8.259422210962991118e-02 -1.983363440077368367e-01 1.342151295884247975e-01 -8.920536105985017727e-02 -7.486156646213301680e-02 -2.107134473609750813e-01 -2.913503681098297826e-02
2.367605241217351011e-02 3.388381898539837844e-01 -1.732139111741891058e-01 1.201726977047282430e-01 -3.181335439119072905e-01 -1.986341701626304912e-01 -6.471224667218669624e-02 1.952469721963784668e-02 2.027112032819149978e-01 7.231879204241263570e-02 -6.618158086997714962e-02 3.473164944979554858e-01 2.001816057306830265e-01 -1.610529496174741559e-01 -3.667614218291213868e-02 -2.802650717399525759e-01 -6.004420020403882646e-02 2.978831103174522585e-02 5.496773945716224019e-02 1.426648322696653370e-01 -4.145459557101729975e-03 -3.767486675320851908e-01 3.966423904221668545e-02 2.707124225452913202e-01 -1.336055254196289455e-01 5.940382642849067335e-02 -1.177281649552182896e-01 5.308258194147560255e-02 3.852564745193080148e-02 3.057638371051055737e-01
1.072562295182889897e-01 3.614227558742163018e-03 5.146931904346910974e-02 -6.769991429153336682e-02 3.981508203592731832e-02 6.146347121715983741e-02 1.175312910271931327e-01 -1.229829606030623801e-01 1.674964671863926891e-01 6.245069390927036196e-02 -1.252038239920004459e-01 -1.353251894992868465e-01 -3.139808644887982503e-01 4.660391894756603717e-03 -1.328680100166402533e-01 -2.748262432882545014e-01 2.545343492905759453e-01 -2.380093602452547641e-01 8.366247413933480814e-02 -3.954327084721234037e-02 1.938981555847828497e-01 -3.167735105493043601e-01 1.165589163043405929e-01 -1.861210762648970174e-01 -3.569776511683527831e-01 -1.874860674129652516e-01 -1.852898865337140877e-01 2.884714578995027923e-01 -8.202278814386032568e-02 -2.935778155076297913e-01
-1.257501020184307317e-01 -2.828440101411317659e-02 1.951639472321073654e-01 -1.038775672003449946e-01 1.549666940364858581e-01 3.267288300297283704e-02 2.666805013220090777e-03 1.238029567721393304e-01 3.941241250709070360e-02 -3.241206207333481304e-01 1.464039210398729862e-01 -8.325399957694977482e-02 4.673396980075809060e-01 -2.611330968656880303e-01 6.971435177974552588e-02 -3.353362440406722489e-01 2.092723166486274433e-01 1.793322284937435007e-01 2.501571894596976153e-01 -7.229528932252980711e-02 1.695925109393485730e-01 -7.519201771585883043e-02 -1.641487063735961871e-01 -1.319499943178213952e-01 1.053422420428693912e-01 1.613446365720068720e-01 1.538941004883445096e-01 2.198924124549938575e-01 1.014293523148355330e-01 -1.150060328764175299e-01
5.704302479513802260e-02 -9.544637850320199235e-02 -2.437450064692750218e-01 1.861807381292789748e-02 1.257976254579120656e-01 -4.408678603206868385e-02 1.846575782952726841e-01 5.213591310573019444e-02 -2.704557922220643049e-02 3.469890311043049569e-01 1.534833283698226747e-01 1.099384444360397700e-01 -8.249679450807637093e-02 -2.613971485698667330e-01 1.203789095926755398e-01 2.699140489974518036e-03 7.748863063501394699e-02 3.111207600746623281e-01 1.539280937976892361e-01 -6.982049485090208174e-02 -3.273186371350105262e-01 -2.769007477770950021e-01 3.198147041326975248e-01 -2.247914496092048298e-01 2.574124854359007286e-01 -1.181601122032164969e-01 4.005851946807382352e-02 -9.231655410467909384e-02 1.867107828551685667e-01 -1.835186087687329104e-01
2.391124503799336165e-01 4.267222586745676449e-01 2.102794010386852541e-01 -1.557304900022922489e-01 2.963851594618318111e-02 -2.807610972025399443e-01 6.207724574478376556e-02 -3.274815043881861842e-01 6.947077979824322768e-05 -1.901911225733242117e-01 -1.912075505972759826e-01 8.177529854611485793e-02 -1.233349709311058889e-01 2.515494252653089902e-01 1.746770847676855920e-01 5.628798963807464528e-02 -6.824435297265091238e-02 8.785111017733746031e-02 3.042719905420565498e-03 -2.931514954821821950e-03 1.270165351764042383e-01 -1.370334205187056231e-01 -1.657385734745974934e-02 -2.393630971093295701e-01 4.392068914749989172e-01 -4.533753467803680604e-02 7.494474369902030808e-02 4.727827132118224418e-02 4.584411008639451696e-02 9.285220006096351134e-03
-3.338993950703382507e-02 4.417394371909909995e-02 1.641780358760946967e-01 1.058786138905557367e-01 -4.513088487747948796e-01 1.002638065861724270e-01 -2.898860337746588800e-01 2.540755589428985162e-01 1.588155890472831844e-01 2.025349009242739251e-01 -2.164920571875030356e-02 -2.559178663259507533e-02 -1.700975489042505506e-01 -1.014786519362493866e-01 3.357311048458418989e-01 6.091401570208739708e-02 -1.176756626427930691e-01 -5.368386390019546511e-02 1.799613714494722183e-01 -3.022446686016806994e-01 6.614385369728773001e-02 6.401239975373972102e-02 -2.075115581024696843e-01 -4.037671633233032575e-01 -2.090798243277776705e-02 3.965528415609064633e-02 -6.976837952937268994e-02 -6.726280658277405088e-03 9.543960553564788396e-02 4.862688040028033398e-02
1.939967848252872329e-01 -5.425078830884533243e-02 -1.618775666344937914e-01 1.362978749920572830e-01 6.739956179856251839e-02 -1.618090030945227575e-01 -4.468680318632533427e-02 -4.316771685363181288e-02 1.872379539072640819e-01 5.171270609843714450e-02 1.092368740633288815e-01 1.929192381308803342e-02 2.010516087930642737e-01 2.520219785412824987e-01 -1.729390316258527446e-02 -2.164824952653152945e-01 -3.772288881039713160e-01 1.471307433428862832e-01 -6.442127225239245580e-02 -6.280310955335458023e-02 1.394664264218782312e-01 9.655687856568943850e-02 1.941363874431609737e-01 -2.581328297181056941e-01 -1.830069914682063703e-01 3.923177479996969863e-01 -2.385283044424590590e-02 -1.814676934052826818e-01 -2.486719292238037671e-01 -3.017228963773618822e-01
-2.478657473209721074e-01 2.298762855246460901e-01 -4.576849166282858511e-02 3.515541285808559402e-01 1.774740220779444377e-01 -3.323921934526786748e-01 3.315950079578802168e-01 -1.969183230888157249e-02 1.478379645909319584e-01 3.968087077738860491e-02 1.343802499129679029e-01 -2.626567758317931989e-01 -1.880903124989295738e-01 -4.350692238590767036e-02 2.470765529195601343e-02 -9.227560508569750131e-02 1.271399533484073863e-01 -4.929603637456011350e-02 1.306906038762960520e-01 4.718558324034758528e-02 -3.536025360599224371e-02 4.231067729257481647e-02 -4.095703178686836976e-01 -1.919456934817521943e-02 -5.703761454512289164e-02 1.373534537388198216e-02 -4.839389128901222525e-03 -3.689145338933609852e-01 -3.998449199821290517e-02 2.482712819143305036e-02
-1.828191931567778594e-01 -1.959305585514266590e-01 2.584059597538808026e-02 -1.213361132223069044e-01 -6.384059763186809844e-02 -6.725916232299881947e-02 2.518414313369419458e-03 -1.197054743891290268e-01 2.457954993090419871e-01 -2.161152208007016337e-02 1.363029992164533910e-01 2.791195980588528358e-01 -6.141941062369879467e-02 3.769331801078497080e-01 4.842362841155040121e-02 -3.850081029188309745e-01 7.721884331165623609e-03 6.956168129962907176e-02 8.152739721086200986e-02 -3.489155428142665105e-01 -2.820326662202010115e-01 1.886215295694930461e-01 -9.681287925993443955e-02 1.619952841096909402e-01 5.989583299076624290e-02 -3.446948567333663616e-01 1.108597123313070226e-01 6.889289006408848282e-02 -1.110735303082124453e-01 1.639463775181268165e-02
-1.657665418173419891e-01 -2.416260224983230731e-01 1.955440396094883793e-01 -1.545816799330698363e-02 1.645352687505576283e-01 1.376246223166036897e-01 -8.807301477139362761e-03 -3.538056710575477326e-01 1.460424963679523569e-01 4.591067836607978236e-01 -4.089646336558980244e-01 -6.709288902157259371e-02 2.566481766562703215e-01 -6.734505384410399698e-02 2.228382519314519097e-02 -7.298324636563745249e-02 -2.300360139995203876e-02 1.638893103494465653e-01 -2.488300702995737204e-02 1.097154780387729484e-01 6.573604542063389566e-02 -1.266915383567140084e-02 -1.520012476893006781e-01 -7.210353868618329942e-02 1.427703202386045034e-01 -1.007708087015949001e-02 -2.574244241154138302e-01 -5.741751412562608181e-02 -1.589182555461942647e-01 1.901871482292651072e-01
