3.436097717000841101e-02 -3.565724499383766677e-01 -2.074660416146103525e-01 -1.847458058211174647e-01 -1.011736994774656700e-01 2.175985897065518260e-01 -3.695161088813918027e-01 -7.558769292264778672e-01 -1.319163301575646263e-01 1.078098848481232330e-01
-3.434717683782446684e-01 4.614751529487535198e-01 -4.882440040706967910e-01 -2.325131709770437635e-02 -5.347112122472023055e-01 3.417449951319472684e-02 -9.748048794250765980e-02 -4.127955805559115066e-02 1.836212233135023075e-01 -3.132695616661627658e-01
2.266492090972782036e-01 -4.669624130591584210e-01 -2.644163769472022696e-01 -1.021700210608284393e-01 3.788644965072997944e-02 4.366064466468211891e-01 2.284817771197559036e-02 3.522713023425871892e-01 1.702115472775179300e-02 -5.772816517924534985e-01
-2.172521845245865002e-01 -3.246476198485637732e-01 -4.351904838370745376e-01 -3.345797273871849997e-01 -5.554052947188517497e-02 -8.816846172480828636e-02 5.487079354932679065e-01 9.697987590360476751e-02 1.467858226828552826e-01 4.507560975116651214e-01
5.525679614286144181e-01 1.998633674140772309e-01 -1.052670114075453800e-01 -6.462200935873051444e-01 -1.477981663681772299e-02 -3.640656338172293394e-01 -2.587786105700481398e-01 1.248833565151526298e-01 1.029855839839511622e-01 1.054742071501546703e-02
-1.499404994426588138e-02 -3.471317038902785312e-01 1.910220661225775496e-01 3.725769590369432810e-02 -3.381791211308682321e-01 -6.341037773927407084e-01 2.632759818348495151e-01 -1.988688391320884707e-01 -1.595748093258252676e-01 -4.365974083041482268e-01
-2.830349301495341252e-01 -3.757994240346751447e-01 2.382247496942302423e-01 1.062589005252190764e-02 -1.366764691567663725e-01 -1.312636304292671419e-01 -4.651128032261855338e-01 2.058212626758346431e-01 6.459326270519664126e-01 9.985094804199980134e-02
-3.452140148754979099e-01 6.030487667701390012e-03 4.494891336654725511e-01 -5.216299246086445462e-01 -3.233608033070144994e-01 2.733601205402857448e-01 -4.438055554505950656e-02 2.096256077128135220e-01 -4.235648617629359514e-01 4.522136402857789700e-02
-6.683928528676896796e-02 1.863657385924030740e-01 3.289864910119714159e-01 -3.310404446929991473e-01 2.402689491390005982e-01 2.120112249160989448e-01 3.822267360165241823e-01 -3.888991877651217788e-01 5.027508265751100547e-01 -3.003402356118732852e-01
5.224681239749966455e-01 -2.692765351894287323e-03 2.113638074282006840e-01 2.053266841729794456e-01 -6.354307777755761055e-01 2.855661894343946017e-01 2.273224999613568942e-01 -2.744750317271096515e-02 2.039137955737908292e-01 2.466902101499569011e-01
