-5.316139553540688567e-02 2.387535786100808133e-01 1.372211645321167739e-01 3.314044065105962167e-01 3.667286625040051123e-02 2.129653759786735712e-01 2.190701058429438686e-01 4.506581998245432624e-02 2.336891090877445398e-01 1.382260886408190337e-01 6.617933290435844274e-02 1.274725248260890897e-01 7.772376662108690382e-02 -2.392287707567558042e-01 3.972142426756465616e-02 -1.439982612030639986e-01 8.094467934564607281e-02 1.776755468738524524e-01 2.938595608660686254e-01 1.535178094670802129e-01 -4.884598165681909299e-01 -1.094544358349616026e-01 -1.571249622711670124e-01 -1.397367926793673110e-01 1.828105972249951527e-01 -6.040788393498706943e-02 1.351628415575358289e-01 7.993984648553488503e-02 1.365693794734604838e-01 1.079375298286687351e-01
1.201652721104248533e-01 -8.640824384242376532e-02 1.431038502940303325e-01 -1.662437830836624164e-01 -1.241024318322275777e-01 3.246084279828952979e-01 2.718730761597765166e-01 1.166174655787187014e-01 -3.113224801842862655e-01 1.915637658070735647e-02 6.221877619500046537e-03 -3.166017504931345483e-01 1.280942633053158142e-01 -7.520053589790690052e-02 -1.910153163931310183e-01 -2.898006716498224833e-01 -1.649718256663199045e-01 -1.197940607675862384e-01 -1.240363438898952897e-01 -1.549907413865579398e-01 -3.092209306519129175e-01 1.914740625930652640e-02 1.460210286625706066e-01 1.125962081698940048e-01 -8.568721112920027472e-02 -2.726756175905474811e-01 -2.576944295752315317e-01 6.344895916484868947e-02 -1.064486998979727317e-01 8.471993883354325683e-02
1.626270571220226058e-01 1.972184601547050109e-01 4.673884359044239850e-02 -8.194006788558926002e-02 -3.046169215204723169e-01 1.720833910948486867e-01 1.038448625052687535e-01 8.481428675085952995e-02 1.134859020776552846e-01 7.225062726143922920e-02 -5.650407485343662134e-02 8.408131424526323061e-02 2.428032647567090474e-01 3.186423277581619251e-01 -9.778753387653219692e-03 -3.199615210103383123e-01 1.088464246150216558e-01 -3.215316726011509529e-01 2.081504792391461467e-01 2.272646487465128096e-01 2.672814072402062147e-01 -1.118364151704058784e-01 -1.227911357215856064e-01 1.664968516513479491e-01 -6.785916181941441250e-02 1.186880408779479174e-01 5.037005516637998309e-02 1.145385044031063809e-01 9.514834371776968724e-02 -3.372025618454720375e-01
7.807424348599270592e-02 1.197100143636112141e-01 -1.405759809364156288e-01 -1.105908424963080589e-01 -6.172054859838800589e-02 -1.152722823928021140e-01 -1.214289820541430975e-01 -2.428120035234425378e-01 8.797853970208592556e-02 -1.212858455353187093e-01 -2.011506570052358223e-01 1.213732363073358606e-01 -6.480647356454501129e-02 -1.605503472481947524e-01 -2.613838424400558580e-01 9.175585078396717928e-03 7.343343910778683814e-02 1.974831533052336663e-01 2.350848397604257400e-01 3.127240892246511694e-01 -9.123553885894625237e-02 -2.411744211678671090e-01 1.312245859536729231e-01 4.035129075699748769e-01 -4.335439126515201053e-02 -1.466783763676344499e-01 -3.694747159652287394e-01 -2.487946329972203219e-01 -1.213988145272538316e-01 1.515327572567089914e-02
-1.809656285681013055e-01 4.954071236529099531e-01 -2.390458701618046189e-01 -1.087342943213250174e-01 -1.280886688403696239e-01 3.479145519355016352e-03 2.002970670582742210e-02 2.272986196584523000e-01 -2.304686387305948936e-01 1.264683949735433965e-01 2.610605388730631859e-01 6.748832373654382877e-02 -1.869839442535630170e-01 -6.325148316992985909e-02 1.606809701527898149e-01 -4.251240115830411982e-03 -3.238522966517187046e-02 -1.600784709308570863e-01 -1.387388087871612719e-01 1.964619827775489491e-01 7.387325470540312411e-02 -7.840504221344650471e-02 -9.884645787276070961e-02 -1.434798040003652242e-01 1.952803022287150914e-01 -3.164166734125551522e-03 -1.465884255072837650e-01 -1.028916260792145931e-01 -4.047167842702226737e-01 1.313722027360450795e-01
8.773749803652364232e-02 2.789436170591025679e-02 -7.450231214953706438e-02 1.530984826274549848e-01 -1.765692714655523465e-01 -9.058245356679821281e-02 1.337589680296323025e-01 -4.852967810338414123e-02 3.249589657861109981e-01 2.385546143033110966e-01 -1.301303597518173837e-02 -5.629393719704740839e-02 -1.086832435878559988e-01 8.019594754461076280e-02 2.346911951096421894e-02 -3.842787532914930804e-01 1.216588569818837368e-01 1.802119352120278017e-01 -9.891987348709746497e-03 -4.158959530368872559e-01 3.185020452534685353e-01 -5.460578388161780455e-02 7.968010922986128175e-02 9.891359338628900877e-02 1.988043861787838415e-02 -2.985406512548751876e-02 4.366388058616710137e-03 -1.149883322395307828e-01 -1.281334875024713327e-01 4.458112742288509733e-01
2.412799700415529658e-01 -8.538726791485293233e-02 2.734373659122187328e-01 1.817715179877040510e-01 1.017204132836115882e-01 -4.675501481590794983e-02 -2.221194596021686674e-01 2.251863457662443280e-01 -2.184308508573712115e-01 4.737222220559330482e-02 -1.060675105264975715e-02 3.774226277226621074e-01 2.343531353000705142e-01 1.237658359157217391e-01 6.316133550893301279e-03 1.173985946085362303e-01 1.806171093939462902e-01 -8.766434706104292429e-02 -6.597624800627389929e-02 -6.979004089865689653e-02 5.832533663136585389e-02 6.606922549736878036e-02 -3.614545093433343403e-01 1.654071491964755891e-01 1.553200497133316316e-01 -2.388862367464048286e-01 -2.532615012493216744e-01 -5.125702522210328488e-02 3.482728932498507790e-02 2.702727488825523161e-01
1.755816115728639215e-01 1.726305199600747797e-01 4.924659268612575080e-01 -1.856040197778978940e-01 1.930455864437513047e-01 5.800706759397271720e-03 -2.323906249546548453e-01 1.880801869021179462e-01 1.085122365588896826e-01 3.521554893808055975e-01 -1.842055127340125886e-01 1.969532147491373508e-02 -3.248210701804316036e-01 1.050907078608915995e-01 1.427770389643640281e-01 4.431974246302668174e-02 -8.756720793322443630e-02 3.030386035766624228e-02 -5.244530042625741850e-02 8.923700149363550729e-03 -3.591690358469175337e-02 -2.727976312511828372e-01 3.384799375405911359e-01 -4.668642806580085292e-02 -1.247728996764745080e-02 -8.027541699248176565e-02 2.728947759054332553e-02 6.856454598993290406e-02 -2.077907878947506462e-02 -1.017714313579414082e-01
4.384610757217620725e-01 1.106630472415461308e-01 -1.179213281585595186e-01 1.532861444629561865e-01 -1.959067057846597959e-01 3.064986457855297663e-01 -1.526969271770398096e-01 3.604329793310690616e-02 -7.409999837794900568e-02 -2.483619794501051026e-01 -2.026290497938653956e-01 -8.304276399422889920e-03 -5.984513754618184939e-02 -4.559266415399724354e-02 5.628421801663428814e-02 1.863441998205913608e-01 -8.531406231616132929e-02 -4.296526927899844278e-02 1.718341714348979032e-01 8.073528672707673548e-02 6.534498768168867100e-02 2.457311411340916130e-01 3.392139489639387495e-01 -5.512178119042891733e-02 2.095927990176283950e-01 2.135123565586807548e-01 6.438249948390172006e-02 1.934058634822295453e-01 -3.829007718573346208e-02 2.980793594241294975e-01
-2.265530144306562767e-03 -4.262661903417221398e-01 -1.965617118871870184e-01 8.292750859058513335e-02 -1.861950359084552087e-01 -7.665080958140782497e-02 1.838268310824844598e-01 1.030079409280737213e-01 1.669266322587236451e-01 1.958753399110577803e-02 -1.699030117707322207e-01 2.954971313902969299e-01 -1.250302720502047271e-01 2.881858979218049899e-01 2.729587004358228208e-01 9.727046955222756405e-03 -2.952765632559638531e-01 -2.001236146605899491e-01 1.267347216972724011e-01 2.305000604351084906e-02 -2.458231402847436964e-01 -5.653817894142242062e-02 8.871298586590703472e-02 -2.084289942349388802e-01 7.883370421317854870e-02 -1.043935988887575994e-01 -2.014918006618427182e-01 -2.016533323058017357e-01 -9.727823265744492409e-02 -5.920617327314161432e-02
-2.895658207695226416e-01 5.623479929067384808e-02 3.082703295462921669e-02 -2.217379571831650312e-02 1.444965590078324189e-03 1.131978832105192539e-01 3.474349807417639879e-02 1.421352228869693091e-01 3.740197366248687039e-01 -3.361171547289689698e-01 -1.756495808716152518e-01 1.769439113405793240e-01 -4.893666781978762287e-02 8.332459225332872199e-02 -6.149613441581592427e-02 -7.576470581244028682e-03 1.236561551133859849e-01 -1.438958177851385467e-01 -5.164647399067066047e-01 -2.420183763829990287e-02 -1.942594691615803226e-01 1.331381394763320528e-02 7.291935894147988373e-02 3.426400900007551265e-01 1.723781526985106727e-01 6.082837758182597226e-02 8.108327204308921066e-02 1.856384352765002854e-01 -9.174478868742683146e-02 4.793856756578059042e-02
-1.873306348301242152e-01 -4.785770361267716738e-02 7.851911369744903058e-02 -3.646005705281770565e-02 -5.300714097678966424e-02 -8.662187098149236320e-02 -1.661563672068567532e-01 9.416144043878253711e-02 1.357621473375573151e-01 -6.841647702754137528e-02 1.778834376879674661e-01 8.744371437689715809e-02 2.604546110769681566e-01 6.858169333249264366e-02 -1.851140896806041658e-01 -1.108357334708949017e-02 2.855774855581271199e-01 7.247801064547182599e-03 1.139851082155278750e-01 -6.734981005160775580e-02 -5.329551244625572309e-02 -9.904189507171000384e-02 2.729039719051062352e-01 -4.085852142006822230e-01 -1.803721549062121399e-01 2.295945250352517952e-01 -4.322270851018566451e-01 3.037462311890536393e-01 -1.139114178952579243e-01 9.216426335038656326e-02
1.080261107616159039e-01 -1.270207737636038503e-01 6.805150803956419581e-02 2.347115308988661012e-02 -2.223831963733426398e-01 -3.402386589280226858e-01 -3.129926192428392207e-01 2.938741936550089418e-01 -4.341992530454732470e-03 -9.024546500061475518e-02 2.242932349508693080e-02 4.925059688127304824e-02 -2.774029822210136512e-02 -3.724464166511879948e-01 -1.348674743784698538e-01 -4.082816301476794862e-01 -1.207819270556647895e-01 8.841697889191110771e-02 1.325440150884770775e-02 -9.303460394952056678e-02 -5.657748129153716832e-02 1.531624673631659939e-01 -1.944565584712680886e-02 -1.905561420969143285e-02 2.944609480425047776e-01 8.847046597659323497e-02 8.091550275527893687e-02 -2.288685062663668897e-03 -1.128362520055448265e-01 -3.309887410449433021e-01
-8.292337103863228753e-02 1.140470485957089108e-01 3.858780109860179136e-02 -9.782664559832995876e-02 -3.568450518385559572e-02 -2.059253517622498808e-01 6.117938510855185086e-02 -2.729905606073212421e-01 -4.904333846785720041e-01 -1.116406730125722863e-01 -1.996853014479138544e-01 2.113299314748324220e-01 -2.495901053201130815e-01 3.771847383173787538e-01 -1.380287259444885617e-01 -2.994008479580432258e-01 1.258829403367389965e-01 1.098833917580459701e-01 2.247940689396488861e-02 -6.322764515842803357e-02 -2.108678840443422575e-01 -4.033543075991502525e-02 -9.222595164231213796e-03 -1.192582649997586813e-01 1.409412802341124260e-01 1.419706233334535050e-01 1.278320669003398802e-01 1.147587643966025278e-01 1.451626680465529229e-01 1.136064220126383889e-01
-2.122035186065930057e-01 -9.386052756306331735e-02 -7.228455033581869527e-02 1.562694545933984158e-01 3.465649301170212748e-01 1.528316874904874501e-01 -1.615486448609362580e-01 2.447928351212377493e-02 -8.958871956672742609e-02 -1.485384900059028290e-01 -2.867953874648870860e-01 7.633283394384065591e-03 1.417437396591551546e-01 -1.236380844676448348e-01 -1.603398383249455827e-01 -2.723008530284978801e-01 2.548774008418246487e-02 -3.007611835240138753e-01 7.529045993057868758e-02 1.006237073482743882e-01 2.507553206166482918e-01 -2.396637184227899120e-01 1.473755907984772573e-01 -2.607530740044194939e-01 4.588997820811403783e-02 -2.606677320339853554e-01 2.474769980997482133e-01 -1.655750024569081214e-01 -1.081199318174309865e-01 1.067049638888234592e-01
5.882135158498637273e-02 1.227244003615852036e-01 2.745482064412614887e-01 -6.741844396140735107e-02 -1.862164229716560260e-01 -1.667492092648757973e-01 3.317272729005750209e-01 1.721691592713411323e-01 6.055365677799772611e-02 -1.936541134044847401e-01 -1.593737064846899587e-01 -4.427441586455491823e-02 -1.203817049611938077e-02 -1.080727628022165460e-01 -3.936373702096452876e-01 3.211273374364549960e-01 -1.864918824484911586e-01 -1.277761812107935102e-01 3.207000242944850477e-02 -1.567039991304153279e-01 1.038759529099579637e-01 -2.865364564925368951e-01 -1.810670035602356398e-01 -1.821355235789456906e-01 4.240468269634799225e-02 2.151016183101700785e-01 4.729093447043430237e-02 -2.385048116467214652e-01 6.960950043929965692e-02 1.157031080049666510e-01
-1.934688558578129616e-02 6.454278413831976424e-03 -3.441258889158185091e-02 1.125425271770722907e-01 -1.076501079951244083e-01 -7.302381584933341496e-02 1.935893042650774776e-01 -2.199262531360773321e-01 -1.189706638933070437e-01 5.032286916907531271e-01 -1.080492596222867724e-01 2.202860283470438330e-01 2.619122424842929564e-01 -1.076907373419223601e-01 -2.417662124445894012e-01 2.538094468701285189e-01 1.804784818307781646e-01 -1.252114840171818511e-01 -1.266788574418686308e-01 -8.402487552112053448e-02 -2.996241080910132595e-02 1.556818882495614176e-01 3.338207353461398741e-01 2.952493683047000342e-02 2.049417335529528927e-01 5.014578916261712774e-03 1.502901235885103215e-01 -5.305984501390063196e-02 -1.834943639934900894e-01 -2.059364120211487070e-01
8.034213668573589318e-02 -8.739031512123317247e-02 -6.243690995100155405e-02 -1.646129157784321784e-01 2.304918199415282865e-01 -3.129621323051665766e-02 3.030070473869791448e-01 1.141677697957612508e-01 -4.309579576621174607e-02 -4.597254907503176696e-02 -1.535717946146458179e-01 -1.977254648409314530e-01 1.636676508291954116e-02 -1.615703231429653219e-01 2.884902460149733616e-01 -6.111202692592225538e-02 4.019993760514846137e-01 1.893401558781046198e-02 -5.142640580401855455e-02 3.499659311858795835e-02 1.224401235240335506e-01 -4.801497049346485635e-02 1.083969819144574021e-01 -4.886874243461550998e-02 4.318636657208447249e-01 1.563986572782131435e-01 -3.108197238398395790e-01 -1.256916660490165760e-01 2.889171032353063384e-01 -1.089064926837942510e-01
7.148588937856562020e-02 2.039565526281748864e-01 -3.894009311373103355e-01 1.033594958430713584e-01 -1.103009230601432467e-01 1.753966985616164237e-02 2.127453623761441093e-02 2.296135518947717280e-01 -4.944941972729660629e-02 2.773020872306458315e-02 -1.154627953196640244e-01 2.539138998609383191e-01 -1.946555932794539756e-01 -1.973189329803495817e-01 -1.107456599630073507e-01 4.166027745912470603e-02 4.984620363296133477e-02 7.721585276761643545e-03 -1.606987367286050739e-01 -2.054176557473673947e-01 7.049055986587557388e-02 -5.835677104780206959e-02 6.648323514347530272e-02 -1.169897506037642643e-01 -2.816798191340439961e-01 -3.043513903762463668e-01 -9.432029019236659595e-02 1.783502759312179664e-01 4.702794437045991205e-01 -1.503177357939370351e-01
7.872388413367194249e-02 2.119196138501934779e-01 -5.875476284673519095e-02 1.585065107045684485e-01 -1.919131507123237601e-01 -7.625683676413880230e-02 -2.550215036632074717e-01 -3.055811921654413843e-01 9.467306157609765849e-02 -1.307144456014602829e-02 -1.094457314506345619e-01 -2.775433854276989631e-01 3.594408879183556560e-01 1.717889925805128337e-01 9.004973812960745394e-02 1.003874710422445436e-02 -2.381700560591266669e-01 1.216790805967708083e-01 -3.712100861494907478e-01 1.150549387676846023e-02 -5.124337108041475408e-02 -2.299946440448834561e-01 -5.835560494126474512e-02 -2.258948499587094816e-01 2.578304584079930684e-01 -1.500390054310379584e-01 -1.383476779727569606e-01 -2.929054149297066409e-03 1.462276974471372060e-01 -7.250033973102680551e-02
-3.127963233891019046e-01 -2.310083307866086511e-01 3.194664890202057461e-01 1.752616273871707708e-01 -3.702078479839335245e-01 5.958010962261644367e-02 1.587522947213382829e-01 -5.061629161258170140e-02 -1.689370673299150638e-01 -1.101160848222042382e-01 1.456115276599728170e-01 7.184583377276095029e-02 -1.201591479297744458e-01 -8.987160259024939979e-02 9.804158495644156590e-02 8.198117545762620417e-02 -4.617005323839741548e-02 2.338214563918317723e-01 -2.991989826052048398e-03 2.292299248245721344e-01 3.761508063176984829e-01 -1.433382309866399196e-01 1.600577865022574375e-01 6.341283173615812341e-02 1.505101603035840230e-01 -2.475808992899034000e-01 -1.862631188722354419e-02 2.260607292393999046e-01 7.208948639177929774e-02 -1.186861085905832787e-02
2.441747136571285285e-03 -3.363797611345199084e-02 -8.362940641139754439e-02 -4.104564875964154813e-02 3.385813680965851780e-02 -3.492420580101598393e-01 7.078057186762946873e-02 2.173387376342728328e-01 1.790822727093905331e-01 1.497794216663184685e-01 -8.193681026684669633e-03 -3.222667115246237168e-01 -9.758608656078836263e-02 2.384346317107210178e-01 -3.363034459190419878e-01 4.655528471264988588e-02 4.358811109279397966e-02 -6.932194956385138995e-02 4.564784792579999750e-02 4.098202008747243719e-01 -2.575073685240538562e-03 3.088746646611234548e-01 1.155220484073524005e-02 -6.533280816800242363e-02 1.398782825200563518e-01 -3.041833603879497416e-01 4.748183044739570646e-02 1.748304532899954411e-01 1.275494510562652783e-01 1.923963322196141079e-01
3.202449276815809154e-01 5.588181100663948409e-02 9.509808834813297806e-02 1.525299639142254360e-01 1.756497077001035328e-02 -3.035634429032176285e-01 3.043161803341268845e-01 1.687624157242057291e-02 -4.653234312400650330e-02 -2.074558170983082928e-01 -2.138139695941504992e-01 6.419931429145857987e-03 1.059140739605595183e-01 -8.358980111325674256e-02 2.421562113319298826e-01 -5.427251500604433204e-02 1.898393293721557518e-01 1.512192065360935811e-01 -2.248339750652174063e-01 2.247021097292525582e-01 -1.207629227056554455e-02 1.897350902144641013e-02 -2.745230854259027992e-02 -1.574539122311724437e-01 -3.823941536994560075e-01 -9.778765298945171769e-02 1.134213767665102346e-01 1.035354658610250500e-01 -3.709164666063803906e-01 -5.439154769631012604e-02
4.406185047303350366e-01 -2.845255321150984007e-01 -6.074150176739766954e-02 -2.165890623513559016e-02 1.575938625069017024e-02 1.623869152123181281e-01 -3.683568996759821294e-03 -2.135868941083097772e-01 9.946977537072929088e-02 -1.607573108506780285e-02 4.522375412569735187e-01 1.017121073100221845e-01 -2.651233803705812520e-01 -2.413225287531279781e-02 -2.497033785927545713e-01 -5.582551020475715053e-02 1.836338910575127659e-01 -1.159029949448930480e-01 -2.924892807980429832e-01 1.766786434256224503e-01 -2.917130156064545732e-02 -2.734247489329540426e-01 -4.889898635852748393e-02 -1.630523679703171636e-01 9.318917894103068145e-02 1.799203495571968792e-02 9.435902472937465757e-02 -2.338192524317714294e-02 -5.261949778557420930e-03 -1.174002240115031362e-02
1.760693908002763496e-03 -9.329620535960087002e-02 -4.915559947267737761e-02 -8.108073031834336919e-02 -1.528369501087235849e-01 -2.661897465206398139e-01 -1.005986888255506473e-01 -2.138968024667465273e-01 -1.200333678668499132e-02 5.662303604127683770e-02 -8.115333038202891813e-02 -1.779803416449530218e-01 -7.980327722942202884e-02 -2.685847667512784032e-01 2.311769695719146922e-01 1.136586155270002535e-01 1.428682959921488693e-01 -4.747947623208476076e-01 1.850919008566477009e-01 -1.598899323032150210e-01 -1.321553928859965643e-01 -2.743167027043796335e-01 -1.554805741451272816e-01 1.347238752080369140e-01 4.129914000974775623e-02 -1.005142467257966743e-01 6.808845806035855597e-02 4.100412731003464928e-01 -4.039391527517091629e-02 1.371817982992511176e-01
2.413968241415811664e-02 1.607430731447063912e-03 7.668299510923320961e-02 -3.870165982882488587e-01 1.445080863583965702e-01 -1.603510610041388590e-02 1.249312141874817789e-01 -2.818724259511484753e-01 1.549973737635403914e-01 1.233122237825760303e-01 -1.052604099773333524e-01 3.465625871437036931e-01 1.080448981225235888e-01 -2.929731973383077337e-01 1.911777708999377531e-02 -1.845150710484957379e-01 -3.783151158174645201e-01 -4.695305749350519448e-02 -1.187670311903992609e-01 1.606089299518962399e-01 1.864703749871682581e-01 2.198008107839810876e-01 -1.111049306597002156e-01 -1.349697638312499781e-01 1.024390635220442415e-02 5.474376942661867557e-02 -1.383505899038607323e-01 2.241083230449613661e-01 9.742477842457605841e-02 2.106843326171642106e-01
3.711293416427396963e-03 -2.107430874747009408e-01 -2.216560751946465568e-01 -3.433516414863032051e-01 -1.651117009715120099e-01 -3.906689632174244892e-02 -8.217457537903609388e-02 3.115928681148141255e-01 -1.194967444633369680e-01 1.519533610880021424e-01 -1.930642322014001773e-04 7.361407447873480336e-02 3.505246214148649009e-01 -2.649300009579079809e-02 1.037267187760825132e-01 3.100781603197786881e-02 2.138459172084831300e-03 2.511513049031878220e-01 -9.217763276176746401e-02 1.701715129542664962e-01 -1.111100624973108686e-01 -3.054673862348691871e-01 9.732536969427572904e-02 9.958126451738295859e-02 -6.978185352926603857e-02 1.209535853506917696e-01 3.503778674372998725e-01 -4.159697723285990523e-02 1.377011475336160362e-01 2.988404092808407131e-01
7.579277918388217794e-02 2.223957899243098058e-02 -1.246947407995214058e-01 4.082294936568460209e-01 3.664515089771381295e-01 -2.581766569852079751e-01 1.697622797158228614e-01 9.643734968607206581e-02 -1.362415312221519625e-01 4.414075806563660248e-02 1.919520223086147448e-01 1.000581553895147149e-02 7.287858766399338273e-02 4.714539423423250164e-02 -5.433763762536064634e-02 -8.293042579138644455e-02 -3.729583921778577005e-01 -8.233051861584943232e-02 -2.922737879898180610e-02 5.913350145467283908e-02 4.454417181318606062e-02 -2.579693196109141828e-01 1.863031408903494945e-01 3.078285070267105517e-01 1.528208054607803866e-02 2.843012094998202954e-01 -1.100524520524527317e-01 2.305558454024602133e-01 5.328212878708218914e-02 1.689574214094068105e-02
1.015709750269399581e-01 2.450585958262322672e-01 1.007863706427832573e-01 -1.990126952819692985e-01 4.555789464906859210e-02 -2.430963203551969598e-01 9.198076613373608323e-02 -7.581490936956289395e-02 7.577593481896940930e-02 -3.394229581903534521e-01 4.269001566274167048e-01 1.596376485472439100e-01 1.998155697081978321e-01 5.168016466204746612e-02 1.615853373048347641e-01 -6.273948771479719196e-03 -2.573531218726779479e-02 -1.521969143536509583e-01 1.363936803950005217e-01 -1.583887945020603372e-01 -4.566975841431064609e-02 7.717270535751923066e-02 3.719230967903286444e-01 3.521639000855557311e-02 7.033493260907310030e-02 -3.186828989651762090e-01 1.744497111946138601e-01 -1.771742510280347738e-01 1.506519427581050341e-01 3.019634091817093371e-02
1.145532669370675632e-01 -1.279060914230889523e-02 -2.174710824526061848e-01 -2.394709895804770783e-01 2.230459039804610910e-01 1.077375281708576327e-01 1.406573895210569136e-01 7.389923177079928129e-02 5.378313542829164101e-02 -9.345146071267892984e-02 -1.680603106103632435e-02 6.627169098382938717e-02 8.291450486786514085e-02 1.614663765198277312e-01 -1.171133430552739746e-01 1.449080139287390045e-01 -7.211236462827304294e-02 3.291342160474228229e-01 2.090457023092467947e-01 -2.553833706195861031e-01 1.148652013441879283e-01 -1.660763174822365296e-01 -1.540191178108411829e-01 -2.900550314060673304e-02 2.894117196281775772e-01 -2.311585091171657891e-01 6.845694753267192456e-02 3.649094361814901877e-01 -3.276055637004449683e-01 -2.033674077500370325e-01
