-3.105240620494931214e-02 3.212841780234564348e-01 1.223505863591824727e-01 1.583122965712357721e-01 6.113671767862476764e-02 2.918321197032559544e-01 3.910565807632299107e-02 1.000254294909802416e-01 -2.781937517076692457e-01 -8.233771850895210687e-01
-2.424021361736012903e-01 -1.345145504996368702e-01 -4.449688465552055772e-01 -2.943050387336129115e-01 4.071729254835429468e-01 7.867134993267478615e-02 4.885183092543017858e-01 -3.785533586061238243e-01 -2.889773278544135460e-01 -3.308560871588556856e-02
-7.526289479740467803e-01 1.656085792950260510e-02 1.975447183467543832e-01 8.534486564683171905e-02 -2.533115847796615916e-01 -4.790371400694718451e-01 -8.017338766532275396e-02 -2.613019817155570745e-01 -3.288724338411059406e-02 -1.324248230204763399e-01
3.869675628976977366e-01 6.032702530431380827e-01 2.934910032586654852e-02 -1.647189600209128246e-01 -3.505080684387124057e-01 -1.842449241913469982e-01 1.701959067662916769e-01 -5.106321448926630646e-01 -7.881373041998389339e-02 7.484560953501201430e-02
4.539683132796266118e-01 -5.875717767014412285e-01 -6.746235491370716764e-02 1.606276452359998441e-01 -9.010842353995503207e-02 -4.441798338396623635e-01 -7.162085408274227252e-03 -2.312105085468421639e-01 -7.932174542451855825e-02 -3.912837604701153715e-01
1.113047065196211272e-02 6.930310184330341905e-02 -2.819673966212016825e-01 3.509152701988239587e-01 -1.084798174253495257e-01 -7.085008688999368254e-02 -2.534829330069883757e-01 1.390842384492142203e-01 -7.805859751156825066e-01 2.876212096192313217e-01
-9.417956781177780345e-02 -3.608068636286541203e-02 -5.580379317830788111e-01 -1.926337662708368093e-01 -6.408057202438153244e-01 1.670324696683482893e-02 2.109170888326258042e-01 3.753083994537813606e-01 1.364258308024557109e-01 -1.626311837661787996e-01
4.805005975109874483e-02 3.867408251384440443e-01 -4.168750980178792531e-01 -2.836425908394151971e-02 4.523896985455724273e-01 -5.297038193798290218e-01 -2.636082478810821139e-01 2.154143216051069287e-01 2.315535036774984956e-01 -1.370441841296945185e-01
-1.270596335948707620e-02 1.142306960385602727e-01 -7.468060631338759026e-02 7.687656227576209478e-01 4.840050335154658101e-02 -4.977819013865336650e-02 5.583364523552263314e-01 2.277721371648692636e-02 2.451476446166010181e-01 1.141748255609287416e-01
8.081810938632683072e-02 2.259659394144978087e-02 4.151175959567708351e-01 -2.757716989466900692e-01 7.701576154860537149e-02 -3.994541230387010367e-01 4.841553229342802633e-01 5.070375768438546427e-01 -2.896107072188265352e-01 6.101075308491903798e-02
