3.559740780314668562e-02 2.979089927255824249e-02 3.540444527680462056e-02 1.824242749498050375e-01 -9.136655853367810221e-02 -2.615034598305848168e-01 -6.795242058972053578e-02 1.306552190090106425e-01 -2.017441844105369864e-01 2.043297070709107766e-01 -3.255393055932431778e-01 -7.311062949389597609e-02 -1.772271300011104556e-01 -1.252838284040255212e-01 -1.033252607205683710e-01 3.553237924347967258e-01 -6.770134752083740992e-02 -2.998384539866869036e-02 1.660291913621420590e-01 1.582881610843572123e-02 2.276389939801178874e-01 -2.364590970179749063e-01 -2.964991248991385442e-01 2.199597787505414292e-01 2.399429142969992101e-01 1.331607556620921229e-01 -6.914382154480491760e-02 -2.469845828467332194e-01 -1.658177238339627879e-01 -2.029204384574949116e-01
7.985466624492433552e-02 -3.435691188056491652e-02 -2.351850701419127762e-02 1.476706313817295266e-02 -2.146825090499149269e-01 -1.553391376430359461e-01 1.154642587908482135e-02 2.944882218728054335e-01 3.003710395109506770e-01 -9.758044893135489617e-02 -2.478820620108729972e-02 5.895609990815144086e-02 -1.551608392049307894e-01 2.530647392759784176e-02 1.488337089439017991e-01 1.015700589553257677e-01 -2.112683153328802355e-01 -1.402579759410776949e-01 -9.704327795846701132e-02 1.110532611780063045e-01 8.650826632989253029e-02 1.698147833901753057e-01 -4.809751513952232466e-02 -2.129694684291477125e-01 -1.265080192009874482e-01 5.034141905283443519e-01 -2.292220055851977301e-01 3.541203337191756173e-01 1.451194436178536995e-01 -1.873427428425897545e-01
1.679684002639502960e-01 -6.157526867287722167e-02 2.873280243182272861e-02 1.988367728885983010e-01 -9.064399796396105380e-02 6.078945806442583727e-02 3.545970928654051252e-02 2.138373402844739035e-01 -5.716585355713030975e-02 3.515388700063638155e-02 -3.039115317091459212e-01 -3.326436136081374895e-01 -2.827295100147163565e-01 1.836565620639834806e-01 2.856711536837894805e-01 -4.653092603817737816e-02 1.143335428302074243e-04 -1.275312459501157791e-01 5.019983546291079124e-02 -2.781695821799739510e-01 5.376944665234374005e-02 2.614672880745760875e-01 2.695725482807621032e-01 2.673826078436009751e-02 1.453009153061221755e-02 -4.417793389839667073e-01 -1.404730462538680835e-01 6.238743834191890630e-02 5.922992911240870795e-02 -2.156583033215501294e-02
-4.618154945600910083e-02 -7.404015501760823070e-02 -3.163694198634172533e-02 -2.133606687959073989e-01 -1.816723525638897219e-01 -2.747635627399313551e-01 1.435789541470720576e-01 -1.295713171565367750e-01 -1.823018886254638982e-01 -9.757889619864522357e-02 -1.891274342216118509e-01 9.520024512131702865e-02 -1.308327076451697435e-01 1.565945893921062149e-01 -2.652562681730529781e-01 -3.921959570528431582e-01 1.005704244912454248e-01 -7.105544236148279846e-02 -4.169958131262261891e-01 3.055696643157849723e-01 1.238924205085502744e-01 1.144034425222986706e-01 -4.886072020979626701e-02 1.210003992717720300e-01 1.161313641935846075e-01 -1.541713109088380385e-01 -2.207313685403202719e-01 7.116514293693392001e-02 -1.432196723527956461e-01 -8.432733381885519630e-02
-2.921943113202623565e-01 2.364657447402989110e-01 -5.312044759084166151e-02 1.982774233296795974e-01 3.756545751024005508e-02 1.468826483975571306e-01 9.560536256864429761e-02 -1.355394712858606077e-01 -1.644808081152896173e-01 -7.032417926945486522e-03 -2.222787503684009458e-01 -2.902889152756508717e-01 1.909587615974546893e-03 1.961902385496076540e-01 1.350603829299266978e-02 -1.981409737477542454e-01 3.799986469196810213e-02 -7.392410520407578789e-02 -7.235121976611033623e-02 -6.867829819490182952e-02 -3.902998469511761298e-02 -8.306929396067312676e-02 -7.360136465594570299e-02 2.876268401083720283e-01 -1.735754374353380147e-01 3.089106046061444455e-01 3.898394106145872673e-01 2.901814268419577458e-01 1.068801391837007619e-01 -2.019166705693886399e-01
-1.090603619280643283e-01 -2.815182090868000864e-01 1.066305510195052209e-01 -2.512244964095862731e-01 3.846865070439248885e-02 2.079401218668588958e-02 -7.504860380769658168e-02 8.275500042056629924e-02 -2.686759105414612825e-01 -1.468878987294135186e-01 2.454764962434091355e-02 -3.346772466454678852e-01 1.416163905225886754e-01 -5.357472553315477670e-01 -7.206661316815107798e-02 -1.040007105944577986e-01 -3.426790717627685168e-01 -1.837341392854625055e-01 -1.222576071110985096e-01 -1.876329757579869584e-01 -3.998003650673757209e-02 -1.264247508329791568e-02 -1.750168632466267415e-02 1.536831412947881337e-01 -6.028504943433062729e-02 4.183302599269695526e-02 -1.435983713170001785e-01 1.655784502228130339e-02 1.862266448061208890e-01 5.029604629388712000e-02
2.728244214251013267e-01 2.985781023625584396e-01 -2.787812917979238386e-02 3.569259840642632214e-02 4.598861628943675534e-02 -1.375958035464513313e-02 2.805248520817128430e-02 -1.388229959956410464e-01 1.592909310274433776e-01 3.442218286550730588e-01 9.300257697146001312e-02 -1.109264195826832056e-01 -7.205945092380834638e-02 -4.379352728382220339e-01 9.837918569398623747e-02 -5.908849598248133023e-02 5.134403091744655506e-02 -2.332772748973859639e-02 -2.515674552904146113e-02 3.638864562469494301e-01 3.891857482254013761e-02 -7.155163573652413567e-02 -6.114021162091377165e-02 1.321982959694544824e-01 -3.476647760880358096e-01 -2.809450243165619310e-01 -6.316900153508904492e-02 1.531924260213693711e-01 8.180108411026365545e-02 -1.975134883707078959e-01
-1.606754639969773246e-01 -3.372406443329862280e-01 1.329097970065238055e-01 -1.055280311563055844e-02 1.092215311112979155e-02 4.164891177909279540e-01 2.288222411181372318e-01 5.296264986719284584e-02 3.692942994648431600e-03 3.061530858216729434e-01 -2.109311105518150431e-01 8.709116822218072960e-04 3.055842566555585504e-01 -5.014047751901751226e-02 2.171103890531001779e-01 2.027356808156749179e-01 1.068911899976079383e-01 3.311255968200929600e-02 -1.952593177703618177e-01 1.840554662938920782e-01 -5.798339389669966704e-02 -6.466895967558573821e-02 5.438971288153810618e-03 -5.744064004790704059e-02 1.169195419466828451e-01 4.679120139355059764e-03 -1.331335534876420257e-01 2.295383074546937519e-01 -3.278460455690819786e-01 -6.762160462800947958e-02
1.184729007043185400e-01 3.873306631765020130e-02 -1.849977688959236199e-01 8.065492122154056679e-04 3.061646989691619858e-01 1.504984336959844793e-01 1.955729696389288744e-02 3.265686454512294890e-01 -6.939314811147867523e-02 -3.341221988299675205e-01 -1.466624290077226112e-01 3.042416251517866127e-02 8.412127341504686828e-02 -1.415699721170784464e-01 -1.474273414566205399e-02 3.277017004346808454e-02 1.549568652331393126e-01 3.443104299028060256e-01 1.451261773519602893e-01 3.167370874519093715e-01 1.714897832618474671e-01 3.152009673221738417e-01 1.180079369956345270e-01 3.569980664175704255e-01 6.536757609098495236e-02 1.118926601347412508e-01 -1.783057159131922961e-02 2.258537183329901998e-02 4.263759872756854585e-02 7.750250061599359142e-02
-1.014439657906528180e-01 -4.228696167076050755e-02 -5.979060254537835704e-03 -2.907453370787881353e-01 3.551238448581395951e-02 -1.851141151393546624e-01 2.848548902426188412e-01 -1.981621169398511961e-01 -9.718787691490995972e-02 2.750114047819927632e-01 -6.111360528437286693e-02 1.708948899248347864e-01 1.919494383362059242e-01 3.938744959314424005e-02 1.802740735341790135e-01 -1.542623145421603559e-01 -1.525625587956147000e-01 2.243077579698121160e-01 3.727491544524110245e-01 -1.497319233416469775e-01 3.650097257132298156e-01 6.646558033572483315e-02 1.858991780905620561e-01 -3.163229532622130469e-02 6.472736572512406694e-02 3.871223667244493710e-02 -4.299304064378008106e-02 4.779554007479664551e-02 2.465065802591384081e-01 -2.365562064300262279e-01
-1.143423234383436071e-01 2.592934617500030070e-01 -7.547417485691797212e-02 -2.390731808996711394e-01 1.314679499947044895e-02 9.011208014606655881e-02 -3.470343551328974319e-01 2.805435433281030511e-01 5.775642919790155427e-02 7.546184760456596530e-02 2.286082360527369461e-01 -1.533854873803512653e-01 2.468175335455621011e-01 3.060488695227728817e-01 7.286360729598316543e-02 -1.629796093690822900e-01 -1.510070808062871361e-01 4.014641076599102104e-02 1.377495484567232698e-01 -7.814142190886412195e-03 -1.197265498349861929e-01 1.791110363926240803e-02 -2.966816092887253897e-01 1.470458407713256255e-01 1.645420178384228715e-01 -1.599444400224989127e-01 -2.579137516919121076e-01 7.281626937458189619e-02 -1.407239007533389319e-01 -2.571082357739299384e-01
3.133173524423687462e-01 -1.037115996323035166e-01 -2.854089085368820000e-01 -2.689315787608493810e-02 5.762701181202550121e-02 -2.339812199969418249e-01 3.305582673780627645e-01 1.517565812262733002e-02 -1.723690827725417873e-01 2.397537371811029050e-01 7.571083467401117095e-02 -8.664354740733011540e-02 -7.188461618683392000e-03 -4.591780323622192406e-02 2.965307077212250494e-02 -5.948319825315449838e-02 5.598027023869225904e-02 3.945375841358002983e-02 9.059647555729746782e-02 -1.126495050516874846e-01 -5.195162877281962466e-01 2.845957608756534696e-01 -2.859724010277202022e-01 4.394643613633235205e-04 1.616387000485067227e-01 1.381167664716686505e-01 8.799342157937199704e-02 1.015329631066560628e-01 -5.692522210864033039e-02 9.778400252432979667e-02
-4.395897256921497270e-02 2.317392369592210719e-02 -2.825076426993988199e-01 -4.778707580839312158e-02 1.790723312603351505e-02 -8.815282187135627112e-02 2.528874670029653826e-01 6.519211872497109039e-02 4.454649609075125305e-01 -2.015375663877846946e-01 -9.551092239052523525e-02 -1.944774682297261137e-01 2.196659938777414597e-02 -1.550632482342454155e-01 1.179914520552953761e-01 -7.318823212883389384e-02 -9.922798635660930178e-02 3.629083510369593979e-01 -3.327890522029511300e-01 -2.574406516099068121e-01 6.703196897826611822e-02 -1.567089936450217214e-01 -9.388405618554729326e-02 -6.831269970029227312e-02 5.038932270477165798e-02 -9.306850393226437368e-02 1.389976277112459635e-01 -2.311716032420532696e-01 -1.581691198262683284e-01 -1.981240862854591889e-01
-1.164538248355253686e-01 1.551169483022165341e-01 3.910372839859210803e-02 3.392088965586251281e-01 -3.086078065497366851e-01 6.462566021101606717e-02 2.017667680807955499e-01 7.809331775307126744e-03 2.873545210498321123e-01 1.344344102057654644e-01 1.900104024797264271e-02 2.900462099921456705e-02 2.792842929620355519e-01 -7.079099426709373200e-02 -4.635726947905185469e-01 6.083817000589370610e-02 -2.201044575752205898e-02 6.382373520792182509e-02 -2.125358241391706038e-02 -1.662379666699262681e-01 -1.856321810331290623e-02 1.455545370068846989e-01 1.521512758098066825e-02 2.173912386034523025e-01 1.921571495924923600e-01 -8.569654433986095832e-02 -2.156048482505005526e-01 9.413603688653282564e-02 2.799143867484636949e-01 1.500219946421138262e-01
-1.319999077565511270e-01 -6.208716153935000398e-02 -2.278484638381768623e-01 6.744425406534539091e-02 -1.565345164014151080e-01 -8.107256234763918212e-02 2.580308332942302108e-01 2.072540428531832388e-02 -7.589680015512008382e-02 -4.116443174033678765e-01 2.193148478990218295e-02 5.425188690637337829e-02 1.552176776618476861e-01 5.181739907497021416e-03 2.343120031556984728e-01 1.549390771363858832e-01 4.181458441460306902e-02 -2.483325876678944832e-01 2.158170697339490962e-01 2.164199586341216675e-01 1.571781489541297303e-02 -2.608671035018175766e-01 -2.865252137970071278e-01 -6.658379420194371345e-02 1.006155754897408161e-01 -3.471110609421490523e-01 6.157347771392963909e-02 1.688355878726174319e-01 2.558308544308031673e-01 4.992356115387797111e-02
-4.781968960661969748e-02 -4.211486090932556881e-01 3.896916198288460920e-02 2.077446148348049623e-02 -1.052356911330637329e-01 -2.078595225454641163e-02 1.519172606080993748e-01 9.636068445201945165e-02 3.181882596962105902e-02 -7.367455626710746851e-03 3.337863949496190363e-01 -1.647949533710791614e-01 -3.022019157182825877e-01 1.785824928016508939e-01 -1.318552915564117078e-01 -2.500908316062120523e-02 1.448706835356245171e-01 3.342332894004527710e-01 1.980101218197263813e-01 4.659585100698533655e-03 -6.357321458067398401e-02 -3.570188297896754737e-01 4.834112871851956039e-02 2.629048696754563985e-01 -2.598383671706186449e-01 2.447912452768427269e-02 -1.962699861446381977e-01 1.066061438911217879e-01 -1.949959317823336358e-04 -2.772547674516272903e-02
-1.580151345913050343e-01 1.956022498214437522e-01 2.442249057181635763e-01 -3.200843939268854799e-01 2.664426532229741476e-02 1.769540257271281503e-01 1.815458000655355564e-01 1.314786377563205433e-01 2.167157554933615560e-01 4.583867288893293812e-02 -2.582356092622936083e-01 -2.058493435760636314e-01 -3.100018562052759830e-01 -8.417102592760630775e-02 -1.036657330466330823e-01 -1.976283759622771696e-01 1.031777086996090720e-01 -1.471758906857893907e-02 2.553946800337409395e-01 2.136634338207502593e-01 -2.111010072500148493e-01 -1.393508565024294821e-01 -2.344203195061365236e-02 -2.301845066575383403e-01 2.487668324160291489e-01 8.350253475909112655e-02 -1.903418234843473958e-02 -1.262499615874838610e-01 1.864223880726799953e-01 1.487188226689380444e-01
-3.115709496345970275e-01 -2.238387608734520098e-02 6.772413680955144399e-02 1.811987441789718600e-01 1.280215497264412805e-01 6.817626618348283929e-02 -3.442583108383757973e-02 -2.985592081952623267e-01 4.377854520764507679e-02 -6.493009890784214033e-02 1.679781634456957440e-01 1.829462151273807680e-01 -4.419724499843852850e-01 -1.194756604409391160e-01 1.935940742336783316e-01 7.212449199516181297e-02 -4.009735921935688729e-01 1.537273079033923684e-01 -2.623878388495588798e-02 1.121866178696742794e-01 -1.744386772587440404e-01 1.886856190937956645e-01 -5.351083316939294655e-03 1.730247176724164504e-01 3.324355232341430488e-01 -9.654410119734710416e-02 -1.085321247790681752e-02 1.167054659116071730e-01 -2.739283418193820888e-02 -7.432071886766888902e-02
6.137920469315927968e-02 -2.161875925337805315e-01 4.071055364556626366e-02 2.013402572868581986e-02 6.518667077760768036e-01 -1.215102948223207163e-01 -5.689975763965080674e-02 8.334094700414398926e-02 2.666126586743621241e-01 3.936604387480294870e-02 -2.141909323298522849e-01 2.610080082620482855e-01 -1.847574481472514032e-02 8.535613068524881830e-02 -2.175716940097400798e-01 -2.665773156442320310e-02 3.929717621053836069e-02 -2.215083000987984330e-01 -4.053379053800304499e-02 -1.772566750280111514e-01 -8.830006769682210988e-02 -1.753942051688242576e-01 -8.335041415000696285e-02 8.525152476821548642e-02 2.409595119492934090e-02 -1.373058227215503135e-01 -3.615924282862715416e-02 2.013239326882401703e-01 1.804936849519651887e-01 -1.579429059697116666e-01
-5.477444684250886153e-01 1.238463436532397516e-01 -2.164639044873190310e-01 8.712487471968398400e-02 1.867878024872217380e-01 -2.039815124065298968e-01 4.663336072164081525e-02 3.837636620107102159e-01 -1.412472248672391462e-01 2.968609274431435741e-01 2.325259880916225042e-01 5.369341347156677408e-02 -1.428820262541924957e-01 -1.314665734160877786e-01 9.829374934723776602e-02 -1.236370537179299831e-02 2.506859380857663910e-01 -7.219613938524846453e-02 -1.806765718636516582e-01 -5.894042081873254735e-02 1.476476897951346234e-01 5.112893802529343279e-02 3.705172802237626656e-02 -1.170521276658675058e-01 -5.142483070011881485e-02 -2.494632777934186266e-02 -5.646586419382413485e-02 -2.855197329152049657e-02 3.997055691618115608e-02 1.979185380476269074e-01
1.161489195996595891e-01 2.134221178095730698e-01 3.511860063203979809e-01 5.217958368792970786e-02 2.179155881411162232e-01 -2.097290332410675362e-01 4.467507404062008858e-01 1.573278677733989939e-01 9.290001532809030391e-03 -1.032703913861646033e-01 3.279132469892240831e-01 -1.560208897145790863e-01 1.295043704341300728e-01 1.233221199640331667e-01 4.904429694655534563e-03 6.609711386273098288e-02 -1.863588803533487992e-01 -2.670675618341296631e-01 -3.740287171253343923e-02 1.129285774202824083e-01 3.685821044274107533e-02 -7.657545992995277995e-02 2.988962757479719512e-01 1.301572242827324921e-01 1.310780411237396637e-01 4.175412356047299156e-02 6.761054159994446533e-02 -5.507376065075209742e-02 -2.419362929736634249e-01 -3.646847763427349398e-02
-1.124111421697672891e-01 2.596365732971223639e-01 -1.077562767208596201e-01 -1.182373610938610708e-01 6.177335609144982836e-02 2.118817776715260226e-01 2.797794519643704292e-01 -1.766663756592479484e-01 -8.142387646292571779e-02 -2.257365835420186984e-01 -5.613798555914265020e-02 1.913234920609548362e-01 -1.051605002596085331e-01 -6.143239970995890975e-02 -7.412256390953357241e-03 1.684820963995153076e-01 1.517803295619773452e-01 -1.945995497549913300e-01 1.120556341251540688e-01 -2.671920187957702586e-01 -1.611952924882280869e-01 8.902140600051672292e-02 -2.484710115336144498e-02 7.545163222305172057e-02 -2.901906737554894589e-01 7.974582777568232916e-02 -4.670548371426858636e-01 -1.857169838501621928e-01 -1.702951607735379569e-01 -1.956324070501682388e-01
-5.499676795395103818e-02 -1.389087407747921221e-01 6.183377666124179745e-02 1.896646494798485127e-01 2.945600767736099024e-01 -9.869188549491721141e-02 -2.418612767688172946e-02 -3.743224740473119483e-01 1.088293706411906786e-01 -1.437114970990051137e-02 6.549548810295477419e-02 -4.412820149241757361e-01 1.259973236223711768e-01 2.012226401564383704e-01 1.291290521316847684e-01 5.868445076603684418e-02 1.333846768672288796e-01 -9.978292385289433322e-05 -6.775130305431334432e-02 1.746350846903094722e-01 1.405338692900136577e-01 1.891022412382529494e-01 -2.298198100136926991e-01 -1.077326127890669283e-01 7.472560523215682204e-03 1.359983488977657695e-01 -3.153920036487450895e-01 -2.663796334503220065e-01 2.152082273208788532e-01 7.080609905918393288e-02
-3.969865720168704558e-03 -1.801956295240023931e-01 -2.046064381115230146e-01 3.233582937876448571e-01 -3.139760052338050333e-02 7.155263355471783160e-02 -9.808976871972961697e-02 -7.675479389619310755e-02 1.456119104669103548e-01 -6.454747718957934421e-02 1.217845746952315178e-01 -3.467272455095314621e-02 3.090265347281385272e-02 -2.660821073386860358e-01 -2.425232554519035633e-02 -4.710027982009162839e-01 1.843670273313176566e-01 -2.867879294903808440e-01 3.222123574468932494e-01 -1.389395652909439054e-02 1.207466799686951336e-01 -2.875135188241487519e-02 1.402413069109468557e-01 -8.547851716100730857e-02 2.456037192491967447e-01 1.485510324202996835e-01 -5.066836117247690285e-02 -6.869889967726880734e-04 -2.931750939941271672e-01 -1.741855181557036558e-01
-1.063493464723080928e-01 -7.033469255995568326e-02 4.392898666526688367e-01 6.745669256429309701e-02 1.893351276919760101e-02 4.893404672766029154e-03 1.001283793980585479e-01 1.045361219862047247e-01 -4.469216206331569352e-02 -1.386251971403278382e-01 9.989379321129632228e-02 -1.879154688287510561e-02 -3.783036736785048287e-02 -1.168906785842679097e-01 -2.209577461122391728e-01 -9.992584563308586076e-03 1.219394111204677306e-01 1.230578798042798183e-01 1.513126193422471566e-01 -9.578952079813241038e-02 1.693092844296178179e-01 3.804374840480151398e-01 -3.993229859377243063e-01 -2.614764161120234354e-01 -1.713720997239850663e-01 -1.855828301742981357e-01 2.274627526137616984e-01 1.141733322752175317e-01 -1.563938397928730517e-01 -2.301391271562240604e-01
2.352663432324580972e-01 2.644094586679226477e-01 -9.530364099372209616e-03 7.670273718261319540e-02 1.826482937955769825e-01 1.405361622547537381e-01 5.289033674438752691e-02 -1.073785107809267225e-01 -2.139455238318837271e-01 -7.794405004023936823e-02 3.701155890028266782e-02 -5.882619994489655946e-02 -1.061437062034599199e-01 -2.462665346987219853e-02 -4.227439954149656010e-02 -8.167143835366755256e-02 -8.041374252401803369e-02 2.002221296902311209e-01 -6.077050963212746876e-02 -2.144513838652849502e-01 2.967581228588200837e-01 -2.682738795484785332e-01 -1.597732523986332420e-01 -2.386168687470475447e-01 1.544124833646716433e-01 4.674764901704987069e-02 -2.504000692715723786e-01 4.200765867599746684e-01 -1.278718707406514554e-01 3.225406462884876646e-01
-2.885573634560417711e-02 -3.406284012079842383e-02 8.811194143589889949e-02 -3.373219202371378067e-01 -8.904144554622454855e-02 -8.460223132678179603e-02 -4.385643456375108024e-02 -1.509866774234987774e-01 3.622599902527138815e-01 2.117648017857892001e-02 1.800498276669383960e-02 -2.125229488404147341e-02 -8.069534406542387683e-02 -3.018191337668800836e-02 2.004247727127621836e-01 8.119401784263272082e-02 1.956008606125206051e-01 -2.143340977953972770e-01 7.809180441534448180e-02 -1.858453387904721588e-01 2.510890030856491872e-01 1.265592843155390057e-01 -1.759398562313374270e-01 4.179611833005032473e-01 2.823234459931780668e-02 4.347938340859543171e-02 1.283511145097265271e-01 1.614351606803675343e-01 -2.081680605426534381e-01 3.897530505952102042e-01
4.911032749236369371e-02 2.243465324310689891e-03 -2.311119044578230919e-01 -2.915875295472039053e-01 1.647214368439152811e-03 1.130282395892985292e-01 -6.859195523811478790e-02 -1.322543658786485832e-01 -3.787602303055305486e-02 -6.238641423906833745e-03 2.321219153603556462e-01 -2.593420103376345986e-01 -1.382313420125208803e-01 -1.485378424205159933e-02 -2.662458935317301156e-01 4.150684902092287021e-01 2.622354986679689692e-01 -8.664644787143217786e-02 -1.006214854880331105e-01 -4.488921978010938785e-02 1.073932129377759281e-01 6.845906238158511181e-02 2.148984685981956411e-01 -1.097923704446799181e-01 3.160510850237099878e-01 -2.562654739452330938e-02 1.252493561142076217e-01 1.896608824950767602e-01 1.251575566350205948e-01 -3.291273406113732203e-01
-1.893185461913494405e-01 1.346958529629966872e-01 1.587378926378169852e-01 2.107908581054894134e-02 -9.640725253935293962e-03 -5.072993371793245165e-01 -2.262313507435327053e-01 -1.303706982064758713e-01 1.996260876172693127e-02 -1.747475272056576434e-01 -2.071377465071279900e-01 -1.367808455855599181e-01 1.865287533447234636e-01 -1.502452365118696620e-01 6.110869238026271633e-02 1.261539390315125908e-01 2.194716234023491863e-01 2.248361696950670618e-01 1.167965916390481113e-01 -2.720365676885563161e-02 -3.100208204178653282e-01 -4.958774341920248879e-02 2.701090024436862413e-01 -8.714912081495740370e-02 -6.825306296093045649e-03 -2.876608576984374110e-02 -1.301791166264540667e-01 2.932136567268354144e-01 -1.707363767624646977e-01 -3.565167148287784124e-03
-1.815625384804735176e-01 -6.150549126532511152e-02 -3.670531784741287717e-01 -5.182253132139541529e-02 1.089568595795293443e-01 -2.766624804666048543e-02 4.065682909395080397e-02 -7.182981567542340295e-02 1.110892485373772137e-01 8.474284298541745475e-02 -1.562133350190489101e-01 -1.974605836864848918e-01 -8.302954334751254037e-03 1.143528035514459890e-01 -3.535979988438659460e-01 1.392538580495278622e-01 -4.237323813398317651e-01 -8.523265941045100880e-02 2.539247517377944963e-01 1.837512357276420427e-01 6.909977519120467926e-02 1.115901895752368228e-01 8.391858981162865494e-02 -1.521389699662291095e-01 -2.726152711202650125e-01 -1.165048964540168625e-01 4.570891988010428869e-02 8.082517167380323664e-02 -3.070208608770763070e-01 2.065351503341720241e-01
