# CEC 2013 LSGO F08 rotation matrix (25x25)
-1.3535851877441510e-01 -1.2247024219943370e-01 3.3511689872298162e-01 -5.4185923335312143e-02 1.9418163765521149e-01 -2.8981274443199873e-01 -1.0309990385737169e-01 -2.3272019349518450e-02 1.7977451259999361e-01 -4.0261792194410922e-01 3.8633766502699579e-01 -1.1338109852771611e-01 -1.1787567421611000e-01 -2.3073647876624381e-01 -1.6814843543350219e-01 4.4608794502751688e-02 -2.1392272297245950e-02 -9.5813988726970348e-02 -2.8766728389074148e-01 -9.8395166478140485e-03 -2.7635847111360779e-03 1.0034813019671530e-01 -2.2977928555786939e-01 2.7177856279224921e-01 1.8818569380680941e-01
-2.4384624715720810e-02 5.6624021155361963e-02 1.7496347653504881e-02 -1.4045379293160501e-01 -8.7910134189168418e-02 4.0606508350317311e-01 -4.2883839421869893e-02 -7.5397338913700360e-02 3.1190893987755958e-01 -2.0271021191398980e-01 -3.3224335538359678e-01 2.9418202999357113e-01 -1.5054597204478690e-01 1.6091824369756241e-01 -3.3984169390723817e-01 9.8302498183496276e-02 -5.2931025728749387e-02 5.4382081224487989e-02 -1.3709231064617580e-01 -2.0818418479716980e-01 -1.9375228769199310e-01 2.3361815048992929e-01 -3.2582966669735919e-01 -3.4015318503053851e-02 -1.4024824728699109e-01
9.6321409846731862e-02 3.1942834172063189e-01 9.6156957158502546e-02 -1.9832655224771581e-01 3.1582789670960421e-01 -7.8021728799208670e-02 2.2312269634448609e-01 -1.8389173571845441e-02 9.4245523586838242e-02 7.8089246487499844e-03 -7.6869709189355928e-02 8.5853652638498187e-02 -3.1987439909244977e-02 2.1503465484701731e-01 -2.5570747730506310e-02 -1.2942513608254461e-01 3.6321254984965762e-01 -1.4103032167671339e-01 -7.4777351561199329e-02 -3.3677324772062650e-01 1.1182397952940860e-01 -5.4818248179215134e-01 -4.5887866124400781e-02 9.3401042681138371e-02 5.1008759162624817e-02
-2.5717049004743198e-01 2.7319097491116978e-01 -2.5309488827215721e-02 4.6433537935520873e-02 3.7351826099535967e-02 -8.6868304049137937e-02 -1.5695984431908061e-01 2.1434886169528131e-01 -1.9530672930191839e-01 2.6480750828846228e-01 -9.1016229877279337e-02 -3.1422276375167890e-01 -1.3091950171648001e-01 9.9140306338711154e-02 -2.6289151296114888e-01 5.1854494774587853e-02 -1.8840325481772191e-01 -3.6230459569257557e-02 1.3224308508350771e-01 2.1499082237151310e-01 8.1259646144466999e-02 -1.7253417708178920e-01 -5.6954819208507279e-01 -2.3867907731028891e-02 -3.1771040902049782e-02
-2.3081850456298431e-01 -2.2320132712568649e-01 5.0096470749637807e-02 4.6102625258989199e-02 1.1364022154774010e-01 -1.7299659064665679e-01 2.3456202638370428e-02 -3.1436471751897677e-02 -9.5666276595188712e-02 7.5803261806846864e-02 -2.1082518403629211e-01 -3.4653848041273111e-01 -1.7458747620595891e-02 3.6868940812210649e-01 -2.5630127075463188e-01 -1.4539644054534400e-02 2.4875757419891889e-01 -2.5872817598290893e-01 -1.3772784522908121e-01 -1.6177748597178379e-01 1.9751789809150269e-01 3.8337926539171019e-01 2.5860295788544252e-01 -6.0815509207817357e-02 -1.8917511068852799e-01
-3.1689248528484421e-01 -1.2292944762181590e-01 -2.2872114338240329e-01 6.3799336337950291e-02 1.0456264087759699e-01 2.0686631693175070e-01 -7.5460954148376516e-02 -2.1923047516498820e-01 -1.3726439087873199e-01 -3.5326690748630529e-01 -8.8499068168825412e-02 -6.0909432147430852e-02 1.9348840182428020e-01 -2.6873812813804532e-01 -2.1802654644681591e-02 -3.9569238157851389e-01 4.8065789655598788e-02 -3.9231275100458313e-01 2.2882462361134251e-01 2.0966528187785320e-03 -1.7040888871113069e-01 -1.7850513663303411e-01 -7.1150276742349250e-02 -2.7162756808382899e-02 -1.5305364099495211e-01
-2.1415790891020450e-01 -1.5692768926696959e-01 -5.4512171633403543e-02 3.6488458648668542e-01 2.2998250199855780e-01 2.3285521543761381e-01 -2.4602110497060559e-01 2.2136406676766929e-01 2.6973948799541547e-01 5.6003726233399782e-02 6.9990140926590144e-02 -6.1762858179474571e-02 1.0227144102675800e-01 -1.2126154853312890e-01 -5.8859481137136460e-02 3.2146952044563881e-01 3.1807741910116782e-01 1.5659499472250440e-01 -1.4658152242712119e-01 -7.6307322134912632e-03 -5.5784504704275373e-02 -2.5550347560255321e-01 8.0757630779410033e-02 -3.6327853978813529e-01 7.7776584687384118e-02
2.1799014053062289e-02 1.1633265455015029e-01 4.2677968132594912e-01 3.1697390478633292e-01 1.1200146186461769e-01 8.2557009490378294e-02 -1.9434586457463422e-02 -9.8549112911782127e-03 1.2319162023159980e-01 -2.2010283475748549e-01 -1.9763187204289970e-01 -8.0591972814999899e-02 6.1242754108799917e-02 2.0270895088550209e-01 1.7944292834609469e-02 -2.4461845805951191e-01 -4.1209292299524031e-01 1.5016402619124819e-01 -1.7499255717797671e-01 2.5190590117579892e-01 8.2533435643027800e-02 -2.2651910035284331e-01 2.4696637786145209e-01 2.2766579164655758e-03 -2.5258202776542832e-01
7.4284676408334152e-03 -9.6253540696754999e-02 2.8910630895702422e-01 -1.7671840549218751e-01 -1.2842285818402990e-01 -2.8951041381012552e-02 3.8099666931358363e-02 3.3670877790480869e-01 -1.2239820946664021e-01 -1.0851047553452781e-01 -9.4395614206367814e-03 2.1257041045248781e-01 -3.1508067631527042e-01 -3.7923967770619837e-01 -1.0395331787611900e-01 -2.2029910002685432e-02 6.3680042793684610e-02 -5.3316722339422480e-02 1.8193479885113700e-01 -6.7186686879117843e-02 3.7330982353110381e-01 -5.9014861616502302e-02 6.6822574124836762e-02 -3.2816645127101379e-01 -3.4318849091939801e-01
-3.9764799967592912e-01 -5.2407504600447954e-03 6.9605656221098336e-02 1.8601242107212909e-01 1.8692029949395249e-02 -2.8203478477415977e-01 2.6635071061039511e-01 5.7012912991638708e-02 3.0476104714980601e-01 5.3650418222187253e-02 -5.0998414090889489e-02 4.1761164836172238e-01 2.2127199746764070e-01 8.7561557594525344e-02 7.1206616718056281e-02 2.9059065933691203e-01 -5.0691906741018512e-02 -1.6753688735240810e-01 3.5410891685788282e-01 1.0725522096081259e-01 4.4734516857840467e-02 3.4444697281855431e-02 -1.8158714539125979e-02 2.0756176239378349e-01 -1.2362402178653360e-01
8.6213779084078804e-02 -2.0294157399117460e-01 -1.9735091905055849e-01 6.0669555880924660e-02 9.6228209264614412e-03 1.1824607392643261e-02 1.6864094320823039e-01 2.0739744567830121e-01 7.2790902237137134e-02 -3.9039303024353089e-01 -2.5225678768195198e-01 -2.2647875015504559e-01 -1.5162057290679401e-01 1.4352712295009759e-01 5.8574110665644608e-01 1.3597713678812701e-01 4.0626772662441017e-02 -1.5666836179942731e-02 -4.8659910271105243e-02 1.8306708513227882e-02 2.2600640883424170e-01 1.7698189043449351e-02 -3.2135270413403222e-01 7.8631468869302837e-04 -2.4538551521690690e-03
3.4971096544324831e-01 -4.2009359973507040e-03 1.7406565372832020e-01 9.3314824825813950e-02 1.0817635714872829e-01 -1.3038164767262420e-01 1.6685705371393039e-01 -1.7052153590630231e-01 3.2294961472408283e-02 -2.1000457591679081e-01 1.9499425072622281e-01 -8.5318732853464196e-02 3.0806254518340431e-01 1.9784452633288471e-01 -1.6026748720652220e-01 -3.4359744591382663e-02 9.1314119250603593e-02 1.0194710860189050e-01 3.8212345254464342e-01 3.3865819785813503e-02 -1.7436058126627629e-02 1.4800831553414781e-01 -2.6601787620954870e-01 -4.9070637968612729e-01 4.5100888076925430e-02
7.6602477676517858e-02 1.0505241653382370e-01 -6.3531384215621253e-02 -1.9738744575902550e-01 -1.7097991072312940e-01 -5.9387335373264967e-02 -5.2341258978431193e-01 1.5704698979247769e-01 9.0249376601958892e-02 -2.2205140258702561e-02 2.2525068560855810e-01 9.2572646714369336e-02 4.8101132940922398e-01 1.7390994265987300e-01 1.6027123736285689e-01 -5.9314280506753837e-02 8.5271974561608496e-02 -6.5679942544637410e-02 -1.5345712418911339e-01 -5.7719234471718749e-02 1.9373549586312550e-01 2.5853184112043400e-02 -1.2679980659924769e-01 6.4347024919310686e-02 -3.9122755451454228e-01
-1.6264760674712611e-01 -8.2106417465462794e-02 1.5606949446176760e-01 -4.5449882461311247e-01 -9.3096090605829743e-03 2.8731467396549459e-01 2.4271275840026499e-01 1.1367379532709659e-01 3.1411739910537090e-01 1.5761012680231681e-01 2.0574682337736361e-01 -2.2633932312372040e-01 -4.1092969799176843e-02 1.0093380346078200e-01 1.0735978784068551e-01 -1.7608804486204679e-01 2.1942382081913250e-01 1.2571471657472119e-02 5.7613086568561671e-02 4.6097295197637622e-01 -1.7625665676235561e-01 3.6963846276401757e-02 2.4527937224119879e-02 -1.2961819490136170e-03 -1.1301447940968661e-01
3.6763029487033513e-02 -4.9751958255119172e-01 1.7887520917042909e-01 1.4150656375280271e-01 -2.6787812867130117e-01 1.0716499641999210e-01 -1.9616215808544790e-01 -3.0076117859201251e-01 -1.2864747677549709e-01 9.1224669225913310e-02 1.8726863430667151e-01 1.8854558420661360e-01 -2.7259075550671052e-01 3.7752916756543142e-01 -8.4232199829034952e-04 2.0686751690270729e-02 1.0789032822873700e-01 -9.2904557080969924e-02 9.4014783828911166e-02 8.0190640496440854e-02 6.7237509279274882e-02 -3.2267600963938498e-01 -1.3753767716024631e-01 1.0191163938423010e-01 2.6162394714080939e-02
-3.0862425507767749e-01 4.4775661156550642e-02 -9.3161254400920920e-02 -1.1427321063684480e-01 1.3970210059534771e-01 4.0576318028965580e-01 2.3479498160724449e-01 -8.1067102325251203e-02 -1.9875565691876579e-01 -3.6996883011553731e-02 3.5051957175160231e-01 1.2925430263841250e-01 1.4014462312662690e-01 1.5173779651665131e-01 7.2029062767102834e-03 5.9813005860829473e-02 -3.0107159094027558e-01 7.5993472976088770e-03 -1.4375637690561530e-01 -9.3916769158169516e-02 4.7649274537358288e-01 5.8921380021262758e-02 2.8429659673738670e-03 -1.3739220374159489e-01 1.9702887692490920e-01
3.1252543361316491e-02 -2.8175203374353669e-01 1.6015498855094579e-01 -2.8185185472794239e-01 5.5113633192392930e-02 -1.3921684306542181e-01 7.2783393267741497e-02 2.0023635336742751e-01 -3.1200220023579123e-01 1.4390548194233960e-02 -2.7480684136834749e-01 2.2642902162263190e-01 3.1614133586042270e-01 4.7552573989301010e-02 -9.6140716184733334e-03 1.2354837120214260e-01 -1.1946895169371401e-01 -2.2451172881350739e-01 -3.4143949208790397e-01 2.0267244027629699e-01 -2.6577946826361792e-01 -1.3131278248566261e-01 -6.3593890550960305e-02 -2.2949396779180381e-01 1.9469131239595150e-01
2.3547513965120220e-01 -4.4354966227819959e-01 -1.4713397684162841e-01 -1.1708631506524200e-01 -2.1101027666677229e-02 2.7215393590043619e-02 2.1311485520600351e-01 -4.2428172246664498e-03 2.6275328544661192e-01 1.8524094289841050e-01 -5.1291786453318958e-02 -2.7817943622526459e-01 2.5795033271885809e-01 -1.9323656539968079e-01 -2.8548286634818171e-01 8.2982554173663237e-02 -2.9981811400548097e-01 5.5456276163043321e-02 2.9221211339898401e-02 -1.9728986855877789e-01 1.6415438375688260e-01 -2.5468883940020409e-01 -5.4621313402402817e-02 1.9395544430543241e-01 -1.5825129173324259e-01
2.2483450186906409e-01 1.7790718560846611e-01 -2.7116821624631360e-01 1.3438864415371961e-02 1.2137045838257600e-01 -3.1127118457891938e-02 1.3923257763452260e-01 -2.6835725522399850e-01 -6.4816807494978854e-02 -8.9464607699654891e-02 2.0781495457139090e-01 -5.9871878272987301e-03 -1.8514386745520431e-01 -2.0898089084395111e-02 -8.1374358996074453e-02 4.4051606443805708e-01 -3.2588263768310123e-02 -2.8684272880898948e-01 -2.1915068753088690e-01 3.0061197318902211e-01 -7.7798268008292037e-02 -9.0833665027789404e-02 7.4199225830640134e-02 -9.1720283525430685e-02 -4.4295447426843571e-01
-2.7031324625736552e-01 -6.5210855389763608e-02 -1.5589041853373281e-01 -4.1936967311404499e-01 1.1004381046952511e-01 -3.2683287461349542e-01 -2.3249748689579969e-01 -4.3435193483191192e-01 9.9540531494554385e-02 -1.0367006773839030e-01 -2.0974285249947430e-01 9.0819489951849703e-03 -7.2971406580686307e-02 2.4012802388272071e-03 4.4664221196657347e-02 7.7522405683226978e-02 -5.5358550902370081e-02 4.2079473541989798e-01 6.4268294774872600e-02 1.1220522905431581e-01 1.3789285173429169e-01 -1.3570852827130220e-01 8.8720689482253229e-02 -2.0150695176896599e-01 5.7514483846044752e-03
8.8591433527482569e-02 1.2806289335818491e-01 -1.6200143829236749e-01 -1.5072278697850819e-01 -2.8177240232933343e-01 4.2683752574893707e-02 -1.5813971258319101e-01 2.4530895666334820e-01 1.2852447894823729e-01 -3.8387813820210409e-01 -2.8534645043415172e-02 -1.1761722694730890e-01 -2.9949067676594129e-03 1.9919332766921979e-01 -2.9376414353308011e-01 1.7288814300645469e-01 -5.1069909391345418e-02 -2.1787444198905939e-01 2.4848407874641279e-01 1.6042552604125501e-01 9.8622567642708908e-02 -1.4665049487872961e-01 3.4552512389588119e-01 5.6042234175063647e-02 3.6696666293480068e-01
3.4716112374132010e-02 4.8605293567944553e-02 1.9332658825916019e-01 -1.0269726156614291e-02 1.2539354378367940e-02 2.3484423690989720e-01 5.7363687943291837e-02 -9.6530875466664542e-02 -3.8292923975777560e-01 -1.6485416552892301e-01 -1.9044390179397341e-01 -4.6653596669460159e-02 2.6673223713333138e-01 -1.4601511209172241e-01 -1.3056461875275499e-01 2.7839161701578169e-01 3.8432036169633282e-01 3.1033921890310612e-01 6.7036602274252802e-02 2.1161904650554550e-01 1.6094024789337391e-01 2.5861650334731211e-02 -2.9112295328068648e-02 4.0874646200990711e-01 -6.3089588770120567e-02
-2.5416769947164192e-01 -3.2338961264996172e-03 6.0542696151290418e-02 -8.5779495732353717e-02 -1.7942349311756139e-01 -5.4777178133060329e-02 1.4236591295857981e-01 1.6776275475068581e-01 -2.6107966437468849e-01 -2.1895320248524089e-01 2.3277832564523809e-01 -1.8803345754672701e-01 -4.0559292920324813e-03 1.9901424836960990e-01 5.4224321886773452e-02 1.9910718643347039e-01 -1.1281421370178819e-01 2.6958316816540040e-01 9.0933488015174729e-02 -3.9565014173629631e-01 -4.5132593135955767e-01 -1.6544709353030329e-01 9.8279634386153669e-02 5.4238152497727444e-03 -2.4887819353498039e-01
-1.6736532978825469e-01 2.2311934541828549e-01 2.1801106635695289e-01 7.0925035621511687e-02 -6.3732063171497066e-01 -3.4372044517162553e-02 1.7374512075160919e-01 -3.1683999623779652e-01 1.3473861699425149e-01 4.6954920499663592e-02 -9.1989059562292891e-02 -2.2660295466478719e-01 1.5137200032222281e-01 -1.9451590179330580e-01 9.5914256512473484e-02 9.8959702074603390e-02 9.3704954260768442e-02 -1.5413785519219339e-01 -2.3607424452448819e-01 -7.6835516106455101e-02 8.5258226936906364e-02 -1.0160953410059310e-01 -7.2352036224418992e-02 -2.1154685099874501e-01 1.0023282598629220e-01
-8.4194631126280714e-02 -6.0452426902313949e-02 -3.8843205828045868e-01 1.8653059735584551e-01 -2.5818588142736609e-01 -2.3438333164426600e-01 2.9647673495910393e-01 1.6490900450543919e-01 -2.0061998325567262e-02 -1.4266927077522090e-01 9.7567412292913269e-02 1.9668583244709789e-01 4.2919048578182869e-03 7.1743648725197423e-02 -2.9816324730000998e-01 -3.5604711047169180e-01 1.9928034430421329e-01 3.0164099659792820e-01 -2.9808079037415808e-01 2.0672971710134419e-01 5.6687526347118780e-02 -6.6929018515164682e-02 -7.1607689002382235e-02 -2.7432997910943938e-04 -4.4570905498532862e-02
