# CEC 2013 LSGO F08 rotation matrix (50x50)
3.7491999229229217e-02 -1.6561742934113191e-01 1.0370528127744530e-01 -1.6459495873688340e-01 8.8472739472607267e-02 1.7221212355853671e-01 -2.5122969108107762e-01 -6.6205286240350547e-02 -3.6262072084763723e-02 -5.2689617542338550e-02 7.0437374759932267e-02 -6.2902678299089770e-02 2.2076395153848610e-01 1.3345489708213421e-01 3.3437515839630713e-02 -5.0873188404847282e-03 -5.1298254419365310e-03 -2.0704515856679331e-01 7.8044097265323992e-02 1.5931942508698541e-01 -2.2998842681311779e-01 -1.8186998801358459e-01 1.0888987739789860e-01 -1.1734943792343860e-02 -2.2519391275626022e-02 -2.3911232262202289e-01 3.6659188332404127e-02 -2.1489504304491780e-01 -4.1813991761278299e-02 2.1706806161776299e-01 -2.8422526512654631e-02 1.2030768136664489e-02 2.6396800205089329e-02 2.4650511967634711e-01 -2.4649974977002051e-01 1.1008426947132510e-01 -5.8542810993044460e-02 -1.0279277679524090e-01 -1.4092789499722699e-01 1.8878593729922169e-01 2.3024983263766749e-01 1.5044030568534261e-01 7.9337179889522005e-02 3.1211230254175850e-02 -8.5509660588872875e-03 -3.1952920580293798e-01 -6.2956800034998636e-02 2.2591898644481141e-02 -2.5152653079177301e-02 -1.6200284288065700e-01
-1.5433913310223540e-01 3.7741951771865290e-02 -2.4607590827071091e-02 -2.3183558676626529e-02 -1.0523115365146229e-01 1.0106816346065660e-01 -1.1686765331979081e-01 -2.0036644494692860e-01 9.7971471201607901e-02 7.9146866891054851e-02 7.8875640438818381e-02 2.3639267460395030e-01 5.9504022893203667e-02 -9.5347914400363887e-02 -2.1114260884904951e-01 2.2480692432926030e-01 -6.8945608821489840e-02 2.5929315512268108e-01 1.1436034026466110e-01 -5.6915721194905457e-03 1.5484947676109409e-01 1.8636289639226430e-01 7.4205209804094244e-02 1.3377237451316629e-01 -1.3488391731228361e-01 2.7916676907925261e-02 -1.2536208878307980e-02 -1.4945042236465081e-01 -8.5796624776621450e-02 7.4934218410981857e-02 -3.0603758853640800e-01 -1.4754441744249150e-01 -2.7287550875015559e-01 -8.9327401657750799e-02 9.2607684480879207e-02 2.2577528124220200e-01 -1.3171687200821600e-02 -6.2371978021024212e-02 -8.5546362895390013e-02 -7.6488481875649314e-02 -2.7456899127444579e-02 3.7369089834183251e-02 9.1418857748092025e-02 8.2369988508643049e-02 -2.3600200080079101e-01 -2.5200146533504042e-01 -1.3907231698583999e-01 -9.5238477005004079e-03 8.9054097277859220e-02 2.2944195087128980e-01
-7.7716272664923272e-02 -4.6035161886398807e-02 5.0712063707721980e-02 2.1296744294933261e-02 1.6980596971538750e-01 -5.5277223044616741e-02 1.6965382929898731e-01 5.5665310787180580e-02 -2.2286741417810248e-03 6.3252993937527729e-02 2.2639900948063049e-01 -4.1789322927634043e-02 7.0411729353867192e-02 -1.0223887158606680e-01 -1.7846174626185080e-01 1.0294358896810260e-01 4.8052896368034899e-02 6.5633181918398023e-02 1.0599086926745920e-01 -2.3066067977061670e-02 -2.7459617472399819e-02 3.7725104841148982e-01 8.3987155645010261e-02 5.9548041435950093e-03 5.4529066287090013e-02 -2.6202664532428910e-02 2.3348492286004890e-01 1.0896860538887029e-01 1.0389366051244001e-01 2.0546012877832351e-01 1.7140734366898849e-01 -1.9250115333091619e-01 3.8323745482501378e-02 6.7312499415730379e-02 -4.4771971907993591e-02 -1.8279041208716609e-01 -1.2998448388234640e-01 -9.0999458643065079e-02 -1.8931523834166981e-02 -7.0273345661789263e-02 2.7335472892529272e-01 -3.2940360514289019e-01 -1.1308460924630440e-01 4.8379488765515073e-02 1.7969597281612679e-01 -9.2471156520979481e-02 5.2744126540371934e-03 -1.9794090526309080e-02 3.4586790662658079e-01 -1.4493643006119589e-01
-1.6555159466513789e-02 1.4145552212491830e-02 1.1252776965419110e-01 -2.6219434356502253e-01 -1.5533428257059809e-01 2.7941396801572499e-01 1.2653533592045099e-01 -1.9229474979458849e-01 -1.8553171189958009e-01 -1.1716270123848389e-01 4.0927471521138910e-02 -9.4010854010318140e-02 6.0385992566996650e-02 -2.5398806340188860e-03 1.0950362892669301e-01 1.2738576263592630e-01 7.9617527938888669e-02 -1.1143982143118800e-01 -1.1957846765207071e-02 8.2144459060518454e-03 2.0329371059609411e-01 -3.4856927883510663e-02 -5.9369959429965702e-02 -3.7109115382418068e-01 7.8299090484654749e-02 2.1128077053886802e-03 7.0011154052908517e-02 -4.2020018187196077e-02 1.4494678003662980e-02 1.0744394212643570e-01 -7.0387190339541633e-02 -2.4321966146867549e-01 5.0522734734390652e-02 -3.0944960891997059e-01 2.2302411541977752e-03 -2.7203738987786052e-01 2.2941553604706749e-01 8.5226328823456848e-02 -1.9260146835529690e-01 4.0236567117239441e-02 -8.1576501836245156e-03 1.9804945326402871e-02 6.5589536776554908e-02 1.7022540174643511e-01 1.2502956810883630e-02 1.9679904388321751e-02 2.1267737743637319e-01 1.3206818898574099e-01 3.8264618894958372e-02 1.0785945786686101e-01
2.3054740824712799e-01 -1.0338149397192990e-01 -8.8630551896614285e-02 2.5267394034117652e-02 1.9049239172642360e-01 -1.0345577688995550e-01 -6.5113364196463269e-02 -1.8502034987338330e-02 1.9150660450711540e-01 -1.5796578375077810e-01 -1.2184499556146350e-01 -1.2440175835284371e-02 -7.9269678284948381e-02 -1.0684310428796440e-01 2.2959090509760899e-01 1.1759910829272170e-01 -1.5053456783610350e-01 -1.7189820556231519e-01 -9.6350866982500685e-02 1.4332920979293101e-01 -1.8262828128837640e-02 -5.1749520072583597e-03 -1.1111610283802940e-01 2.0209023265388129e-01 -9.1938403411049335e-02 3.4924505250724658e-01 6.3872186055386687e-03 -1.3390827662896651e-01 1.2270367777375191e-01 7.7012495379007742e-02 -3.4203305643022597e-02 -2.6879642440493923e-01 -9.7431403189290125e-02 -1.7061582078713750e-01 -2.8724713188704659e-01 -9.0475388297334453e-02 -9.8579065366011923e-02 -6.5155902918449818e-02 1.8717597576273889e-01 -5.0366488540667609e-02 1.6165276369865349e-03 1.8634582242493161e-01 4.4003274662248668e-02 -8.7481136206662924e-02 7.6008694545827732e-02 -6.1329892085649401e-02 1.4552918539892720e-01 1.8783011781950930e-02 2.4521234114488749e-01 1.4312487614373370e-01
5.1172219012908957e-02 1.5765843854276171e-01 9.4451222528543793e-02 -1.4049100069189269e-01 1.1711383910122200e-01 -6.5636708326795523e-02 7.9070208241014323e-02 -5.5400618362676589e-02 4.8748999838978693e-02 -9.1719526876929552e-02 -2.6655212198780709e-01 4.9543485246528060e-02 8.9188187828453988e-02 -1.4504084399516950e-01 4.9594571294415697e-02 -1.6469335235855731e-01 -9.6651851344620829e-02 9.0286062055621955e-03 1.1091229379081920e-01 -2.8139309482280622e-01 1.7338991950131261e-01 2.3448475888760650e-01 -1.2484990441744651e-01 1.2936580695770280e-02 1.6725022293570010e-01 -2.7963757817515350e-01 2.2622242774274889e-01 -2.7715646916422598e-01 1.1903266608477291e-01 -1.0061834463470321e-01 1.3153581367922351e-01 1.9919941984686201e-02 -1.7113319590001119e-01 5.8306425863196752e-02 -1.3446437863509991e-01 2.0859704611003729e-01 1.0029815327912790e-01 1.9935622444887810e-01 1.0982078163463040e-01 7.1118255661215019e-02 6.4710004146715516e-03 1.2762592140251980e-02 -1.8433660683289640e-01 -1.2907847106447859e-01 -4.8582436410433603e-02 -1.2681419994198309e-01 1.9893645201648491e-01 1.3382972583560640e-01 -8.7822869050982647e-02 -1.0151546958888331e-02
1.7138136441237481e-01 1.1493994447625940e-01 -3.3601708610598119e-01 -3.5026890228809067e-02 -1.7206581419444539e-01 -4.9516628806229507e-02 1.1363087540943000e-01 2.8834075497540222e-02 -1.5494739839530669e-01 1.7949310873225471e-02 -4.7688686655580938e-02 1.0049273685279350e-01 1.3547314439359441e-02 8.5362898902042864e-02 1.3976220252359040e-01 -1.5779811565593921e-01 -3.7860874615090807e-02 -1.4363821186988199e-01 -1.0171535088470710e-01 -1.0983401573718100e-01 1.9990004151524829e-01 1.1799888779176811e-01 -6.4420425847277585e-02 -5.9633374122080279e-02 8.9096327529787619e-02 4.4115642740210771e-02 -1.6777063710884621e-01 1.6295294168707768e-02 -5.3588361701768401e-02 1.2704089645993341e-01 -1.0098700780372149e-02 2.6093619584430850e-03 -1.2009393637985660e-01 1.8796367120163610e-01 1.9378255471804939e-01 6.5136680790681883e-02 -1.4992022722451451e-01 -4.8578676496951623e-01 -4.4246497126524807e-02 9.2880288631753530e-02 2.5494206618485410e-01 -7.2149475251042164e-02 7.0268829058427976e-02 1.3672705096554060e-02 1.5339591309503711e-01 -1.2155555187018580e-01 1.3024252938094399e-01 8.9178566120963185e-02 -1.0408061253147520e-01 1.8818688223676469e-01
5.8589046295782293e-02 1.1693500922033440e-01 -8.9523423076818487e-02 -1.0502325253080590e-01 -1.0244710252653620e-01 1.6178519297539060e-01 2.7326832040621568e-01 -1.2083200972399580e-01 8.4894313858044870e-02 -1.1168928415555401e-02 8.4427292132019521e-02 3.4451982981253217e-02 -2.3308464197855289e-01 -1.4135577970933921e-01 1.2504630208992659e-01 -5.6698321593455420e-02 -1.6927468522607399e-02 2.9075005364183039e-02 -3.1564348609849141e-01 6.2904145524602162e-02 -2.2195763098805349e-01 -4.1079044230560482e-02 -8.9692465282884427e-03 -1.1933832455875040e-01 -1.7376699561635681e-02 -6.6607825741395107e-02 4.2368308819472768e-02 -2.5391286147638942e-01 1.8343738320396191e-01 1.6403778801696239e-01 -1.3713365579592629e-01 -5.8749109540504219e-02 -7.8725714013322221e-02 -2.2264391818230159e-02 2.2881515810492031e-01 5.2741063217603253e-02 6.3471055662199585e-02 4.4123179090539193e-02 1.3229594974734760e-01 -2.2045055611666040e-01 8.2430155469369160e-02 6.4500845740472448e-02 -1.6096763840810399e-01 -1.0368238958564770e-01 1.2205034272047011e-01 -9.4456971213939936e-02 -2.6554293137172169e-01 -2.1733960712068959e-01 -7.6772992290682546e-02 -2.7621674215291891e-01
-2.2298411819810210e-02 -4.3135038337445912e-02 2.1029829533828909e-01 -2.4065230241523589e-02 -1.6039574855268610e-01 -3.1492203740374008e-01 -5.4574702452260301e-02 -1.4178738758858681e-02 -2.1185654678893850e-01 -7.5541267988879557e-02 -5.4273414788966197e-02 2.8416149665273899e-03 3.4867226901530463e-02 3.6600941799959541e-02 -2.9242440501579597e-01 5.8569042085867731e-02 -6.0964889226071108e-02 3.6713321656396923e-02 -2.6093070691075809e-01 -1.8942948918035130e-01 1.0856837869919990e-01 -2.5247750511603839e-01 -9.4995524285548152e-02 9.4791310907091933e-02 -1.0380726217053060e-01 -2.3736243410031990e-01 -6.0433029859341077e-02 -8.3480194394767393e-02 -8.0016446021543702e-02 1.8515850056925781e-01 -1.3037016100352641e-01 -1.3159349100824591e-01 1.0359779787882790e-01 8.5317896019290407e-02 7.2863090272149184e-02 -2.3990632390067720e-01 -1.3488949631501801e-01 1.7148170391059910e-03 1.8257882462328809e-01 -1.4620133500475260e-01 -1.8315348777149690e-01 -5.3592751458964763e-02 7.8910175182924244e-02 -2.4026439211943951e-01 8.4628557327987006e-02 -1.7493592128838920e-01 1.2054403148154590e-01 9.6917123510430678e-02 7.3282526759446576e-02 -5.6470440542224408e-02
-5.0498345261096450e-02 -1.4150365617997401e-01 8.8215758537632125e-02 1.1078736795833060e-03 5.9329000057724658e-02 -7.6417177123998509e-02 -7.5515926386872906e-02 2.0751540728026280e-01 1.2937291772572621e-01 -9.4342742982696293e-02 1.1201405634720320e-01 1.4565912603668019e-01 -9.5526461294790865e-02 1.1624079657285211e-01 -5.4735142533945222e-02 1.2854283964078961e-01 -7.9933168777457445e-02 3.4924989586535740e-02 2.2717552747151159e-02 9.9304538838115144e-02 2.1864968117353789e-01 7.7607562500943389e-02 7.0350283920886533e-02 -8.6005663967329338e-02 -1.4537773562359579e-02 -2.2741914747827548e-02 1.3320871830750619e-01 -5.3350213570836413e-02 7.2274572249876401e-03 -7.1868524214541235e-02 -1.2313045339373130e-01 3.1461597239252598e-01 9.4208503336995161e-04 -2.9152616184020591e-01 1.1605530677880080e-01 9.1603139343694684e-02 8.2211402034852762e-02 -7.9722288249102921e-02 -7.1497716001072076e-02 -1.2412346506821760e-01 2.4363370042537841e-01 2.1892284089077191e-01 1.3482403368717419e-01 -2.1269942295577601e-01 3.3569973637698602e-01 5.2411790150974261e-02 3.1417117360558369e-02 3.3868109992197770e-01 -4.1639469812338140e-02 -2.0264430775625741e-01
5.4305046979711988e-02 1.2525441786666741e-01 1.2797038365424521e-01 -1.1189926195640849e-01 2.4045594650770741e-01 -1.2366929286579979e-03 -3.6626928490874627e-01 5.0355387963032502e-02 -5.4715786612546093e-02 -1.1945658800632281e-01 -1.6158902379024059e-01 4.2263298668182618e-02 1.8311842037572079e-01 -1.3796161305753010e-01 -3.1369604863943107e-02 -9.3983451340529198e-02 2.1641716591748300e-01 -6.9664766394048894e-02 -1.6306029329131400e-01 -1.8492220304352600e-01 -7.0860431279594682e-02 4.8489962324322643e-02 1.8808666291449749e-01 -1.6853078958443890e-01 1.9451957299962991e-02 3.3497702546384189e-01 -1.1786394742340790e-01 -1.0910176390732169e-01 -1.4903174310985060e-01 4.1399571516683928e-02 -2.2898217246498109e-01 1.4160932352347300e-01 7.9631109774851411e-02 -1.4862550187911589e-02 1.5621796053102291e-01 9.0247748159520982e-02 1.7388562390505541e-02 4.1634207227272610e-02 -1.0352583783366179e-03 -2.1285660755313110e-01 1.5833662748542629e-01 -1.7475247478379649e-01 -1.3811004162870871e-01 4.7510930825393607e-02 -5.0109707518614911e-02 6.3687138061703272e-02 1.7545981859387860e-01 -1.2859172991720841e-01 1.0508863419728461e-01 -6.0522817103906230e-02
1.5189155860240511e-01 -2.5297982798362462e-01 2.5834408102238651e-02 9.9922346773388460e-02 -1.8072528670947299e-01 -5.7703244117002631e-02 -8.0044175255317748e-02 1.2807579546363841e-02 6.6516924218745334e-03 -4.4504307269319018e-02 8.9079541662303391e-02 4.5628241535575563e-02 1.9924797009842740e-01 -1.7626269367435041e-01 1.7205797348444080e-01 -5.6371026459459253e-02 4.0498318781416708e-02 1.3264145246603529e-01 9.2769839669136892e-02 -1.9270339239431981e-03 -2.7785296287628960e-02 -7.1764450886233663e-02 1.4004650865862870e-02 -1.1869291289373470e-01 -3.3543195561212769e-01 -4.2369284193597853e-02 3.7639601722900412e-01 1.6267651217570270e-01 -1.6987355789560791e-02 -7.0738455802900641e-02 1.5228679826962299e-02 -8.7810777614680702e-02 -1.7616736172598399e-01 1.3476601488320020e-01 2.8046436045798201e-03 -2.7964449938378769e-02 2.5553046990853778e-01 -1.9017250610535580e-01 1.0678021921680650e-01 -2.1320803545108019e-01 8.3234442669291350e-02 -5.0206881158809322e-02 1.0696566286211250e-01 -9.3787016441288576e-02 -9.7483120247364746e-02 7.3821496983243959e-02 2.3376671978032479e-01 -2.1874015325257279e-01 -2.1003421124750471e-01 -2.8915679180745720e-02
-3.3427414698955098e-02 8.1765183254427623e-02 7.9207853139828158e-02 3.4429138078977062e-01 6.3936578283361162e-02 5.8763459564070149e-02 -1.3501027320485279e-01 1.9873363551090879e-02 3.1249121584059750e-02 -5.2289615436359481e-02 8.3913603579573851e-02 -1.5790463577868649e-01 -2.6010195454017571e-01 -8.6615583138858657e-02 5.8199532840097747e-02 -7.4303286452676890e-03 -1.8962805679632050e-01 1.6319248055495580e-01 -4.4243496275531480e-02 7.3295848311122819e-02 3.0032395767493469e-01 -1.3075626787342631e-01 9.9490829842250550e-02 -2.7258612190437209e-01 4.2627268921184203e-01 7.4271663465450083e-02 1.6660187733805060e-01 5.0392790980819287e-02 -6.6665502212924166e-02 -5.3492464551654302e-02 -2.0868387364044699e-01 -8.7781462537539892e-02 7.9931288875344148e-02 1.8867607546957671e-01 -1.5708851057536249e-01 -3.6495351154297750e-02 -1.3046485313689721e-01 -5.7415591165675281e-02 1.5197442453085139e-01 -1.7702298451344300e-02 4.8363353147545252e-02 1.7645556736614479e-03 -2.2207459226948620e-03 9.1536541846425346e-02 -1.3021030390558311e-01 -1.7413475262782549e-01 -1.0810092487515419e-03 -2.9943396890676131e-02 -1.1940103661798500e-01 -6.7551824457302928e-02
1.9024639687867139e-03 -6.4276756172091859e-02 -4.3496130670123007e-02 5.5671468066110417e-02 8.1527574380018925e-02 -3.4423525340983169e-02 -5.5789058779653067e-02 -1.7862207182409831e-01 -2.8621586037368200e-02 1.9604130734743749e-01 -1.8651972948691581e-01 3.6694992397365948e-02 2.2403087514957080e-03 -4.1172516076700083e-02 -1.0670210123264490e-01 -1.0507495856314500e-01 -2.9165265089136982e-01 1.5579357424583759e-01 1.1552999568540870e-02 1.2109738873413310e-01 -1.2547751291019910e-01 2.6466308272426020e-02 2.5366405386128099e-01 -4.4777860151728938e-02 -6.1411167950622417e-02 -2.9657495377147260e-02 9.6313627184621733e-02 -2.4616607264444049e-01 -5.9435623392050801e-03 -7.5664163684409244e-02 -5.9269739127383918e-02 1.2895634720804751e-03 9.6031306636837455e-02 1.7035942672268761e-01 5.1685799072602602e-02 -1.6875552769934549e-01 6.5410846764940606e-02 1.0368096857666070e-01 -6.5378581055651419e-02 -4.4316107975994846e-03 -5.0670704379721397e-02 2.1875467632416729e-02 1.9447560154120299e-03 2.3817659683327649e-01 5.2993246401350325e-01 9.4568474877608083e-02 8.9419199598069182e-02 -5.6966861974181313e-02 -1.0217976670094400e-01 3.1278689500928908e-01
1.7724160288919941e-01 2.8064155963872700e-01 -1.1373909384968010e-01 -2.0150335796377219e-01 9.3471896399415694e-02 -1.7029540520379699e-01 -1.2184560382552451e-01 -2.4875939955795509e-01 -4.7011744303049718e-02 -2.6665609951212789e-02 1.0980597964812221e-01 1.4943423480633711e-02 4.6564957394330669e-02 1.2621782640654941e-01 2.0177333196401300e-02 2.7866163968978858e-01 -6.5781125990755432e-02 -1.1982772510612640e-01 -2.6874880081220080e-02 9.1819510863504747e-02 1.0282521100069809e-01 -1.5994013148627731e-01 3.5857936886411833e-02 -1.1630621411041301e-02 -7.8984956727376876e-02 8.8266006006249467e-02 2.7362219633908808e-01 -2.2018628072554461e-02 1.2056058647016581e-01 -2.0111135949440939e-01 1.8297721748983861e-01 4.3819755293860937e-02 1.2649748339627429e-02 2.5171310753174449e-02 2.0351482498204440e-01 4.3902470392834132e-02 -1.7562290845972081e-01 2.2487221587927589e-01 1.4654681936660710e-01 4.7422439168645317e-02 1.2213331789135939e-01 -2.7433813470331181e-01 3.0552020399004021e-01 5.8206518136716720e-02 -4.8723987673559871e-02 -1.1037160297173680e-02 -1.3346093615186069e-01 1.3701051990311680e-02 -9.1563543679507711e-02 -1.4773839113910491e-02
1.5590988829499660e-02 -1.4119003645811420e-01 -1.1299584278642430e-01 -1.4561171919910550e-02 -1.2420053363808030e-01 -2.0453090963721859e-01 1.1713361839041340e-01 1.9025686726192551e-01 -8.2582900318169533e-02 -7.8162836250293771e-02 4.2659560751914342e-02 1.9422220790314099e-02 1.3777925282753689e-01 -1.3391197609015529e-01 1.6701550064897661e-01 1.2998085396032460e-01 -7.3270692170937762e-02 5.4986716536500738e-02 -1.9426002666083389e-01 2.5117886820369628e-01 -1.4067594606919920e-02 9.0079879815693334e-02 2.2937454351708869e-01 -2.2063193091773460e-03 1.1429412683172210e-01 -1.0317092396357851e-01 -7.0664671848632052e-02 -1.3956578455616350e-01 9.6510070204859910e-02 -4.6724424765229103e-02 1.6796855075754129e-03 -6.4142639077427857e-02 7.0414016774213037e-02 -7.9843001742766373e-02 -3.3585193654316517e-02 3.2265567571184312e-01 -2.0211687919834689e-01 3.2084578819840871e-02 -2.6814556699635961e-01 -4.3643506929502328e-02 -3.3280000587647413e-01 -1.7716279124182771e-01 6.7031062952214282e-02 1.5629837266383581e-01 -5.3805530444000188e-02 5.7242221174300849e-03 2.7533912608052291e-01 -2.3072889141997330e-02 -2.8699734275621409e-02 -2.1324928731192430e-01
1.8987884216051271e-02 -4.8945433299547390e-02 -7.3245882631067891e-02 -2.5587577745670448e-01 -1.0450530565820169e-01 2.6931239831481109e-02 -4.1763467517843753e-02 -5.2406404362562997e-02 3.2244140277368888e-01 2.9061429684700968e-01 -2.3439021679829269e-01 1.6238691612223891e-01 1.1885498166000130e-01 -1.0814446637814530e-01 -6.4642232737768882e-02 6.2852146238574439e-03 -3.4633030609124073e-02 7.6172631654732773e-02 1.3895770098146010e-01 4.6633253574739103e-02 6.3438422428471128e-02 -2.0803384033638461e-01 -3.1890294620204290e-01 -1.0159123850542030e-01 4.6842937675255970e-02 5.9666994702183562e-02 2.4996397293082988e-02 1.3919035576086930e-01 2.0780615365409250e-01 -8.7034880753487656e-02 -1.9154488852282359e-01 1.9195665053162661e-01 5.9836805293043527e-02 -5.2398329024332918e-02 -1.1013365023743020e-01 -1.9674408624066411e-01 -2.6765301000679648e-01 -9.4354607296341320e-02 -1.7213158121398159e-01 -1.9216415560249871e-02 -2.9973693326328751e-02 -1.4140999697160919e-01 -1.3436477603045080e-01 1.7022436316921710e-02 4.2835117391038291e-02 -1.1699763823045120e-01 7.1893316617291370e-02 -9.5797157341532102e-02 -2.0823910352168851e-02 -1.8813489740474759e-01
2.1005524648525789e-01 -2.9477546551586897e-01 3.3068854497480071e-01 1.4004413993520190e-01 1.3201364961280770e-01 7.6447680326523762e-03 1.6370781470337420e-01 -1.6992374745534811e-01 1.8802748407922290e-01 1.4364095075617350e-01 -1.7719938827003429e-02 4.1437043249258343e-02 -4.5775672518717503e-02 -1.1203958751610740e-01 6.0717164069167627e-02 2.2097012602877719e-01 -2.6778941438286302e-01 -1.5700696528024749e-01 -6.0154667261673497e-02 -1.6362497512946539e-01 -1.8445785516737020e-02 -1.5410785030676630e-01 -7.8822012656736625e-04 -5.0458596318395152e-02 1.5974518229239509e-01 -4.3411762497091149e-03 -1.1993156627287850e-01 3.5028770618204273e-02 -1.3799439366191589e-02 2.2426803304198181e-01 1.1428716735869821e-01 9.3465674913793373e-02 -8.8696073279115883e-03 5.1335413011523882e-02 1.4180492990984250e-01 1.5057441202628971e-01 6.7333860046323080e-02 3.2037966386638849e-03 -2.3701586739322411e-01 -4.8134379618139878e-02 6.5220486575098005e-02 -2.3196501900512159e-01 8.3170137876684876e-03 -1.6390445519208521e-01 -1.2044482069509070e-01 1.2575836508555741e-01 -6.0038247038066622e-02 4.2628021272746723e-02 -4.7147903527120137e-02 2.0822755445190791e-01
-1.5754430926341979e-02 -2.9457979879689378e-01 -1.6241189784692911e-01 -5.9002113320767588e-02 -9.8445372057484326e-03 8.3552919605568168e-02 -9.4523337670048002e-03 2.5346379600083568e-01 -1.6092512804593009e-01 -1.2789676802961419e-02 -2.3138003807379340e-01 2.5606474367170048e-02 -1.0537748179748491e-01 -1.4140283414099061e-01 5.3366859227828613e-02 1.7581791508552179e-02 -7.9420051589665988e-02 -1.3929042950688730e-01 -6.3018758861377810e-02 -1.5476578724602880e-01 1.3440110428333110e-01 1.8151804277608291e-01 1.4692692639584001e-02 1.7692986791598461e-01 -4.3341243327840652e-02 1.1735561145151260e-01 2.2781199599942900e-01 -8.9810819714225110e-02 1.3826433235284799e-01 -2.0389963359539942e-03 -2.5212872035176259e-01 2.7113800305588180e-02 1.7978667834582959e-01 2.2309338167494039e-01 1.3959905533714251e-01 -2.0651695600288039e-01 1.5044897472303981e-01 1.0493268410004680e-01 -1.2654251844141751e-01 2.2699610730482039e-01 -2.0181508734661201e-02 -3.8416510344221742e-02 1.9308003534432999e-01 -1.7822295587458469e-02 -1.9350501114946261e-01 2.6838787851252419e-02 -2.5255067179188262e-01 9.0621762961955715e-03 4.5196671605725290e-02 -1.1410639910466019e-01
3.2255269481804899e-01 -1.6385591672217581e-01 3.6586673783082113e-02 1.0926468183916070e-01 1.3034705349916201e-01 -4.2261337979951769e-02 -9.1635095594879590e-02 -4.3172105027629040e-02 -6.7088516959033756e-02 1.1160212152765250e-01 -8.8349018293405347e-03 -1.7417987874337959e-01 1.2857882562106590e-01 -3.0626157349069309e-02 1.6058329139374319e-01 -1.6392260515820220e-01 1.0221518468580870e-01 3.4662904788733390e-01 -1.5384970429075959e-01 -4.6642753435482222e-02 1.0842360026925350e-01 1.8036401958717890e-01 -2.2740984083429769e-01 -1.7538724356712740e-01 -9.7633340435921298e-02 -1.4145201769148361e-01 -4.0915029566738779e-02 -8.4165781191435932e-02 6.6989541534006507e-03 1.2658570076607560e-02 1.8563139673192119e-01 1.8738911459669311e-01 1.9951045949992269e-01 -2.1152218372418841e-01 7.8170361474941663e-02 -1.3411140129914480e-02 -1.0928667440616960e-01 -7.7222694388648771e-03 -6.8105703548555774e-03 -4.6211021284324347e-02 -3.2074243915617917e-02 1.4679728567642070e-01 1.7005732220483530e-01 1.5079129563626539e-01 -6.0324555418868220e-02 -2.1069996625485940e-01 -2.3405575744210430e-01 -5.5454650151151919e-02 1.5761922163785291e-01 8.9545821155828556e-02
-5.0491446574280688e-02 -4.1185619918374487e-02 -6.0181722914710890e-02 -3.8385575147449433e-02 -3.9609563579978052e-01 -3.0437491124383129e-02 2.6126730995375110e-02 -3.2744330319771732e-02 5.8961442111800509e-02 -1.7617994302953511e-02 -2.6110990729756381e-02 -3.2662016491497697e-01 -2.3634035069518411e-01 -7.1551050318986342e-02 4.5327362522644743e-02 -1.4548531641861581e-01 -1.6048266107156189e-01 -4.2706223595913140e-02 2.3826406366661301e-01 3.8550241994451750e-04 -1.1504857808473480e-01 6.5630645143302718e-02 3.7331860136130650e-02 -3.0016293391099909e-02 -2.6254348983900039e-01 1.0280126035249650e-01 -7.4188730139373840e-02 1.2407116476649070e-03 -3.6675881508294282e-02 7.0998937813346791e-02 -5.4603229132862412e-02 1.4397219866795749e-01 2.9846877129089028e-01 -4.8327908332503347e-02 -8.0258721475993153e-02 1.8567554115222251e-01 -2.1857058773551371e-02 2.1193057540490279e-01 1.0228714891300850e-01 -1.3913482230946611e-01 2.0123639139690480e-01 -2.2259618155231631e-01 -4.4975850689884210e-03 -8.9307982611401774e-03 -6.9554830312920327e-02 -2.1004166887637279e-01 1.0793202082694110e-01 2.1531583133230611e-01 4.4246854211263537e-02 9.9181755719296591e-02
-1.4758011297045379e-01 1.2426898969955870e-02 5.0179445723440519e-02 -8.6055301852594607e-02 8.4120956691382920e-02 6.2739880146313140e-02 1.2274206519556830e-01 8.1806238162366471e-02 1.7033342239961849e-01 2.4078829553255729e-02 -1.7431997644287081e-01 5.8444409633159930e-02 -1.6138893124418141e-01 4.1823884736620448e-01 1.3791419186000390e-02 -3.2288235266410517e-02 2.6343683415765412e-01 2.1850947783291741e-01 -2.1128190146326259e-01 1.3516534064455829e-01 -4.7882259740785367e-02 -3.9770474027768357e-02 7.9360014995089004e-02 3.4802896775320287e-02 -3.3614413737215630e-03 7.1609505530668444e-02 3.2567492593072322e-01 -1.6450523204001449e-01 4.7030935504722801e-02 1.7987934836140990e-01 5.8858228509378691e-02 9.9469575076793201e-02 1.7583213691164529e-01 -4.0942362770699132e-02 -7.9989775972642826e-02 3.5916532094560673e-02 7.0512112265356294e-02 -2.0929050058125040e-01 2.4969742243563839e-02 4.9360921039222648e-02 -8.7133637692495824e-02 -2.2843474912517581e-01 2.4408993920919188e-02 -1.3325943330800200e-01 -1.6147241610020460e-01 -6.6739269104508295e-02 1.2833082993735229e-01 -2.2829735217190669e-02 -5.6094739257462778e-02 2.6689437330808241e-01
2.4157755743224421e-01 1.0092474746013259e-01 -3.3078004203104423e-02 -2.9515465293656250e-02 -5.7777682046668187e-02 3.2429970171755801e-01 1.4839115231485520e-01 -4.3200300751286128e-02 -3.1115295049165870e-02 -1.7732101053226471e-01 -5.6248975841930192e-02 -8.5377964797011194e-02 -5.1118915993336171e-02 -1.5245736716929331e-01 -4.1625659015036182e-01 2.4488557344337150e-01 -3.2998826359560023e-02 8.8922375488097713e-02 -9.7538609388293965e-02 -4.9728930796499010e-02 -2.6849772698016000e-01 7.0178471046329557e-02 -1.7685283920336620e-01 -3.8252782347037939e-02 5.9354691681017598e-02 7.4372135883979978e-02 1.3695651045677781e-01 5.1360991430303399e-02 -6.9602919171904795e-02 -1.8302376660845060e-01 4.7348488344099438e-02 1.2988652843511861e-01 1.6063074520662210e-01 2.0608782816727139e-01 -2.0867929643028620e-02 1.7242589672053940e-01 -3.6702194036123112e-02 -1.7540732919926430e-01 -1.5279784887423580e-02 -1.9502257468418771e-02 -7.4898202821763474e-02 2.0061090200558901e-01 1.7935340034201311e-01 -1.8803542752632851e-02 1.6985371633013620e-03 6.5638344775215518e-02 2.0052141650175409e-01 5.0667135830482053e-02 1.4050138138150600e-01 -1.0931362600434881e-02
-2.2620284837814009e-01 -4.2545278662856442e-02 -8.0243675239559956e-02 -4.9114167752447507e-02 1.2188596392926800e-01 -2.8150234089792459e-01 2.9025394498490301e-02 3.0076779436843809e-02 1.0679776952752230e-01 1.4527856982968890e-01 8.1896244638300419e-02 -2.6700203255643351e-01 4.2727423468789799e-02 -3.2208177155512391e-01 -1.7970952496414319e-01 3.5512845016727183e-02 3.0817346859137201e-01 -2.1116475705593910e-01 -1.0750541550676281e-01 1.4697311842056540e-01 1.1623137845700959e-01 -2.3171215189104269e-02 -2.0354400257044380e-01 -2.2891721963505110e-01 -8.1780852870865992e-02 -3.1119292277284209e-02 1.1033415805107941e-01 2.8691548806500891e-02 7.8376713718932609e-02 1.6563584883775800e-01 -1.5294752048083760e-01 -2.7072267635616480e-02 2.8656757272759310e-02 1.1117629734284951e-01 5.1836690498040048e-03 2.7788241276623532e-01 -1.0566383961136070e-02 2.7902810020781609e-02 5.5568990641378373e-02 1.6311474154688710e-01 -1.8124553078263848e-02 1.3819023244000950e-01 9.0326863178226309e-03 -1.1496600834725970e-02 9.0260480243402733e-02 1.3656352898370111e-01 -5.3147108256887281e-02 8.5561513544119370e-03 -8.8403720620866003e-02 2.3575279584259179e-01
1.0467914704500690e-02 5.6182398520192772e-02 1.1675515943362789e-01 4.2422663335892799e-02 2.1733218055269149e-01 3.1929417073609639e-01 -2.2765614262377051e-02 2.3483288958300200e-01 -2.7496206375659887e-01 1.6689687758464111e-01 9.1594807104265034e-03 -7.4274093053405876e-02 -1.6183316047854490e-01 -3.3093610136594648e-02 2.4213313276624809e-01 2.5865328628964862e-01 3.3289767813889211e-02 -1.2047252022534689e-01 1.3475335835544189e-01 4.1235898167601662e-02 4.9628953992023522e-02 -2.6141340747012552e-02 -1.6843901716840240e-01 9.4731094034953930e-02 -2.1046757922762910e-01 -2.4302770629455600e-01 2.8885408611168700e-02 -2.9026361937789010e-02 -1.3273081408744000e-01 -2.1090575417525070e-01 -1.8313361785131069e-01 -2.3014407229359230e-02 4.3842710119433637e-02 -7.6726901558287958e-02 9.4194955947543013e-02 1.1653098130595239e-01 -1.5850080627067151e-01 -5.2256914067631083e-02 5.6270080106248788e-02 -8.5562378260814684e-03 -6.3650980636751509e-02 -1.8760974611858630e-01 -1.6054928599911880e-01 -1.2152531749032890e-01 1.8357652316527689e-01 -9.7365350025340039e-02 8.8732550200787075e-02 -1.6331847740053751e-01 3.5198718030745270e-03 1.3608685971770321e-01
-8.2471746712654143e-02 -1.8242825503487031e-01 -1.1794074110787960e-01 1.6616375116087961e-01 4.4120432620572076e-03 1.0779402920409310e-01 7.5531905205181923e-02 -1.2039675541249540e-02 -1.6411857853160541e-01 -2.3129210482817891e-01 -8.8467434506945053e-02 2.8544171219274639e-01 -1.2984042201568061e-01 -2.4007940117073451e-01 -1.6741635971243901e-01 -2.8018441553156741e-02 1.8368763089211651e-01 -6.0183408352571049e-02 -1.5627146233387129e-01 -1.3437928186135770e-01 2.3883218859228918e-02 -2.5963362665447848e-01 2.5054841690945118e-01 -1.2187068110881651e-01 -1.4208127793987521e-01 -1.2116538243632340e-01 -3.4309290642155897e-02 5.6772881443576798e-02 2.4696692122021119e-01 -1.9404599271483861e-01 1.3939836085156529e-01 1.1341265252889790e-01 -8.1531208468227520e-02 -1.6692878671409839e-01 -2.2936875419477321e-01 -2.2790376987348931e-03 -1.6578711368522581e-01 2.8563023247328300e-02 -5.6394593451920324e-03 5.4639875770075577e-02 1.8859762284030729e-01 -7.2230201447852874e-02 -6.6893596027816013e-02 6.0356051675134678e-02 -3.3283780640511020e-03 -1.2283759451105300e-01 -8.7339604637404950e-02 2.3170310307018719e-02 3.4305152185491621e-02 2.0103307620077671e-01
2.3752976983381591e-01 -1.1540008562566700e-01 3.0606976790468138e-01 -7.0070275387378145e-02 -2.3295601887358711e-01 -2.0954774522650049e-01 -1.1963450665078380e-02 -5.4409309040415688e-02 -3.4078262830301700e-02 2.3034693191752739e-01 1.4121151837397931e-02 1.2728753534631149e-01 -2.1475246864736849e-01 1.6447696345779919e-01 -4.8201105559991478e-02 -1.1620953737935430e-01 2.1746846402705561e-01 -3.1950913051053942e-01 -8.1155800749614843e-02 9.6149142359492502e-03 -4.6914714064370443e-02 8.4406508870009986e-02 1.2186680517842370e-02 9.2320736504494461e-02 1.8034230664261180e-01 -2.4227816912457199e-02 1.7662457089357139e-01 7.4726766048838503e-02 1.3182102857388940e-02 -3.0569347504702998e-01 -1.4098778530473169e-01 -9.0054500713540556e-02 -1.8427466752331739e-02 1.3359250591528690e-02 -6.4551837971475470e-02 1.4839539028845911e-01 1.0593524810500329e-01 -6.7800006386540795e-02 4.1525405484188439e-03 -1.6011657125594719e-01 -1.3268797315913150e-02 4.6653582968279712e-02 -5.4066675189954151e-02 2.8381149303151060e-01 3.6298326267318402e-02 -9.7255281232366889e-02 -9.5041434377626272e-02 1.1926850658919370e-02 1.7121194711830920e-01 4.4108974806480607e-02
-8.6392944987162459e-03 2.5536021726865921e-02 1.6204170217391711e-01 -2.9931483548740939e-01 2.2113314599215159e-01 -7.1377548856438782e-03 2.9810449655158883e-01 2.5704730572870350e-02 -1.8074109209434269e-01 -2.4882605259047761e-02 -1.0578690434801710e-03 -2.6829638287840202e-01 1.5354927653649819e-01 -2.3126277752853929e-02 -1.4049983562032040e-01 -2.9668706978436438e-01 -3.4498847642627878e-01 -2.4523970698570392e-02 1.1202850053164929e-02 1.3160045207873479e-02 6.2114042473168672e-02 -9.3520280370934489e-02 2.2090857334625369e-01 5.7303561080071348e-02 -4.6574684905943700e-02 9.9472788968374151e-02 6.0454907087564617e-02 2.0644400901872451e-01 5.2599382732487751e-02 -4.5084239941640902e-02 -1.6620913189883571e-01 1.2100395529497740e-01 -1.2565657635713651e-01 -2.2826872502068060e-01 -7.5064892426328397e-02 9.7835372522463687e-02 1.8173574481585870e-02 -2.4911688039696439e-01 1.0006962554863030e-01 1.5622983455972159e-02 -1.1394416518038659e-01 -2.8472558220397529e-02 9.5470060249985084e-02 -3.7512486281748979e-03 -2.8206068326588601e-02 -4.7556194772417723e-02 -1.4616675888572511e-01 -1.2002524426072721e-01 6.3841364788859711e-03 1.5829328868211739e-02
5.6981361308653243e-02 2.1794662374223889e-01 -6.1501301335516569e-03 7.2894298603027846e-02 -2.9732128967571922e-03 -4.9921240414906060e-02 -3.9576068671003398e-02 8.5390313262830836e-02 2.7129291368948821e-01 3.2084076791995583e-02 1.8899575297233071e-01 -1.3058421522224009e-01 -2.0195839676369989e-01 -2.8881607760202859e-02 4.6872702959574568e-02 -1.1819860236305260e-01 -1.5976993753143390e-02 4.1271857031508789e-03 9.0730049864639367e-02 -3.5174113359749681e-01 9.1434861717982457e-02 -3.2619529086305582e-01 1.4905539188108230e-01 5.8340890083424891e-02 -2.0787538291842131e-01 -9.2539931497292283e-02 1.3225391889673571e-01 -1.5824960207423150e-01 9.0485509424529903e-02 4.3717873407845359e-02 1.8283463657634190e-02 -5.7394793945112219e-03 -9.0414821522422258e-03 -2.5215544501889561e-02 1.7689676388295400e-01 3.7457729445248840e-02 2.6136348438608559e-03 -1.3242311534505460e-01 -2.2351978966141961e-01 2.1715492290402169e-01 -7.3645054887429992e-02 1.0094721424610480e-01 8.1336396080422552e-03 1.9604965355014289e-01 -3.3995391298696038e-03 8.0912327849312210e-02 1.8511321355039731e-01 -7.1908561116576591e-02 3.3630128904523338e-01 -9.3176096763830443e-02
-1.7978553826780211e-01 -1.2528022382795001e-01 5.6472216361508808e-02 1.5884694890372400e-01 -4.9044950407221123e-03 -3.1253868049431470e-02 6.6375363195825113e-02 -2.6146571694513632e-01 1.5818947699666391e-02 -3.7179730826036828e-01 -6.9127372798832062e-02 -2.3549406336731440e-01 1.3624877934127880e-02 2.5185601467638769e-01 6.1185923831126372e-02 5.9938513886309649e-02 3.6881506988483649e-03 -2.8752977668906120e-03 -8.3331696406041503e-02 -1.2509202073922701e-01 1.4112463261826620e-02 1.0176620885784241e-01 -2.5429329574111281e-01 2.2272185804607611e-01 -3.0783752577560022e-02 -1.1654589754098750e-01 6.3100191627546293e-02 -1.2021404321570960e-02 8.2627022750723964e-02 2.9263071865609721e-02 -2.5357153032119800e-01 1.7750354812410130e-01 -1.3789650086856289e-01 -2.6328560262270551e-03 -4.7712997399125441e-02 4.4638801958617911e-03 -2.0271221292037081e-01 6.5179156491840477e-03 -9.6390692976695225e-02 -1.0034042274163540e-01 1.7307735810519700e-01 -5.5286348626008799e-02 -6.3822674349847397e-03 3.0731467799892681e-01 3.9703511467482328e-02 2.4469903861951231e-01 3.9633661155282073e-02 -1.6973599440834020e-01 -9.2896778734950711e-02 -2.7522340516635269e-02
-8.4886075849227458e-02 2.4344269934088600e-02 -5.2311973189427393e-03 1.4175744024416759e-01 1.2102687101946551e-01 6.4421936643532990e-02 -7.4932415016645867e-02 -3.7653425775499079e-02 -1.1808100794363691e-01 3.4553574707873841e-01 9.1147216469081825e-03 -5.2926327693177837e-02 5.2339394050028770e-02 1.0768678705978720e-01 -5.5247181056253231e-02 -1.0964963711143400e-01 -3.7803053408844940e-02 1.0579015234664910e-01 -5.7564378288523538e-02 -9.2246216107275084e-02 -2.0836207642103441e-01 -6.4587587340954721e-03 -5.9149506379692518e-02 -1.2156820155733990e-02 4.3811457021218497e-02 -8.2914441059636759e-02 -1.8159541482441299e-01 -7.2490337868704735e-02 4.5125409976451958e-01 -1.6888939401371481e-01 -1.8079472759577811e-01 -2.9962360640810232e-01 7.5417544074955670e-02 -1.1307992282961420e-01 -9.6050611150851409e-03 8.9073289206986941e-02 3.2997238280529327e-02 -6.2637744730829559e-02 6.9609982272913262e-02 -2.0211055199636412e-03 2.6215118179574048e-01 -3.4621556595601323e-02 2.5855683930057499e-01 -1.0485104340101260e-01 -1.6002716562893060e-01 1.9124443762261070e-01 1.7741919409430121e-01 1.5447426305132489e-01 -3.0441418630999320e-02 -6.9625914923003671e-02
6.5472590923005086e-02 -9.7138375999707691e-02 2.5071159600342799e-02 -1.5561967657055259e-01 -5.8358557922033677e-02 -7.1306005135100270e-02 1.1199572123570910e-01 1.9060753809572470e-01 -6.9544035247677785e-02 1.8171312627040741e-02 2.5464472629262269e-01 2.1029604205147731e-01 -2.6236286094977180e-02 -1.1378986716657311e-01 1.0018367837221651e-01 2.6519907425386041e-02 2.6297953375834460e-02 2.0154577835178281e-01 8.7766671888834524e-02 -7.0360922652077228e-03 -1.8795438642016349e-01 -1.2463577871362880e-01 -1.2334103124084730e-01 4.4379001910961148e-02 2.6876594113043628e-01 -4.7866641811235948e-02 -7.1435617694359022e-02 -9.7284110077147379e-02 -8.8026923955046771e-02 1.3360392738489199e-01 -1.9114884648341951e-01 2.7614080986269340e-01 -1.4909271061341359e-01 -2.3558630030794510e-02 -5.9942973567194337e-02 -5.3102973904632908e-02 6.4420817323420046e-02 1.6337697612218949e-01 3.6437280775772801e-01 2.4866575312753861e-01 1.1519186168475209e-01 -1.0549058889130090e-01 1.9887163443748890e-01 1.7204271544051869e-01 1.5765638881785331e-02 9.1762204000116462e-02 1.3778588630669619e-01 -7.4584975688245056e-02 1.5403327617632481e-01 1.2543198585785800e-01
2.9397325901364169e-01 1.3324841559805431e-01 2.4076386370097580e-01 2.8112042211263351e-02 1.6376408581315269e-02 -2.1177282790163090e-02 2.6875031829077561e-01 2.9612189832128399e-01 1.5844324255493941e-01 -4.2863079748664462e-02 -4.2115026495804307e-02 -6.7564507745799293e-02 6.5109351420272313e-02 -3.9737087302591401e-02 -6.2511272191650910e-02 -6.0569158464308673e-02 1.8925160493543011e-01 1.5007358575316479e-01 -1.4536185979739840e-02 -2.0070975851130008e-03 -1.0701601023426080e-01 -1.5024554777572030e-02 7.3451373135368536e-02 1.1572194887379519e-01 -1.0614231448053010e-01 9.2755523771108045e-02 1.7832995213548111e-02 4.7532598173200623e-02 -1.0669641555435901e-01 -2.5461307530211370e-02 -1.5848954436765489e-01 -2.2546851836031601e-01 -9.2162998414794861e-02 -1.5151727553885740e-02 5.9802745818146777e-02 -1.3211171195727781e-01 -2.5930544208482059e-01 2.4267487710523561e-01 -2.0298984361273109e-01 1.0843931914704820e-01 2.0456591303086369e-01 7.4383570134700289e-02 5.0866126924302778e-02 5.5114142230580393e-02 -5.4004323564026272e-03 -1.0372029016523331e-01 -1.0988942001819990e-02 1.4898973852056810e-01 -3.6138177197350940e-01 6.8937635753040211e-02
1.1313054477777770e-01 5.0903413996296033e-02 1.8800744296637881e-03 1.2766071776035279e-01 -7.3093862604120180e-02 -1.2119518019483791e-02 1.8341356219586210e-02 1.1838609449307480e-01 1.1205637582990940e-01 1.3081507553260950e-02 2.5846786229410451e-01 1.5561756622184880e-02 8.0248999016977740e-02 2.0154793335295840e-01 -2.5740509499755149e-01 2.3437736000917250e-02 -1.7026826065605771e-01 -2.4392189560519731e-01 -1.3520603225395109e-01 6.8215581849636747e-02 1.2210701734780979e-01 2.3370909365222090e-01 9.2524972137861435e-03 -8.0833132729124499e-02 -6.4535424325605883e-02 -1.6120883123882299e-02 -1.3345255026050759e-01 -4.2102794858498008e-02 1.7868478441767319e-01 -7.2730267469404419e-02 -3.8830271660896372e-02 1.6171342550398149e-01 6.6353075911021006e-02 -3.8236737568980723e-02 -2.2390567252394689e-02 -1.3747098498631830e-01 1.0957649268401901e-01 1.8617804032766960e-01 -3.4694624344306549e-02 1.3230484387468899e-01 7.2486326341884844e-02 8.6243292025482129e-02 -6.6711839239554399e-02 -1.3395920041655529e-01 -1.1629747675126810e-01 -1.9436820362093810e-01 2.3682205788291519e-01 -4.7415539637214671e-01 -6.1378171472876018e-02 1.2906849725671521e-01
-1.5917527343426291e-01 8.8490940167600507e-02 -2.2768932476574619e-02 -1.5921163553118961e-01 1.1017937256089340e-01 -8.8989356984532836e-02 -1.2531875671039900e-02 1.3741437785259961e-01 -1.7403911031418799e-02 -1.8788469150259030e-01 -5.4681029136950672e-02 7.9994878601834116e-02 -1.3382433700584709e-01 6.3623018534776726e-02 8.7593711814108313e-02 -1.3902453893433159e-01 -6.0336684219836907e-02 1.6604813490063389e-01 -2.4707531438507711e-02 2.9455063376446149e-02 1.4742809227418070e-02 -1.3466422823245591e-01 -2.0949001306805301e-01 -3.4522569234004687e-02 7.3516937999606291e-02 -2.2575413547814529e-02 -7.9425203622029747e-02 2.4181698042928240e-01 1.4906505499848210e-02 -6.4010706401499279e-02 3.4690551196751983e-02 -1.6886270837868370e-01 -1.9493720155279792e-02 1.9176154629251421e-01 -4.9539770069789747e-02 1.7441061777341851e-01 1.7534131869243350e-01 2.2927067987042721e-01 -3.6995174251568957e-01 -1.9197386638058511e-01 1.3428058394642969e-01 -8.1862191291758139e-03 2.7797209909317411e-01 -1.2504377030168021e-01 1.6591276646301381e-01 -1.5142128418689929e-01 -2.3977074279582931e-02 -2.3658784379726061e-01 2.1466465914879440e-01 1.2617406312513629e-01
1.1435874174342189e-01 7.6360845394051219e-02 -2.6354622344269680e-02 -1.9155557749022031e-01 2.3489130992818109e-03 -1.7354501431053079e-01 -1.1222075874137080e-01 -3.8346897313158483e-02 1.6770637019600859e-01 -2.5894053495653452e-01 -1.0208593780467320e-01 -1.8633815838478961e-02 -9.1466677635870811e-02 -1.8917909597506249e-01 -2.8149809339669481e-02 5.2178020139073569e-04 -5.5393662828758822e-02 5.4147074086539147e-02 4.1514396854281828e-02 2.8662917114868841e-01 -3.2014286649639970e-02 4.6297178867406780e-02 8.6099733885656615e-02 9.9072101143765023e-02 9.9826985378248162e-02 -4.3438786586485539e-01 -9.0086336045998805e-02 3.4506123163538023e-02 -9.1735861554685424e-02 -1.4515441530674100e-01 -7.7372898421672165e-02 -1.1404451144381619e-01 2.5315321393026580e-01 -1.1587866669071820e-01 1.3774876278419751e-01 -1.5532613278656329e-01 6.6609204535143088e-02 -2.2851357284754181e-01 -1.0962824092423740e-02 7.5678827758258987e-02 2.3176926809353460e-01 -2.9731492060044780e-02 -1.3104951812363841e-01 -6.3800949237931837e-02 -2.1563077586634899e-01 2.0301763771652220e-01 -7.7700844489092535e-02 -6.9567139970219086e-02 5.2580971694543857e-02 1.4692253664848570e-01
-2.6107717582639350e-01 1.9959526773568770e-02 3.0772098328114440e-02 1.4188854264460199e-03 -8.3969239606681872e-02 1.9738284000803830e-01 5.7242309125344899e-02 1.1323389083807230e-01 6.8826475590811745e-02 1.5584231959261480e-01 -1.0105146793181870e-01 -6.7942440347046079e-02 2.5299806581599399e-01 -1.2661172283198360e-01 1.2163930524355210e-01 7.8166986799332906e-03 -6.7728337631208606e-03 -1.1991227793918560e-01 -1.1631037752518920e-01 1.0451369481317151e-01 8.4420693854801651e-02 -1.3792862965528299e-01 1.1648726107364400e-01 3.1500825401536781e-01 1.9505618960170781e-01 -7.0297011725192718e-02 1.1029864812025909e-01 1.1653393832282620e-01 7.7265718082136517e-02 3.5262251491117828e-02 1.8244124887583271e-01 1.1163532195679010e-01 5.3723897667194979e-02 3.4705622346767447e-02 2.9855967198372457e-01 -6.1966367680096508e-02 -9.5143447509700621e-02 9.6670236994221670e-02 1.3309494485485279e-01 -2.9088825107065119e-01 1.6303066695516491e-01 2.9343618837857482e-01 4.0302856547776503e-02 1.2460722913774820e-01 -1.0092115830453650e-01 -1.0331307676598160e-01 1.7011548652608671e-01 1.2212332545954560e-02 1.0042296139477050e-01 1.4983253605021329e-01
2.5250174482365112e-01 -1.4645373011816970e-01 -8.7027504148168247e-02 -2.0758697714273369e-01 -1.1989760999052720e-01 1.9018123918726310e-01 -7.6090171248165944e-02 8.3121124258720744e-02 4.0469886624109268e-02 -8.3236462559132918e-02 1.2435897696464940e-01 -6.7149144481273709e-02 5.6861071630169617e-02 1.9780840397021990e-01 -1.0709367413748300e-02 -5.8528750035766172e-02 1.1849458682561240e-01 6.6254821233073066e-02 2.2506385296217329e-01 -1.0471150511855720e-01 1.7557229823488421e-01 1.3640645645747140e-02 2.2886662336260341e-01 -8.1960348359200588e-02 1.1921075722865890e-01 -7.3826804362820311e-02 -8.6607146564765813e-03 -1.4664530418418019e-02 2.4070729356343690e-01 9.1924579714061469e-02 -1.0374317245394150e-01 -6.9733841594302404e-02 1.1389337134903289e-02 1.6587728620869360e-01 -4.6510506956661687e-02 6.9057443167143767e-02 -3.0751822986885841e-01 1.3299615369459511e-01 7.6083804836811209e-02 -2.2390819380841270e-01 -1.3341572008797550e-01 8.4449679926154333e-02 -4.9572461630710440e-02 -2.2979882673508009e-01 5.5614508205251711e-02 3.1316474923694598e-01 -1.1642647117193369e-01 -4.8561149035687548e-02 9.2668194552989427e-02 2.1377363238725350e-01
-1.1492736378779010e-01 -2.7281028164315629e-01 -4.1005364401142337e-02 -5.2454118426030899e-02 1.8254206857964350e-01 2.5285838037775780e-02 -4.1171536390320312e-02 1.5420414751599951e-01 1.4438552365842550e-01 -2.6853426378948769e-01 1.1034210293375640e-01 1.7451854396183150e-01 -2.7471181038537431e-02 9.0997898025588886e-02 -1.4914620727230340e-01 -1.4090197613034439e-01 -1.1433192698616219e-01 -1.3809866783427771e-01 2.3326469021173260e-01 -1.3515410998077060e-01 -1.6977655505120481e-01 -2.7257277926332830e-02 -2.0606626091507921e-01 -1.2082247493607860e-01 7.7165954385739338e-02 4.3916844538142312e-02 2.2985200607791651e-02 -3.7693449621341718e-02 5.2602413541826862e-02 -1.3720802967524060e-02 9.5478338903680710e-02 -2.4844868235805689e-01 1.8229076633213359e-01 -1.1634596661918099e-01 3.5064499395521170e-01 7.5611588074761454e-02 -8.6049566613678130e-02 -6.6385946857896311e-02 1.7040863948887611e-01 -6.1525525370749838e-02 -1.5983478010282839e-01 -9.1341335523516098e-03 -1.4456624456413781e-03 2.4612516938863449e-01 -1.1769535837389799e-02 -1.6713286869374011e-01 1.7757693326196949e-02 -1.2531960692210291e-02 -2.2030036920626919e-01 5.7757324285179087e-02
-1.5219997635770480e-01 9.4979118876479737e-02 -1.2178167761438240e-01 -2.1890541041681491e-02 -1.1985116676716071e-01 1.3209531379644279e-01 -7.7166113089772018e-02 1.2947541076587291e-01 3.0409832206985488e-01 5.2305442429678987e-02 2.1064002905854590e-01 1.9931967329412121e-02 2.3892553691819610e-01 -4.6184441299358739e-02 1.0308197961472219e-01 -7.7168355754643647e-02 -1.5228570876773179e-01 -1.5897464996555949e-01 -3.2883823969697529e-01 -2.9724450060088209e-01 -1.1729346465992831e-01 7.4384569157467717e-02 -3.4240893100096238e-02 -2.7657972398116851e-02 4.2436265583037848e-02 -1.2127515355185189e-01 1.3845988185680000e-01 -5.1346496800032532e-02 -3.0795626074558752e-01 -1.7086693013037230e-01 -3.8774612698154277e-02 -7.1443957888647588e-02 9.2048343353729203e-02 -1.2755610365622241e-01 -2.7653567908989291e-01 -5.2120661778206637e-02 -7.0777425938249594e-02 -1.5783637406466180e-02 -1.4124174115177860e-02 -7.0128854706852942e-02 -3.5003259551039390e-02 -1.5821310156901811e-01 1.5147015226993091e-01 -5.8881866983568273e-02 8.9754128222681834e-02 1.0218889996086609e-01 -2.0236922879775579e-01 5.7302855993863998e-02 -2.1968009257294311e-02 1.2986345404118721e-01
-1.0900114953357511e-01 9.5560859970066012e-02 3.3300278968359098e-01 2.2748648234650390e-01 -3.5798378546529341e-01 3.0093139304350602e-02 -9.5119041512824284e-02 -9.7855798639333927e-02 -7.6235262937785708e-02 -1.4513197076642090e-01 -1.1014963441533430e-01 1.1730864339092380e-01 1.8191997288638559e-01 -8.5326990079028511e-02 9.1556808223353395e-02 -1.3834787586370609e-01 -7.1194840516224100e-03 3.1771556839456009e-04 9.3352590541989050e-02 7.8166463900129435e-02 -7.9736235023563987e-02 3.9643176182130757e-02 -4.0650838569078279e-02 6.9566184396170168e-03 1.1371251927790950e-01 1.7519149882599430e-01 1.6040407774785159e-01 1.3868975965180960e-03 1.0071065643792690e-01 3.3090681095184100e-02 2.5372385507496872e-02 -7.3075403206917355e-02 1.2390558650188931e-01 -1.6170522088471431e-01 1.5574832724649509e-01 1.5803525217179920e-01 -1.7963156446838760e-01 -3.6947873759887208e-02 3.5279424326734939e-03 3.7351137161708542e-01 -5.9203216801289530e-04 -2.5602697850968790e-03 6.4283496278191563e-02 -2.5323202347009049e-01 2.0213672727709039e-01 4.7571996657512133e-02 -1.1203934339523069e-01 -1.8936669715733120e-01 1.1210248748866811e-01 2.5657354581895681e-02
1.0952885033516070e-01 -5.5650431662781281e-02 -3.0174135638127031e-01 8.3634356158334242e-02 5.4146743409495962e-02 -1.0925745206027231e-01 2.4481158533660761e-02 -1.5622957111668870e-01 -2.6429237775604708e-01 1.7958252794713799e-02 3.0799935925130190e-01 -5.2851595658526138e-02 1.0465677915804340e-01 -6.4888734308560861e-02 -7.6032866563882862e-02 -9.1998208771907716e-02 8.2310723087015134e-02 7.1081227986374632e-02 9.5180995360837281e-02 -5.9701489504121373e-02 -3.5900734720882607e-02 -2.2237465583421320e-01 -1.0779951590727860e-01 3.2219946452955878e-01 2.5261417095547001e-01 1.5731698828003310e-01 2.2340656853774910e-01 -1.3781783651854079e-01 -6.9899097725451498e-02 -2.4504075598138358e-02 -7.7204789352778344e-02 2.9138785449848902e-02 1.9146412943319130e-01 -1.8436322056859639e-01 -2.1698662317541841e-02 2.0899928956562730e-02 9.4360744874887020e-02 3.3348004059872378e-02 -2.6823248508811343e-01 -8.8302562945450622e-02 6.2057290504709782e-02 3.0806074188201700e-02 -2.5024118185854538e-01 -1.8896134820039989e-01 -4.6203838409966981e-03 -7.7184891874897965e-02 1.6660103925892341e-02 3.0461057254237089e-03 -1.0549201189907620e-01 8.6739027246445000e-02
1.6727166946804539e-02 4.9650392321764693e-02 7.2889854290758269e-02 -5.0152501816906538e-02 1.9951086788372599e-01 1.4817847366001269e-01 -4.4258815577255813e-02 -3.5307302016281839e-01 3.9598868082262019e-02 2.8445901261591670e-03 2.3043977883287101e-01 2.6626985493768762e-01 -2.3443825902568341e-01 -1.9870853028353189e-01 8.5807386533304900e-02 -3.1677924618683712e-01 1.2051314570492801e-01 -1.0393090498063580e-01 -4.2116412555528893e-02 4.7711205073171899e-02 7.0703589440594267e-02 2.0434855933045909e-01 5.8868599663613977e-02 2.0373201405104721e-01 -7.5834024190866323e-02 -9.5614908232027437e-02 -5.6197620287995664e-03 2.4030212540499751e-01 -1.8039234796151750e-02 1.6084318839796599e-01 -8.1957819093685436e-02 8.7608789347020946e-02 1.7110390065203659e-01 2.9824657991675080e-02 -3.5922883527785193e-02 -5.2656904786326467e-02 -1.4858686025977219e-01 6.8809049783677634e-02 -3.2759289284705291e-02 7.6869317120326786e-03 -1.7523494983177640e-01 2.1196331161546719e-02 2.5040802908113569e-01 -7.1234750264554475e-02 1.0394405116457060e-02 8.6447376739124185e-03 2.2180822195908600e-01 4.4563358868044502e-02 -1.4654543715972809e-01 -7.0668171905838753e-02
1.6673417416478009e-01 3.4669869672612452e-01 -8.5008081992750270e-02 3.0832988754197987e-01 4.7119525374772167e-02 -3.1188961594742291e-02 -6.2369002258684192e-02 1.2183864928309750e-01 -4.6574110512044781e-04 -1.4744758274254491e-01 -5.4549410354638693e-02 7.1958533507898104e-02 1.8230166051276989e-01 1.7131667754842241e-02 5.6440865668780447e-02 4.4105141941836228e-02 -1.7116172045646319e-02 -1.2771734052565489e-01 1.0553205646173930e-01 6.8984443808393067e-02 -2.1731715403083901e-01 1.2799373041984541e-03 -2.0592925475162741e-02 -5.6564810685139078e-02 2.3652787489119149e-02 -1.8428292849974670e-01 1.0112524913647530e-01 2.1316800324891849e-01 2.9827815829827631e-01 2.3985470994214661e-01 -2.5868247343149320e-01 1.6223925403387901e-01 -1.2535622789168159e-02 -1.9446214191374690e-02 5.3163620018793316e-03 -5.9941835900375807e-02 2.0116436858211459e-01 -7.0244712031893733e-03 -4.2431605300363842e-02 -1.4032399970655041e-01 -2.3146164505454581e-01 -1.0345190702687400e-01 3.4739552956541768e-03 8.3274514343721504e-02 2.1089135834190031e-02 -1.2202201012197290e-01 -1.1660854065588040e-01 2.3702348278913959e-01 5.7068947935189740e-02 1.4209725258794301e-01
2.4917424324549992e-02 1.5581703174201941e-01 2.2045923585733471e-02 -9.3912431053361861e-02 -9.9487370358812319e-02 -5.5981686117027731e-02 -2.8358618142289538e-01 2.3085564522793950e-01 -2.5770039721697152e-01 1.5614709013338920e-01 -1.0380222488950390e-01 4.4415162566717431e-02 -2.8788126518131718e-01 -7.5556312568537079e-02 -1.4712215134067161e-01 1.5386426658440960e-02 -1.8597480998358451e-01 -6.2001069430819199e-02 2.1194624397911289e-02 -3.7156050792211952e-02 -1.1534077144226750e-01 7.3575169236045013e-02 -8.0820344752858819e-02 -1.9691246519853350e-02 3.3862101544424927e-02 -4.3284291326024377e-02 1.9390496945463581e-01 -6.1844079609101434e-03 -2.4507615881838411e-03 3.6140970196717420e-01 2.1374333356877800e-01 1.6820458845352510e-02 -1.1846378501719811e-01 -2.4445039683526559e-01 -1.4747732546065900e-01 -8.7545340522635715e-03 -1.6925431293472870e-01 -1.3163203020622360e-02 -1.4261621294961860e-01 -1.4286476694994590e-01 7.1347404702997885e-02 1.2092327523491780e-01 5.1312087267882993e-02 9.7517418359594668e-02 -1.2003658740787290e-01 1.9853089128027260e-01 -1.5753853654195710e-02 -1.6762090891238560e-01 -2.0367273840725930e-01 3.4691797994520143e-02
-1.7982121825290381e-02 1.8070150627013970e-01 1.1506854550333211e-01 1.3639483214082310e-01 -4.0485292798477911e-03 -2.5115917575163991e-02 2.5593944592605122e-01 5.8304471388532647e-02 2.4002202658789711e-02 -2.1962152858641941e-02 -5.5302683904971658e-02 8.4487604440337163e-02 6.7402447127580020e-02 -1.3279256866950750e-01 -6.3360757297507911e-02 -1.0668571889313309e-03 1.7827441472182731e-01 -1.5990063577711430e-01 3.3492169998580190e-01 4.4668897070448257e-02 2.0369522656323910e-01 -6.4798593671840474e-02 -2.6089009314911069e-02 6.2386810854050477e-02 4.4720179102637524e-03 3.7008255553821673e-02 -1.7288411568321599e-01 -4.1607152301800249e-01 -3.4259373106359410e-03 -4.4688858173887094e-03 6.9063058770803251e-02 3.8401329120356001e-02 2.0592665395517770e-01 3.8011578559243107e-02 -1.9784262840977779e-01 -6.5514409423306164e-02 8.1427371742815641e-02 -1.6755861517456969e-01 9.1694534560401112e-03 -2.8919426609264948e-01 1.7699556644500531e-02 -5.7519999984084143e-02 3.3763049814311152e-01 6.4021195820458121e-02 1.9797165963943011e-02 7.5547266680584313e-02 -1.3287825760242039e-01 -1.8030632018217030e-01 -9.1506195826187603e-02 -6.0546641775883377e-02
-2.0659874593527600e-01 3.1786901908660409e-03 1.2120479709412500e-01 -2.6965906940269589e-02 3.0042425596474780e-02 -1.3590286641724739e-01 1.4101368931012969e-02 -2.4859077449887849e-02 -8.1618107024911485e-02 -4.6063188663592332e-02 1.6608931646046771e-01 -9.0870224544972039e-02 -1.0273769686607000e-01 -7.2985236607086931e-02 1.0815058460349920e-01 -1.2078535499973810e-01 5.2715477834285049e-03 -8.7993089961151044e-02 8.9281636198091888e-02 1.0791425345650120e-01 -2.6070560566989232e-01 9.5928462641188553e-02 -5.0811559471303003e-02 -2.0556165710043350e-01 2.6882071328752859e-02 7.2764392036097261e-02 3.5844363251012222e-02 -2.5266467606766507e-01 4.1772079426423407e-02 -2.5048289330712392e-01 1.3720854844224410e-02 1.8674210897512231e-01 -2.9587785958333118e-01 1.4656332974543859e-01 1.3716579733424539e-01 -3.1864355793860311e-01 -2.3738063317886091e-01 -9.2121861156374329e-02 -2.0774941956874921e-01 -1.1639749675980540e-01 -1.1749714813228410e-01 3.8340663101984647e-02 5.2273110856720817e-02 -2.0876815407840951e-01 -2.0843925204713429e-01 -4.1743422398447097e-02 2.0422054241930380e-02 1.3580378049002281e-01 1.0797617277228340e-01 1.6311257437122201e-01
6.2306577747884402e-02 -5.8907604435112247e-02 -2.4271740136101111e-01 2.3375271978662929e-01 1.0726740174010230e-01 -5.5612197359406054e-03 2.5300210090766850e-01 -7.5303047754032904e-02 -2.1893011499297031e-02 9.9227586048575581e-02 -2.3176488116476479e-01 1.5883042192012420e-01 5.7093009596596279e-02 1.8082223172886530e-01 -1.1059571183140859e-01 -2.0221480889081181e-01 -5.2006482088983272e-02 -1.7791149910260939e-01 1.0393959652695350e-01 1.6583011359747599e-01 -5.4511078954841497e-03 -7.0444841371872846e-02 -8.0482118713100965e-03 -2.2476615506143000e-01 -4.4988349192267352e-02 -1.3404146073441020e-01 1.8619933224053981e-01 -1.5818379204895521e-02 -3.8416581154194590e-01 7.1349736237470679e-02 -1.3657511881141510e-01 -6.8191394159620722e-02 -6.0395287284859378e-02 -1.0807545379150220e-01 7.6797739187865602e-02 5.4435315998698552e-02 -1.6789965480035909e-01 2.0686621998461949e-01 1.7567776766249078e-02 -2.8417068105345202e-02 6.8636772495700923e-02 3.9217417574948087e-02 7.0284088617792340e-02 -7.7769201000485649e-02 -1.7498179579234791e-01 1.2538940840771040e-01 7.2485737916484258e-02 -4.1412119314885268e-02 2.8082569995939510e-01 -1.2127255710372210e-01
-1.3824341729650561e-01 1.1228566939456960e-01 5.3775024955857953e-02 -9.4196128027038584e-02 7.0329491353948573e-02 -2.7973702381036641e-01 2.4076900865597170e-01 -7.2756801365163437e-02 -1.2266483379208330e-01 4.1451624295377028e-02 2.6277775518034119e-02 2.5709702458731287e-01 5.7449065326436052e-02 8.4985093190600283e-02 2.8998478848289011e-01 2.6671610007027591e-01 -1.0084682963359110e-01 6.1650175422578501e-02 7.9815271450642489e-02 -2.7136116755485001e-01 -1.2969345503061261e-01 6.0180920577850058e-02 1.1660911568158069e-01 -1.7337099800766359e-01 -1.2269608809815770e-01 4.4465788824171161e-02 4.4980543995397491e-02 1.2050630310642201e-01 5.5582969870739433e-03 9.3990874170003531e-04 -1.2017037893236340e-01 1.6364529990611769e-02 3.6678197276057112e-01 8.7465867967805186e-02 -1.1818271431102320e-01 2.3258665583766911e-02 -1.2072680534182420e-01 -4.8746105161346788e-02 1.8863073738541181e-02 -9.7411551981362986e-03 7.2612494363057514e-02 3.7044822882999823e-01 -1.2716281383514941e-01 1.9805143871658722e-02 -1.1474289026629721e-01 5.3762518037181826e-03 -1.7868765282560470e-02 -6.4432822965178438e-02 -2.3607483626716080e-02 5.4552291271834211e-02
-2.0932670157256961e-02 -8.7799124768053974e-02 -1.9078762352281001e-01 1.0979976917093379e-02 7.3416116626036729e-03 -1.1976543583966680e-01 -2.3878659039849429e-02 -1.2462716311162921e-01 1.1461195664697230e-01 5.7485141332734843e-02 -2.2110005088874879e-01 -2.6149296194885219e-01 -1.0875304111770830e-01 -1.0074523202909519e-02 3.2975523338963017e-02 2.1760306167859189e-01 2.3736997527865469e-01 -6.0150384565834450e-02 1.7031058526926171e-01 -2.6889940675386448e-01 -1.9998015710838271e-01 9.1255846762837933e-02 2.7477466075496121e-01 -2.2433361546044719e-02 2.6507589858327318e-01 -1.0906788855869430e-01 -2.6726672530773019e-02 1.1458510766416410e-01 -6.8326614416458237e-02 -1.2289735936243900e-02 -4.2451110610790987e-02 1.3849621700482141e-02 -1.1301683947216480e-01 -2.1852891364012089e-01 5.9508705044368053e-02 -8.1528348004528392e-02 1.7769580986685331e-02 -1.8383179609622980e-02 2.5076931132169300e-02 3.3360476899512083e-02 -7.7677067729353760e-02 4.8999721176688903e-02 2.9034004101732819e-01 -1.7089748169766900e-01 1.3425571169653391e-01 -2.4531808012514891e-01 6.1989007140975043e-02 -2.3064510621177650e-01 -1.0111356093448370e-01 -4.2720296942219328e-02
