# CEC 2013 LSGO F08 shift vector (D=1000)
-5.1397565517524299e+01
-8.7930629044310606e+01
-1.5757002864080420e+01
8.9506642279553162e+01
7.4810102930701817e+01
-1.9353470927284351e+00
-2.8870555144626241e+01
1.4838916765792050e+01
-1.0061860549919579e+01
1.6647520111572280e+01
-1.5258294032936710e+00
8.1831856120382795e+01
8.6424626992891746e+01
-6.1023166425846739e+01
6.7064821497683738e+01
-6.3786155365669408e+01
-2.2942268276314959e+01
1.4989224087417140e+01
1.0053047562861310e+00
-5.4118855253905892e+01
-4.5432768928115188e+01
-3.6679305193099552e+01
-7.4063821911276158e+00
-9.8482502612674487e+00
7.5849310794005902e+01
5.4366044677257328e+01
4.4355337059366327e+01
-8.1039503697754398e+01
5.9104389247890680e+01
8.0827428153709164e+01
-1.4242649127928850e+01
-9.9746820293154187e+01
2.4528374541504029e+01
2.4929189062076880e+01
-3.5967311034897627e+01
-6.1219316268886217e+01
3.0537374524625829e+01
5.9255631838952219e+01
-1.6943407702464359e+01
3.7028792382089669e+01
6.7718770321844204e+01
5.6337852621275587e+01
8.9254349043036481e+00
8.2984913132752752e+01
2.4614838091453219e+01
2.1760537268382411e+01
5.4132529535630827e+00
1.7118048186520390e+01
-5.1785938285858947e+01
-3.5931599224961587e+01
6.1384364049249683e+01
3.3207773763106339e+01
9.4402631423413268e+01
-7.6392362835717265e+01
-3.9516262266923412e+01
5.0618077750826920e+01
9.1644678572312543e+01
6.8959528985984576e+01
-8.7407314397432003e+01
2.5375127744379729e+01
6.2978839055648109e+01
8.6742329166719287e+01
-6.4177230571385934e+01
2.6269801684159980e+01
-8.8572188355012855e+01
1.5607919413028981e+01
7.4760594371091045e+01
-5.8969203048074007e+01
-6.7200104473298097e+01
8.8429465210479421e+00
-4.3124928277400947e+01
2.3715591770747430e+01
-2.2582199038020252e+00
1.1764393403124020e+01
7.2304178872819307e+01
3.9663516567066893e+01
9.0118731653836747e+01
7.7781420288965037e+00
-8.9221731115344056e+01
1.0933113994438219e+01
6.7301586588885343e+00
3.2056263323335628e+01
7.0170277375102899e+01
-3.7792573310325523e+01
5.3050716720246427e+01
1.9606458449059652e+01
8.7437497493075128e+01
-9.9697555038908931e+01
2.1744118971774661e+01
5.0233172776192980e+01
-7.6864518013811377e+01
-3.3018955856931868e+01
-6.0935020755678103e+01
5.8527208030490677e+01
-1.3650415558955300e+01
-9.3411116259234802e+01
4.9662036813953407e+01
-7.5366417117550412e+01
-4.7602028161452942e+01
-4.0049888956730960e+01
9.6742722093130382e+01
-7.8849841076711385e+01
-6.3825799368984271e+01
-5.6161539290078217e+01
-7.0770482114765414e+01
4.2475830821770693e+01
-7.3066371216591349e+01
-9.2142481003082466e+00
-4.5735863811783908e+01
-4.0254133665116647e+01
-2.4182905190571500e+01
1.1896713925189029e+01
-9.2545843988909013e+01
-1.8572888322782241e+01
6.9872602239029476e+01
1.9956562565375329e+01
-1.0701114521195541e+01
-7.9300566420453976e+01
4.2132512047993544e+01
-5.0791882295417032e+01
2.6680198955656742e+00
8.4118092594827544e+01
1.6804482590820349e+01
-6.7153510894363009e+01
6.9685873837443609e+01
8.5873792603754335e+00
-4.5251761470439273e+00
7.9852980333355134e+01
-7.5428481793936113e+00
8.1279761800565453e+01
6.9538261588739857e+01
3.2944132503020157e+01
1.2260242587942381e+01
-9.7349858987332411e+01
-8.6055124729344428e+01
5.9493451708392961e+01
-6.9755998395875366e+01
-4.5646764708114922e+01
-7.6704078421939457e+01
-9.4734538791752485e+01
-9.2673000943709908e+01
8.4551838167229761e+01
-3.9221003024679129e+00
4.1177737191063777e+01
-2.1752567003389038e+00
-4.4870018969244207e+01
5.9579129959639147e+01
-1.4863917271633850e+01
8.5258038563219600e+01
-8.1213084582698897e+01
-2.3532962010500821e+01
-8.5117301850891181e+01
-8.5018896818819357e+01
-9.3952848390385995e+01
-9.8755359368692723e+01
-2.8346982511747298e+00
-6.1276150735355174e+01
7.6352742416038790e+00
5.9584733655485778e+01
-6.2542796297243029e+01
-5.5338280861263293e+01
-5.8690451475473282e+01
-8.8968536572786732e+01
1.8693428005185279e+01
-2.4922557108639719e+01
-5.5558244481265220e+01
-7.3064108178202062e+01
-4.9849148797624864e+01
5.1301526175975837e+01
-1.6943629239392541e-01
8.4863555908816366e+01
-8.7013646864883697e+01
3.1621398949220431e+01
3.5464274445888456e+01
-6.8192124211165122e+01
8.6182270640906339e+01
1.5104828634741841e+01
4.9224465400425309e+01
1.3368570821919979e+01
5.8980528923754862e+00
-5.8720503227088138e+01
5.8265068243046372e+01
-5.3713481089581059e+01
-5.3932013602533033e+01
-9.0186506187259354e+00
-2.0595222121298619e+01
-3.4810707257171508e+01
6.1791899145861784e+00
4.1426272699736039e+01
-6.1319725923423313e+01
-1.4771629866456660e+01
-2.0782916699909912e+01
-6.5178996297823506e+00
1.0446088856030819e+01
-3.9792926629182588e+01
9.4271873790102418e+01
-7.0574369566496458e+01
-9.3055602057986960e+01
8.7813562026350482e+01
6.9716706749027239e+01
4.7830702472308737e+01
2.0885609349850899e+01
-1.6732620126189140e+01
5.3285558428988480e+01
7.7363644092240605e+01
-1.0755925434967949e+01
-7.8847216309078377e+01
-8.4570557304828355e+00
8.1764878063889256e+01
-7.7243249987989088e+01
7.0976236510431406e+01
-2.6080680402900560e+00
3.0347707233764250e+01
2.1096787427579599e+01
-4.3573778477986824e+00
-6.7691682453355298e+01
1.2066887311361420e+01
-6.6826843424834379e+01
7.6093541538185434e+01
-2.0826812012401170e+01
4.0050517891254891e+01
-7.0302172005736836e+01
-4.4246235360270649e+00
-3.3147389879435522e+01
3.7170454905130327e+01
-7.7009330736321274e+01
-4.8733234509296011e+01
6.4470281538255094e+01
8.6721506379682111e+01
-2.1732281608932059e+01
3.1654968746985070e+01
8.9431459097651764e+00
-5.8664872105679947e+01
-6.0398737955426867e+01
-4.5310876797289721e+00
2.9160571692549969e+01
-3.3705078863747403e+01
-6.5602882646172304e+01
-4.6931203060335271e+01
-1.8447930491749350e+01
5.5762006077443218e+01
5.9497295159011138e+01
-3.3823292974379072e+01
1.2913291479948420e+01
4.5412956677818208e+01
-1.1398822714106480e+01
-9.4793436854300538e+01
-5.9810766612672552e+01
-6.7319410194405378e+01
-2.5138989486065888e+01
6.9655417360190555e+01
7.5466629689122740e+01
2.3279767952327632e+01
-5.3694188559652837e+01
1.7796105484673079e+00
-7.7911065318935428e+01
-5.1529890889501530e+01
2.9455742721928061e+01
-8.3183077116530910e+01
-8.3028746128134316e+01
-1.4131163024942619e+01
-2.5446912468445301e+01
8.9804482399402659e+01
9.9898935264624285e+01
-3.7478125701012416e+01
-2.2079170094890099e+01
-5.5802114021539939e-01
-2.6414987392270309e+01
2.0691485293585181e+01
5.7737197943466583e+01
2.5442432687904031e+01
4.0365794930603890e+01
3.4512747573319289e+00
-4.7100483646250701e+01
-1.1417259715536449e+01
1.6244406513050130e+01
-2.3081197404639980e+01
-8.5824836325166842e+01
-8.3425736882806206e+01
-8.5270062249882406e-01
5.8974684844621663e+01
-5.5366790433925381e+01
8.8025869944875950e+01
-4.2453662826839057e+01
8.3850149345448216e+01
-6.0738392484664608e+01
1.0900675238888420e+01
-2.8081805620281269e+01
2.0821785854993720e+01
-7.1053994397159769e+01
-4.4898606702592673e+01
-9.7487265192194343e+01
6.8572145777776669e+01
-2.5852709459538389e+01
2.8293375612953991e+01
-2.3227220380395568e+01
3.1231907510316471e+01
-7.9530438787811221e+01
2.6556292526431221e+01
-5.4936564680888701e+01
1.8203609789444780e+01
6.2507372998714430e+01
8.4812675276152362e+01
3.3514478825438410e+00
-9.8128828971413853e+01
5.3827986419223087e+01
8.9186467049614286e+00
2.9576597285747621e+01
-1.8057329666612581e+01
-9.5632026566712558e-01
-1.7950309878164390e+01
9.0638866010584380e+01
6.5456363332767069e+01
-1.9902732727569060e+01
-6.9117300263712252e+01
-5.5184629119783267e+01
1.6054812139384371e+01
-5.1746809654701273e+01
8.8874729253483494e+01
-7.0747423953006589e+01
2.5154708580957612e+00
3.4115702894417197e+01
6.5513632940810567e+01
5.2295966070619357e+00
9.2898154149599492e+01
-8.4530770992557777e+01
4.6922345621571502e+01
-1.6621945904466230e+01
3.1171477130869519e+01
5.0834251875457980e+01
4.0911292357778358e+01
-7.9018956720361743e+01
4.0032950539345521e+01
7.8848384707719434e+00
-5.2166946056223313e+00
-8.8687375198437195e+01
9.5799109496083830e+01
-6.5798161267910702e+00
-4.6298126400811910e+01
8.5245826589757840e+01
6.3229679571035398e+01
1.1686976259678730e+01
9.9789296866509332e+01
-7.5503317200344853e+00
-8.7711267062173846e+01
2.0487892193384909e+01
-6.0613040306201768e+01
3.7796887346285942e+01
-6.8577687298264351e+01
4.1599380989363013e+01
7.3945978687126129e+01
-3.7005409451019297e+01
6.0598806547585493e-01
-1.6238484220508340e+01
2.4950689504795680e+01
-2.7969954183126930e+01
-6.5940768645931030e+01
-1.0746626137704600e+00
8.2814990018817802e+00
6.1863073148273662e+00
9.9052555674507147e+01
3.4920118797867907e+01
2.2644287358171411e+01
-1.3986098735233609e+01
-3.4856500153918870e+00
-7.6619453059990690e+01
5.1300958296799140e+00
2.4143506226238109e+01
8.1735207145250328e+01
-4.0769309529684783e+01
-7.0166788162820353e+01
2.5763972991003801e+01
-4.4488750789292943e+01
2.3933386785292331e+01
-4.8082702751849617e+01
8.1628767074307717e+01
5.5563459447246792e+01
-6.5800064405785136e+01
-4.1552067361937929e+01
2.0036248425430920e+00
-3.5595106046713649e+00
-2.2818820202942032e+01
-7.1422961005938419e+01
-3.3295606015164992e+01
-8.2759609408908290e+01
3.2035008938916853e+01
7.9135375390558016e-01
7.7282514315038469e+01
-9.1474505451671291e+01
9.4680048048748105e+01
1.8810092678905519e+01
7.8995697493163590e+01
4.6092117109546912e+01
8.4959870543978965e+01
7.2254575603605375e+01
6.9604740901216005e+01
6.8205993493281852e+01
-4.2037532896484826e+01
8.5693235838128871e+01
3.0152557793107611e+01
-4.7609220939241183e+01
-4.8252344786250347e+01
-3.2561066244210068e+01
-2.4552636378883250e+01
9.8298560596435593e+01
-4.5125830974349071e+01
1.4648910507813030e+01
3.4656904514873787e+01
-4.1227476659568289e+01
6.7098589003221534e+01
-6.1756784657814073e+01
-6.2757416897370852e+01
-2.8672464724410041e+01
-5.1524846086145807e+01
-8.8815975223760461e+01
9.2387218859167788e+01
-8.1423442749073686e+01
5.7421826069828633e+01
2.3043546067664920e+01
-5.9036932196570213e+01
2.6190272124146830e+01
-3.3377320679665957e+01
-1.9705937338396659e+01
5.5149068036807151e+01
-1.8720360146834551e+01
-3.1198253776232590e+01
9.4995338159747718e+01
6.4668151882907225e+01
-1.0899769193104021e+01
-5.9697045339362603e+01
2.5902835890085999e+01
9.6225058574260586e+01
-6.7748484271806348e+01
3.7327997270421022e+01
-8.0983984221125681e+01
2.4711974126857442e+01
2.7833461576042421e+01
1.8919319807430441e+01
2.1319246234154310e+01
7.1112923526714724e+01
-4.6727502593087152e+01
2.2599678521885998e+01
7.4153711279340484e+01
4.7070309222167857e+01
9.4648200713272901e-01
3.8037964596391873e+01
-1.2314691982875861e+01
7.6421810164552056e+01
-4.4687257023432167e+01
2.6573861230623770e+01
7.2634271996454302e+01
1.7609731011659921e-01
-7.0900000706784141e+01
6.0802684068635259e+01
-1.5177698641176480e+01
-5.7245417861983668e+01
-1.3682417411582270e+01
9.8462964350526249e+01
-7.8739483457525026e+01
-4.4200581818967493e+01
3.8112720070194889e+01
-1.9826397752681022e+01
-7.6512160431277479e+01
-3.6536899893452691e+01
-6.6432196944330627e+01
9.4293094908743402e+00
3.8480306546315767e+01
-4.9608590275618212e+01
5.1019943462372503e+01
-5.1510616543001440e+01
1.3530615584539770e+01
-1.7082696802699051e+01
-5.4545449291088822e+01
4.8498802425692610e+01
4.3788629747435479e+01
-6.1513451712216629e+01
-5.3477345946026070e+01
-5.5204152443461062e+01
-1.3921235098872719e+01
-1.0624465233895069e+01
5.6493056620139427e+01
-6.0805907138914613e+01
1.4176468406437481e+01
-2.7956181929839161e+01
-9.4663031653782581e-01
-1.3061585003516541e+01
-8.7298612215732092e+01
-7.1266060452433393e+01
7.7364591075945455e+01
9.5602217847149333e+01
4.8322910611461197e+01
-7.3666513084317160e+01
2.7120561854093690e+01
7.7026345259246639e+01
2.1926221274642401e+01
3.2785395421722150e+01
-6.7110968332574970e+01
-1.5466088603088661e+01
2.6779193677311209e+01
1.2793781300350380e+01
-3.1647772016478189e+01
7.8100659545307465e+01
6.6705739752427831e+01
-8.7255211213180402e+01
-3.8220718934246371e+01
3.2551017554299690e+01
-6.4347238203670898e+01
-7.5025369622165869e+01
-6.3344456010023301e+01
-6.6941635554387897e+00
-9.5160928839008491e+01
9.6077114257148125e+01
-9.6964467173280383e+01
3.4869756855618057e+01
-6.4323990457603159e+01
4.5537076313067637e+01
3.8127676359525031e+00
9.5559635382496396e+01
-3.8463878221333466e+01
3.3524177844706067e+01
2.3033499279340589e+01
1.3444009946134321e+01
2.0780808871719199e+01
4.1496664842455061e+01
-1.2280155933765320e+01
-5.1081984423205560e+00
-2.5252407351926180e+01
6.7214384053012338e+01
-2.8541970377448301e+01
-7.1277505540671498e+01
-2.3698266361765221e+01
8.1514502788679110e+01
-6.7798475293507892e+01
7.0127472158887088e+01
-5.1542820898929747e+01
3.3985871441507243e+01
7.8450196474441540e+01
1.5887021182464959e+01
7.6652435586662833e+01
2.1975873335117289e+01
-4.5032652925783543e+00
8.8202031129646237e+00
-2.7942184998312658e+01
8.2355303190829432e+01
-6.1086379042056024e+01
-8.2360872534553920e+01
3.5845453752186479e+01
-9.3203231048011133e+01
-1.8136443082031941e+00
5.8894475939227341e+01
-4.3999165813122573e+01
-3.7574450998816502e+01
4.7518137227528271e+01
-3.0517816614020980e+01
-7.8914631160121502e+01
-6.7799883219200467e+01
-4.6077661820041193e+01
5.7052345305955683e+00
4.9467751265137593e+01
-5.2461071349050478e+01
-1.9727492397266978e+01
3.7264713286402923e+01
-2.1921103471581681e+01
-3.1701058870136789e+00
4.3987331446540612e-01
-7.6737958046107096e+01
9.3098584295701230e+01
2.9106480980558722e+01
1.7760822107584151e+01
-6.9212652119297161e+01
-6.7198074724033447e+01
7.4576148591404916e+01
3.6507254466500378e+01
4.7820798364809171e+01
-6.1377340436418123e+01
6.5248363706459628e+01
-9.0678902336646814e+01
-7.0236190404636190e+01
-9.7730681061530319e+01
1.1876658700339680e+01
5.1304191130320177e+01
-5.6658364530674241e+01
8.0064452141868841e+01
-1.9016695628731060e+00
-2.1650946341476509e+01
-2.3270065924124260e+01
-7.1932951258482333e+01
4.4217620105112893e+01
3.8514290312022759e+01
6.5152516061952269e+01
9.8985407041545557e+01
-6.5129000319860324e+01
-3.2878220131708403e+01
-3.0305124109828281e+01
3.0631560745378170e+01
6.8776399489354958e+01
2.6114882046770241e+01
1.4801568179414920e+01
1.6423309238998879e+01
-3.7351529810421582e+01
4.6275341541549679e+01
3.1206415317954271e+01
-6.0739827735720930e+01
-3.9248845028327203e+01
-3.6793827157166540e+01
1.3387799831978091e+00
4.6432814953654471e+01
-2.2020480166875860e+01
-1.9160188206740511e+01
2.7597465346099241e+01
1.4206703138618330e+01
-6.5128636660792978e+01
-5.1009739899151938e+01
2.8260143303690011e+01
-1.0955191955049200e+01
9.1862340923348128e+01
1.6567193855005531e+01
-5.2695715235975527e+01
-3.8606390425581317e+01
2.4741081014178679e+01
3.2616125585786809e-01
-1.0656378889249689e+01
8.8504934213931620e+01
-3.7544910182719683e+01
7.0145988134002941e+00
3.8614601096929917e+01
6.7081453203909945e+01
7.2236356350568428e+01
-4.0433451516927192e+01
8.4887324511705913e+01
-5.5896112567299298e+01
-6.8442386168795693e+01
-2.7203391102929739e+01
2.2001574085999689e+01
2.5324956273661620e+01
-8.3869232311576880e+01
-1.0741182959041780e+01
-8.0264102710894932e+01
-4.9458072384513628e+01
-5.4578973699537407e+01
-1.2726698681987999e+01
1.8297134564457329e+00
-5.4691733586984817e+01
3.0152753928326992e+00
-6.4393289194884147e+01
3.0938999460338930e+01
-3.9843192659197211e+00
3.7327672971346558e+01
9.9143891623777538e+00
2.7968352840374941e+01
-1.6646398570330501e+01
3.9828701643363540e+00
8.2039643654855638e+01
7.6194829518870250e+01
5.5957255363834321e+01
8.9570963548737090e+00
5.9922127896679683e+01
-7.0858196623515383e+01
6.0707400750776628e+01
-9.3109623687583394e+01
7.0533494780790020e+00
-5.5635964242903313e+01
8.2460593853767072e+00
4.8610403523681398e+01
1.9020685115304410e+01
-3.0247303806130070e+01
-8.3844620667546295e+01
-6.2169884109682513e+01
8.6925645625029716e+01
-1.6101695171606480e+01
1.1330095029260829e+00
-9.1468762403492249e+01
2.2209462978177470e+00
7.8355741615459380e+01
-4.6728207802329372e+01
5.6932723340935148e+01
8.3747168880172154e+01
-5.1386429435922679e+01
-9.7401344807279784e+01
-2.3665551388209821e+01
4.9001073645280568e+00
-3.7782591878946570e+00
-4.8366294839139123e+01
4.4827527448621247e+01
-5.1083048180247189e+01
5.6002652275551952e+01
-7.0411947281899884e+01
1.3942599353641780e+01
2.9124112043130928e+01
5.8263398634527150e+01
5.7230988935144094e+00
4.8224283253906028e+00
3.5957640726733388e+01
1.3919122384412390e+01
4.3601311122733719e+01
-8.6534506683654833e+00
-3.5377426633819432e+01
-1.5990244677312671e+01
3.1175001966653511e+01
-7.8215604108698926e+01
2.6714743583081439e+01
2.4623541926195930e+01
-5.3907146646264003e+01
-3.8879328462980728e-01
-1.2195197602950870e+01
8.0821153962827282e+01
-6.9907846844978735e+01
-9.7431523983460323e+01
-2.2622837695753709e+01
-3.4976932572511068e+01
-6.6870664066371404e+01
-9.4967221137132015e+01
-7.8310586945958988e+01
-3.7559479191442509e+00
-6.8529948293235293e+01
-2.9370438687524171e+01
4.3201814559300580e+01
-6.8204028912521224e+00
1.4188382023754929e+01
-5.0326092619865513e+01
8.4181884592998500e+01
8.0860746024004584e+01
7.5219428026543383e+01
4.2443920734204717e+01
-3.5110643494258632e+01
4.0173581573988557e+01
-8.7854160880048454e+01
-3.0192804296866139e+01
2.9537647208068758e+01
-2.4492965989732522e+01
7.3866610163781587e+01
6.3792712862881572e+01
1.8677682264694688e+01
-1.5856956579974391e+01
4.3345779939200732e+01
-1.8592706285792001e+01
-3.1279644415126249e+01
2.1498515375059231e+01
7.3370838930424171e+01
8.6628119219283732e+01
-7.8860291688268262e+01
4.9022086733271749e+01
2.5437876375449289e+01
-7.4545552074981671e+01
-7.6725010317550684e+01
9.5428521670960009e+00
4.4387099266306812e+01
-9.9108608322218956e+01
7.7457694634515178e+01
-6.5037710884533439e+01
-2.9868960477921959e+01
8.3592730795600417e+01
9.3235037915448217e+01
-9.6666570008546202e+01
-3.1252736596985290e+01
4.9450333210716600e+01
3.9495505477474168e+01
-9.9360953918714628e+01
-4.0719679563463629e+01
2.5327323156645360e+01
-7.3011118479588816e+01
1.1376795857890240e+01
4.4801249797728921e+00
-2.9031123515279450e+01
4.8470439446440771e+01
7.0487824960103680e+01
2.2755995479905158e+00
-7.8722043707748611e+01
-6.9530269474587399e+01
-4.0029263203745288e+01
6.5143101628240586e+01
5.1690464509014667e+01
-3.1096496026083329e+01
-4.5320675806320118e+01
-3.5004711342957563e+01
-6.4140429641220294e+01
9.4309615904137033e+01
-9.8984563669627207e+01
-5.1751521511668450e+00
-2.7406830030351401e+01
-5.3164088274282797e+01
2.6454713521865870e+01
8.4696088589416874e+01
-6.9014605550989288e+01
-1.0092955411264850e+01
-8.1888742061870843e+01
-8.2875044512152868e+01
-4.8864625914215829e+01
-3.3333720131242579e+01
-7.3297227799459364e+01
2.5721526000433741e+01
-4.3071758391282970e+01
6.2874562342927092e+01
-3.2695193233833457e+01
6.8243333529129828e+01
9.3804579345494489e+01
3.8390415974517403e+01
-4.1512553931518852e+00
6.4856795172385389e+01
-3.2329545781432188e+01
-4.2547769581636537e+01
9.0360103145548322e+01
-5.1965095835833750e+01
-6.9601776203440565e+01
9.4637563856445283e+01
-3.8899568091342587e+01
9.6544914288059772e+01
2.2881504524548149e+01
-5.5059870600173086e+00
7.6832824854316499e+01
-8.6578757977968621e+01
-3.5660770485127287e+01
-9.4412935653373779e+01
1.4869392312639020e+01
-6.8502966541765915e+01
8.6959105880269135e+01
9.3584237656164078e+01
1.7824305434569961e+01
8.9143049257198442e+01
2.2890534582570190e+01
-4.8987996954708763e+01
-9.2048598401466023e+01
-4.6238122588651223e+01
2.6979661142156729e+01
-5.6052909779489113e+01
-8.0821359738287946e+00
-7.7111774230068548e+01
6.4120982569814146e+01
2.9739844807403880e+01
1.5302657037607149e+01
7.7052278011228523e+01
-4.8542667114568538e+01
-9.0735910562111783e+01
2.0239072873628221e+01
-1.9162471013106941e+01
7.0184708920655865e+01
-4.9713224465713139e+01
4.8282586980201593e+01
9.0802546060854922e+01
-6.2168433762001087e+01
-2.1194252933879749e+01
4.2958344492545258e+01
6.2562782300977830e+01
7.2086834553001520e+00
-5.0765525447543872e+01
-2.8429135563492640e+01
7.4644947765737911e+01
6.5963345456298896e+01
-7.9041389032936166e+01
-8.2940186278283377e+01
4.9887875042099509e+01
-2.0483125695982430e+01
3.3099090385181491e+01
-2.7831332109891768e+01
4.0447886549991743e+01
6.7216047988303714e+01
-1.8101014247116321e+01
-5.6584265998577592e+01
6.1510311024229438e+01
-1.4031492013268840e+01
8.8586437815320735e+01
-5.7071382956234054e+01
-5.3105477656673692e+00
2.2684263093931019e+01
-9.6541084607399750e+00
1.9642148439326888e+01
-2.3473231584061612e+01
-3.8943282358487217e+01
-1.5728122710598930e+01
9.4805789663014423e+01
6.2796381055068139e+01
4.9854226497902253e+01
4.1070659615755183e+01
-8.3647133709022981e+01
8.0794425696405497e+01
6.9222292517516166e+01
-7.9008262014536514e+00
-4.8510428068011358e+01
6.5652057384444674e+01
-3.7075795325014283e+01
-6.4369683858407129e+01
-2.1000254887966150e+01
-1.7824541068331829e+01
-3.7389937496069070e+00
9.8920415622179434e+01
-8.9364772968437720e+01
5.0137814101979743e+01
4.5273098683225598e+01
2.1969581888791929e+01
8.2332755920040896e+01
6.8386219654792242e+01
-8.9526198585551356e+01
-1.9348447986587821e+01
5.3012061280721191e+01
3.1347630589366261e+01
-2.8821196989072948e+01
-7.8121619321706586e+00
-6.0542336617635073e+01
-7.4848878878350149e+01
-6.7927742421368734e+01
8.4781466875157392e+01
-2.5500074628591641e+01
-7.5655922224023058e+01
-8.5020259763640126e+01
-4.8777762159690873e+01
-4.2129486108859147e+01
-4.8357889917339421e+01
-1.3875447724025500e-01
-1.5794752674914159e+01
-2.5510550664410019e+01
1.2741146148447781e+01
2.8647968327931419e+01
6.3527453617449268e+01
1.6049747343001901e+01
6.0213494084841933e+01
-1.2456467738110170e+01
7.0416821784457667e+01
-6.6345276781303781e+01
-5.5415680947522832e+00
9.2304697638082814e+01
-3.3673650659564160e+01
5.6494461686368588e+01
5.0633459099036273e+01
-2.8531466362977930e+01
-8.2681374780313334e+01
-5.7943476278521103e+01
3.1653852779166250e+01
-2.7172195192464901e+01
-3.9818693543767417e+01
4.4440757555115972e+01
4.4335152965288103e+01
-1.3095928522288521e+01
7.3379971537119573e+01
-1.4365147084313531e+01
-5.2223304073248791e+01
-6.5727493548528813e+01
-9.5228845804089516e+01
1.5865946059856711e+01
-1.4179858361264079e+01
2.6018436175145300e+01
4.1236663320529082e+01
8.1140929710581574e+01
-9.8661367486883378e+01
6.0164653737003960e+01
2.4521055603124861e+01
1.6851447576531029e+01
-8.7266716030466558e+00
-9.9705722586018254e+01
1.7419375707245560e+01
3.4989582413413707e+01
3.0712683042492710e+01
2.5354198212684270e+01
-9.5454762175333883e+01
-3.7538871380434642e+01
-7.9514163741757997e+01
6.4763982793240487e+01
-5.0102002449924479e+00
-4.0609528700767328e+01
-5.6872874908716810e+01
-2.8811362004943448e+00
5.6009487307859096e+01
-2.3250416936399919e+01
8.2138166814300284e+00
9.0552071642879227e+01
1.3913823026093640e+01
-5.7007466685471748e+01
-3.7914143167713419e+01
9.3389999332410952e+01
-9.8409767522806916e+01
2.2272865483984148e+01
6.0939554023131677e+01
7.6626596118876806e+00
-6.7068265342623858e+00
5.6355174667772033e+01
-3.1421094063138149e+01
9.1196824292332295e+01
1.9379098180528661e+01
2.6267883697286019e+00
1.0289139173584870e+01
2.0899146776431831e+01
-8.5773562386845015e+01
2.3950661373317860e+01
-4.2289123676970789e+01
-4.1606364244426118e+01
-6.9127091731738815e+01
3.4738342970452152e+01
2.1662260449180561e+01
2.2114657775320939e+01
-2.6321549770062042e+01
8.3363550757715160e+01
-2.4620320863969091e+01
-5.1709650118998283e+01
-6.1111820157670927e+01
7.3510468504556997e+01
5.7692608799779332e+00
1.6428120073701219e+01
-5.0403929140155652e+00
7.8813769871914914e+01
7.6481772190627908e+01
1.2325747242010021e+01
