# CEC 2013 LSGO F08 permutation vector 0-based (D=1000)
265
826
861
312
208
138
517
819
859
310
798
776
641
439
695
477
592
512
325
961
953
770
27
323
582
680
3
569
319
304
710
79
607
366
811
930
600
620
904
184
553
976
998
594
883
163
354
519
58
207
822
177
993
461
220
246
105
684
394
358
769
333
767
166
479
649
133
426
552
772
9
257
990
691
296
493
269
791
744
400
382
121
547
225
22
862
276
139
248
971
178
315
68
591
272
301
546
49
529
497
533
820
527
980
509
342
640
893
8
660
219
254
271
888
960
631
685
245
540
797
92
14
367
234
495
416
555
991
494
324
621
492
878
992
538
815
735
191
69
299
428
639
273
112
830
837
921
645
823
868
690
786
525
360
747
135
967
658
510
175
686
111
440
617
16
318
63
602
978
444
34
145
698
160
239
282
651
308
363
966
200
949
551
349
721
704
117
794
955
19
122
206
168
985
451
857
657
267
194
515
926
804
722
347
47
536
474
827
929
544
441
911
956
151
780
256
575
593
886
114
456
287
238
211
903
88
950
142
674
817
185
348
222
60
62
480
564
885
901
647
954
32
336
286
880
66
486
937
535
124
579
283
115
850
875
782
609
251
275
608
870
418
951
676
714
942
468
792
943
741
541
146
446
982
611
422
521
650
970
588
7
17
90
2
478
860
919
263
56
59
612
221
250
169
760
703
572
887
343
828
897
548
913
485
585
500
371
170
634
96
37
297
599
731
664
489
116
665
975
157
432
196
789
350
391
670
85
508
278
795
962
667
294
150
532
783
364
543
255
636
793
31
656
180
705
6
136
654
571
589
483
502
936
545
668
890
369
743
773
999
13
303
0
198
229
803
406
689
501
854
330
81
188
847
586
838
598
334
466
99
723
164
984
281
892
711
748
450
20
573
242
907
203
108
876
361
412
940
337
968
268
317
443
802
719
61
835
109
127
928
958
697
905
831
775
457
989
706
322
566
852
816
800
305
858
390
11
155
895
601
846
965
464
977
352
154
57
398
137
498
511
260
252
131
587
41
259
595
262
341
313
458
969
829
226
328
825
148
356
635
812
368
173
231
709
48
914
264
677
673
44
176
761
129
877
981
307
327
362
523
274
972
900
476
174
833
867
796
29
217
89
404
580
806
120
752
925
839
682
395
42
790
448
799
470
869
941
986
491
756
21
201
84
280
945
149
424
134
241
843
147
80
473
824
435
243
626
718
524
679
249
87
742
35
842
516
520
696
526
158
732
653
65
193
384
83
141
490
874
596
751
392
419
187
93
172
948
630
805
577
75
807
98
733
864
156
560
810
784
421
43
873
23
702
186
898
503
655
625
605
597
72
227
699
102
708
410
202
652
126
559
4
409
661
627
437
436
471
614
863
935
36
637
38
549
801
340
763
938
675
408
230
385
396
739
159
638
5
162
754
633
407
550
293
531
125
295
964
934
946
777
45
845
481
401
906
288
834
871
292
694
266
397
908
570
717
737
909
403
1
78
712
724
610
576
584
896
218
932
413
672
52
688
606
376
431
785
24
167
663
118
326
728
377
402
46
247
209
335
973
346
179
414
76
106
345
365
95
101
659
427
727
487
415
762
445
472
933
189
100
927
153
613
849
375
666
771
788
693
917
291
809
749
678
104
568
103
181
506
378
755
12
851
372
279
912
454
204
753
574
152
629
716
253
662
957
922
460
988
300
618
872
730
374
996
182
453
91
51
74
309
15
355
320
140
832
381
462
902
931
923
339
107
987
499
646
759
475
561
64
947
417
787
447
881
944
40
628
442
734
389
537
916
197
813
855
143
302
910
848
669
290
393
314
963
411
841
578
778
210
258
882
33
563
183
484
939
518
132
434
779
351
889
750
244
781
818
53
534
866
995
504
10
736
643
997
235
615
425
700
233
681
583
26
370
539
420
590
270
28
556
899
522
884
671
224
496
513
683
726
423
558
865
232
918
894
469
316
632
891
199
110
128
228
701
50
764
216
25
581
388
338
530
879
449
67
70
165
82
289
616
433
236
713
814
774
514
603
554
567
405
237
357
840
644
119
386
212
757
853
542
622
715
745
144
452
642
195
306
465
687
746
55
399
952
856
836
467
915
171
562
344
482
994
720
383
190
379
54
285
215
331
959
924
261
979
123
768
321
223
459
821
86
332
353
380
920
463
604
97
488
565
983
94
765
329
707
557
192
113
359
974
648
738
455
619
740
507
844
624
298
430
77
30
284
725
758
692
528
71
766
161
205
277
73
387
18
213
808
240
729
214
505
623
130
373
311
438
429
39
