4.002936670043117928e-01 -3.135880006288863098e-02 -1.364549413184047433e-01 -8.124969746957662331e-02 1.527508645376801089e-01 -5.055162573468929832e-02 -1.171397913846788097e-01 -3.558371791862821598e-01 8.863987427617256443e-02 -4.509075534291114018e-02 8.520979676758265453e-02 -1.559664938399316254e-02 -3.994892228153593683e-01 -2.642730963811503742e-01 9.871069564599603552e-02 -1.514088735107733674e-01 -4.948944294770245972e-02 -8.122382732100634495e-02 1.483758946833725889e-01 1.018840959722191741e-01 2.015323252196744852e-01 -7.042441433451189503e-02 -1.126776641727479655e-01 -1.418626895227725025e-02 8.875010721612165698e-02 -9.836250289159148563e-02 2.703248779630632037e-01 3.961497353963608359e-01 -1.466365162874096358e-02 1.419291453169141959e-01
6.058793877568870168e-02 -1.941611181832608723e-01 3.065506453096623063e-01 2.334829947332442146e-01 1.596189985906212583e-01 4.132153630371980246e-01 4.457307485822046833e-01 6.683172873934420388e-02 -8.822313188668105821e-02 7.553828017962563313e-02 -1.231839045278056502e-02 -3.780145937807913303e-02 -9.443178545698173443e-02 -3.865827743377175246e-02 1.275110801612164002e-01 -8.387091080244893360e-02 -1.864730084131625554e-01 1.115041048646576716e-01 5.572367205558645398e-02 9.770521509131439852e-02 1.968687151816027325e-01 -2.134765225010688550e-01 2.503903299601220947e-02 1.890914355277846237e-01 2.305107309772148061e-01 8.089080676654192281e-02 1.090504175833934969e-01 -7.225649888697076306e-02 -1.375631767661794624e-01 -2.927732395713678049e-01
2.777356556858043626e-02 -4.050891009712091068e-02 4.001639482392398417e-01 -9.585028540290561894e-02 9.264766069477447467e-04 -2.578609632854612088e-01 -2.781052450990799674e-01 1.237977613570632324e-01 -4.264045494079761467e-02 -1.816602124143159580e-01 -2.113222568432888693e-01 -1.304943994294895104e-01 -7.979991838498666848e-03 -4.452035629632415670e-02 1.050168635534412254e-01 -2.482639798494041053e-02 7.780869724175402957e-02 -2.298614842130333735e-02 4.758028280684393208e-01 2.316182662240722778e-01 2.710314728091774983e-01 2.722891604281910127e-01 3.628894395163800857e-02 5.551135056470264673e-02 9.364155802802175133e-02 -6.509310759896025367e-02 -2.440617192571860883e-01 -6.910671380502604599e-02 -2.166691670799034825e-02 -2.061057119912715063e-01
-7.125756603491952001e-02 -1.748431085649285177e-01 -1.741129327706653906e-01 -2.708002453092881456e-01 -2.937202954113660169e-01 2.648509117137299307e-01 -1.008435670334990181e-01 -3.326500183313201714e-02 -7.069327253870662242e-02 3.924799382722002350e-01 -3.278779263208135564e-02 9.583835989656040721e-02 -1.625135737166838734e-01 2.257136900352716136e-01 2.580102863007679437e-01 -1.244419498393149887e-01 5.293364208319385061e-02 3.798492379907329047e-02 4.744793115700167430e-02 -1.426773057416628188e-01 3.694781170682885918e-01 1.468055670731734930e-01 2.059984839647501231e-01 -2.042719609577466622e-01 -2.041906758639797648e-01 7.172136170915317799e-02 -5.702804546620524051e-02 1.708919590423511881e-02 -2.016107160192280590e-01 -6.472893762253492667e-02
-5.850329133927337222e-02 -1.550631275565040323e-01 -1.996453450371609151e-01 -8.868026010703711215e-02 -9.813515455847575397e-02 -3.713067003453936199e-02 1.039440347259721481e-01 -1.518942820469150190e-01 1.576834512341333261e-01 -5.390379429668246125e-02 -1.126282683386564121e-01 -2.249196356176674516e-01 7.026288045139020277e-02 3.105510825333379285e-02 -4.871168763957024056e-02 9.068429467475218331e-02 -3.667567360144168842e-01 -5.796367925606065175e-01 2.215783142943139883e-01 -1.282757719387936091e-01 -1.415666393373812837e-01 -3.944388714162856691e-02 1.809991689846431329e-01 6.600044882705746740e-02 1.558146251151684425e-01 3.472720921514829140e-01 -1.274442419530981419e-01 6.783726896701418319e-02 -7.464651469788288751e-02 -7.960353199927047707e-02
-4.725112807338559782e-03 5.136063545573887890e-02 -2.494661293646625172e-02 -3.163328662263856783e-01 4.789668035258745626e-02 -9.903561302478917916e-02 2.502594976680107622e-02 -2.694042487363995098e-01 -6.562790793750719609e-02 2.293104397038149556e-01 -2.830290704248862310e-01 4.211898627591688371e-02 2.815275664004559530e-01 5.328439873033188889e-02 3.641872513217888629e-01 1.215563779115674536e-01 -2.248354366540371296e-01 5.550444156632970694e-02 -7.660969778743211001e-02 3.259315908305488591e-02 8.039876069896881305e-02 -3.121456472643924229e-01 -3.026093019864378730e-01 1.574716408569677151e-01 1.240891048375142303e-01 -2.512943016768406368e-01 -2.002743838488858508e-01 -1.015401356671567640e-01 1.634679235093508820e-01 8.092101389317038485e-02
1.419303484313744756e-01 2.268138333458552536e-01 -2.221750981009742998e-01 3.114053987504326049e-01 -1.466176435208219608e-01 -2.656348017978566456e-01 1.998198015442351760e-01 2.364014809196443301e-01 1.854848319088231445e-01 -7.382719390437217366e-02 -1.776845740862545153e-01 1.684840879291771287e-01 -3.261295309325553116e-01 -1.038747849974695943e-02 4.496555082590311669e-01 6.408275517933641197e-02 2.311933186868403087e-02 -1.160982961718057677e-01 -1.567582521128476347e-01 1.228487502247088969e-01 -4.771549208252883617e-02 -8.322629796511558931e-02 2.042304403660591128e-01 -7.351893518404412076e-02 6.471360667829831152e-03 -1.216859775185175491e-01 -1.896423201537172920e-01 -5.793213798663839759e-02 -2.411922937989279328e-02 -1.299112817405585207e-01
2.732699071956120052e-01 1.335007438410116820e-01 3.154329639344862768e-01 8.553368717322709647e-02 -2.086409907378206086e-01 -5.071688258774975644e-02 -1.485100254446411749e-01 -2.076725487233554990e-01 -3.681090980463616047e-01 -4.681871114724717176e-02 -9.875741607081364726e-02 4.097173127941170501e-01 9.237125318719223432e-02 2.370275054918688507e-01 3.200392304139715403e-03 8.277889154145803841e-02 1.331610195569871147e-01 -2.254781364834572144e-01 1.818667878197168658e-02 -1.867383530303805272e-01 -9.612229159806474910e-02 -1.730194123754734692e-01 2.440695851229351121e-01 1.397536816943707183e-01 2.651740261110767730e-02 5.593940015766160623e-02 2.536969386477487820e-01 6.991460118719707018e-02 2.683851310959678091e-02 -8.156421387597492800e-02
5.718006082044433530e-02 -1.217659745339644412e-01 4.709776603355044465e-03 3.615922036183759347e-02 -2.226202271450046510e-01 -3.462593065428882372e-02 -1.064716530827949370e-01 -1.644942244484244309e-01 1.664647447076596232e-01 -1.945646613159585370e-01 -9.761853051093360989e-02 -1.178647095378066584e-01 2.442201938912525183e-01 -1.445235099500482567e-01 -9.605243347953859590e-02 -3.857985227385393734e-01 2.451916655868451034e-01 -1.988346880527153693e-01 -3.410561515066514171e-01 1.495886307741669217e-02 1.640538399206665499e-01 -2.323053817457965131e-01 -1.883639274493829341e-01 -2.176445611757539533e-01 2.430931492545511385e-02 -5.339008428884035873e-02 3.576531736445923843e-02 -1.769828629532721465e-01 -1.955723818577731199e-01 -3.310847447397473053e-01
1.489335959717978317e-02 2.436652673630889943e-01 2.244330041782466034e-01 3.880571460844237097e-02 1.336973263913195098e-01 2.803741580599286576e-02 -3.063309008242769416e-01 9.333027808885029086e-02 -4.929626077743612216e-03 1.274406918708280434e-01 3.788967574091125501e-01 -1.353426923460689379e-01 -1.286542693818298055e-01 -1.055179525239483690e-01 1.143221491156240222e-01 -2.534126424464689387e-01 -1.905683703662799655e-01 -2.403930455626848151e-01 -1.632282520525077107e-01 -1.302830354290538395e-01 1.805134451510211069e-01 -1.739107251108999996e-01 1.747743974599836603e-01 7.609863087158670603e-02 -9.930959786167309691e-03 1.136530299823202278e-01 -1.431761005879743920e-01 -3.582560791336538708e-01 1.803946828779899036e-01 2.300124952383821031e-01
2.171244184464556082e-02 2.577682201582491839e-01 1.754774254752914098e-01 -3.097267608453529650e-02 -4.484185168441412461e-02 8.457379840382525660e-02 8.519053910841878352e-02 -8.650518298403991890e-02 -1.239001789454206685e-02 3.902555620481046317e-01 -9.090453359773406627e-02 -2.785271928332795910e-01 -1.118115524368335501e-01 -5.342051866374758484e-02 1.271435100598172496e-01 -5.419755818980522694e-02 4.111714239809631799e-01 -1.152809406105569506e-01 2.083640381623285409e-01 1.762548305025403994e-01 -4.259642852434521454e-01 -8.425809885661597609e-02 -1.732211514806459574e-01 -8.846100883564306239e-02 2.168839230246181159e-03 1.679833138370634416e-01 2.516481431643024375e-02 -1.016875067856453374e-01 -2.450069234207829239e-01 1.491375887756911378e-01
3.722443665361689358e-01 -6.151307118366244192e-02 7.092231036653172394e-02 -7.699512915316598927e-02 -7.294509659356346321e-02 1.297347164530811003e-01 -1.086611927278377659e-01 6.771492655031852159e-02 5.034325281820788422e-01 -5.668893225485003434e-02 1.546474711894585685e-01 -2.484864501343513610e-01 2.250860758009161910e-01 2.660931585524290433e-01 2.692995211449292770e-01 5.313558303361300833e-02 -2.445596592725229196e-02 1.979890505329134909e-01 1.200846504388632802e-01 -1.580168253731663308e-01 -2.075510715668089090e-01 4.861687259812543654e-02 1.352905176007281884e-01 -6.099899017244169407e-03 1.967640953224937192e-02 -1.447525825465532934e-01 2.659457290160373022e-01 -1.036953618689063078e-01 1.249655141706204203e-01 -8.721970022400457601e-02
-1.348087972376649790e-01 -2.006138436440474682e-01 2.473284804301547901e-01 -2.270275205634960380e-01 -1.663477971692537694e-01 -5.293275716937517056e-02 4.927734027563605845e-02 6.984002542622341769e-02 2.121381693227579746e-01 8.944929084025533828e-02 -1.792112730924977637e-01 1.690100465116043671e-01 -2.059247129823146283e-01 -3.539471620270789320e-01 -2.190343745478120704e-02 -3.034940458355168125e-01 5.338081514410043110e-02 1.188655236310043328e-01 -1.009586167584464594e-01 -3.804660564329240824e-01 -2.936530696206371416e-01 6.029866325552418055e-02 1.143399184912639310e-01 2.762494714630867043e-01 1.328631603567116681e-01 -9.937103547756485911e-02 -1.143281220740598320e-01 1.361696981270229811e-01 8.027013410177677444e-02 1.915638114397484257e-02
-1.484993501540922689e-01 -1.835029539910148499e-01 2.915402447412758849e-02 9.010291486767930957e-02 -5.905084389597229505e-02 -1.475230421048409901e-01 -7.135368661966622061e-02 -3.854914384419221712e-02 -1.384824212698570756e-01 -1.759876318898441205e-01 3.081636660764908511e-02 -2.182538122120864510e-01 -1.233724808016706115e-01 2.537860620703797365e-01 8.229835238086741223e-02 -2.652797531724017110e-01 -2.036380173824424988e-01 7.954884740220841133e-02 5.672505350183251749e-02 1.114293188876996910e-01 -2.059993151299438219e-01 -2.587066849440126659e-01 6.477623087175751922e-03 2.957882499849982527e-01 -5.388205952203793947e-01 -1.753506084736903559e-01 2.015867380980830396e-03 9.520505880912515095e-02 -2.360783507521865554e-01 4.202442876434837882e-02
-1.974131557441828611e-01 -1.130277239021598018e-01 2.087858390081813731e-01 -9.884613877786106381e-03 -1.507874305242150326e-01 3.339748749006770517e-02 6.551654587793549755e-02 -2.160977992628996536e-01 2.109980751919185993e-01 -8.564228495732714719e-02 1.494000327597071187e-01 1.250321063089703810e-01 -3.000859825059446484e-01 -1.657688855031300840e-02 -1.445407654792517926e-01 4.331534511795158138e-01 -3.205926940419388110e-02 -1.585523832323517124e-01 9.744963372954880410e-02 -9.744822456822892220e-02 6.716337431454708073e-02 -4.772887767322205044e-02 -8.241252098427137573e-02 -8.744619009092885475e-02 -1.618074163979511121e-02 -4.042658023716743099e-01 6.739540396048759874e-02 -3.634242875925805527e-01 -2.399457709751950940e-01 1.296119569770721458e-01
2.670080711592768830e-01 -6.867533677742781485e-03 -3.947127105293802840e-01 1.276957998010280759e-01 1.940277651550731744e-02 2.584612390411539229e-01 -5.168542518478834447e-02 -1.041385125800820509e-02 -2.416021615595189548e-02 8.804013273219882252e-02 2.999097239509777163e-02 2.209779636620300969e-01 1.975571124529119094e-01 -2.760119903823351484e-01 -1.753396832220613932e-01 -1.093471133415989810e-01 1.143513482535182813e-01 -4.109307510266624330e-02 3.720027611941262302e-01 2.299530969126114058e-02 -5.880126875579520102e-02 -2.951890706169899709e-02 1.026852041386024789e-01 3.048570670607259059e-01 -1.536783121131354013e-01 -2.328067168509325713e-01 -2.243547177773907442e-01 -2.796114758722487159e-01 -4.219188211531976762e-02 -3.185022416886511276e-02
6.316556237661907769e-02 -3.176314270073246071e-01 -6.571545759383809471e-02 2.092195971841947499e-01 -1.568735753616883888e-01 -1.407183024971138952e-01 5.759956904946235239e-03 1.299798981232672956e-01 7.294668614363349068e-03 -1.490848105259945204e-02 -2.482163029279614574e-01 -1.294065182840610784e-01 1.129394155827048302e-01 -1.570365743702097638e-01 1.479880681523613739e-01 1.566788581489234056e-01 1.773747321682122291e-01 5.975237300053351519e-03 -7.863849471631437216e-02 -5.368853112876257466e-02 2.668170425854252681e-01 6.004166214566614146e-02 -3.908192248652637285e-02 3.068191966318587482e-01 -5.428829804898293449e-02 2.529043195352146944e-01 2.827037140745983779e-01 -1.807495876145146785e-01 -3.439898760782487269e-02 4.811279475464880773e-01
1.474248306907621209e-01 -3.741267087053371521e-01 3.720253191625999545e-02 -8.751718906677233289e-02 2.373577683931937243e-01 1.215150975940876427e-01 1.571579792654237417e-01 1.666043470428868745e-01 -3.189207918998555880e-02 -1.796254507089334873e-01 -5.648075314447428136e-02 1.346563368031054864e-01 -4.284164382661498349e-02 3.930122592352822131e-01 -1.505918319488226513e-02 -2.383970427448799945e-01 2.270898706366606679e-01 -2.559584786752711616e-01 1.548522180123187639e-02 6.337184010444507631e-02 -6.507605950395287109e-02 -6.153162156931267501e-02 -1.893772447407313791e-02 -2.013219683628802992e-01 1.560978112713330979e-01 -1.417748588412751642e-01 -2.287556768394173601e-01 -1.542597366916527261e-02 1.215651737972890389e-01 3.945508806017018477e-01
2.160395744809768814e-01 -2.493498351470212759e-01 1.704528859551093789e-02 -3.370051390579063555e-01 2.453589902208699880e-01 5.589684835869201257e-02 -1.492226872753756595e-01 1.146897756271717389e-01 5.897510324360259043e-03 -1.326553892061644035e-01 4.038098158452540359e-02 1.459906384921105804e-01 -2.173817189809907902e-01 -1.189732361318180387e-01 8.350380966358317281e-02 3.302093890319093838e-01 1.189096159438083750e-01 -5.494059721733981529e-03 -1.499772180107643849e-01 2.767358192370898695e-02 -1.418336570272701602e-01 -1.590729029225204372e-01 -1.678277277908581111e-01 5.375315670105694499e-02 -3.105250189271661632e-01 3.757073487399203437e-01 -1.128311806809947221e-01 -1.423783322038381371e-01 2.683675075349209807e-02 -2.744732125304366610e-01
2.461048211619946968e-01 1.261647885315197726e-01 1.181547528201143393e-01 -2.689164434403065740e-01 2.902812137956516381e-01 -1.690490005786280114e-01 2.892310738146510185e-01 2.743060597141300794e-01 -8.980089281712855254e-02 1.551324854664460073e-01 -8.262523975503358042e-02 -9.308006564989651510e-02 1.834704851240132606e-01 -1.229873621474599915e-01 -7.656364726767410367e-02 1.402541869385293301e-02 -1.002841562259467467e-01 -2.779973696138004491e-01 -1.554786901874840865e-01 -1.493250511505961053e-01 8.471052032408968313e-02 2.025837170164077050e-01 9.812047050163195949e-02 -2.830264705101628864e-02 -2.742208796108087654e-01 -2.721292753545167531e-01 1.734016401380153172e-01 4.212063790351501524e-02 -2.986395911024279926e-01 -1.723065883184587282e-02
5.356323782196832639e-02 -3.288205988466906260e-01 3.189727615861177867e-02 -3.155368104505370391e-02 -2.111753762705750048e-01 -1.748616100785145289e-01 -1.353915632520503731e-01 2.732702760150840238e-01 -7.503670447338280092e-02 3.378592932049884756e-01 2.728733760540535958e-01 -8.428935850153072840e-02 1.232396370575813138e-01 -1.567902399369979771e-01 -1.272139576076338763e-01 2.264921751409556538e-01 3.046534401945295845e-02 -8.683680706850114076e-03 -4.643321859976025368e-02 3.131303069938493056e-01 -3.986865327391004438e-02 -3.560064217792249797e-01 2.475310825036219908e-01 -9.010248786423762091e-02 1.704781723092775592e-01 -1.590259102694864812e-01 -3.895769177993338439e-02 2.351567956541235904e-01 -5.798470745731780160e-03 -9.277356943631237876e-03
2.187603137355825789e-01 -1.454200866471594014e-05 2.591725214345530839e-02 -1.702890047319890743e-01 -4.236027208722271675e-01 -1.578221534995792597e-02 3.205254477543171832e-01 -2.360929224000920049e-02 -3.767233799465037336e-01 -3.237580819464729309e-01 3.775505891637389033e-01 -8.064045607144369743e-02 8.759796654769881619e-02 -2.219704496955662576e-01 2.157045147581661826e-01 -2.473296092536947030e-02 -8.797225979539605167e-02 1.075395202508085679e-01 5.404819038683464361e-02 -8.507697362130441088e-02 -8.192583223963781358e-02 1.242819308306347681e-01 -1.215213822150995743e-01 -1.384852025037479062e-01 2.649754984319641418e-02 5.557597155784506360e-02 -1.783736563077800708e-01 -5.048321263084454974e-02 -3.028603180503416231e-02 1.223912858494705519e-01
-1.401835364499973147e-01 2.495189418888384830e-02 -1.819451304979859685e-01 -2.027784718234479644e-01 1.628659764541416088e-01 -3.742296066138851574e-01 -3.143719757195886401e-03 1.608968814241302503e-01 4.456260637488910353e-02 -3.137303064957568804e-02 1.911764361257038414e-01 3.297394310122556682e-01 6.777383228680861071e-02 8.154447808463270719e-02 6.407931410670478223e-02 -2.105849280380867050e-01 -4.605237554452114995e-02 1.766504166167282286e-01 2.394212281751710025e-01 -5.081095167441405935e-02 -2.488543356740847978e-02 -1.777261968271217074e-01 -2.253853057868697440e-02 -1.541616065970571534e-02 2.876662677430225079e-01 1.868523399105155303e-01 2.501280271505499364e-01 -2.223567138478182992e-01 -3.861239719245769253e-01 1.202123848480198508e-02
-1.078137343773421658e-01 2.082023138594734368e-01 1.130962429668889296e-01 2.751830874849207909e-02 -1.237684606837425455e-01 4.493817700892540484e-02 1.562899329351488120e-01 2.766961859109238198e-01 2.715433664206746700e-01 -4.263098701681635599e-02 1.240100820486355893e-01 1.163576601271767430e-01 1.324846211605439916e-01 6.245685071172476718e-03 2.158913203801480184e-03 3.658241076403379727e-02 1.578016354741041960e-01 -1.216810229923686315e-01 3.081087413643158190e-01 -2.391844852227634488e-01 2.825186472055751241e-01 -3.447474369006612860e-01 -2.887947674614698701e-01 2.246230282980130749e-02 -2.464652393284476606e-01 8.222817323595908723e-02 -8.099385803722507216e-02 3.589207506760815902e-01 1.062073474428157777e-01 3.400832937528439071e-02
2.644918705059023933e-01 -4.796598392558924784e-02 -9.447502293903517825e-03 3.038380643068870901e-01 3.116856308170695006e-02 -3.031925947546217776e-02 -2.679814609755458710e-01 1.036718537858535433e-01 -5.253409435634587288e-02 1.412752463163296224e-01 5.915862253632712259e-02 -7.104110390033388511e-02 -5.396596180981983598e-02 1.812364975434420100e-01 -5.123087775889802881e-02 1.094725572006888387e-01 -8.134149117344323388e-02 6.145142264982903640e-02 -1.170114505044491243e-01 -3.666262121634925042e-01 -2.828883351451768821e-02 1.061405335084923129e-01 -3.628876866050162464e-01 9.830915516688429334e-02 2.334015372559740398e-01 -1.739464523192876810e-02 -3.322889619985829324e-01 1.542112446075852850e-01 -4.100025210708700407e-01 -1.598447024813733769e-02
-1.985297368979119792e-01 2.144264675064782855e-01 -2.617170673111121268e-02 -1.950085399938060460e-01 6.411078858443304551e-02 3.994248295693022532e-01 -1.966757769431623226e-01 5.696627329009996965e-02 5.126650060479793353e-02 -3.551665790474868301e-01 1.773117429075319815e-02 4.172051168998859583e-03 1.490882976946072414e-01 -8.624092437606113715e-02 2.206497566168644231e-01 1.392950518558618012e-01 1.357866927561323656e-01 -5.059402488325195901e-02 -1.894685887056625495e-01 1.515046825135394903e-01 6.014754700486448988e-03 -1.947052865056484589e-02 2.181980889162276338e-01 2.195598162198483805e-01 1.725533679609410620e-01 -6.657786277446382794e-02 -5.956974723286224960e-02 2.390107376589142574e-01 -3.829154313110643137e-01 1.608454423756769669e-01
-1.683682093857864770e-01 -1.561161863230023095e-01 5.143843874864720972e-02 1.879792094425525029e-01 -3.000784788505004783e-02 2.051719724366194986e-01 -2.695751917887465043e-01 2.381944487301119739e-01 -7.304901291607771019e-02 4.846746563100443744e-02 -3.311468188260477397e-02 2.665803206426656802e-01 1.239590675148824483e-01 -2.107379570026775839e-01 3.062641388401012299e-01 -7.527224997755017910e-02 -2.948169319212781136e-01 -2.716486288479870725e-01 7.524507292731155705e-02 8.949000131635186095e-02 -2.397549076999454520e-01 1.815079344909921732e-01 -3.142760470397711892e-01 -2.241171654710242545e-01 -6.170529264580843637e-02 -8.918008188947725012e-02 2.613361732994801678e-01 3.709044773696912323e-02 4.946543321227081513e-02 -1.104542459437195603e-02
2.006140571684951746e-01 1.643330581895149078e-01 3.937165089690811831e-02 -7.501977555946036380e-02 -1.334264018018436748e-01 1.830883320281448401e-01 -1.435907537387398902e-01 2.099718112754994370e-01 -2.267345394927729185e-02 -1.389224597800676753e-01 -4.672643438361770429e-01 -4.638856043952833963e-02 -9.546270897193384619e-02 -9.751273484279164572e-02 -2.690515756097622835e-01 7.596565891662585349e-03 -3.330610928007547988e-01 2.590626904475972769e-01 9.058852196640389265e-02 -4.348678813307129548e-02 -1.937783748241099502e-02 -3.045136136431383922e-01 8.459181502631890615e-02 -3.474247097922876226e-01 -2.588983749026213532e-02 6.624716168908470482e-02 2.139552654182918200e-03 -7.935086699898891149e-02 -9.770358797971336051e-02 2.194539318531472938e-01
-1.959447523056859763e-01 -1.430650359470529986e-01 -7.559892876535123651e-02 1.898130820843453026e-01 3.519368741851718330e-01 -4.877042598678279356e-02 -5.695288574080118599e-02 -1.209076391488045354e-01 -2.349154553095560427e-01 -9.084548929442590182e-02 -5.478740284815342837e-02 -2.162361678346709226e-01 6.790956539910063261e-02 -2.177248170878533506e-01 2.551321360014188744e-01 1.165965641812420489e-01 2.098919665502050336e-01 8.664895469156978780e-02 1.701288012824808682e-01 -4.635388285184663393e-01 -3.950192400699470419e-02 -2.009449710185992610e-01 2.313874324529181792e-01 -3.163591623172677947e-01 -1.762366416227586705e-02 -1.162787056999716323e-01 -2.129317338118510636e-02 3.425094128775418162e-02 2.711190313817862102e-02 -6.528676561421518920e-02
8.738914887380486163e-02 -1.039998889136238974e-01 2.859567539422338545e-01 2.045708263814882411e-01 1.413889418034383894e-01 -9.833492654977499248e-02 6.904934834420166367e-02 -3.415271458213614553e-01 2.982982092901049764e-01 8.059799280360628593e-02 5.238003876329914293e-02 2.924556940719516551e-01 2.917495123035596660e-01 -1.151932334835333166e-01 7.033531156547155605e-02 -1.355022105286074474e-02 -1.272952287957045403e-01 1.524995575416747129e-01 -3.814592147240487841e-02 1.448549117978015222e-01 -1.627132532550787034e-02 8.047783477083324255e-02 1.847459793537764017e-01 -2.108286414886706150e-01 -2.322194185148488688e-01 2.227186293735027578e-01 -2.724284996278448778e-01 1.008468735487502710e-01 -2.086604154036232062e-01 2.022676978588561492e-01
