3.682349398890141234e-01 -3.382624324461120380e-01 -1.508286667671640824e-01 5.924206399433757930e-01 -5.936577333001492179e-02 1.661762476446430187e-02 4.141854686490736293e-01 -3.959069387225295222e-01 6.515582002441057397e-02 1.998309949513839001e-01
8.077898829769938338e-01 6.296129490369219150e-02 -1.937869692945376476e-01 -1.220886927795450105e-01 3.670822088607432199e-01 -1.473255669458236605e-01 -1.425392828799741385e-01 2.726466420509196520e-01 -7.872197040991216199e-02 -1.837046106723922712e-01
-1.399691135813511955e-01 2.060622680562947950e-01 -4.651921857587714149e-01 -3.723247784696761542e-01 3.521479610161713514e-01 -2.510780524096296040e-01 8.038578984702407504e-02 -5.428568784830637428e-01 -1.219728121042017444e-01 2.825531297035259737e-01
1.586955991959867474e-01 -4.092446565589892282e-01 -2.794118949562415244e-01 -4.866405432250482388e-01 -6.574541101017588041e-01 -1.584709199307926530e-01 9.355154264330992064e-02 1.061712875758659413e-01 -6.704564448566373291e-02 1.027920292920047884e-01
-1.090171437076440791e-01 -3.170734774496786756e-01 2.607754199978409293e-01 1.531873195139558386e-01 7.403501314223226437e-02 -4.712277492037238447e-01 -1.628991340726958781e-01 -9.026456581748214247e-02 -7.172777799863613302e-01 -1.392892298933426365e-01
-1.977128288274544298e-03 4.670731787929032208e-01 -3.850471891982468753e-01 2.034450430929985176e-01 -2.844132519935349546e-01 3.451201204270530343e-01 1.566191709322967973e-01 1.057225239403619399e-01 -5.807815569181151716e-01 -1.384726835381251409e-01
-2.119412545103490919e-01 -4.825497863536169496e-01 -4.422192163771798690e-01 1.696956129218127676e-02 1.972449211553598536e-01 3.414890028686824452e-01 -2.414629237495538316e-01 -1.226109165410283197e-01 5.993521928923306596e-02 -5.421535742473422292e-01
3.230852015934468913e-01 3.776941259676216966e-02 4.328982567103321077e-01 -3.018096331045913572e-01 -1.320336135799462240e-01 4.576370039065117967e-01 -1.795137688857640912e-01 -5.688942366106541915e-01 -1.571185938642586932e-01 -9.101026326774856734e-02
-7.474686151500369025e-02 -2.999582015283532854e-01 1.614903298014069566e-01 -2.817701659872420272e-01 4.005323354637547739e-01 3.790608252317169136e-01 5.475095807433595363e-01 2.902330257883098952e-01 -2.651625049360239461e-01 2.013406707655791272e-01
-1.800014519781936370e-02 1.694782078894247479e-01 1.411365540136115260e-01 -1.518541734262232601e-01 -4.832801142384801629e-02 -2.810139608852859072e-01 5.929226034648695798e-01 -1.439490505532890763e-01 1.407153778488798301e-01 -6.742329802368923763e-01
