# CEC 2008 F05 shift vector (D=1000)
5.4015514199999996e+02
-3.2263378399999999e+02
1.2821109999999999e+02
-1.6821037499999999e+01
4.6955875900000001e+02
3.1451620000000003e+02
-5.2238801799999997e+01
-5.7779562799999997e+02
3.8568859700000002e+02
-6.6355962800000000e+01
1.3851881800000001e+02
3.5032444500000003e+02
5.0617556500000001e+02
2.8584869500000002e+02
-3.8848062700000003e+02
-1.1315254400000001e+02
5.2256363899999997e+02
5.0028532799999999e+02
-1.0767575200000000e+02
4.7237943700000000e+02
-5.3053043400000001e+02
-1.7655824100000001e+02
3.7579979700000001e+02
-5.8816643899999997e+02
-4.3333094199999999e+02
-3.5668173800000000e+02
-3.6153390899999999e+02
1.2455097499999999e+02
-2.7337448999999998e+02
-3.6142287900000002e+02
-5.8167128800000000e+02
2.9614281199999999e+02
-6.5884281299999998e+01
5.1817749400000002e+02
-4.0806789999999999e+01
-9.7620638700000001e+01
4.1546570100000002e+02
3.0182995600000002e+01
-3.5682317100000000e+02
2.0656496200000001e+02
4.0574213400000002e+02
-5.7643258300000002e+02
2.1753259399999999e+02
-1.4462277800000001e+02
3.9815522099999998e+02
3.3754607999999999e+00
2.5136567099999999e+02
-8.5329161600000006e+01
-2.3445916000000000e+02
-3.7241550300000000e+02
-3.6788261199999999e+02
2.1866786800000000e+02
-2.3668271899999999e+02
5.0008624699999999e+01
-4.1895242900000000e+02
2.3747817800000001e+02
-1.4595239900000001e+02
4.3201392600000003e+02
4.2438615700000003e+02
1.1227549500000001e+02
-4.1370603600000004e+00
4.7972300999999999e+02
3.8595499300000000e+02
1.7389246100000000e+02
3.8156920900000000e+02
1.9227306799999999e+02
-1.8963525799999999e+02
-2.5232892500000000e+02
-1.9056771699999999e+02
4.0894821200000003e+01
2.7253586000000001e+02
-2.2885180800000001e+02
4.0619525399999998e+02
8.1686953200000005e+01
-1.5550373200000001e+02
2.4328789599999999e+02
5.5885382200000002e+01
-6.6143754400000006e+01
2.3348068900000001e+02
1.4557215700000000e+02
3.5378529600000002e+02
5.4821213799999998e+02
2.7108418900000000e+01
4.5617064900000003e+02
-3.9245263000000000e+02
5.7569627600000001e+02
-2.7426328999999998e+02
-2.9720478400000002e+02
4.5089028000000002e+02
2.8476718599999998e+02
-4.3617750899999999e+02
-5.8589197500000000e+02
4.7267756000000003e+02
-3.6103431899999998e+02
-2.4153238500000000e+02
1.9373109199999999e+02
-2.5870969200000002e+02
-3.6930857699999997e+01
-5.2226265200000000e+02
5.8600192600000003e+02
9.9350017899999997e+01
-9.1804491799999994e+01
1.8614102599999999e+01
-1.9925822400000001e+02
-8.0512084700000003e+01
-3.2886015800000001e+02
9.5768247900000006e+01
3.1243801200000001e+02
3.5787740100000001e+01
1.6863179900000000e+02
-3.4911671500000000e+02
-1.4421795599999999e+02
3.3999437999999998e+02
2.1701490200000001e+02
-4.6685848000000000e+01
8.1394454899999999e+01
3.5305278199999998e+02
-5.2898088800000005e+02
1.2344290300000000e+02
-5.3967743599999994e+02
-1.0155016700000000e+02
-2.3400158800000000e+02
4.4924060600000001e+02
-5.8198860200000001e+02
3.2154046799999998e+02
5.6501392699999997e+02
5.8809911099999999e+02
3.4663403099999999e+02
-7.3609759499999996e+01
-2.0264358599999999e+00
-3.4324400200000002e+02
1.7219074499999999e+02
-2.1595730699999999e+02
5.5211832000000004e+02
2.7195812000000001e+02
-1.0565615000000000e+02
2.9347894000000002e+02
-2.7846329900000001e+02
-7.2090828500000001e+01
5.2005613000000005e+02
2.1999878899999999e+02
-3.4492816299999998e+02
4.0708588800000001e+02
1.5454151999999999e+02
-4.3947270200000003e+02
-3.5144072399999999e+02
1.2863873300000000e+02
1.5586541900000000e+02
-1.5542780900000000e+02
9.0177334900000005e+01
-5.8290207899999999e+01
-5.4732560999999998e+02
-5.6737785199999996e+02
-2.2477794200000000e+02
-5.8456491000000005e+02
-1.3923925399999999e+02
2.1973916100000000e+02
-4.8858904600000000e+02
-5.5759401100000002e+02
1.3487457800000001e+02
1.3024843300000001e+02
-5.8108821799999998e+02
-5.8037408000000005e+02
-3.7191049299999997e+02
1.0430216600000000e+02
-5.3090269200000000e+02
-1.5891835300000000e+02
1.5774139800000000e+02
2.6116130600000002e+02
2.3120327399999999e+02
-4.9910512699999998e+02
-5.4773820299999997e+01
-6.9806043700000004e+01
-1.7609945400000001e+02
-4.1567236500000001e+02
2.1077358000000001e+02
2.3905599300000000e+02
2.7301095500000002e+02
-2.5938742900000001e+01
6.5810383599999994e+01
-4.5474346400000002e+02
-5.9095270800000002e+01
2.5905953799999997e+02
4.7140992999999997e+02
-2.7227703600000001e+02
-2.9427684499999998e+02
4.3872417300000001e+02
-3.2117955499999999e+02
3.6584609300000000e+02
4.9007705199999998e+02
-3.2172681799999998e+02
-3.1282492300000001e+02
-5.4029461900000001e+02
-5.0593911000000003e+02
1.6897849199999999e+02
-3.7093611600000003e+02
4.1264339899999999e+02
-3.9131970200000001e+02
-3.9504862400000002e+02
5.9315458899999999e+02
-7.2250971699999994e+01
-1.9194246100000001e+02
-2.2293922699999999e+02
-1.6190593600000000e+02
-1.2811253900000000e+02
1.0983024399999999e+02
-4.5630405999999999e+02
-5.5424544400000002e+02
-4.9682454399999997e+01
4.4384082000000001e+02
5.2108382300000005e+02
-2.8266100100000000e+02
-4.0763959299999999e+02
4.4742630800000001e+02
-3.1454363100000000e+02
1.7499750000000000e+02
5.6026490500000000e+02
1.9791745399999999e+02
4.4445723099999998e+02
-5.8808723399999997e+02
-4.3558812999999998e+02
3.8250699200000003e+02
-8.3800741099999996e+01
4.6838606900000002e+02
2.8188985400000001e+02
2.2478831000000000e+02
-1.8466563900000000e+02
-4.0075831299999999e+02
-4.1326490799999999e+02
-3.7066042599999997e+02
-9.3058168899999998e+01
4.2717084899999998e+02
-1.1700015600000000e+01
3.7912172299999997e+02
-4.7076202299999999e+01
-5.1174743700000001e+01
-5.9173341999999998e+01
-1.0533712700000000e+02
4.8193178999999998e+02
-5.9329927299999997e+02
-2.4311318499999999e+02
-5.4100501299999996e+02
2.3181654399999999e+02
1.8012769200000000e+02
5.7958533799999998e+02
6.3207892100000002e+01
-1.1991178100000000e+02
-3.6145377600000000e+02
1.5024122700000001e+02
2.8003536200000002e+02
-1.4893742200000000e+02
-5.8814824499999997e+02
-9.6170632400000002e+01
3.0440355099999999e+02
3.5264613000000003e+02
5.0394864799999999e+02
4.1366580199999999e+02
-1.5869654100000000e+02
1.4496159800000001e+02
2.7753271699999999e+02
-3.6732818400000002e+02
4.8577480100000002e+02
8.3046899600000003e+01
1.5814791500000001e+02
-3.1870445400000000e+02
5.8538550600000001e+01
5.1790002300000003e+02
-1.9776308399999999e+02
1.8663726600000001e+02
-1.2971495200000001e+02
1.5277774600000001e+02
2.3889616500000000e+02
-1.2337925500000000e+02
-1.0364532600000000e+02
1.8625553600000001e+02
4.0510211900000002e+02
-1.5407036099999999e+02
-8.9696209800000005e+01
1.1359604600000000e+02
7.8886286499999997e+01
2.5985087700000003e+02
1.3573737800000000e+01
3.3168145399999997e+02
-1.2785428899999999e+01
-3.7691465899999997e+02
2.4076248600000000e+02
5.7925056199999995e+02
3.6796529900000002e+02
2.4428118599999999e+02
-1.8043536799999998e+01
-4.6246461499999998e+02
1.9782668100000001e+02
-1.6155133000000001e+02
-4.3194665199999997e+02
8.0127360400000001e+01
3.8760997700000001e+02
2.0873835900000000e+02
5.9933676600000001e+02
5.5396368900000004e+02
-5.2936540100000002e+02
-1.6762659500000001e+02
5.8215376499999998e+01
-2.8587651599999998e+02
1.1681381800000000e+02
-5.4086640399999999e+02
8.5268993300000005e+01
2.4102868000000001e+02
5.5474590999999998e+02
3.0062187799999998e+02
2.8799165399999998e+02
-8.1751937299999994e+01
1.6111914800000000e+02
3.6363160800000003e+02
-4.9934279199999997e+02
5.3455534499999999e+02
4.9913095199999998e+02
1.2238490800000000e+02
-2.9572730600000000e+02
4.4814096699999999e+02
1.6080852000000000e+01
2.7918077899999997e+02
-9.3328096700000003e+01
5.5364399900000001e+02
-5.1352891399999999e+02
6.4089561599999996e+01
-2.4961929499999999e+02
4.2955621600000001e+02
-1.9709383399999999e+02
2.1624462000000000e+02
-5.3586669400000005e+02
-1.7201335499999999e+02
-2.0344847599999998e+00
-7.8671354100000002e+01
7.4950100500000005e+01
1.3994535600000000e+02
-4.6399202300000002e+02
4.7790208899999999e+02
3.0546165000000002e+02
3.4934783499999998e+02
3.7794248199999998e+02
2.0400463800000000e+02
-3.5894830500000000e+02
-2.7229420599999997e+02
1.5148156599999999e+02
4.4222033799999998e+01
-5.2859513900000002e+02
-4.9324588899999998e+02
-2.7443019099999998e+02
-1.0911322100000000e+02
-3.1150259599999998e+01
4.9078721899999999e+02
1.1549656600000000e+02
-2.0525363700000000e+02
-2.6166689099999999e+01
1.1660493500000000e+02
-4.0626149400000003e+02
3.9536910100000000e+02
5.4734688800000004e+02
1.1465759400000000e+02
-5.6550214400000004e+02
3.7454138300000000e+02
1.3213629100000000e+02
2.4179112100000000e+02
-4.8936455699999999e+02
-9.0133030399999996e+01
-1.4930801000000000e+02
-4.0061510299999998e+02
3.9978175099999999e+02
4.0636764599999998e+02
-5.8063164899999997e+01
5.4792165799999998e+02
-4.2341611599999999e+02
4.4391951599999999e+02
3.2332368000000002e+02
-6.7006061200000005e+01
1.4474414500000000e+02
5.4202713700000004e+02
1.6801158699999999e+02
-3.0320684499999999e+02
-1.7675760600000001e+02
-3.7456742300000002e+02
-1.1226770300000000e+01
-1.0887080500000000e+02
-4.3769299500000002e+01
1.3313226000000000e+02
-5.1459784100000002e+02
-2.2286365300000000e+02
1.3006038599999999e+02
-3.8997578199999998e+02
1.4523292000000001e+02
-3.0484807899999998e+02
1.0482985800000000e+02
7.2641445899999999e+00
-4.2265291400000002e+01
4.9702716299999999e+01
5.3079188299999998e+02
-1.8988909200000001e+02
-1.1783478900000000e+02
-2.3077447699999999e+02
-1.0611844900000000e+02
-2.5687292100000002e+02
-1.2704686700000001e+02
3.6173826099999999e+00
2.6637581599999999e+02
-2.3254974500000000e+02
-4.6540354600000001e+02
-6.8052048099999993e+01
-3.9884937399999998e+01
-5.8239734999999996e+02
1.9686223899999999e+02
2.6887405000000001e+02
-2.6203967599999999e+02
-2.8581758600000001e+02
2.5016568599999999e+02
3.4063082700000001e+02
5.8338936799999999e+02
-3.1988753500000001e+01
4.8338260100000002e+02
-5.8729486600000001e+01
3.6542016999999998e+02
3.9463737200000003e+02
-4.0047586000000001e+02
-1.2731279400000000e+02
2.4908981199999999e+01
2.6174876699999999e+02
8.3027422500000000e+01
-4.7032592000000001e+01
-6.5631535900000003e+01
-4.9470647300000002e+02
-6.7820141699999994e+01
-1.6044018500000001e+02
-2.3695941800000000e+02
4.2221363700000001e+02
3.1137526500000001e+02
5.3971114200000000e+02
6.9526210899999995e+01
-5.8292038100000002e+02
1.1541250100000001e+02
3.7944685099999998e+02
5.7251082599999995e+02
-3.3371030500000001e+02
2.4442040100000000e+02
2.6473098400000001e+01
5.1947646799999995e+02
2.5602533199999999e+02
-3.2635331600000001e+02
-6.0429474399999997e+01
-3.9336036500000000e+02
5.6258417199999997e+02
-1.7314067499999999e+02
-5.4114380600000004e+02
3.0640628600000002e+02
4.7377531599999998e+02
-2.5662041900000003e+02
-2.9855934400000001e+02
5.1928342999999995e+02
-4.4282103699999999e+02
5.2898345099999995e+02
2.4222380799999999e+02
4.1721176200000002e+02
-3.4887403100000000e+02
-5.3889971099999997e+01
-5.0271152999999998e+02
4.2134688100000000e+02
7.4458411799999993e+01
-2.1684444400000001e+02
-1.5012088600000001e+02
4.4135483699999997e+02
-1.5338851199999999e+02
-5.1157193300000000e+02
-3.6019440500000002e+02
-5.4060806400000001e+02
8.0051734900000000e+01
-4.5369029999999998e+02
2.6534116300000001e+01
-4.5952781700000003e+02
3.2390217300000000e+02
-1.4993304400000000e+02
3.8806464399999999e+02
-5.4403662499999996e+02
1.1749591400000000e+02
5.3898047299999996e+02
-2.5344281699999999e+02
4.6659913200000000e+02
-4.7809742599999998e+02
-5.2162259200000005e+02
-3.1884032000000002e+02
5.1971810200000004e+02
-5.2424652500000002e+02
-2.8293880400000000e+02
5.9943800899999997e+02
-3.4561444499999999e+02
-1.9082417199999999e+00
-2.5141404600000001e+02
2.0730529300000001e+02
5.4958934399999998e+02
3.1986184100000003e+02
1.9934848500000001e+02
-4.4286621300000002e+02
-4.8550438000000003e+02
-5.8216279499999996e+02
-2.5416798499999999e+02
3.8007745599999998e+02
5.8258021199999996e+02
-5.7916476799999998e+02
3.8327151900000001e+02
1.4536644699999999e+02
7.2266449199999997e+01
-3.0716215899999997e+02
3.8640910600000001e+02
-2.8414568600000001e+02
3.0436144100000001e+02
1.9157375900000000e+02
-3.4312457300000000e+02
1.2254029000000000e+02
1.2592453200000000e+02
1.9140185800000000e+02
-3.7996364100000000e+02
1.6385628600000001e+02
-3.9562906800000002e+02
4.7521326999999999e+01
1.4807301899999999e+02
2.2306796800000001e+02
2.1281514300000001e+02
4.5219602900000001e+02
-5.8453139999999996e+02
-2.2751732899999999e+02
3.3489509700000002e+02
-2.3124469800000000e+02
5.1201397299999996e+02
2.1446385100000001e+02
-5.1081420900000001e+02
-5.1519696999999996e+02
-5.8568344000000002e+02
-3.2741554200000002e+02
1.9502396300000001e+01
-5.0154941600000001e+01
2.4384400600000001e+02
9.8980649999999997e+01
1.1047202199999999e+01
-5.1085246899999999e+02
-3.6811642399999999e+02
-1.4447504000000001e+02
-2.6827833500000003e+02
3.2505820299999999e+02
-2.2328401199999999e+02
1.6583186300000000e+02
5.8388023699999997e+02
3.4509642999999999e+00
5.3724405200000001e+02
3.9363101000000000e+02
5.0106864400000001e+02
-4.6430420500000002e+02
3.7455108700000000e+02
4.8991507600000000e+02
-4.1234865700000000e+02
-4.5345747999999998e+02
3.1519976400000002e+02
2.6616034100000002e+02
1.8196778000000000e+02
3.0482719900000001e+02
1.9579440900000000e+02
4.6019220200000001e+02
-2.7341107599999998e+02
-9.6680741299999994e+01
-3.4440760899999998e+02
-5.5728003999999999e+02
-5.0260355499999997e+02
4.2068013999999999e+02
-1.9175586300000001e+02
-4.0614026099999997e+01
4.9651588800000002e+02
-3.2570795299999997e+02
4.3445388000000003e+02
1.8794224299999999e+02
4.6941936299999998e+02
-1.4227778100000000e+01
5.9117477599999995e+02
-1.5200887100000000e+02
3.7653981399999999e+01
-3.8242040500000002e+02
2.3332022200000000e+00
-9.3366207099999997e+01
1.9251287900000000e+02
2.0838361300000000e+02
5.4879621899999995e+02
-3.6976110499999999e+02
-4.6654027400000001e+02
7.8064644999999999e+01
5.6299952699999994e+02
-5.7150735499999996e+02
4.4425898599999999e+02
-5.6774808900000005e+02
2.3434425999999998e+01
-3.6925029499999999e+02
2.5882685600000002e+02
-2.9919266199999998e+02
5.2063777900000002e+02
-4.3537282499999998e+02
2.5946807000000000e+01
4.7424202900000000e+02
5.3086470499999996e+02
-1.9789994600000000e+02
-7.5163411600000003e+01
-3.4612909000000002e+01
-4.2082759700000003e+02
-4.3696272699999997e+02
3.8997876200000000e+01
2.7094717100000003e+02
-1.2155633800000000e+02
-1.6989778100000001e+02
-2.5766470500000003e+02
4.4236229300000002e+02
1.5169521000000000e+02
-3.1059323000000001e+02
5.7369798400000002e+02
1.6860093599999999e+02
-3.2418162300000000e+02
2.1760218599999999e+02
1.9898809000000000e+02
-4.3833843100000001e+02
-5.7300804800000003e+02
-2.8536066099999999e+02
-4.6018180799999999e+02
-5.1681811500000003e+02
4.2351659699999999e+02
-3.8360319299999998e+02
-5.6109772299999997e+02
2.8071150799999998e+02
4.3820187300000001e+01
-2.6876440400000001e+02
-1.5785021599999999e+02
-5.8453643299999999e+02
4.6704730100000000e+02
4.3922472199999999e+02
-2.9490367800000001e+02
8.3376716000000002e+01
-4.0888221800000002e+02
1.1323729899999999e+02
-2.0267990300000000e+02
1.9033518500000000e+02
4.3636106200000000e+02
8.1147976600000007e+01
5.7657752900000003e+02
3.5019792300000000e+02
-4.1688765400000000e+02
3.9963267999999999e+02
-3.6976408300000003e+02
1.6678388100000001e+02
2.0280009500000000e+02
3.2650536000000000e+02
-1.4421870000000001e+02
-7.0097417600000000e+01
-2.0328007700000001e+01
1.2972678800000000e+02
-3.8880522999999999e+02
-5.9756932700000004e+02
3.4826880299999999e+02
1.6330202000000000e+01
-3.4412474800000001e+02
-4.7586024500000002e+02
-4.1119600100000002e+02
-1.1098202400000000e+02
-1.1069157400000000e+02
-5.3676877500000001e+02
5.3017818000000000e+02
-4.2003397899999999e+02
-1.3875114500000001e+02
-2.2672972899999999e+02
-3.9775866800000000e+02
4.7597777500000001e+02
-2.1273068200000000e+02
2.8079557999999997e+02
-1.0691498100000000e+02
-1.2024738499999999e+02
6.6266487700000001e+00
-3.9683296899999999e+02
2.9694588299999999e+01
1.6944319600000000e+02
-5.8056301900000005e+02
4.0422186699999997e+02
3.6415462500000001e+02
2.3734179599999999e+02
-4.5734662100000001e+01
-5.0086485900000002e+02
3.8486041000000000e+02
-3.6837597899999997e+02
-6.5574326200000002e+01
-5.8445060500000000e+02
-2.2950984399999999e+02
4.5042117999999999e+02
4.0231127800000002e+02
-2.0028591900000001e+02
4.5684639800000002e+02
-2.4375833199999999e+01
7.2980073300000001e+01
1.3909038699999999e+02
1.9427881800000000e+02
1.3995988199999999e+02
2.2216800000000001e+02
1.2183632500000000e+01
2.5675301300000001e+02
1.8249479399999998e+01
1.2703895300000001e+02
5.6004315599999995e+02
3.8654088200000001e+02
-2.1869918500000000e+02
1.0523612600000000e+02
-4.4375799400000000e+02
-2.9477489200000002e+02
3.6363707799999997e+02
2.0141507200000001e+02
-5.8364837699999998e+02
7.3895243699999995e+01
-5.4526874300000003e+01
4.8593906399999997e+02
-2.6140937900000000e+02
-5.2195877499999995e+02
-2.8089737599999999e+01
5.8045430199999998e+02
5.0681949700000001e+02
7.3435505800000001e+01
1.8278963200000001e+02
3.2721551699999998e+02
-4.7258904799999999e+02
-5.9871196099999997e+02
5.0116547500000003e+01
-5.9177065000000005e+02
-5.8394793499999999e+01
-3.6520553799999999e+02
3.4457175500000000e+02
1.4227514900000000e+02
-5.8137485100000004e+02
4.6902475800000002e+02
3.1404383000000001e+02
4.8844204900000000e+02
3.1028231899999997e+02
-1.4312407500000000e+02
-2.0266705700000000e+02
4.8941324000000002e+00
7.7482312800000003e+01
3.2063682799999998e+02
3.3584133500000002e+02
-1.9082538199999998e+01
3.6265586999999999e+02
-3.4785415600000000e+01
-3.5668932500000000e+02
9.5537871300000006e+01
1.9980031099999999e+02
2.1211834600000000e+02
5.3101349200000004e+02
3.2417824000000002e+02
2.8488517899999999e+02
4.3951472899999999e+02
5.8913798399999996e+02
4.7131183300000004e+00
1.5490266099999999e+02
3.5113238500000000e+02
-6.1620953900000004e+01
2.9228529099999999e+01
-3.9423213399999997e+02
-4.4320109800000000e+02
-3.3746265099999999e+02
-4.7342339700000002e+02
-4.3028897699999999e+02
-5.1638038600000002e+01
3.4575965500000001e+02
-2.6272322900000000e+02
-3.3025592300000000e+02
4.9064967899999999e+02
-5.9120538599999998e+02
1.0648720100000000e+02
5.0541444400000003e+01
1.8422877700000001e+02
-2.2387802800000000e+02
-3.2260941000000003e+02
-1.0072340300000000e+02
-2.4144145499999999e+02
2.0692366899999999e+02
5.2590897600000005e+02
-1.8822276800000000e+02
7.5555086399999993e+01
-4.5733373100000000e+02
-3.9717448700000000e+02
-2.6532549899999998e+02
6.8177589200000000e+01
-1.7293006900000002e+01
5.4266787199999999e+02
-3.2169498800000002e+02
-2.5609928100000001e+01
3.1826880800000001e+01
3.5126495199999999e+02
-3.6839081800000002e+02
4.9152053500000000e+02
5.0663567100000000e+02
-5.8408036100000004e+02
3.2105955999999998e+02
5.3681116599999996e+02
3.7596663000000001e+02
5.0859575300000000e+02
-3.6120328999999998e+02
2.0912597099999999e+02
5.1252370299999995e+02
-1.8742008899999999e+02
1.1339152500000000e+02
1.3858440400000001e+02
-5.9595110999999997e+02
5.7841508199999998e+02
4.7941570999999999e+02
2.3130881700000000e+02
-7.2415588099999994e+01
2.4122749600000000e+02
1.3165798699999999e+02
-2.4013720599999999e+02
4.2724463200000002e+02
-4.6551339600000000e+02
-2.5012750700000001e+02
-4.8306392699999998e+02
-1.2306243600000001e+02
-2.0002481700000001e+02
5.3308165699999995e+02
4.0626654400000001e+02
-2.8988711599999999e+02
-5.4852224999999999e+02
-5.9293825200000003e+02
8.9301560899999998e+01
2.9268234300000000e+02
3.6819694099999998e+02
1.6508477300000001e+02
-2.9847442400000000e+02
-4.2681545799999998e+02
1.8186135899999999e+02
5.3530431699999997e+02
3.7906415500000003e+02
5.1629647799999998e+02
-2.2807036900000000e+02
-2.7741946700000000e+02
4.3741242000000000e+01
-4.0406604499999997e+02
-3.4681437299999999e+02
-3.3982549200000000e+02
1.8214779500000000e+02
-5.3666857700000003e+02
-3.2485166400000003e+02
2.0091855400000000e+02
-2.2687958800000001e+02
-2.3204056499999999e+02
2.6481586099999998e+02
5.4528781200000003e+02
-4.4263392800000003e+02
-5.1806782899999996e+02
-4.4972727800000001e+02
-4.0061590200000001e+02
4.9370095800000001e+02
-4.3648767900000001e+02
1.4039450500000001e+02
-2.7722202399999998e+02
-3.3520316100000002e+02
2.5548122599999999e+02
5.8795730700000000e+01
5.2961810900000000e+02
-2.0416226599999999e+02
2.4538356200000001e+02
5.3211055299999998e+02
9.7913204899999997e+01
4.5618502200000000e+02
2.9953397300000000e+02
-1.4445918900000001e+02
2.7067353500000002e+02
-4.0464215600000000e+02
5.4744553499999995e+02
-3.6452540299999998e+02
3.3143100700000002e+02
1.3595485900000000e+02
-4.0526372300000003e+02
-5.6273513600000001e+02
-2.5364542200000000e+02
5.6527713500000004e+02
5.4059920999999997e+02
-3.2634263099999998e+02
5.5023130200000003e+02
2.1582991100000001e+02
-5.3403695000000005e+02
1.1980958099999999e+02
-1.2822480800000000e+02
-3.4156057800000002e+02
-3.8112045000000001e+02
-5.0789517100000000e+02
-5.9109156499999995e+02
3.4653959600000002e+02
-5.7865484400000003e+02
4.5352975900000001e+02
-1.7694987800000001e+02
2.6656772100000001e+02
5.6214100699999995e+02
-4.1319842000000000e+02
-4.0445335000000000e+02
-2.2392315800000000e+02
-5.6474214199999994e+02
-1.7084986000000001e+02
-5.6737152200000003e+02
3.5240042199999999e+02
5.9907690500000001e+02
-4.6771377100000001e+02
1.4712138999999999e+02
-4.4091378600000002e+02
-2.2796425300000001e+02
-4.3825477500000000e+02
-3.3200842499999999e+02
-1.2414385400000000e+02
-4.3782780600000001e+02
-3.1072957300000002e+02
5.1301937999999996e+02
-1.3067895100000001e+02
1.3515328200000001e+01
-4.8852466099999998e+02
-5.7396130300000004e+02
-4.0855820799999998e+02
4.1341913299999999e+02
4.5498417899999998e+02
-3.7561256900000001e+02
5.8956590300000005e+02
2.5443580900000001e+02
4.4563754000000000e+02
-2.4442578300000001e+01
-4.7940881299999996e+00
-2.5496176299999999e+02
-5.2687025900000003e+02
-2.8503875499999998e+02
-3.7648678000000001e+02
5.0050774400000000e+02
-4.5206556699999999e+02
-5.8386554000000001e+02
-1.5637113800000000e+02
2.3836932999999999e+02
4.6721665600000000e+02
1.1252462300000001e+02
-4.1197092400000002e+02
-2.1997269800000001e+02
-3.1992541699999998e+02
-5.8989352399999996e+02
-1.2371545000000000e+02
1.7984175700000000e+02
-4.9799927300000002e+02
3.2257140399999997e+02
5.6364204600000005e+02
2.5775667800000002e+02
3.3835421000000002e+02
-3.1492190199999999e+02
-3.6512308300000001e+02
-2.8414330200000001e+02
2.5654207800000000e+02
5.7311968700000000e+02
1.6454632899999999e+02
5.5108986100000003e+01
4.1766866900000002e+02
3.6251719000000003e+02
2.0196769200000000e+02
2.0517916099999999e+02
3.8477241900000001e+02
5.6456685000000004e+02
-1.5690005299999999e+01
3.8096224300000000e+02
1.6988540100000000e+02
-2.3238076899999999e+02
1.9311855900000000e+02
-1.7037946400000001e+02
5.2583931600000005e+02
-1.4799630300000000e+01
-4.9081157100000001e+02
2.0860094000000001e+02
1.7856382799999999e+01
-3.3410478400000000e+02
2.7001124499999997e+02
-5.1810406699999999e+02
5.5694912199999999e+02
-3.5081209400000000e+02
-4.0665812899999997e+02
1.6586565899999999e+02
-5.9972619299999997e+02
-1.9724046799999999e+02
-2.6988021400000002e+02
-5.4656697599999995e+02
-4.8732420300000001e+02
-1.0800312000000000e+02
3.8027078299999999e+02
4.4462048600000003e+02
-5.7293385499999999e+02
2.7261237999999997e+02
4.1761133799999999e+02
2.7432022899999998e+02
5.4611836000000005e+02
1.8762133299999999e+02
2.9076616000000001e+02
-1.8604078300000000e+02
4.6082634000000002e+02
-1.8330709600000000e+02
-5.2862798299999997e+02
2.6209750900000000e+02
5.4985715100000004e+02
