-4.784125568763586411e-01 6.036880733145656430e-01 -6.249577500520948209e-02 -3.682826141590309632e-01 -3.133292327645557096e-01 -9.677642981719880924e-03 1.802692069003369035e-01 2.239748710958140709e-01 -2.771077321030107066e-01 -9.708264451907631931e-02
8.367110314066295018e-02 -5.789325609851317389e-02 2.945654642065380635e-01 -2.086118080197781662e-03 -3.699469127539669611e-01 2.831672183903133355e-01 1.687120193002553392e-01 4.219190127894916764e-01 6.274710005457013740e-01 -2.926272469253800579e-01
1.558352146762073953e-01 -1.579904496037836670e-01 -6.813295596661880227e-01 2.409007894131298330e-02 -7.254043208537151732e-02 3.490526670704255929e-01 1.695559956983619387e-01 4.368384322464459180e-01 -8.563569988644767483e-02 3.632543180562989860e-01
-6.971051915176028346e-02 -2.085540720836901452e-01 -3.979360512694559149e-01 -6.449400751208456128e-01 2.712041788092076633e-01 -2.654974535059060128e-02 -2.146717132911773740e-01 -7.770392780536861110e-02 2.556487899024963428e-01 -4.308249028270927927e-01
2.645315807989559453e-01 5.709645988404220551e-01 -3.332879814627009996e-01 1.043591960845082628e-01 -1.516795242323444315e-01 -2.486535109431516066e-01 -2.274557740461613242e-01 -2.231879398029217587e-01 5.037244974958262622e-01 2.047636385264104408e-01
2.434615518966624370e-01 -1.533198691934822278e-01 -1.333268635929877599e-01 -1.177927689945698457e-02 -1.002797045602757675e-01 -7.132691286132771813e-01 5.783880524856920280e-01 1.175698713300234316e-01 -3.761368934027231603e-02 -1.752872329371653881e-01
-2.967850014206739329e-01 1.952273913133095382e-02 -3.613082157474358791e-01 6.476490783420095765e-01 -1.893684958559695847e-02 -5.698739799006377095e-03 -1.382142294242104941e-01 4.058344854207786290e-02 -5.639338492491006299e-02 -5.807091241430440975e-01
-3.188822504665104751e-01 -3.493967183933064380e-01 -1.585090303335340844e-01 -3.420698735406795671e-02 -5.700620882755215169e-01 9.600060447548662557e-02 1.912457687650621074e-01 -5.909393689441062580e-01 1.124693516867400905e-01 1.316065172251843773e-01
-4.309409876596432820e-01 1.158446071471326416e-01 -1.794720220941858554e-02 1.233139995879722062e-01 5.682813536786802677e-01 8.412058013224797681e-02 5.132476033236600399e-01 -9.164794998968760209e-02 3.851479095222430371e-01 1.875103127391213043e-01
-4.798422191104191881e-01 -2.799402888056295446e-01 4.375640472425120636e-02 3.130733926905854975e-02 -6.938638072474272167e-02 -4.585561407880288098e-01 -3.985423433137839089e-01 3.899521195755584202e-01 1.935976013915509386e-01 3.535862224289074707e-01
