1.526371417487148996e-02 -1.710716150690690940e-01 1.361157794653145570e-01 1.740936921180906427e-01 3.017163746599860752e-01 -7.306300206687221799e-02 1.396198033681098072e-01 2.168961034166965451e-01 -5.017988405913815370e-02 -6.665565123888722576e-02 1.106611972446141651e-01 -2.620027782905506863e-01 5.174669331381583082e-02 -1.050921235214511140e-01 -2.271942551169081337e-01 -2.077341204084046100e-01 1.999821483229209940e-01 3.056606606255989900e-01 2.715959806739320914e-01 4.559100422395550439e-02 1.434470449024840832e-01 2.085124231035248299e-01 5.122755425049266981e-02 1.994488790199952233e-01 9.248729234360092422e-02 -4.060479326933601474e-01 1.118498013383159434e-01 -2.068163991126936441e-01 1.109131724323933893e-01 7.533209230960213887e-02
2.231232240657412824e-01 1.568919283868476511e-01 -1.254220339048371102e-01 1.024760000311892433e-01 5.147348480473642324e-02 1.027330229918445130e-02 1.773388877189746859e-01 -6.895476764686078730e-02 5.677731326750461854e-02 1.014188396986837326e-01 -2.754089048571894405e-01 7.603914368888224640e-02 -1.263664525165281716e-01 3.118080401465371521e-02 2.241469671610956393e-01 -3.604389940495514311e-02 4.095830299380126549e-02 3.355362253747828927e-01 8.440368324911193265e-02 -7.675928098811311828e-02 -1.014624106926095282e-01 1.432227697898084129e-01 3.686558694535736480e-01 -1.079199258799894978e-01 8.431685249448933606e-02 -1.074314063344316700e-01 2.845385888729244916e-01 2.548937583747571400e-01 -4.455755621649566955e-01 -1.674097129693249975e-01
2.171836988435982829e-01 3.381632709304695922e-02 -1.271561781569983604e-02 1.530658285686390119e-01 -1.328558328462851323e-01 1.104129117825731199e-01 2.710581931156550439e-01 -1.161983195767740396e-01 -2.282502679180067329e-01 -2.029949206417932528e-01 -1.112125603309697813e-01 1.573237269664542470e-01 -7.314348918726479298e-02 -1.437733388812485096e-03 -5.020552976582288301e-02 -8.586144992318750502e-02 1.434012932921090444e-01 -1.695174796930604133e-01 1.094434830515863821e-01 1.096963521835545435e-01 2.421600064548835585e-01 -2.826574334074929973e-01 4.556344801610712897e-02 -1.350984786027424056e-01 4.841161896806003284e-01 7.942518568092343800e-02 1.253607978642481413e-01 -4.571292593295565865e-02 3.298970352282838414e-01 -2.571422955441766134e-01
-8.184049123512600332e-02 2.149490065677762962e-01 2.450661204514343883e-01 1.833222638113114200e-01 2.935478256963818255e-01 7.527068167397349407e-02 -2.530834756107060435e-01 -1.899600316296535807e-01 1.012967772911188002e-01 2.945505870984457264e-01 -7.379919094237623323e-02 8.507615804017229499e-02 5.398492059913051477e-02 9.570881246260394548e-02 4.062134151666017545e-01 -2.579006940508616341e-01 4.223079949179205789e-02 -1.702961798145030958e-01 -5.122568907979655611e-02 3.063414882323266530e-01 -1.104096148318031295e-01 -1.160562478272051251e-01 -7.251786089527960388e-02 2.994082192184824298e-01 1.284441074344760125e-01 -1.389603105100942204e-01 4.163543026911410011e-02 -1.109594746529982967e-01 5.154259220465585295e-02 -8.850792745373450843e-02
2.447040080296219722e-01 3.259863482514916908e-03 -1.388996183876389789e-01 1.739211730867262495e-01 1.159652353952763115e-01 2.186752641520694762e-01 -2.313718383147137236e-01 -3.489708950441224727e-02 3.068388055499938205e-01 -1.775360195352301551e-01 9.266665125751712140e-02 -5.514503482313298788e-01 2.026569006066518963e-01 -2.815528691717929244e-02 9.511511075917565561e-02 2.481814197481579665e-01 -1.852279252599821902e-01 4.034602269327397517e-02 -5.948397879655570319e-02 -1.104470655270815560e-01 1.406824013723960987e-01 -1.244704224445053881e-01 3.358591540819216154e-02 1.089569848483755571e-01 3.646203239888058667e-02 7.567125084980445837e-02 5.733707747338620542e-02 1.246644358289576010e-01 1.075789973970298075e-01 -2.937298220752138644e-01
4.028877156054683772e-01 -1.545681187067940721e-01 5.540499209389292828e-02 1.421783079610472109e-02 -4.634221155266630976e-02 -7.670185305350366023e-02 -1.299892159756965981e-01 2.386589475817038064e-01 -1.338234816425803164e-01 3.705817542033461032e-01 -4.258203671391735390e-01 -1.159303302176043216e-01 1.404766897733517386e-02 -2.224646324655623882e-04 5.015341533978199401e-02 1.982465078276324233e-01 -7.809842363674972254e-02 1.254623200725571430e-01 2.334689773220235687e-01 8.686475745527819092e-02 -2.002748967474572983e-01 1.135960119700334808e-01 -1.561860060330743649e-01 -5.965345310239011066e-03 1.612833358618730173e-01 2.314590731890888431e-01 -2.027746404388834633e-01 -7.144374801038175238e-02 1.827075219735607714e-01 1.268419322876431221e-01
9.295647264507446439e-02 -1.304692687743525814e-01 1.669376073616508915e-01 2.817547842672217251e-01 5.134779198200275369e-02 -2.269440111631179924e-01 2.740484440799762292e-02 -1.195019789190736592e-01 -1.569817518346047769e-01 -7.943370715335923427e-02 1.188501231234900812e-01 -7.823388735149794382e-02 1.858088307076242660e-02 8.000986191132933301e-02 3.309522281311772507e-01 -7.130596447676194882e-02 3.865620424738497873e-01 3.008176820535546012e-02 6.242828965644769273e-02 -2.402379155267941602e-01 -2.134568849218842351e-02 -3.183194137555227232e-02 1.585220226492358997e-01 -1.554959973376043025e-01 -3.888937421225263646e-01 3.150144688829877304e-01 -1.802706708564107974e-01 -2.313305309884965133e-01 3.348747220937959429e-02 -1.581846112065530829e-01
3.060759816281228840e-01 -1.329785422017993046e-01 -9.522871189698212113e-02 -2.368967249469084158e-01 -6.626949563833831047e-02 -2.737549941428467082e-01 4.152731082523903466e-02 -1.050479429016458119e-02 -3.235162729741983823e-01 9.640101287087173010e-02 2.045903631664331979e-01 -1.410049358949521103e-01 -3.985240575694840720e-02 -4.062827875338011485e-01 2.130235836069352129e-01 -2.165242089183516960e-01 -3.434020344605961950e-01 -2.140533811287380628e-01 -6.030506290255125551e-02 -3.168702433602221119e-02 -1.022344831458678188e-01 -1.765995039855124404e-01 1.563950945061242104e-01 1.091282316946946135e-01 -7.552950589193800635e-02 -2.043052487059466293e-01 9.706924736785210728e-02 -4.384225967197856455e-02 -1.942232784545910862e-02 -4.589865556509845762e-02
3.385793282460485693e-02 1.139076234435123236e-01 -1.137220221659989610e-03 -2.632241087104235655e-01 2.822713439397327440e-01 3.903234336828917406e-01 -5.243717273434413129e-02 -9.702801445524471269e-02 -1.239549046827327500e-01 3.431870985914164396e-01 6.401350144317749513e-02 1.144956162985818898e-01 2.028684872145867235e-01 -3.844316123689258541e-02 3.496290126207405452e-02 1.345818433060497546e-02 3.249854969853495368e-02 6.663365658714594242e-03 1.357676112787265799e-01 -3.327002647666258972e-01 2.122155785012427021e-01 -3.400972602352337476e-02 2.079722942294057464e-01 -3.119110194593968655e-01 -5.640351268823989850e-02 -2.098438823376268803e-01 -2.131570969682267669e-01 8.629792894286464344e-02 2.318979306275662788e-01 8.472895811573748215e-02
-6.912527360103511154e-02 8.565846940346293070e-02 -1.009018419161706870e-01 -2.876354460334564211e-01 5.487531570087536559e-02 -2.778859846297900837e-01 3.637773849909864887e-04 1.147624745782759026e-01 2.885058463519804550e-01 -7.825760352287378097e-02 1.032581280756588197e-03 8.018583895740526157e-02 -1.534476693536091646e-02 -2.577957738487942074e-01 1.506560558873132061e-01 -1.191487299363507696e-01 6.649902338516890110e-02 3.792278682945670054e-01 -9.804418493733815798e-02 3.525221793952018623e-01 1.724667103682220037e-01 -6.784869395999339192e-02 8.567189583173254186e-02 -1.207431230057882804e-01 6.576052155665955412e-02 5.567421431986512709e-02 -4.256828157441876481e-01 6.496847249019678527e-02 1.438557393264059403e-01 -2.241773400820476214e-01
1.354447156856561536e-02 -1.751134456106470116e-01 1.138421586332879071e-01 -1.898025096788038268e-01 -2.472666336619887273e-01 1.967464396051934739e-01 -7.225786305581412272e-02 3.154127167555711431e-01 2.806673901622577794e-01 -1.041385440903438014e-01 -7.042929411052931132e-02 -2.225831873557841400e-01 -1.657685576407385286e-01 2.311557393737331545e-01 1.703193776508615254e-01 -4.624573438160511918e-01 1.397853618082617322e-01 -9.601837875650258425e-02 1.335451180085563821e-02 -9.121224467079398768e-02 -1.027953433191194782e-01 -1.673262693783361121e-01 2.212630074160647220e-01 -6.361077614157059634e-02 5.096454664401777607e-02 2.101236982920174148e-02 4.636374615710467384e-02 1.553667638044246013e-01 1.184051303043799908e-01 2.748217575493163700e-01
4.097329099619263781e-02 -2.119538596495200156e-01 -2.314655816055759263e-01 6.991770753577965236e-02 1.068560895710863740e-01 -2.056063698582858909e-02 9.810469441536341650e-02 -4.164909907482230444e-01 2.181965871393805045e-01 -1.587816830973254878e-01 -1.184470169574448617e-01 -4.101131161242590334e-02 -9.071667134812631816e-02 -1.786115288757648967e-01 2.165607551799068886e-02 -5.715398305562506727e-03 1.753305822848559847e-01 -1.302292073608053713e-01 -1.014855053283360842e-01 -2.565703500432434669e-01 -3.321012226764078479e-01 7.846420163859860186e-02 -7.819823373088390095e-02 3.369924016372193021e-02 3.157653474705460761e-01 -2.074198942275271018e-01 -3.791660554479904799e-01 -4.187048700858115452e-02 -2.981256471016156123e-02 1.848494234531443403e-01
2.037857393576226195e-01 -2.604198367089565758e-01 2.577694486407965391e-01 -1.483256671065807664e-01 -7.389480739275901267e-02 -5.337798487883833182e-02 1.286776226401878664e-01 -1.754660592116655815e-01 3.798196235924274911e-01 -5.112597083218818617e-02 9.253222968902312731e-03 1.879472532747287206e-01 3.821473287363277849e-01 -1.262511890772949341e-01 1.792907562598215210e-01 6.772845277905772954e-02 -1.214790258926810428e-03 -1.320190440197913442e-03 -3.488909293399823641e-02 9.425258771727046403e-02 1.222632503324815566e-02 1.762896177443392387e-01 -1.904029660749208264e-01 -2.971019651446246135e-01 -6.217121839008622058e-02 -5.790757272886786627e-02 4.001783034857656074e-01 -1.041315240059142583e-01 1.082894066257954618e-01 9.884793262821119086e-02
-1.699903215333236142e-02 4.620092125706136421e-02 -1.436802026877612715e-01 2.345973994330850798e-02 1.829708725429588234e-01 2.086856346138142582e-01 3.490208834680994521e-01 -1.304175402331385902e-01 -1.438833420645066197e-01 1.547698466968226994e-01 2.943542566679558936e-01 -3.387574702932018567e-01 4.318984913310769391e-02 3.039871526092952428e-02 7.160371085806963021e-02 -1.543819647197365863e-01 -4.965581131005398358e-02 1.051997782159122402e-01 -1.639033474108737565e-01 3.223198331045712961e-01 -3.252967441453878672e-02 6.256617751027374053e-02 -8.925917058490737133e-02 -2.226804555586552326e-01 1.428364675247462134e-01 3.693750207227012861e-01 7.682912986847301867e-03 -3.185477988352534290e-02 -1.428642466604114480e-01 3.123853786921691467e-01
3.026601008819963801e-02 -1.539006720868907052e-01 -1.315651299854238374e-03 7.718864120974262832e-02 -5.202991580209541389e-02 3.065042570366625641e-01 4.428176653411898256e-01 1.448666023986357465e-01 2.546039695814883430e-01 3.063641756299579910e-01 1.688108953592280803e-01 2.377894220311184414e-01 -3.818733120720624319e-02 -1.504018435437377565e-01 -1.087761806111837981e-01 1.572919893927328741e-02 -3.217999271535523374e-04 1.022269002407007743e-01 -8.590537989112534412e-02 -9.860860774016085017e-02 -2.466222453053486530e-01 -1.167414638363830498e-01 6.752264536049350230e-02 3.774681431350774830e-01 -1.484548171692471885e-01 1.659977923387324639e-01 -2.472069551625482448e-02 -3.516512256318363866e-02 1.578003351390017683e-01 -2.245929425229391541e-01
-2.093202368501128133e-02 -2.921450642497226413e-01 -1.118749854025442164e-01 1.176503263454384135e-01 1.293720291375766718e-01 6.824777607709947569e-02 -2.303847287805311783e-01 -5.540543886562286635e-02 6.553028480945283230e-02 5.348918876279355056e-02 4.481104749978852969e-02 1.657559343570375321e-01 -2.043096622914516991e-01 -2.837857937664647889e-01 3.347551904380862559e-02 1.090881227979923346e-01 1.290824503280988689e-01 1.642754068387170807e-01 2.556666223307327290e-01 5.426050915892877136e-02 1.956813420657219915e-01 -5.405772565041095934e-01 -1.467510279632759929e-01 5.132943626472780824e-03 -6.038005079195599839e-02 9.289931438747807413e-02 1.465626881681593163e-01 7.121233451772866763e-02 -2.284578236011181873e-01 2.886544781856971165e-01
-2.671692937714896243e-01 -1.927698461518011497e-01 3.080605046937710534e-01 8.913052160124065870e-02 1.484933179038652185e-01 -4.417727792628147561e-04 1.061957508711110776e-01 1.622131387804545966e-01 -1.183117986271271099e-02 -6.764228485937580360e-02 -1.021197098855231855e-01 -7.282129819255747649e-02 3.545540226143568674e-01 -8.817083252161364570e-02 -1.550232334954360358e-01 4.773981094626112559e-02 -1.603504749003664132e-01 -1.934187363061221077e-01 1.787923834248756338e-01 1.216953782704132125e-01 -2.907168128443527455e-01 -2.689550420234617656e-01 1.979481350543725038e-01 -2.584244723775261376e-01 1.134856363836689030e-01 -7.202072660149088507e-03 -1.749427630167481595e-01 8.259050032404770258e-02 -3.000870972045122098e-01 -1.886911559780231340e-01
4.414888009747415520e-02 6.162894004013009380e-02 -5.678576584229877433e-02 2.708334164164117319e-01 -3.183873299795607435e-03 -1.057163138049962703e-01 1.726993446144156341e-01 2.121075967770864601e-01 2.942520751400384271e-01 1.809257415522318169e-01 1.760440470231887725e-02 3.578367646792295076e-02 -1.597694819645651410e-01 8.481068403073911688e-02 6.938602460071593980e-02 -2.373807094965523223e-01 -3.521325562462824244e-01 -1.546874266057317038e-01 9.773940868824053385e-02 -2.517050742123749241e-01 3.223170510865062677e-01 3.982297611773274494e-03 -3.240737115294888837e-01 -2.410208003398960075e-01 3.364422917392221463e-02 -8.317929452870945206e-02 -1.704586221623608788e-01 -2.077107034920953610e-01 -2.027390318265624714e-01 -8.762435183647401815e-02
1.470388576592466523e-01 8.773237949849536921e-02 5.078973110963853621e-01 -2.698502409996151874e-01 2.923466638168083914e-02 -2.645904149426534999e-02 2.015579623485688476e-01 -3.198567748971130609e-01 1.840283035331021291e-02 7.231157058253008529e-02 -1.968975195150756696e-01 -2.952290012495480953e-01 -2.872867010899133877e-01 8.084721108852017946e-02 -2.423004115101602685e-01 2.169141366460368078e-02 1.937958250207982500e-02 1.394942027801854834e-01 -1.399175755861581383e-01 -4.397714874530155027e-02 7.692933066033195988e-02 -2.637498953853369410e-01 -2.090633936489516287e-01 1.768295740821795164e-02 -1.563372027511471807e-01 -9.050673984533803840e-02 -6.046545379628437411e-02 4.826354259602753244e-02 -9.162457607335647292e-02 -8.836274691581881557e-02
-4.104436454099588127e-01 -1.407590444104977190e-01 -8.346481835936120364e-02 -1.985077956156517665e-01 -7.550661627919111329e-02 -1.967943198883446709e-01 -1.860143053749384878e-01 -1.270968522570294634e-01 2.596332051961633414e-02 3.406090594688261364e-01 8.475905514764366100e-02 -1.727641023601326209e-01 -6.736282188589125253e-02 2.584390987882042093e-02 -6.340960422890765114e-02 -4.660762716428581282e-02 4.962316267355235122e-02 1.724657603610985357e-01 3.069697063662235256e-02 -2.795445405607553946e-01 -1.194913391040532818e-01 -2.463343615403782230e-02 -3.709287449144116344e-02 -1.326549540504693148e-01 3.378689343107808551e-01 1.444072220145982410e-01 3.093517523843443695e-01 -1.910955306915433083e-01 8.335981488799949768e-02 -2.927829401282726618e-01
1.933592068466154779e-01 -9.994805580867448247e-02 8.151291601336135839e-02 2.379955898705027884e-01 8.854521498721518169e-02 1.338003778989989012e-01 -3.354778364166046689e-01 -8.517235325168079699e-03 1.443417465659720123e-02 3.140228767948012589e-02 2.363916609460261498e-01 8.964081419103729631e-02 -3.925595526421656878e-01 -9.859683643347588733e-02 -2.795344881300208528e-01 -1.227354092717224954e-01 -3.282179602119569828e-02 -8.535019517384990345e-03 -1.286562373568269357e-01 1.951626687558195572e-01 -2.707621143021597399e-01 1.789599047798220988e-01 -1.569913183713098070e-02 -4.133960691159470069e-01 -9.886178066027603850e-02 -8.811407382597048754e-02 2.156285422796289791e-02 1.394169214516035038e-01 1.368918645375656606e-01 -2.009605041946080084e-01
-7.081420371444849260e-02 5.133107580110009976e-03 -2.768651194205130062e-01 1.961991350175444626e-01 2.286127400371990026e-01 -3.646045724825597856e-01 1.236082605220265307e-01 -6.851695798249407554e-02 1.673782255731912361e-01 2.225435966726103110e-01 -3.291642398338965880e-01 -9.118030274398543356e-02 5.665981097726922877e-02 5.332315357311255555e-02 -2.738366903097114169e-01 -5.654793416498817699e-02 1.097145502330929782e-03 -2.063956510417870871e-01 -1.730404943913550486e-01 8.037226247184456329e-02 6.840344660906018392e-02 -1.451718816299326920e-01 2.319588856679117017e-01 -8.654354817430308378e-02 -2.557870550757860850e-01 2.899562639693159180e-02 1.785950088060651864e-01 1.257471008848171923e-01 3.002264485675991135e-01 1.613409259798120887e-01
1.745904603490751605e-01 1.046330937871763067e-01 1.132422760822878183e-01 -2.370222409525687413e-01 3.057770619317659588e-01 -1.546583047202470251e-01 1.503489035079873248e-02 2.686573830758117731e-01 1.542137571259323825e-01 1.032989579360929500e-01 1.771245175022717333e-01 -1.565992724516183585e-02 -1.522632416236461561e-01 -1.299577628000392060e-01 -5.480700978450808031e-02 2.068484091030597383e-01 3.887716786158171289e-01 -4.618950053498956931e-01 -2.356663239630383058e-02 -5.043192045411154512e-02 1.163722618100548334e-01 1.616030313431499610e-01 3.490848455443315568e-02 6.399270503255650999e-02 1.953152267638674500e-01 1.972280469928569535e-01 8.040647448162628608e-02 1.058567803233390059e-01 -1.966127871897092594e-01 -4.330981058753775870e-02
1.538358163139245394e-01 5.327869569354066748e-01 -1.254067295622343092e-01 -9.018846795432203245e-02 -3.625931430476687228e-02 -4.227875584477525789e-02 -4.937646391844620342e-02 -8.757549685042129162e-02 1.469237361976935274e-01 -1.114554815193026238e-01 5.472653162248335146e-02 -2.372111837070363383e-02 1.834071206559613754e-01 -1.634781519363427416e-01 -2.387738394021802768e-01 -2.868256425593017633e-01 8.368424595001565380e-02 -2.221080745768900036e-03 4.627020593417122685e-01 -6.960951808720200473e-02 -3.169245286403258866e-01 -1.001920805903163542e-01 -1.782977531415076977e-01 -1.228529733041698949e-02 -1.279701977727973616e-01 1.623487048957602263e-01 6.713487434248567587e-02 -4.677092217098915289e-02 1.054688088255422221e-02 1.684270794572061136e-02
-2.623566928313297852e-01 4.112693906393655174e-02 2.737822062483213914e-01 2.282151903523566838e-01 -1.325391468970824604e-01 -6.737644009628037181e-03 3.168672521892797189e-02 -8.849369072527646374e-02 -7.877825951494749068e-02 3.469984422256282286e-02 -1.098849107862425456e-01 -8.321180866071677118e-02 -6.211596817473412531e-03 -4.739217866675274893e-01 9.561222392886083166e-02 -1.703951542026349297e-01 -6.320944421835456017e-02 -2.756933728862132754e-02 5.814128871665422138e-02 -1.695337362953829863e-01 1.663136263695296768e-01 2.758769425123388519e-01 -1.090716021778010414e-01 8.487994168412137108e-02 3.005029517836400182e-02 2.025870997545028418e-01 3.373703043784008569e-03 5.131046355350978860e-01 1.364370996180540030e-01 5.631441884391302083e-02
1.282773733802919716e-02 2.149820442935625187e-01 -5.712788420876686868e-02 1.927770390246312804e-01 -2.118484840856342255e-01 -3.914103436553791060e-02 3.386562063908909320e-02 3.217933967319342448e-01 -1.345192845893923017e-01 1.459296854526109799e-01 3.193395886984368853e-02 -9.878137497450402427e-02 2.257354806915963796e-01 -1.226260945307681982e-01 7.965475896366976116e-02 8.756950089983535357e-02 3.791640125412744644e-01 9.733334536604412723e-02 -3.839848433443581177e-01 -9.255313458336993093e-02 -1.400219798446086794e-01 -2.471628656488956965e-01 -3.108767942204784251e-01 -1.695579045323665490e-01 3.163432709340576604e-02 -3.124665786158613012e-01 3.807990053992280771e-02 1.261603568059389280e-01 -1.912470236573386370e-02 1.409499881194663067e-02
1.740445969031705065e-02 -3.596712062498305107e-01 -3.142811019470260203e-01 -2.054383440478092238e-01 1.212343451081877715e-01 1.302208597587182215e-01 2.014146821678614030e-02 -1.404414360071724183e-02 -1.593500022217303469e-01 1.211835404458167301e-02 -1.785749281598077165e-01 -2.203108576197241111e-02 1.571428666680955710e-01 1.514671819205464787e-01 -1.004610672701438355e-02 -2.957990132540398998e-01 1.933820071579188116e-01 -1.227232631948476094e-01 7.417825951274828467e-02 1.003343937102533640e-01 6.912744767986329919e-02 1.082763207955114854e-01 -3.889556877358427700e-01 6.932141836103941634e-02 -2.054054563593205318e-01 -1.180060362680351513e-02 -1.026690834080415046e-02 2.626294817323638342e-01 -1.268150596354720994e-01 -3.685600129193217223e-01
8.587874738567073674e-02 -7.185991944438110957e-02 3.472105872779476798e-02 6.878110298915247889e-02 -1.016527386486250767e-01 -3.380344737523047760e-01 1.077649296004362517e-01 -1.455379822112877475e-01 5.478872817695925462e-02 1.483440419062844184e-01 4.501808702379926364e-01 4.583264685061320953e-02 5.524248982532557056e-02 4.130294440909421105e-01 4.163945106650612099e-02 1.207416905628101861e-01 -2.905942453191262889e-02 4.130491593623718954e-02 2.888658387318400744e-01 4.820723903351755574e-02 -6.012556431847279614e-02 -7.730089701831295568e-02 -5.148409790339502495e-02 6.908004135660146539e-02 1.164786531459570396e-01 -1.368238729551820576e-01 -1.162242910505087296e-01 4.885180015760365868e-01 1.106843057185304818e-01 4.870984489379977245e-02
-1.265040004260027662e-01 1.772701030810598655e-02 -1.061104720941384583e-01 3.649819748336702308e-02 -4.704076624298116349e-01 1.452710951534117445e-01 5.479521603002419916e-02 -1.595423876159936249e-01 1.263093705958174273e-01 2.643602973465919437e-01 3.840767478838520840e-04 -2.747229976755320990e-01 -1.036980667474004247e-01 -1.473038187189677217e-01 2.883328904233570938e-02 1.869447396706614972e-01 2.174579430899234445e-01 -2.391073393194790009e-01 2.890125311962151722e-01 3.361296333365558775e-01 1.191561324872306427e-01 1.189403144539711576e-01 1.491296055464824410e-01 -6.553079408324230526e-02 -1.645349747160040066e-01 -2.193121545443464104e-01 -8.905287419026992890e-02 -1.420862763783878047e-01 -7.664642379378601433e-02 -7.542653028951552818e-02
-2.607606823840225019e-01 9.608392372594831699e-02 -7.442054964290781283e-02 -1.021282871163746581e-01 2.719319131285993230e-01 4.230712667939076632e-02 2.636356113806290757e-01 1.614528189135681913e-01 -3.857577820118290868e-02 -2.071452728404019616e-01 -7.026465030771938958e-02 -9.844197957165820578e-02 -3.460498982896845210e-01 -6.925991914467236575e-03 3.710059629948331272e-01 2.857248107868798903e-01 -9.092469711244884067e-02 -5.362424595850622672e-02 2.304297376231794758e-01 1.657242681477017268e-02 -2.471717136647779700e-01 -2.157912856455448253e-02 -2.048765897073460129e-01 -1.415085540712689438e-01 -1.495178345826667088e-01 -1.249181234206669655e-01 1.501575870011782887e-01 3.983985030610667777e-02 2.920216802409448253e-01 -4.407348912947495895e-02
