# CEC 2013 LSGO F03 shift vector (D=1000)
7.7883800443350282e-01
2.0186079435880441e+01
9.4564754849989576e+00
-1.1993150894859840e+01
-1.8887476795151301e+01
-2.0232749888195329e+01
-1.0445849756014280e+01
-2.9757752502932131e+01
1.6049720475653292e+01
2.2050461965640489e+00
4.5151261847269328e+00
-9.3326341720022938e+00
-5.6019931624752823e+00
1.0332478111662111e+01
2.9082801496177140e+01
1.3308024686332359e+01
-2.4166570644124551e+01
8.1943402398250320e-01
1.7466171093313041e+00
2.0281638273624232e+01
1.5030846083309180e+01
-1.3172312599103980e+01
-2.1248051173497839e+01
9.9193266920367673e+00
2.6448474508286399e+01
-2.7436038261560579e+01
-2.8803322023833351e+00
-2.7194907758900719e+01
-2.7855565603923122e+01
-2.0237634940121570e+01
-4.9235339925448951e+00
-2.2770435427381258e+01
-2.9671607509814391e+00
-2.7637048736389922e+01
2.6425605441943699e+01
-1.9058976792275971e+01
6.6728212680658876e+00
-8.6706561813104468e+00
-2.9577832294044351e+00
1.4960341650964430e+00
1.2838426659748199e+01
1.7806345554713399e+01
5.3534518465064620e+00
2.6035071936471201e+01
-2.1859009334529230e+01
-3.0225491221541400e+01
-2.0760656376789349e+01
-2.2007664571218282e+01
1.6027625666271991e+01
3.6045794560695672e+00
2.7432042947239101e+01
2.3361386309467409e+01
-3.0688381579978770e+01
8.3317749495452809e+00
6.3716334331697482e+00
-9.8866041763968919e+00
-1.8712720926005851e+01
-2.1109826473308861e+01
-1.2792200803884651e+01
2.6804950007024999e+01
-1.0251823783292371e+00
2.1778216793420530e+01
2.5279292050037139e+01
1.0868397069459711e+01
1.4914630569127629e+01
-4.4139400227937893e-02
-2.1273228285227120e+01
-2.8269473235925819e+01
-8.4059551426568113e+00
-1.9560912318034859e+01
6.4511334968403409e+00
-1.7925358130201030e+01
1.9112049529145590e+01
2.6774791415095962e+01
1.0746297996297191e+01
2.2972816456895369e+01
-1.4017733551751659e+01
1.0776226650322940e+01
-6.9498693940419827e+00
1.2846272602784850e+01
5.2928694329278452e+00
6.8989055914613422e+00
-1.2549891972690100e+01
-2.6120632977779781e+01
1.1946631714430399e+01
-2.0113139479887540e+01
-3.0607287687115370e+01
-2.7643376300710930e+01
-8.7275810074975091e+00
1.5820209326909040e+01
-2.3633579340033890e+01
-1.2148762413170410e+01
-2.2479728977429129e+01
1.7750414533167650e+01
1.9165387568463629e+01
-6.6580059491073413e+00
-1.1708144936720769e+01
-3.6490934674811091e+00
1.0826710918176981e+00
-2.8590954895532370e+01
-1.8683542602991700e+01
-8.1145558994882840e+00
2.1794173334361400e+00
-6.2824132509001274e+00
1.9667565061294830e+01
1.8354924372678859e+01
2.1949584798636060e+01
2.2168567409817999e+01
-1.1789373878889821e+01
1.5547386719119260e+01
2.7000526180456390e+01
5.3422174076180582e+00
9.3156271132239041e+00
-1.8673241936449951e+01
1.7784898722680339e+01
3.1132353733565122e+01
8.1180553333885133e+00
-1.9751140877979719e+01
1.2424471034875030e+01
2.1671838976818880e+00
-2.6765742900024350e+01
-4.8966929968272392e+00
1.9067293468710290e+01
5.4489856434309880e+00
-6.5710278068611991e+00
-3.0761382178668191e+00
3.0807573666293660e+01
2.9803098385001601e+01
-2.9589480520295801e+01
3.0247544331670309e+01
-1.1274573477971259e+01
5.3815677280051197e+00
-5.5676408257592724e+00
-2.7390952467081791e+00
-2.2203861221913439e+01
-1.2569908439824269e+01
-2.3615146551894679e+01
-3.1052205144029209e+01
4.2624394925725486e+00
2.8423915990311890e+01
1.7811577480786209e+01
1.6484287744795999e+01
-1.9449160234137370e+00
2.9732600813576340e+01
1.7669541609994951e+01
-1.1396482664858081e+00
-9.8203186841503900e+00
9.2954840374424190e+00
2.2066847963326182e+00
6.8249614232667142e+00
4.8064042744448354e+00
-1.9009849912236142e+01
-2.8425444213922859e+01
2.0040712418584089e+01
-7.6708513379404075e-01
1.6073506114873631e+01
-2.7760372356877930e+01
-1.3019075672153690e+01
1.5794394603334190e+01
1.1616044360067670e+01
8.6455433986790666e+00
3.1995181267195768e+01
-2.9415222432366321e+01
-1.1524218440682549e+01
-2.0378219190671871e+01
1.2567172136766230e+01
-3.1672885266983780e+01
1.0232266962046859e+01
-2.4334854745213268e+00
2.8778899097291902e+01
-2.0021394436701250e+01
-4.0272048638792457e+00
8.0134896110931919e+00
2.2183239060773952e+00
-9.1111716222403913e+00
-1.5903798147560430e+01
-3.0913024941486221e+01
1.6841327813668951e+01
-2.0299236102726329e+01
6.5132128571161489e+00
4.0276494634159121e+00
-1.3948381761670820e+01
-1.5636935797855489e+00
3.0850499021823438e+01
-2.5263796718265219e+01
2.8520022326574431e+01
-1.6549712982845900e+01
-1.5196179896320700e+01
2.3102049560990960e+01
1.8066891240147690e+01
-2.5101280347649560e+01
1.5932096171273391e+00
-2.6615339622883390e+01
6.6167676100030510e+00
-1.6533850488175961e+00
2.8250449683425281e+01
-2.4308638340807949e+01
6.6038956484194893e+00
4.2309965094037558e+00
2.8839009197224801e+01
-2.0519309216066769e-01
1.5703949630458400e+00
-2.7234652058947000e+00
7.1150420324140056e+00
5.2768514503857844e+00
8.0135483548569812e+00
1.6528089160891231e+01
1.0943734071967830e+01
-1.3029915720660259e+01
-1.9818107659302271e+01
1.3467367285077380e+01
1.9989550715097040e-01
1.0164508276772491e+01
7.8015943476127623e+00
1.0403864592449629e+01
-8.4391926466348597e+00
-1.3569193173380061e+01
-2.8155752927864750e+01
-2.0100532019959370e+01
-1.1058573780268830e+01
9.7404146141197625e+00
-6.0850864842476966e+00
1.0204551516648300e+01
-3.0171371961779890e+01
-1.7992261066070039e+01
-2.9231744958249539e+01
2.2269119570782099e+01
2.2281746810142941e+01
5.4317728701886532e+00
-2.5433343336745711e+01
-1.8735003164861479e+00
5.4034784895077852e+00
-2.8680624575871288e+01
-2.7712043093878211e+01
2.1027834423909759e+01
-4.5310304627544600e+00
3.0709621538242740e+01
4.1675030772190591e-01
1.2387989377748280e+01
-1.8162134409647919e+01
-1.9727345958889351e+00
8.5379206521277577e+00
2.2669660011734400e+01
1.6146670381539540e+01
-2.9152962886741129e+01
-1.6432146852992119e+01
-2.0609266037208329e+01
5.4930870156034652e+00
2.0434176057061940e+01
2.9959426963021489e+01
7.5075112071137857e+00
2.2466167254243832e+01
-2.8860870923320590e+01
1.6224141486192579e+01
2.4616886610056170e+01
3.0948280120045119e+01
-1.2664529771908580e+01
2.9932436784131490e+01
3.3749925040480329e+00
-2.4024976894737589e+00
2.4253893994663489e+01
-2.6832490144409871e+01
5.8227449054091389e+00
-2.9351265664921758e+01
-1.2436554365953270e+01
2.8470049041495390e+01
-1.9943123742832519e+01
2.0313702974189041e+00
2.2216396278381541e+01
-3.6622425960547238e+00
-5.1673167341813189e+00
-4.9259346030577271e+00
-2.2979720307397859e+01
1.5749488933827990e+01
-3.1236458187043691e+01
1.0467942306672329e+01
2.2122231217128959e+01
2.5398106832067540e+01
-1.3760882697696459e+01
-1.7398554361234680e+01
1.3067671714221429e+01
-9.9641966942877360e+00
4.3560988739016047e+00
-1.2717266914379190e+01
-1.4202554652332260e+01
2.7958186819576891e+00
9.8549142003307892e+00
2.0677302693859652e+01
2.4554697348916950e+01
-5.2060298817524204e+00
1.5533510698052639e+00
-9.7222153770768092e+00
3.9255409684858131e+00
-1.1712524204426600e+01
2.8451657726813199e+01
2.5903775028931051e+01
-1.2904977602235951e+01
4.2259967640330558e+00
-3.0992325130477148e+01
2.2904876179545010e+01
1.8773765452041321e+01
-4.0299708594093842e+00
1.1117443791331860e+01
-1.0540368073138850e+01
-4.2147507292712794e+00
1.3669989688518100e+01
1.7925879006637789e+01
2.3800998228369892e+01
4.3386161866796931e+00
5.3919120610851010e+00
-1.5550728687725639e+01
-2.6404170837365179e+01
1.3074078829869080e+01
1.5843276323751130e+01
-2.6457468478400120e+01
1.4829456304677739e+01
8.3695121410182765e+00
-1.4503959980257591e+01
2.5231843151165702e+01
-1.0604198388833421e+01
-2.2869296680812891e+01
-1.1516506653864919e+01
-2.4062287498693340e+01
-7.3135960000596976e+00
1.0472071544086800e+01
2.0994394546919612e+01
2.2173202040100559e+01
2.6595119735143502e+00
-1.5845888963225599e+01
-2.2869485795367520e+01
2.2912866424558541e+01
-1.7705600420042849e+01
2.6851506350448389e+01
-2.1277594569315831e+01
1.8389613054225670e+01
2.4659263162803100e+01
-1.4359378145165190e+01
1.8253304422620040e+01
-3.1354536893408081e+01
1.5156861708466151e+01
-2.7479249853576648e-01
4.4003387874680264e+00
-1.2585822118881881e+01
1.1546538327501169e+01
8.5897225741960419e+00
2.3581804688805779e+00
1.4557530262037570e+01
-2.7647481047586268e+01
2.4955797217450890e+01
7.6899044342022389e+00
-2.8086883042239180e+01
-3.1488403878427889e+01
1.8459120509964301e+01
-1.9807971194852261e+01
-1.8306022949178448e+01
2.9575573263168771e+01
1.7234568782648090e+01
-2.8577262416688779e+01
1.6270893004003721e+01
-1.4070072213514139e+01
8.5359236942043957e+00
-9.9175005068662470e-01
2.5312919082324669e+01
9.1838578902149610e+00
-2.5204114755674290e+01
-2.4007460338879280e+01
-1.2140700888127880e+01
2.2066284713229049e+01
2.2838236915707750e+01
-1.9880869640799470e+00
3.5431017321403262e+00
2.5046983255334370e+00
1.4342102319616529e+01
-9.7586715418773515e+00
2.8167018156658440e+01
1.5763907505942520e+00
-1.1608290561492529e+01
1.3840323808462060e+01
-2.0811297084209869e+01
2.9386963803424861e+00
-1.6921723840690870e+01
1.2949164772492260e+01
1.2674577722992970e+01
1.2667075598517910e+01
-1.0321562186729180e+01
-1.6035030955594291e+01
-3.0064262575746021e+01
1.3997577693747770e+01
9.1094939749221393e-01
2.2894085261661068e+01
1.2120831134150380e+01
-2.7272194349521182e+00
2.3908775685311412e+01
-1.6324683044253430e+00
-2.2561185880310060e+01
-1.2776214207098491e+01
2.6691605837970670e+01
-1.2056089666912101e+01
2.6766742178615711e+01
3.0429923491887909e+01
2.8645107879299719e+01
2.7744434376194160e+01
2.0306427890510900e+01
-5.2233244355081752e+00
-2.6196943996764620e+01
-2.9958697583424769e+01
1.2640358900572410e+01
-2.1935587092987500e+01
3.4802884402100940e+00
2.5362486318533751e+01
1.2376916881519490e+01
-8.6818866133416694e+00
-6.6245763743306574e+00
5.1180355764266636e+00
-2.2407532471679279e+01
8.3349581992150270e+00
-1.8483825577968840e+01
2.1398205109511611e+01
1.4175762569356859e+01
7.0254209459874222e+00
2.5393700696551309e+00
1.9647973936033921e+01
1.1930884186789619e+01
1.2831394106329199e+01
-1.6639982017070189e+01
-4.7144693838228191e+00
-2.5843546663738369e+01
-1.9168193239108081e+01
-3.8129548201356220e+00
-4.9658651545514632e+00
8.6273678144169275e-01
9.9693520969248350e+00
2.3501570472931149e+01
2.6534871724695752e+00
1.0589885471933441e+01
1.1571674575901859e+01
1.1097690013481261e+01
1.2876151116410700e+01
-2.7845013499850619e+01
3.6443158053527052e+00
-1.2977962184695601e+01
5.7147918744451109e+00
1.3044284664381589e+00
-2.7949125971209199e+01
-3.1937872789751470e+01
-1.7338062291101409e+01
1.8261701635347389e+01
2.1442989348876921e+01
2.1287318335272602e+01
-6.9452486616734599e-01
1.8611060593568769e+01
1.8398923746989141e+01
-2.4887331733679169e+01
-1.5083554383403181e+01
1.4127062843461911e+01
2.2254084772291868e+01
5.2621959737256194e+00
1.9976571147472889e+01
-4.3481777071431688e-01
-2.8454354652830631e+01
1.8564070187954780e+01
-1.4398017192450171e+01
9.0473127887807137e-01
9.3744345171973915e+00
-1.0677656311443780e+01
-7.6853735530097778e+00
6.1763825506833587e+00
-1.2521251980988199e+00
-3.7896278703030921e+00
2.5674863488739369e+01
-9.6410888135022379e+00
2.5302292198877542e+01
-1.8414571011238721e+01
2.9275395586863191e+01
-1.1917219434286491e+01
-3.9111643562961760e+00
-9.9174563343517335e+00
-2.6323337651075779e+01
-1.3292361842955470e+01
-2.3634145425514209e+01
-9.4224656252450050e+00
-1.0637670361236889e+01
-2.1097607831987581e+01
-1.1007687090490459e+00
-2.4321917090610679e+01
8.8602376905872884e+00
1.2158339007726980e+01
-1.3027763541738839e+00
1.2418344007742579e+01
-5.3698904936427558e+00
2.2701676609428709e+01
-1.9072884344523711e+01
2.4331508465761729e+01
-2.6108446378646999e+01
2.5096048850739209e+01
1.4992810725425841e+01
2.3054914119190808e+01
1.0572576009073851e+01
1.5962372374270020e+01
2.5972171286038328e+01
-1.3076072990987930e+01
-1.7247350078527418e+01
2.2800473562864710e+01
1.3710205364358860e+01
-2.6846135168430180e+01
-6.1648689408910506e+00
3.1112704706851201e+01
-2.5552360197925939e+01
-2.8030149048670040e+01
-2.1938602841558509e+01
-2.5998436644613690e+01
-2.7816883019286170e+01
-2.5250250289781469e+01
1.2658185528277571e+01
7.8728117368889352e+00
5.1695622383325923e-01
-3.0452725138363199e+01
3.0091553631619369e+01
-1.6927287635508450e+00
8.6163175142306638e+00
-8.5824024151801459e-01
1.2182710643446031e+01
-2.3878135865130709e+01
1.0242495614267289e+01
1.3294906691589970e+01
2.6183242297820978e+01
7.6892084975647332e+00
2.2115565070028310e+01
7.7766292715882723e-01
2.5492968353728531e+00
-1.0855179273466661e+01
6.5245901838743396e+00
-1.3299538793570351e+01
-1.6072410622783709e-01
2.6974509293206459e+01
-9.7537194076073724e-02
-2.9546301719637821e+01
-1.0909478599930040e+01
-2.8050052650760179e+01
-2.9715378868596311e+01
6.5392351025252173e+00
2.7663557489250650e+01
-1.8487742361093570e+01
-1.4612778536997670e+01
1.0847935368408280e+01
6.4836193237675186e+00
2.6970955913598878e+01
-1.5141386921134510e+01
3.0333164894208110e+01
9.9815041937170363e+00
-1.8594541871018460e+01
2.4087468853854109e+01
8.7895841452187238e+00
-3.1245570933776190e+01
-4.1256024314952722e-01
2.2894842804383732e+01
-9.7146924605701930e+00
4.6928625251077696e+00
-5.4826837876596004e+00
1.0770396579287150e+01
-2.0181672029611189e+01
1.4225838721199140e+00
-8.8093472482199378e+00
1.4668186305676270e+01
2.9964371506761388e+01
-1.2590026102702820e+00
1.1681149643571130e+01
-9.1087259661172642e+00
1.6367920766563142e+01
-1.7664842025744469e+00
-1.6897042073952079e+01
2.8819962541698619e+01
4.8168124847848466e+00
-7.2021804715560283e+00
-1.3634815247169319e+01
-2.1417123570843781e+01
-4.1449598842934634e+00
-8.2161772200417786e+00
-2.4892264996424611e+01
1.9680876706574360e+01
2.9415924500022439e+00
4.9572317177715837e+00
-1.5540398122304260e+00
-6.5466789038239508e+00
1.2178448980551281e+01
1.5869791455853409e+01
-2.4827288700232849e+01
7.6945984049678646e+00
5.5380375640785857e+00
9.7145211348924523e+00
1.5251697328409570e+01
-1.3081807198508439e+01
2.9515148178908550e+01
2.3743189124201422e+01
-9.4255020745478646e+00
-3.0995368130704248e+00
7.0352435225987957e+00
-1.8187799113164630e+01
-2.3845188949493231e+01
6.9406070865137659e-01
-2.8571669375811560e+01
4.0035932338875702e+00
1.8548163094434159e+01
6.7578316122721036e+00
-4.8502732088678870e+00
-1.4958660590541060e+01
-3.0207193960924268e+01
-1.3792096985875560e+01
-1.5404721751809880e+01
-3.1290183971218180e+01
-1.7514977519567459e+01
2.1095649478568980e+01
3.7243330125402499e-02
1.1612857558745370e+01
-1.4195914878762990e+01
2.0206987393275231e+01
2.2612462409216239e+01
3.0457416391852629e+01
2.3968628920520281e+01
1.2992807699890189e+01
-3.2282118191614630e+00
-8.7764161197572044e+00
-1.6447448221071660e+01
-5.3583518224104836e+00
-6.4687313990483766e+00
-2.1552831388116552e+01
-2.3006854868070590e+01
-9.7831008319758528e+00
-2.3724661368131810e+00
-9.4974365709012520e-01
-1.9345174335258090e+01
-2.3630752441497449e+01
-2.3592330213670230e+00
2.7143149000063939e+01
2.6816149359734720e+01
3.0903772103655761e+01
1.3769772765306080e+01
1.6511490338912751e+01
-1.0655027579004640e+01
1.1594888907736509e+01
-1.2318947129352409e+01
8.7974129526564262e+00
2.0979896663360080e+01
-2.4638172242750109e+01
1.9508848915551511e+01
1.3381571187857711e+01
1.9925775712247031e+01
-2.0214460136772860e+01
-2.4645836841929011e+01
-2.4409924394528229e+01
3.0737030440196730e+01
3.1839522299070261e+01
-6.6770003973424394e+00
-1.5486903105425050e+01
5.4968871402472219e+00
3.0644994632356159e+01
-3.0327177776911341e+01
1.5838499913842099e+01
1.2538102555523990e+01
-2.8579869185189690e+01
-1.4377206536479100e+01
-1.9781920544917600e+01
2.9937705162625761e+01
-3.0135475275794800e+01
-1.0374663047722979e+01
-2.9020949983687760e+01
-2.7122660318722009e+01
-2.9449689653010871e+01
-2.0374892851240158e+01
4.0400575333376807e+00
7.7679890906120903e+00
-2.5571430898939418e+01
-3.1214910676598191e+01
-8.3468874266834927e+00
1.0247072231752821e+01
2.0793882170306201e+01
1.1553380033885400e+01
2.9060985460596662e+01
-9.1971569090322500e+00
-7.9250663428579999e+00
-2.2543541878108169e+01
1.6577366341773160e+01
-7.8462883404810642e+00
-1.6901707197459729e+01
-2.0840047854438271e+01
2.2595130376844541e+01
6.4303759875289401e+00
-7.2671485170689420e+00
1.5234623446824470e+01
1.4714893538067299e+01
7.2105795074939234e+00
1.5128033952445190e+01
1.8310250905726289e+01
-2.6569520895849369e+01
-1.6505973667313700e+00
-3.9887427867236050e-02
9.7506243603877483e+00
2.3707544506848279e+01
2.1339024524697528e+01
-1.7861227755307141e+01
-5.4508925467588583e+00
1.6896212028172322e+01
-2.4454035820926499e+01
-7.4205891104431982e+00
-1.9554103215278801e+01
3.5589727028272158e+00
3.1161502361650800e+01
2.3418961774815909e+01
-1.1299132357609660e+00
-1.7099309711712610e+01
-2.0081576255267631e+01
-2.2008005979520991e+01
8.7973760448432115e-01
-2.8258504662703881e+01
2.7890373654637280e+01
2.4721136480531712e+01
-1.3304459743472689e+01
2.5022698508733860e+00
9.0163598541217249e-01
-2.9909276776595089e+01
-8.2567559756018944e+00
6.1400689474208141e+00
-1.4934875885454430e+01
1.9156506945430579e+01
-2.4986262560115311e+01
-2.8339344961883319e+00
1.5515312535702121e+01
1.8588760243740381e+01
-2.6841149043674179e+01
6.1778941926581699e-01
-1.0456644098547700e+01
2.4250473779396970e+01
1.2440701693473949e+01
-1.2683880335191050e+01
1.0193347168712380e+01
1.3682315462067589e+00
-1.2430182325973790e+01
1.3077622052511540e+01
5.2644131134876613e+00
8.8811222248824446e+00
-1.7051819724365220e+01
1.9661747377407501e+01
1.0624522026260950e+01
-1.8611123782577081e+01
-9.9088976553548864e+00
-2.6930136177983979e+01
1.1901770348287251e+01
-1.2408243130168289e+01
-1.2725792460475249e+00
-1.6760552712083609e+01
7.0197635279560417e+00
-1.0345915453170260e+00
-1.5811384129306180e+01
-3.0738757935082059e+01
-6.4262423914054823e-01
-9.5953552558783672e-01
-1.7306060586962449e+01
-1.6962195599606861e+01
2.0903390176784480e+01
-7.3712790115392250e+00
-4.0494694315660471e+00
1.2447837154197250e+01
1.6933027031759760e+01
4.5480452944998593e+00
2.3661988338349602e+01
1.6789295951852619e+01
1.7988558098656579e+01
-2.3230492872217489e+01
-1.9610258212369590e+01
-3.0316073787389431e+01
-1.5599078921528680e+01
-2.8052870510058039e+01
-3.5747668695813481e+00
-2.4373662997865850e+01
-1.6650138528041720e+00
-6.2453118466113446e+00
2.8154906908079681e+01
-2.5451856717848209e+01
1.6692114934739209e+01
1.3897803682895310e+01
1.0090576450491890e+01
-2.4066913404274398e+01
2.3544720817166539e+01
-1.6012717485875609e+01
-1.7715953960988220e+01
-1.7435775381878880e+01
-9.1956855447243484e+00
1.4086572303267650e+01
-1.3577063117783441e+01
-2.4045302088674159e+01
-2.9300868286865921e+01
1.3458255996655730e+01
-1.3485140512523380e+01
-7.2529263801473496e+00
5.0455004514848074e+00
-8.4265532346463718e+00
-2.3512556673791551e+01
2.2320673537147410e+01
3.5346783165566258e+00
2.0563200302800752e+01
-4.5518562227174657e+00
7.3249876684538409e+00
-5.8966866590686173e+00
-3.9709362653289598e-01
1.2900377778096860e+01
1.8887239317431039e+01
7.5080957927807166e+00
-1.2330634867257839e+00
9.3700651036933564e+00
-1.3228012957096521e+01
1.1925601213332980e+01
-2.9996142087602078e-02
8.2761154024337813e+00
1.1324736351575000e+01
1.2428868996811410e+01
-1.4240295398563789e+00
2.7907770761481430e+01
-1.8372523455351381e+01
1.2884614796222129e+01
-2.1010213188101680e+01
1.1211035779264400e+01
6.8127649626898670e+00
1.4866008862475800e+01
3.8356440190353172e+00
2.4131608767092558e+01
1.0003004127911440e+01
7.4272968000814987e-01
-2.3867426129785169e+01
2.0905502236837791e+01
-8.5858728090370686e+00
-1.2740860166328471e+01
-2.1883836154491629e+01
1.2829062008478870e+01
-1.8591442428311659e+01
-3.1886726413598630e+01
2.5893697773580719e+01
3.5598761734315190e+00
1.2251652190152489e+01
-2.6571616675663439e+00
1.6999295370035568e+01
-1.4146493608516799e+00
5.7924137971759393e+00
1.8832367666167890e+01
1.1609498628360621e+01
1.4493800662296101e+01
3.1831060129350199e+01
-2.9901452443983678e+00
5.8484879816798174e-01
-6.0642979027028918e+00
4.8984232997216752e+00
-2.6413787433788290e+01
-1.7218104859427122e+01
-3.3231529023173052e+00
2.0340701490707922e+01
-2.2265336601599380e+01
-3.1688860414419519e+01
-1.6180080086673069e+01
-1.5496004275995659e+01
-1.0503851902134770e+01
-2.5687412231513271e+01
-1.6522031881919730e+01
6.3312220612508909e+00
1.7967095903514242e+01
5.0989232154589326e+00
-1.8075042666793419e+01
3.0293753310468929e+01
-6.0417239281839059e+00
-1.5285251297269021e+01
2.0261719891014529e+01
-1.3083841294532339e+01
1.8246346831006960e+01
2.3328739529437129e+01
2.1561693696658462e+00
1.2236980283813921e+01
1.3055841310626040e+01
1.5305625729233380e+01
8.4069300062657444e+00
2.1167476917929061e+01
-2.3761830705052489e+01
-1.0369328066739550e+01
-2.9123475168314609e+01
-6.3709819536581254e+00
-2.4203134157082211e+01
2.0688995258527099e+00
-1.5215214833155180e+01
2.7831363975313561e+00
-1.6249313714285329e+01
1.3537776060447500e+01
-7.4764952383736558e+00
-1.6640926536261080e+00
-3.0918242181337341e+00
1.6976694981725071e+01
1.3302619301673920e+01
1.8672520098123229e+01
8.8329452940555147e+00
-2.7222940017000969e+01
-7.0743625207398804e+00
6.3173589545441136e+00
-3.0089769276385471e+01
-8.4058892324063361e-01
-9.3458642791080777e+00
1.8749964055138900e+01
-2.5982331139809791e+01
2.8348400328815579e+01
-1.8984728054585450e+01
-2.3488347155241360e+01
-1.3031771966349520e+01
-1.9300833311956250e+01
-1.4794694589664720e+01
-1.0693991438979310e+01
1.8483030698847380e+00
2.6908663276773751e+01
-1.5727046348579149e+01
3.0576946358347580e+01
1.3405934394225040e+01
7.6418423497389494e+00
2.7815995110572050e+01
8.6430775621619667e+00
4.6651910949248288e-01
1.9751662352821999e+01
-7.9222326075659124e+00
-1.3587579620779779e+01
1.0787128119600590e+01
1.8520993864362161e+01
-7.8379926244668132e+00
1.3065620798201021e+01
8.2061584089433328e+00
-1.2125875636265061e+01
-8.7826560076501403e-01
1.4622653104227251e+01
-1.8935836640930152e+01
1.7428869565011212e+01
-1.0074468142655521e+01
1.4624204079311131e+01
-2.7346797494161461e+01
-8.1187151812222957e+00
-3.0679373065278540e+01
-1.1094498729951070e+01
1.9063696348201461e+01
-2.4382895867856629e+01
-1.7285928945500540e+01
1.3155025133553240e+01
-3.0485158678687290e+00
-2.6828202525287129e+01
7.0506225556082098e+00
2.7060332616938890e+01
-8.7499108703521884e+00
-1.0664242024668621e+01
1.8563295499866321e+01
1.5421729724765170e+01
3.4553413367455010e+00
1.0754180311715800e+01
9.6651980594588700e+00
-1.8711208352385011e+01
-5.6110376744624235e-01
1.5720189892612050e+01
-2.3622329418362991e+01
1.3611440844966030e+01
-1.4241637390060720e+00
-1.2473427591134829e+01
1.8941944984983301e+01
-2.2218963847579658e+01
-1.4815089122996570e+01
-5.8111897177902061e-01
6.8374378098150490e-01
3.1145302056623251e+01
-3.1270874555592268e+01
-1.8721444783724490e+01
-1.7614343043706921e+01
-1.9745411550823100e+00
-4.7842460631648276e+00
7.0560243601107437e+00
5.0429033838128383e+00
-3.9241254412188322e+00
-6.2545435123428312e+00
3.0340387058645621e+01
-3.0956948398169899e+01
-1.1326755464067190e+01
-1.5190181187956799e+01
-1.5995392760584339e+01
-1.2785434169943880e+01
2.9983006212378891e+00
-2.9159947751637361e+01
2.2141435659627991e+01
1.0999145890740410e+01
9.9827649653653125e+00
-1.7172357471254500e+01
-8.1572471023365196e+00
-1.5028898539139011e+00
1.6367959251805910e+01
8.7210083970125574e+00
5.7453870788256980e+00
-1.3044761659781010e+01
-1.0252070794628780e+01
-1.5698309973403980e+01
-3.9191619341011781e+00
2.5465858737391829e-02
1.9302919564216779e+01
-1.2201447334030251e+00
-1.0032150388596900e+01
