-1.385812065562677109e-01 -1.753314789368532467e-01 -5.214848709458690390e-01 5.362923684234673916e-01 -2.512480860105200664e-01 2.530553086752273528e-01 -2.995399840473282338e-01 -2.375965664651100151e-01 -1.689455029991474844e-01 -2.976854770276189943e-01
-3.682872195226430945e-01 6.013910580236432324e-01 9.492408176164512934e-02 -5.725303920628279503e-02 2.649480097704397519e-01 6.988746572039379081e-03 -4.377097657138654951e-01 -4.578075864379237969e-01 -3.119187631710370473e-03 1.377359157082298224e-01
4.736949452535896277e-02 -2.108855515013726978e-01 -3.728239899868736051e-01 -9.579080445946951128e-02 1.563543944273694253e-01 -1.138902955914351811e-01 2.771886141099000334e-01 -5.214690110595595618e-01 6.337384724603268848e-01 1.315454468122884413e-01
-9.952754587425108324e-02 -1.230772994657538810e-01 6.873255398745736766e-01 4.558197526630917151e-01 -3.588033096786678589e-01 6.186693944663920752e-02 1.293525371841153238e-01 -3.036275486282042912e-01 2.161706555667627927e-01 8.086623871421916299e-02
3.682827083195535645e-01 6.433954157421051256e-01 -2.112132637202828733e-01 -6.738788447286831601e-03 -5.428151631679636324e-01 2.792197675305485918e-02 3.135538897541289560e-01 -8.978251829072639301e-02 -2.292846545101865155e-02 5.850757783722113081e-02
-2.942568907896409569e-01 -9.731936041285213154e-03 8.128736706130733347e-02 -2.621491482042856980e-01 1.266654086504047094e-01 3.576349382245990749e-01 5.635730729982999510e-01 -3.039624494843957692e-01 -3.539330188727723425e-01 -3.984534147858780906e-01
4.724405949133904659e-01 -1.494937839838342275e-01 1.047563543088132348e-01 -2.333028460037342711e-01 4.237110270699398495e-02 7.276454792219635426e-01 -2.665197220519273102e-01 -1.608381815471277565e-01 -5.360772123910491002e-03 2.466854405229569336e-01
3.833679438649519877e-01 7.184188987545736538e-02 2.081820075296416939e-01 -1.436239452062799404e-01 2.973022863164661092e-02 -1.688191603922308270e-01 -2.654569619124932389e-01 -1.216674909203215166e-01 2.368684995251445491e-01 -7.830321309679537656e-01
9.742254195972759045e-02 -3.204093024269595302e-01 2.359456835621952589e-02 -3.513413826966165776e-01 -3.347743008421140698e-01 -4.427532301331014164e-01 -1.758127386116012381e-01 -4.319150296130324640e-01 -4.615750243856293067e-01 1.588483115658899658e-01
-4.807584142942530891e-01 -6.117833846809151571e-02 -3.924026381763384003e-02 -4.742348046868325451e-01 -5.366982236271677920e-01 1.908795158746323106e-01 -1.917796182347169531e-01 2.053385120707440226e-01 3.579277307256116814e-01 -8.458457276338755826e-02
