4.159203180198423055e-02 -3.972777235881846392e-01 -7.708575903816056174e-02 3.350682950407909422e-01 -3.058746283068854432e-01 -4.548836227674973171e-03 8.408709017206210390e-02 -1.200633110312580853e-01 1.336627185354921643e-01 9.767990858776358365e-02 3.807301277867951219e-03 -3.443285317876181306e-01 -8.749120792529203883e-02 5.744060289032727057e-03 -6.332487782027235168e-02 -2.008036184638936281e-02 -1.613426449434800236e-01 -9.419204556278927554e-02 -7.483943694205028030e-02 -6.376130513695851300e-03 -1.635770748374090200e-01 -1.643534963159305473e-01 4.110269328485267881e-02 1.138728651503539968e-01 -8.548323677921385033e-02 -2.928104809400394193e-01 6.420744423532910583e-02 3.521079805708419719e-01 2.164064956341260337e-01 -2.685630177439674582e-01
-1.113342521498631998e-01 1.250307397127649323e-01 -3.270690126817759613e-01 1.071088423996236078e-01 6.575532868009852615e-03 -1.086331491002210520e-01 -2.562958903465253901e-01 1.033543906269416696e-01 -1.641925510403740573e-01 -2.452496226961821055e-03 1.701618264615493425e-01 2.459673626404971780e-01 -1.080381159394078281e-03 -3.080449063200414381e-02 -4.554424586145859322e-01 -3.327774350446175977e-01 2.189697679788809442e-02 2.425242414791396739e-01 4.245076162556433302e-02 -7.542628615910783318e-02 -2.663427725132780921e-01 -9.563887622103506292e-02 3.507486308913136397e-01 -1.656230510767787156e-01 -1.335451798746416924e-02 -1.388319112982442094e-01 3.416918900260903363e-02 7.316691055144017991e-03 1.075263468675900086e-01 -1.439926342813654947e-02
1.123027764523401167e-01 9.960414827870388288e-02 -1.070250172346952910e-01 -1.806582169874207666e-01 -2.556954153964500001e-02 -5.438362515249031692e-02 2.443935383304566000e-01 -2.331412211544525159e-01 3.573989728970038970e-01 -3.956886508715687367e-02 -3.065995532165820547e-01 -3.441259397972019907e-02 1.524247839643898816e-01 -3.698663368386747030e-01 -1.662355037578315889e-02 -3.591041612760536433e-02 -8.876470555494195280e-02 4.777205901860838155e-01 1.576934513024698115e-01 1.152326149664620464e-01 -1.331818912506182728e-01 -3.049174082518714760e-02 -2.543671249293113362e-02 6.534450442095886616e-03 2.269860892611630654e-01 9.277577776411595478e-02 1.135054997397247911e-01 -6.406502690711404768e-02 2.335358019473634805e-01 -6.586165807490752810e-02
7.335418935541149210e-02 -7.827988707743258057e-02 1.605378434319780778e-01 5.195173782571210069e-02 -2.257993977773913308e-01 1.589028368646965006e-02 -2.148658548421946146e-01 3.420660755326071500e-02 -8.725826670253764017e-02 -1.522449532852153675e-01 -1.158948963725652676e-01 -1.841814979977431932e-01 2.511154630975567237e-01 3.658256226831577140e-01 7.550236334993630592e-04 -2.223377018828759377e-01 -2.872216827912418835e-01 2.648336074274569296e-01 -3.017471598703265756e-01 -1.663188507468669197e-01 3.411329064654267801e-02 1.178943045666284301e-01 -5.135084103125837213e-02 -1.709853489352242406e-01 3.821069164923736605e-01 2.211167685960523932e-01 1.316774169406009776e-02 2.597085542934387745e-02 -1.435532966648406517e-01 -4.837256715628798082e-02
-3.063544411577958093e-01 9.015720756440380457e-02 2.335632696137557585e-01 -1.633791524026857178e-01 -2.182430542755098013e-01 -8.291115108020755478e-03 -1.494637478695590681e-02 -1.356183819483194148e-03 -6.531046101019354067e-02 -3.569296687182089145e-01 -1.531945619309599271e-01 -7.181348701055088879e-02 -2.105476229020840917e-01 -1.277527414858805818e-02 -9.249639066155156131e-02 2.210949092198144783e-01 3.375189852890499859e-02 -2.040595736005564875e-01 1.965549018364936007e-01 -1.257448319118866231e-01 7.176392937083780985e-04 6.653636027633357507e-03 4.320329773172921772e-01 -1.648769497690061314e-02 6.456618448509314490e-02 2.618938110761847016e-01 1.897254511157342449e-01 3.612353195967470121e-03 1.109150647195772388e-01 -3.183798198713841399e-01
-1.946615790390255896e-01 -1.621567089054228306e-01 1.055429179982282466e-02 -2.420130339827423482e-01 -2.926373366244248708e-01 2.173955325203902611e-01 -2.989531129044856184e-01 1.361497646100672150e-02 2.301936985161507354e-01 -1.432801330103832538e-01 1.213212125004800995e-01 1.803060737525259694e-01 2.743590939126964168e-01 1.425108143901009650e-01 3.419715244716936553e-01 -8.607783622624345932e-02 5.579746664251843818e-02 6.835890054240198466e-02 1.529549634770773769e-01 2.569670693472249079e-01 -1.249622059720176120e-01 1.814100505909908290e-01 7.923170961335236628e-02 -4.714642000296245458e-03 -2.370235609571933189e-01 -9.370492811504819997e-02 -2.283387532073215265e-01 4.827212406844348658e-02 2.044127369772563430e-01 2.717019335105834432e-02
-2.254813767615016298e-02 -2.732256067225312043e-02 1.161157702148376270e-01 1.205219533868164827e-01 1.869376746526003330e-01 -7.655488340262551865e-03 -2.502042865152604989e-01 8.857255329343978467e-02 2.649728738322741362e-01 -2.518418751141983103e-01 1.446044564232848995e-01 -2.532065205745260839e-01 -7.001769804058127766e-02 5.394856613484388247e-02 7.837813458551314005e-02 -1.448116335737854310e-01 -6.799318844586006716e-02 1.961154273155159000e-01 -7.210273115099916259e-03 -1.519241299417514388e-02 4.313949178942948215e-02 -2.630672057317674506e-01 3.828650678271445368e-02 3.553343102180536728e-01 -2.694512989909063072e-01 -4.668691230833134712e-03 3.658974573884467563e-01 -3.885215807966486135e-01 -7.031787297659805591e-02 8.448934550514362873e-02
-2.449290853846537719e-02 1.303903346458398782e-03 -2.957310007932054674e-01 -1.861321962444538458e-01 -1.609743488366303932e-01 1.137739574362863111e-02 -1.190986351543299043e-01 -1.919754721091673499e-01 -1.830201743339434847e-02 -1.085017742354457970e-01 -1.861268798697865712e-01 -3.382170867126594316e-01 -4.396409603165538776e-02 -1.193973717577390958e-01 1.802720664743247270e-01 -1.357374916468754023e-01 2.951125257618837927e-01 -8.999248249176593217e-02 2.062955320457993819e-02 -8.770200864590411982e-02 -6.527727575805723770e-02 -3.679256242769238794e-01 -3.236469110602686189e-02 -3.927133697397061085e-01 -1.137063052883298953e-01 -1.303846727952681986e-02 -6.782324751214906244e-02 -1.167331955446713511e-02 -3.834012884840049540e-01 9.445315904140602625e-02
-1.601805617122083886e-02 1.649158946898151776e-02 9.249721448020199743e-02 -1.406423905828495247e-02 -1.368744677730066583e-01 1.278146110275567571e-01 2.292137885717182577e-01 1.790199302424274330e-01 2.479721456319323170e-01 -1.552233930701781700e-02 3.679045616806118635e-01 8.943261404644338441e-02 2.951456528576910932e-02 7.168621534878952262e-02 -1.508019768527550097e-01 2.841184027294526571e-01 2.142781506660415558e-01 1.741282408695696282e-01 -3.015041444357038358e-01 -1.604698872037845642e-02 -1.734523079647800892e-01 -4.414349420361781129e-01 -1.861009012834125703e-02 -1.585933856085315966e-02 3.586013928189558941e-02 2.928115123234750206e-01 -2.675083692345080477e-01 5.680562613948657649e-03 -3.159477988977542340e-02 -6.276830104493200113e-02
-1.847805439029364533e-02 1.308495299078210085e-02 3.549318824696901520e-01 8.159810565894687340e-02 1.806784753900882168e-02 1.094331718136712650e-01 1.362248570423755800e-01 6.671809451708750338e-02 8.538692582155651967e-02 -1.448980060428389227e-01 -9.002198934261072816e-02 1.050573731111291709e-01 -3.395266329760694007e-02 -2.085187115247325029e-01 -8.115500191984308109e-02 -4.969806414597024435e-01 4.992711150677497933e-02 -3.876640829365220198e-02 2.184514969543614737e-01 -3.933046164263457323e-01 -1.564920021039806486e-01 3.108041181526748423e-02 -1.898999438568264309e-01 1.740451622248287145e-01 -1.641545886406224619e-01 1.289969514244543036e-01 -2.411068542092764111e-01 2.623329084578666648e-01 -1.265129793491553967e-01 3.387701684698419397e-02
2.250013589175043904e-01 7.838218455948151031e-02 -1.838935658689437591e-01 -5.130955860631962462e-02 -3.314888173042520592e-01 1.396119861342862978e-01 -1.760722423321344973e-02 2.520362013617170605e-01 -2.857742292417247976e-01 -1.013253362059452350e-01 -8.389354181606933913e-02 2.526127253941218842e-01 -3.357030001039280204e-02 -2.672140206363832760e-01 1.684945633527282771e-01 -4.590152949065753885e-02 2.382052475336281575e-02 3.774946315507869687e-02 -1.925771859962984445e-01 1.084679555811689927e-01 -5.674411373362609617e-02 2.213563615446916509e-03 -1.087777927822660279e-01 3.448165622631882976e-01 -4.412054445523205456e-03 -7.978725575999462416e-02 1.216225362819661482e-01 -9.979544513170215958e-02 -2.586876013060703805e-01 -4.060840983381166502e-01
-2.238996464062329717e-01 -5.412043994579291382e-03 -2.593365917214931482e-01 -2.383539601224053325e-02 -1.080722562571815176e-01 3.062877553893396110e-01 2.821811975963026825e-02 3.214158491926945582e-01 3.298709760408792269e-01 3.222659714499956363e-01 -4.320367333023995837e-02 -2.373094399337565830e-01 -5.870271557161797077e-02 1.503156805001661046e-04 -1.822015739419619584e-01 -1.901729509214699354e-01 1.642937146292601791e-01 -1.595346459871129774e-01 5.846828582657121604e-02 9.276810971869801914e-02 1.147700166378998743e-01 2.277888975454311626e-01 1.117585397699150940e-01 2.023283363310807437e-01 2.978845696847495228e-01 1.205505269131974533e-01 5.940058847474306847e-02 -3.383674324003446698e-02 -1.619728758061003693e-01 1.078287579565461035e-01
3.825224920445179921e-01 2.012751128547565216e-01 1.303310254608349150e-01 2.799653376269071736e-01 -1.870136504534541666e-01 1.991010099638010622e-01 -1.298442737461626417e-01 2.109678605240253857e-01 1.452170053942206662e-01 -1.306246292120734620e-01 5.473488722739745793e-02 -1.100801618362455131e-01 3.040498470748250193e-01 -2.945498364637934574e-01 -1.274478671687771514e-01 2.573365004545327128e-01 6.321587462129757418e-02 -3.072632430599683481e-02 1.198759564629356400e-01 -1.632225014492486581e-01 2.479084291484320302e-01 1.140833411828002658e-01 1.542608477936233402e-01 -2.411368710130939452e-01 -7.139121808085857612e-02 -2.135984203196398257e-01 9.651418702723277288e-03 -5.672574972558267099e-03 2.964116052503447049e-03 1.168599865038518343e-01
3.793757465176508022e-04 4.182903726419903712e-01 -7.121470356513716349e-02 -1.172206874848449459e-01 -9.571686535498304116e-02 -2.879433094309349905e-01 -6.091238715999261477e-02 -9.841691279685250981e-02 6.131973662975009204e-02 1.294657738719819373e-01 3.960266447218762087e-01 -1.715191809842920578e-01 2.456761527230171688e-02 8.436512621000834267e-02 6.751006411721485745e-02 -2.094712669015976955e-02 -1.257084284276713815e-01 1.676874846268491259e-01 2.756913873975504470e-01 4.196145524982628633e-02 2.916372155381865006e-01 -6.917502101363194600e-03 -2.279033583079794270e-02 1.417570337499745314e-01 -4.827436941394219055e-02 4.699562051205689178e-02 -5.112216074352256973e-02 3.722541060434573224e-01 -2.235292426152463707e-01 -2.411699791579363095e-01
2.730337445277453839e-02 1.033039334839841311e-01 -1.387125996790009308e-01 3.915333909977912752e-01 -1.140358914237314253e-01 1.590357663468095206e-01 3.150973287897780861e-01 -7.659206017572013636e-02 -1.024454732860324707e-01 -8.190543868784731438e-03 -4.864478247725977089e-02 -1.511674412104502090e-02 -3.308401239962421858e-02 2.744596299721240307e-01 9.499049645798327002e-02 1.654787181880186531e-01 -1.662482329842248918e-01 1.547112573991479001e-01 3.254531534577386753e-01 1.028602236637492506e-01 -3.623408893830356026e-01 1.764251917234996581e-01 1.252575995469138170e-01 -2.920848400734898584e-02 -2.031547880853068477e-01 1.691909127397417389e-01 9.209981300705884569e-03 -1.237612857441716535e-01 -3.138231434425208799e-01 1.256602684185121332e-01
2.992845934606856995e-01 -2.604860514789213988e-01 -1.534835730051569980e-01 -6.586814133179307029e-02 3.742523055397863063e-02 -9.169851852126049974e-02 9.029329312505027239e-02 2.359199366863525826e-01 1.943098196109059872e-01 -4.359361577693262983e-03 1.583963092836806474e-01 1.391436120462536952e-01 -1.972863008060278533e-01 -8.930956674311414656e-02 1.342074555120635337e-01 -2.064922265117383471e-01 -4.433471355438987627e-01 -2.186682583365262278e-01 1.570582908620371532e-01 3.221995604084824938e-02 1.499626595748290714e-01 -8.669487481041081300e-02 1.369074499829100178e-01 -3.116418457004668796e-01 -2.936676352432329024e-02 2.627462802196510183e-01 -1.177451763205119573e-01 -1.786113400499558801e-01 1.280876249673206999e-02 -1.396786670410503084e-01
-4.655477481753118180e-02 -3.399117002706175117e-01 -1.736741175808799442e-02 5.804871085427863037e-02 1.253252380057599535e-01 -2.781256110067568121e-01 8.679815082597752696e-02 -5.601919374443137256e-02 -2.002197215899025051e-01 -2.390901539356416472e-01 9.353872451369532603e-02 -2.485377310387240080e-01 3.713029590574080108e-01 -2.196520409705323418e-01 -2.426818371469050828e-01 -1.419711136690080845e-02 1.037042438718075305e-01 -4.272278161002612817e-02 4.189977780318775158e-02 2.863158999879530375e-01 5.731529622343490421e-02 1.368599164624463294e-01 1.315920308813879613e-01 1.854242221846526262e-01 1.338075525738189296e-03 1.127706166747890204e-01 -3.406419001091237075e-01 -1.534315660152667515e-01 -1.804253122637922147e-01 -8.384910960187522133e-02
-1.517908714036260258e-02 -9.170579029625372525e-02 -2.150531702616026442e-01 1.969236451245684749e-01 5.745607709790143125e-02 3.322723100787902673e-02 -1.117113250266189434e-01 -3.372971634197594742e-02 -1.710004217928818571e-01 -1.230003896228334115e-01 3.979309451885748028e-01 -1.519562075587452266e-01 -1.644282777436030518e-01 -2.123705383614707121e-01 3.882660965643554563e-01 6.673110619824536294e-02 1.886660504575488340e-01 9.054530295815932384e-02 1.259593838476756322e-01 -3.100214829551590778e-01 -1.322394043285720633e-01 1.744764433453141750e-01 -9.908436819543413321e-02 4.829133224154998072e-02 3.588827046986924341e-01 1.466764181964072267e-01 -4.317202049854320517e-02 -4.377011868890193919e-02 2.513999868969911677e-01 4.489076482272275070e-02
-2.667051549889881690e-01 1.060394899150341186e-01 2.428968141114263013e-01 9.158405156505488795e-03 2.599981369852664634e-02 1.392315370819812992e-01 2.333070030688950969e-01 3.314255237789723862e-01 -3.034387340414069212e-01 1.584229057026556586e-01 1.211398224263069909e-02 -3.350357632708251265e-01 -1.407330813673252079e-01 -1.433217155946537313e-01 1.418131894679102167e-01 -1.703778903622315821e-01 -2.789575693640331672e-02 3.243893726224410523e-01 -6.062623500043779617e-02 1.899373426644497265e-01 1.222560999852071867e-01 1.365436828042133378e-02 3.731184433329347359e-04 -2.827804407556493982e-01 -1.719177934993719459e-01 -1.175451670901938722e-01 -1.070129449552610634e-01 -1.024086398102799778e-01 1.865528546836795754e-01 -1.190778748649954505e-01
2.776335741167952620e-02 3.692845416631329418e-03 -1.007115186007821184e-01 4.454376465259306944e-02 4.089508269209853747e-02 2.130211488281193166e-01 8.243739828684347459e-02 -2.469197921750584945e-01 -1.133530489048343165e-01 9.245977596044205327e-02 -1.195230026178203259e-01 8.247710439304563323e-02 -5.150918588139996764e-03 -6.935434065177928376e-02 2.283705901381693493e-01 -6.064471468099472129e-02 -9.686518704570520888e-02 1.362100837705794432e-01 -2.423125960986229066e-01 -1.678237750066078615e-01 3.347483770710547035e-01 -1.397169248914083839e-01 5.761187087364667558e-01 2.732645931701823128e-01 -6.005512211495861452e-02 7.255452037926772568e-02 -2.368369609211615767e-01 1.037300095887459805e-01 2.753679417724923945e-02 1.991453993246902199e-01
-2.954498713655364650e-01 3.951604157437933751e-02 1.069900509940045485e-01 1.267920873005317917e-01 -5.006334366362280575e-01 -3.344135857674404577e-01 -4.544577746870641366e-02 -1.822170624941376049e-01 1.150296518228273862e-01 9.521114011392141363e-02 9.784800561816493769e-02 1.201256203313205706e-01 -2.188263445411052777e-01 -3.102248327225850533e-01 -5.111370705850037249e-02 2.465998870408755636e-02 -1.840437095910391618e-01 -7.848924208816542361e-03 -2.264792841738520190e-01 -1.992483932155969181e-02 5.705586782796265993e-02 1.695892680935024432e-01 -9.586400081504829751e-02 -2.185454111119949916e-02 -6.700722503611357406e-02 1.013754484352270314e-02 -5.791419556420947939e-02 -2.394465913786025246e-01 -9.457958640914634896e-02 3.011807297966688779e-01
7.812165738109702606e-02 -2.106484994041215308e-01 1.372890172398584241e-01 -2.173907995059253528e-01 -2.707607254348610715e-01 -1.182200220558210779e-01 1.124159851556085499e-01 5.053538334839230428e-02 -1.544207342890226431e-01 2.898133409181987696e-01 -5.455276332149847779e-03 2.555769981608990021e-02 8.794623165207696158e-02 2.084397442197483408e-01 -3.252910111907254820e-02 3.457131673540015521e-02 7.126948939344604494e-02 1.062735056717073051e-01 4.049183094193753440e-01 -3.305542440871975796e-01 6.716051759525383524e-02 -2.103611126350196092e-01 3.468565627322756084e-02 1.534095450403318295e-01 1.542658033692955177e-01 -2.792694471368069031e-01 -1.021222663130786773e-01 -3.782709427577857775e-01 3.676460130237928399e-03 2.375249597705315560e-02
-1.192825295433900049e-02 2.159871813723524270e-01 1.543810727927664994e-01 1.311594671353575048e-01 4.750389756331058894e-02 -1.282748401325821130e-01 3.517634601440652320e-01 -1.170975195708360700e-01 2.132003165091687080e-01 -1.855231251943571247e-01 1.720812956624722667e-01 9.040463288871779246e-02 5.117689302350028613e-02 1.232358654956517280e-01 2.479567026861353440e-01 -2.932773042161674892e-01 1.657584582774348503e-01 -2.012169941532131190e-01 -1.420807535391718779e-01 8.654121514536479431e-02 -7.238663937539120685e-02 4.051187635392432956e-02 2.406253946195282267e-01 -9.217038474415442662e-02 3.114781957451602801e-01 -4.017988648249100070e-01 2.594508216770883072e-02 -1.364319564322509781e-01 -1.133344183935651867e-01 -1.163705684118451766e-01
-2.061476705733149839e-01 8.421547994516752345e-02 -2.079425650640228662e-01 1.633640319246129347e-01 1.903737516345975211e-01 -1.380887591139247361e-01 -1.484624292087354802e-01 2.081803838245849525e-01 2.587025007352500294e-01 -1.675667605732159282e-01 -3.393806783444587860e-01 1.894812054735017445e-02 -1.851942984028591421e-01 1.032606200719616424e-01 4.159459853770038074e-02 2.390182603851887244e-01 -1.027868852341597833e-01 1.331041394967336922e-01 -9.787137537627161113e-03 -1.813282674962108654e-01 5.506418917205564700e-02 4.907840976162919366e-02 -7.990147052316735887e-02 4.232421760803144195e-02 4.390672430832322920e-02 -2.559232358659266904e-01 -4.883987466311426884e-01 -8.200474406634032654e-02 -7.472620448148195593e-02 -2.286661076353798672e-01
7.050408299484915361e-03 1.548843322017434965e-01 -2.551543836287548106e-01 8.215012721509692972e-02 -1.142077235808097169e-01 -3.766680775881188215e-01 2.036603346579232143e-01 1.981808087231987925e-01 4.151178546891980126e-02 7.625691094512813961e-02 -1.529240483024816855e-01 -5.725463763313600601e-02 3.172201831924012505e-01 1.674719788015074096e-01 1.395672240355400606e-01 -1.042434036099144229e-01 2.236410531794503220e-01 -1.280716783089076993e-01 -1.665243512401841652e-01 -2.628269502368054678e-01 3.818701975939773480e-02 1.096939486568477701e-01 -1.595939291323070566e-02 3.320119619599689459e-02 -3.368932085005650889e-01 2.502241862525880212e-01 9.395295378782837770e-02 -8.681028655990050136e-02 3.173953355579144930e-01 -6.263929609973301060e-02
7.918437570227276900e-02 4.096548748862823830e-01 -6.079274373402359516e-02 1.367113865764401845e-02 -1.448630269089327405e-01 3.423258176541696396e-02 -4.095494943682424782e-02 7.210759620865078712e-02 -1.675670861136431822e-01 -1.763907827402965145e-01 -6.945386208810788720e-02 -1.872369490915223311e-01 2.322852422645034151e-02 5.607923110325037375e-02 -4.652566955687836847e-02 -8.872476829609429738e-02 -2.595611270749134669e-01 -3.202042989373393156e-01 7.856028750996131571e-02 2.288813459712762399e-01 -1.215405045691553276e-01 -3.050534327813017033e-01 -1.220163096272253861e-01 2.125936441666457788e-01 1.731800619394800733e-01 6.177855622628021515e-03 -2.656758384945303586e-01 -7.092143230466936565e-02 3.199055759070180138e-01 2.753969785681438243e-01
1.390057250945283575e-02 1.471882064005547164e-01 -3.386916566980881227e-02 1.531700854922684318e-01 -1.150119063613491872e-02 3.585494777550531920e-01 -9.873782075473890030e-02 -4.901885791262552972e-01 2.618752526915101367e-02 1.202655409485278437e-01 7.167322468666474655e-02 2.249784441093669301e-03 2.233893291930203352e-04 7.800719331516224597e-02 -2.077758901125195679e-01 -1.412346815999223626e-01 6.804372983549263065e-02 -1.008613790280968869e-01 -3.314023215195477465e-03 -3.859186342734764741e-02 1.738592566651203375e-01 5.582507208597892873e-02 -1.847912722519347295e-01 -6.169244183947049376e-02 -1.094382277887623600e-01 1.131943033871695703e-01 -1.526643084255850102e-01 -3.890626087722859339e-01 1.427631637511591889e-01 -4.217435745949471571e-01
1.916198373142744826e-01 3.494087148432346163e-02 -1.685355247997417094e-01 -4.944097970110015172e-01 -8.186320557160720740e-03 1.224870094920648966e-01 2.356387485239953561e-01 -5.195078359025800951e-02 9.613137273086548931e-03 -2.500154985663392559e-01 1.992448485387443291e-01 -2.449861372813304794e-01 -1.862959737836049345e-01 9.500807320373333420e-02 -2.241755277528702517e-01 3.260187559722947659e-02 -1.386759054072096986e-01 3.251787428459207430e-02 -2.142407802353492874e-01 -2.309847215712572122e-01 -1.118319089984331771e-01 3.571505581558788722e-01 9.862654470212482011e-03 5.779906700551008802e-02 -1.914731121668129810e-01 -2.062958382667780810e-01 -6.368621462059351201e-02 -5.084038397348657895e-02 2.549006661585773159e-02 9.487487688351929627e-02
-4.015987580090860654e-01 -1.177548412048531751e-01 -2.864834767938146953e-01 6.111097863268497021e-02 -4.753399648810447548e-02 1.903076955175913576e-01 3.189953608644605088e-01 8.343104512707814197e-03 -7.323146981822320489e-02 -3.531536057588184341e-01 1.025009296092634636e-01 1.906686799407646682e-01 2.141637124400631031e-01 2.249140479637352572e-02 -7.696419532905701688e-02 2.306257788184846308e-03 -1.705005114890915385e-01 7.977064851006750168e-03 1.028152720613715598e-01 -9.739876767473730490e-02 3.881357836975945497e-01 -1.639795347840872497e-01 -2.648577988285272800e-01 -6.187448475631573269e-02 3.366456928661125392e-02 -1.093104867521240420e-01 2.067898872901423046e-01 7.382829758225183114e-02 3.737430800822621677e-03 8.649634375742128178e-02
2.866822876412203902e-01 -1.060922447167020194e-01 -1.759638067766408631e-02 1.290628022661015617e-01 -2.029275074778985610e-01 -1.104526639132261401e-01 5.330411189920143678e-02 -4.333642923354742889e-03 -3.083913189120517182e-03 -2.705597411594863333e-01 -1.035640033633567908e-01 8.442058039162306238e-02 -4.253694663411902166e-01 2.500022224414727434e-01 -1.249327692038541132e-01 -1.331025101141840861e-01 4.041822354951031815e-01 2.190326527185056937e-01 9.026936126524023885e-02 2.647025518717548431e-01 3.420239416461779425e-01 5.883772188516198792e-02 -6.177691120404825431e-02 4.880322409039209927e-03 9.969675900702690274e-03 5.329397070480459964e-02 -4.898661635593136443e-02 8.684785328364488799e-02 1.371973935791661048e-01 1.413511738162539222e-01
