3.513361346779257932e-01 2.320381328107733870e-02 5.251278823118643579e-01 1.371873742773737359e-01 -5.567076149480870012e-02 -3.005514084979674094e-01 2.074126713900070196e-01 -4.152929060812616813e-01 -5.070646221380200602e-01 1.241438968385948638e-01
-5.339744160052039418e-02 -2.103260025215915874e-01 3.253666446394675171e-01 7.707593805100362849e-02 6.528382297524094879e-03 -5.475961497182487703e-01 2.332680292532839650e-01 5.477579207290400598e-01 3.454202157588749933e-01 2.596835201042319574e-01
4.275589283826471410e-01 -4.754668286878233618e-01 -4.050075014556552000e-02 5.949053141471867256e-01 -4.015794956609221311e-02 3.764362250773715668e-01 1.762091867755164465e-01 -8.120588591347422183e-03 2.338306244466288875e-01 -8.039116343726014635e-02
-2.634533128444751515e-01 4.429472932962421061e-01 -4.169323203359791286e-02 4.791554736330489450e-01 -9.203933013946422048e-02 1.752967795251136884e-01 3.320977135194726482e-01 4.288843154789499512e-01 -4.042851948067666124e-01 -7.864088294159088388e-02
-2.687653762814173342e-01 -4.467357039644870298e-01 -1.204367189846720920e-01 -2.438266361992946496e-01 -4.487132402373248952e-01 -1.282325073494106626e-01 4.183702314832310476e-01 -5.882194894794922496e-02 -1.699586286195708396e-01 -4.786117381537954296e-01
-1.151895275971765442e-01 -4.072930875023047514e-01 -4.535194892377090725e-01 8.639927553320941520e-03 5.555830914977268054e-02 -2.818505120223743776e-02 -8.822384017291627287e-03 3.904184114343894202e-02 -4.314479822061679237e-01 6.507369315952288291e-01
-5.546596665302390150e-01 -1.077605101555989195e-02 -3.466094394432122673e-03 5.299544483598968014e-01 -1.747747142491726802e-01 -2.615892342407736826e-01 -2.374395193627382994e-01 -4.532951678362481807e-01 2.173887804796770240e-01 5.732150794757882861e-02
-1.448115216391518065e-02 -2.812346575691296313e-01 -1.019392695399405462e-02 1.867400665916870428e-01 4.915845780284996414e-01 -2.751730115584819503e-01 -4.210262632806073824e-01 2.101042879256778684e-01 -3.364669545020907426e-01 -4.834553481990311319e-01
1.577765681357183869e-01 -5.246229224992834256e-02 1.642310628253923488e-01 1.547590983365242610e-02 -6.905554919862963992e-01 6.294737633175988278e-02 -5.922285955411660252e-01 2.963094960680344725e-01 -1.548111859377792610e-01 4.258082701822889921e-02
-4.508252419283761414e-01 -2.924581159177202516e-01 6.064040856251483591e-01 -1.274655755044628302e-01 1.824156354171873606e-01 5.215598299341874799e-01 -4.172058594048164148e-02 3.288520834380539992e-02 -7.732638888658530107e-02 1.146731389193447054e-01
