2.538339676787608745e-01 2.658493369274225193e-01 -5.841736880191632925e-02 5.230524437199637194e-02 1.421551355918062309e-01 -2.305761801057975430e-02 -2.298738154005880163e-01 1.969973911367159033e-02 4.539250646355273422e-01 5.227378772503751825e-02 -7.626236627705902660e-03 -2.727680982427211354e-01 1.822033710560310160e-01 -4.463983056532566662e-02 -2.761100237216191147e-02 -9.538832115297224412e-02 3.839526681401827374e-02 -1.599968284682599662e-01 -2.812548058116934868e-01 9.617443617758474061e-02 1.562609948281661054e-01 -8.933208778167053832e-02 -1.331980982332088004e-01 -1.537054723027818648e-01 -3.144957114151972211e-01 3.951359067796474944e-01 3.627274075389235602e-02 1.563537421767438942e-03 -4.926353935445706295e-02 9.221852541683504823e-02
-5.511514241784901819e-02 -2.073998135480468186e-01 9.260738094405152054e-02 3.542039233252021746e-01 -1.902058791058219567e-01 -3.205651606431594858e-02 -1.764023126672196740e-01 -5.159099981269021223e-02 2.320559303208941937e-01 7.265561690652957982e-02 -2.274661410098956504e-01 1.772206871912595794e-01 -1.255615846681652215e-01 2.439410752141201733e-01 6.734205497671077144e-03 7.675667311477232801e-02 -3.750459770266428156e-02 4.791994283448620939e-02 -4.473203139446716992e-01 -1.415963625133435932e-01 -7.118453720799919338e-02 -1.541600977123401273e-01 -1.658381125983626470e-01 2.958814349393216747e-01 -8.516200853670646831e-02 -1.589387760780907322e-01 1.077343545421982490e-01 -1.461604763551923591e-01 2.467399678214086400e-01 -1.770485960071402909e-01
1.874917706738911949e-01 -9.271774529507408047e-02 4.931952466435858551e-02 2.763346448103779981e-02 -3.032943611701128250e-01 -1.841079619344928031e-01 3.133825513989962896e-01 1.571478027190590099e-01 2.032560818742465969e-01 2.083947189581225878e-01 1.664087912275183101e-01 -1.708314930079337657e-01 2.101528916522231727e-01 1.342898038062687385e-02 2.695257556455767367e-01 9.911085503988882606e-02 -3.124786236484358160e-01 -3.666581959567602467e-02 -1.931819955870755709e-02 1.479630040131690305e-01 1.772768037072983693e-01 1.574560117436343484e-02 1.226914300574458577e-01 3.458261473985482781e-01 -7.630725517130279231e-03 -1.484023414255795092e-01 -3.008726760872794670e-01 5.323011618413885787e-02 -1.718051956656601875e-01 5.748808406277897132e-02
9.225838184758253235e-02 -3.269156209418171977e-01 6.084176098166553526e-02 1.034032236810742966e-01 -2.385645208337868264e-02 -7.866391816384285529e-02 5.305506784661984804e-02 -8.809632370812574276e-02 2.048412879786365715e-01 -5.370156791692455578e-02 9.114092837185067131e-02 -5.611601963888013939e-02 -2.091822092025017177e-01 -7.845695042857468715e-02 -5.565882264683543745e-01 4.105170443495816113e-02 2.880694564884047071e-01 -1.249219778409501463e-01 -6.177402721861117302e-02 2.323183725801200583e-01 2.389202125174439695e-01 1.576235178842082529e-01 1.636489646768278516e-01 -1.851100965251466224e-01 -2.138307067206611511e-02 -2.494728274426112613e-01 -1.897128218860266446e-01 -3.449952760590112300e-02 -1.297333248185248145e-01 -1.383539857329156852e-01
1.367853805808665335e-01 1.396322369656263496e-01 -1.174658621021548721e-01 2.125131424342334083e-02 -1.857111003586696674e-01 -1.126952115013286626e-01 2.186304236729272876e-01 2.970063208916599515e-02 -5.942729669171857576e-02 -1.694641793895367010e-01 1.131483871306486894e-01 2.666706196657661621e-01 -1.880819791590857271e-01 -1.701364852568321151e-02 1.125643832653319687e-01 -9.578483839664138355e-02 -9.478935756502585019e-02 2.765651041787912656e-01 -2.192776406368325548e-01 4.450214232328268682e-02 1.066413280462921442e-01 -4.498991001921442967e-01 -1.179649912240701981e-01 -4.634853276216003293e-01 7.448539857490797667e-02 -4.959218740343393841e-03 -1.999577974913259171e-01 -1.946026844961157576e-01 -1.199297623023506260e-01 -4.621440981830841205e-02
1.608234296993606427e-01 -2.397735556617394403e-01 -1.706642688139609343e-01 -3.916391060129325585e-01 5.749062611860666222e-02 4.461702640723350100e-02 1.309816332142466344e-01 1.273809730495127079e-01 5.900674633815231052e-02 1.464748646728956938e-01 2.813127501611532577e-01 1.304884821176561793e-01 -2.811252170189186828e-01 6.921788514776676914e-03 1.107486797077817109e-01 -1.634892873432165078e-02 1.036288418613483808e-01 -1.387130159104177016e-02 -9.814062554133079486e-02 -5.187020198458527354e-01 1.136814163048357057e-01 2.099646273108247696e-01 1.506246334114478636e-03 6.188505722305769063e-02 -2.780366980528999887e-01 1.517469790055547274e-01 2.148134464367407181e-02 -1.378617061813097455e-01 1.510298718458566794e-02 -1.107433140395653187e-01
-3.510357612577182373e-01 1.792316949039855223e-01 -1.452445037720467014e-01 -2.228183393266142676e-01 7.253483001161264987e-02 -3.426918241184409020e-01 -9.968354071511015269e-02 2.408049885042473290e-02 1.026865751599759374e-01 -1.511947999218944128e-01 9.059858266152434614e-02 -5.456943456452690439e-02 7.552499643898627490e-02 4.293400726082841068e-01 -8.669028713734361347e-02 -1.207761822259568463e-01 -5.702799949083942228e-03 -3.695545348085582660e-02 -2.208603268640012968e-02 5.072685424982561336e-02 -2.431746142883031980e-01 1.327771461994532443e-01 -1.011900713976668781e-01 1.038103876076646032e-01 2.321675722761713453e-02 2.369211154094680305e-02 -2.387863632522762014e-01 -1.890208084659714682e-01 -2.860663133886450216e-01 -3.256377122393717127e-01
2.796360353243157459e-01 3.457680173811727431e-01 1.350838805558643441e-02 9.066468859033244287e-02 2.531026643312551117e-01 -2.695182328465562382e-01 1.073200039786571108e-01 -3.188970172880550846e-02 5.300293222824594037e-03 -3.586682355012419526e-02 -3.226893897255175281e-01 8.446733079540637290e-02 -3.258613340351899645e-01 -2.020891367201540501e-01 1.607750020561270476e-01 -9.407113356807375593e-02 4.424499482426055147e-02 -1.888608115407251486e-01 2.009093566142615972e-01 3.219411040490723075e-02 1.432728199839115035e-01 -3.815977934204879685e-02 1.516469102740842789e-01 2.575224942966590769e-01 2.037387270341911583e-02 -6.405391840325125319e-02 7.850298119019376297e-02 -1.181445273060208329e-01 -1.132295496092335270e-02 -3.677182708129503319e-01
-2.973538030930299447e-01 -1.864323735444093633e-01 -2.865511163973422093e-01 -1.127639002818081881e-01 1.310154048575989105e-01 -8.021129386240016812e-02 -2.546010806039094021e-01 -1.259293634538012630e-01 1.519588851961508891e-01 -2.906240699641797764e-01 -3.083200002917221294e-01 5.378892004291006487e-03 -1.116331923589657382e-01 -4.428825286242456943e-02 2.101767756204796500e-01 3.342354860006834655e-02 -2.264786393227263828e-01 1.261020419406536641e-01 -3.303918574683519654e-02 -5.910079185930199042e-02 3.075813055122924577e-01 -1.332367132139178519e-02 3.587545309603062393e-01 -3.233465094553716196e-02 -1.501267705251584927e-01 -1.015253761054676213e-01 -1.090355434020834208e-01 1.032167668223106793e-01 -7.383769214651565715e-02 2.412591720676987017e-01
-3.424859924334842654e-01 4.955909642804941229e-02 -1.757251182337440931e-01 5.205931397057259047e-02 -2.274835459934879955e-01 -1.626402355146397694e-01 2.022071258783724179e-01 1.566331664492061626e-01 2.314202557964099294e-01 -6.576523556888258515e-02 -4.028822510863996204e-02 -1.333958117607411120e-01 2.973441550227247654e-01 -3.869938961626402940e-01 2.850991495262211739e-02 -3.867011249652200361e-02 1.850880053134280612e-01 1.759213531628263938e-01 7.147274538325145213e-03 -1.144774412378614936e-01 1.644506428649868957e-01 1.736116351643109679e-01 2.583707680252419255e-03 -8.771557108519846546e-02 1.855606768249559724e-01 2.788806641519271309e-02 2.279474783721974485e-01 -2.294873670953312128e-01 2.626415345339478957e-01 -1.821760441956432885e-01
-8.537163235040549913e-02 2.291526255786369703e-01 -1.247509542222601242e-01 1.714266916946508013e-01 -1.679686093636667821e-01 1.108195757768291045e-01 -1.243770218662672566e-01 5.916166614687550646e-02 -7.301175584266686447e-02 -1.240205896294775123e-01 3.460172988299265590e-02 2.913603528760456696e-01 6.359263391483824246e-02 -3.134688583033308773e-01 1.754338274616394355e-01 3.256007098846169234e-01 2.482799280485939730e-01 -3.762370989561867329e-01 -2.249416594274476766e-01 -1.117747034719792643e-01 -1.913802172693682691e-01 1.742373736217485702e-01 4.376757300208275470e-02 -1.020485567869356715e-02 -4.734021480239251900e-02 -2.932278472865540095e-02 -3.517852647205755301e-01 1.037468908085084213e-01 -1.295761561351317925e-01 1.362055873491227823e-02
-3.380763649337419768e-02 -1.093864569237309459e-01 2.516298796977711194e-01 -3.008476134117367695e-01 -1.508788465027035251e-02 3.564779781512815438e-02 8.040802449898777626e-03 -2.162817079766036488e-01 2.192342240213575877e-01 1.073980114230043553e-01 -1.592272747821567302e-01 5.459761633482946436e-02 8.487081583563076126e-02 6.041965190346994946e-02 3.086890664903933768e-02 9.187379164962601596e-02 1.665921948947186870e-01 -2.810794321167313092e-01 7.833308456737689274e-02 -1.309575936356326964e-01 -5.901862911772051863e-03 -3.143546546639139905e-01 1.910861266484909504e-01 -2.088462851098787931e-03 4.076768263575675788e-01 2.355381901548793122e-01 -2.349959512629086478e-01 -3.130182816603567786e-01 1.180652289953101619e-01 1.493531148774223383e-01
-1.954083615164796395e-01 6.695131908480905780e-02 -3.581479019377010325e-02 2.239258793231001798e-01 3.278333897184051438e-01 2.034660134111316299e-01 -1.002348739298999647e-01 1.018670039712277764e-01 -3.277524949754970825e-03 3.704406440495919967e-02 2.571035556569121194e-01 1.093013516703225524e-01 3.710734771567954227e-02 -8.121736279211225207e-02 -1.820081367365946057e-01 2.337693391070392868e-01 -2.215488996669214006e-01 8.841944387595186694e-02 2.803067080095508201e-01 -7.595972515272141241e-03 3.003795833254065961e-01 -1.391132990476919573e-01 -1.841313519699531720e-01 1.616247964743992294e-01 -8.892539317808741128e-02 1.003446789454200683e-01 -3.555428107801632542e-01 -2.112074727224027837e-01 2.332114303971803693e-01 -1.136124291300327077e-01
1.649928139456046938e-01 -1.365978529177304113e-01 -1.122340980154369894e-01 1.233000441215219983e-01 -2.661649657473363351e-01 -2.094084409707339389e-01 -5.011530902875737103e-01 1.816281296063985626e-02 -2.327414516579557058e-01 -1.656835258088210638e-01 2.973106046596866170e-01 -3.233752509082372106e-01 -1.844855645098349151e-01 -5.715909324087599386e-02 1.391714069027592815e-01 1.275204133781090710e-01 1.337907983481329000e-01 -1.321725538468099433e-02 1.520236332196599482e-01 1.979697233161131428e-02 4.873400245411329407e-02 -1.030052303125640473e-01 -1.438535811559361020e-02 1.334049438843706026e-01 1.336306897473280575e-01 9.040919195055754920e-02 1.284271882478185134e-01 -2.898399400613411170e-01 -7.832867223408987445e-02 8.595495131931236987e-02
2.879785372722728498e-01 -1.323599774144883778e-01 -1.919656431872744304e-02 -2.034662584589705669e-01 -8.060573455629684025e-02 3.099941454995285284e-01 -2.245412977993988535e-01 3.575861829840629724e-01 1.627839419809387622e-01 -3.215347584382077240e-01 -1.035977544049586190e-02 9.326427831074476926e-02 9.573831592485174125e-02 -3.629516639375480330e-02 -1.681489343388280211e-02 -4.119089085988197202e-02 -1.021977391172271959e-01 1.509499942544955953e-01 6.830943837433421997e-03 1.919209620352344825e-01 -1.934390888410775500e-01 -3.470251879282630625e-02 2.737877942267760156e-01 5.954202732140637805e-02 1.329890819924124667e-01 1.241607219289821568e-01 -5.825382783345244703e-02 1.343412515371425475e-01 1.682428150944187129e-01 -3.945417973365453190e-01
1.465620581413756007e-01 -2.751575538849483984e-02 -1.167522238610926161e-02 -3.442753277315113714e-02 3.458719196082266634e-01 -2.651987264659723051e-02 3.133456579050069024e-01 -1.792252957762968391e-01 -1.567766232449820107e-01 -5.032634730268799039e-01 1.595783758751207204e-01 -1.272136705893046893e-01 1.219222524599313379e-01 -5.887415611502514606e-02 -8.882061307714746168e-02 1.350052104773560580e-01 -1.013401663066496594e-01 -2.829578310564142760e-02 -4.325021265042490182e-01 2.443318023171957634e-02 -6.508901367040083319e-02 6.674678982640612490e-02 1.910361875011661742e-02 2.505245487557443695e-01 1.247116072700153316e-01 1.650153495882017776e-02 8.079860125325681597e-02 -1.712626918980603152e-01 1.162144869918189105e-01 1.616152439584870315e-01
-1.488584205027736473e-01 -1.179193535407988408e-01 -1.348805969268024596e-01 1.344962797168516300e-01 6.360236595363655265e-02 -1.951479887548027148e-02 2.659802135321343575e-01 1.197207492837697174e-01 7.941132125946667730e-02 -1.577898286339344813e-01 5.461323486677678585e-02 -6.754629242899452823e-02 -1.442764376535828896e-01 3.255905984727713309e-01 1.543504935629450292e-01 3.370344150052378973e-01 2.452065174100283018e-01 -1.408387347477321472e-01 6.360548411929434209e-02 4.696948401355957592e-02 1.993042312466898336e-01 -1.988800327652893996e-01 -9.102654196825128718e-02 -6.956687739728730988e-03 1.643809996665427930e-01 2.806460383003969716e-01 1.664395911992737898e-01 4.554706417583353484e-01 -2.573172294259882739e-02 -1.404817927578945747e-01
-1.476414666989253055e-01 -2.252468746908952990e-01 6.275899733831732941e-02 1.197239442288794420e-01 6.264907866962651783e-02 1.242928612831203233e-01 1.947191817676123260e-01 1.164747054025958711e-01 1.749895641065413732e-01 -6.792887635549199610e-02 -6.891884000954119627e-02 2.139858021442375968e-01 -1.101595658589675369e-01 -1.439170964982272316e-01 1.229974257236202684e-01 -5.127189882213076255e-02 2.132788368538567347e-01 1.737819925019932765e-01 1.457893615783757424e-01 3.525734940547259888e-01 -2.529997523228829093e-01 -1.568808627164090461e-02 -2.885880394567813881e-02 2.095431400078288098e-01 -2.476555847587919024e-01 2.572638967254981535e-01 9.658172702953442268e-02 -2.921273555215501139e-01 -3.183759751228983914e-01 2.194617529309196291e-01
-9.971355582053491318e-02 -1.578809017304733664e-01 5.630437581227871677e-03 -2.690604424063446909e-01 -1.329541142098505657e-01 1.810809589679694409e-01 1.505848316044739593e-02 7.132531045050608323e-03 -6.077074829012520107e-02 -1.877970893610646785e-01 -2.862187948276365482e-02 7.296896643445840991e-02 1.132716886377290594e-01 -2.790320691137822273e-02 1.270257542463813227e-01 -2.642925635943252013e-02 -1.959407704214131130e-01 -5.472311711419960423e-01 7.809521396549355676e-02 2.380825924102052960e-01 1.821721431612468578e-01 -9.434688743026130309e-02 -3.182039288802066546e-01 -1.065216448335078864e-01 -2.052881355541283370e-01 -2.338515015616675075e-01 2.478456142095675774e-01 -1.839939706855414081e-01 1.103487654998087236e-02 -1.373133169806843856e-01
-2.245275863164098440e-01 8.030098333658342025e-02 9.779513915054843798e-02 -2.837434947250127015e-01 4.836744277386914592e-02 1.126654305487274632e-01 -1.079948717873428637e-01 2.455059036052466837e-01 -1.116953299453614240e-01 8.198645076472600712e-02 7.461222592153955203e-03 -1.024662873760856657e-01 -9.859874356425339659e-02 -2.731284753737958093e-01 -1.280554876351321925e-01 -2.467914018444171964e-01 2.161533078904435412e-01 6.371275133812732971e-02 -2.910327353915563298e-01 5.654496930897156409e-03 2.038067283730915780e-01 -3.250193126876526617e-01 -1.672279590718707687e-01 3.715142598811297936e-01 1.452495478706010423e-01 -1.366194153166505054e-01 -3.753017540584548811e-02 2.106136933426078217e-01 -1.967226957599065851e-01 4.258013858715566091e-02
1.714131983575887530e-01 2.018787571113631885e-01 -1.505974824351436481e-01 -1.003338300424999607e-01 -2.450373518599356093e-01 -1.548016513229144575e-01 7.856104591464022069e-02 1.361952013553012486e-01 1.739529921715494698e-01 -3.234123677793508955e-01 -4.433321297704979208e-02 1.672415060913903517e-01 2.894395729260590411e-02 1.460307124386169830e-01 -2.978892419465462571e-01 -6.465359026444553181e-02 1.694211717115566840e-01 -2.802922634967081397e-02 3.128808396023379235e-01 -1.448238431563192152e-01 -2.948585662126609191e-02 -1.226296724090786966e-01 -1.295471070755395138e-01 2.111495364707844935e-01 -1.754564286101580606e-01 -1.582251074345213115e-01 -4.248522102877164142e-02 1.005772918897330920e-01 2.426354419527515793e-01 3.953132379986280531e-01
-4.194390794001204986e-02 -2.214711454962400156e-02 -3.334345668112162486e-01 1.163297448465912265e-01 4.495195304488142085e-02 1.687915779240301561e-01 1.377501753088111042e-02 -2.285617293880886913e-01 4.035948242660525875e-01 4.030160086184245150e-02 2.647730012184895676e-01 -2.866396419828712294e-02 -3.132701452367314676e-01 -1.707404357426452191e-01 6.080347570418927899e-02 -2.927624653499067975e-01 -2.167743952772186455e-01 -1.661239153588064121e-01 7.590388457849756021e-02 9.449124666465641073e-03 -2.498847913192251691e-01 3.413208736490662421e-02 -1.727491046391844975e-01 4.075531620450828507e-02 3.582118193225058422e-01 -9.537133232656094806e-02 6.308940548300506421e-03 1.266190799720332549e-01 4.245808796107616856e-02 8.440861972873593688e-02
8.128840458522400281e-02 1.196917449773093585e-03 2.007041697242995665e-02 -5.704377025006540647e-02 2.188289092289409377e-01 1.234620373809090371e-01 -3.484025601777921560e-02 -2.687585391331598350e-01 1.292968458570164791e-01 -2.430739825587245606e-02 1.948290926818677660e-01 -1.343985832517161361e-01 1.925589556269115821e-01 7.627389460144164135e-02 4.120247754745929303e-01 -1.633216851536517522e-02 4.661161389846054104e-01 2.176610588429789828e-01 8.346480623259869280e-02 6.988128529423791313e-02 -5.596291423997087899e-02 -1.364625295425937745e-01 -2.998781841370611739e-02 -2.725404977470151716e-02 -1.697235723011194519e-01 -4.330767838006245873e-01 -1.196336989158215264e-01 2.032772457532413743e-02 1.493834088320313835e-01 -1.166772497622835941e-01
-5.766262593143013648e-02 -1.394671787435875221e-01 5.143734637403891696e-01 2.873989225469916198e-01 1.757092645713835000e-01 -1.602123095476847003e-01 -8.188446580822437981e-02 2.629971102447227760e-01 8.981348936438808550e-02 -2.896418977133196071e-01 2.046780207491107895e-01 1.213501778317456481e-01 8.829283393967836402e-02 2.690019812416771447e-02 1.790514874080701146e-01 -3.854264293424276011e-01 -2.398727668483206441e-02 -1.497116292422142336e-01 6.119570711893023568e-02 -2.833375548062526672e-01 8.571240689434220239e-02 7.488467699805206879e-02 1.996613432328871521e-02 -1.321008934955659186e-01 6.983994899040213422e-02 -3.551710297874653005e-02 -1.838702604901816529e-02 7.799133317956943867e-02 -6.251400529054555733e-02 7.507265871690722847e-02
8.901727502455489272e-02 3.712198445103886968e-02 -1.614343247043263097e-01 2.059064634888793655e-01 -1.029417283814466066e-01 3.218081702663160848e-01 4.172319286577944736e-02 -2.619138775176093059e-01 1.825800495759854342e-02 -8.787335784649587256e-02 3.020674147017423164e-02 6.583344088425858998e-02 3.360319239457751905e-01 6.450007097820265045e-02 -1.761416416137447927e-01 -9.310168475778800301e-02 -7.408971227025459502e-03 1.682409065522121744e-02 1.170621179415695934e-01 -3.583387293193688317e-01 1.222818917661347843e-01 -1.916232289737072048e-01 1.765798371299261704e-01 1.415870738678425000e-01 9.722338638263740979e-03 -1.740866659888641935e-02 1.999088307808886134e-01 -5.291772630789885745e-02 -4.995149318125152171e-01 -1.721764064939565742e-01
-1.741692661225957006e-01 1.344630307191134987e-02 2.734076369126315353e-01 -3.369597628792278532e-02 -3.481419354449185044e-01 -1.483122753949282259e-02 9.613982423538851296e-02 -4.709593323161636036e-01 -8.768285120268205779e-02 -2.101672377577279982e-01 9.466721239063240201e-02 -1.296723158469906545e-01 -1.352726552116180481e-01 -1.705714257473467110e-01 -8.433013140944009556e-03 -1.851666004389688480e-01 -5.057441403821301418e-02 3.883937708556008117e-02 4.682325585617325148e-02 -7.371155870439723666e-03 -1.040141337522736825e-02 -3.646288131945971817e-02 9.102134337034774661e-03 1.254898169894073934e-01 -3.057243057109080286e-01 3.356892429590587201e-01 -1.770171552599109910e-01 2.213272761374895370e-01 1.618583799535451839e-01 -2.132779043394289198e-01
2.168214205269160255e-02 -2.973608717789618661e-01 -4.202402378086453894e-01 2.181647504246949643e-01 7.308625629610203400e-02 -7.887762857031287156e-02 8.618301324586588597e-02 8.098758452733587077e-02 -3.457730067755382386e-01 1.379285896696777758e-01 -9.412568048107963770e-02 -1.831669314435717746e-02 1.998547488036731823e-01 6.134494815783150118e-02 6.274666862015709605e-03 -4.628180833627650315e-01 1.441081801473191315e-01 -2.348777749954311656e-01 -5.392906699017673694e-02 7.931351211550624614e-02 -3.755215192607620767e-02 -1.503458217040490041e-01 1.329145463384351633e-01 4.021125422193743554e-02 -7.935224223237333230e-02 1.408163177027161872e-01 -2.269992610696913160e-01 -6.444767286617919186e-03 2.222321949204294489e-01 -1.100387588863658596e-02
1.098956501042410716e-01 -2.377661232107938002e-03 -4.449475425516027927e-02 -9.512892043773493733e-02 -3.044825781802737788e-02 -1.522980558570953824e-01 -1.932556879617084444e-01 -2.779804996468990819e-01 -2.274297855875044225e-02 7.359951714185501703e-02 1.523315921251108818e-01 5.616969082447454964e-01 1.936749135448606052e-01 6.347498993699783598e-02 6.519678754249733088e-02 -1.133999008449651097e-01 9.818512059248681034e-02 1.101156702942700794e-01 -6.055826214891361914e-02 2.779268159662653392e-01 3.576503877545404997e-01 2.700236738792801128e-01 -1.104168479620244725e-01 1.540066872987253532e-01 2.111217873416796897e-01 1.613903704500240233e-01 9.955526693953527240e-02 1.112898140628220678e-01 2.782407075741383587e-02 4.183995939212474535e-02
-1.992460285655141272e-01 3.902992636706357765e-01 3.813872726080392433e-02 7.433692652811223212e-02 -1.503229161035420369e-01 3.271081645754241873e-01 5.883674000157669559e-02 9.774406181579400887e-02 -2.298195389283920476e-02 3.288555325256349582e-02 2.397821803498765836e-01 -1.804472253219847541e-02 -2.173672129363366790e-01 3.249196958787509693e-01 5.176585753732210887e-02 -1.624189959105665493e-01 6.920355291247060059e-02 -1.011612502554027349e-01 -1.335017344857465371e-01 1.769038954368843675e-01 1.834087783777427760e-01 9.288397823681429633e-02 4.581282524813192203e-01 3.388881525413078855e-02 -3.598567801514563486e-02 -3.869164910078033009e-02 1.276486229830909869e-01 -1.914054407375830047e-01 1.670459377995965611e-01 1.264900046321530414e-01
1.516928134799339356e-01 5.338688101775667175e-03 1.336080945576515215e-03 7.008878781967362026e-02 -1.125487995502908040e-01 3.608683047328318794e-01 5.920780529464356179e-02 1.494498320813119827e-02 -6.549809001093845340e-02 -1.747943008476921523e-01 -3.803416511579896242e-01 -2.268039940715994573e-01 -9.991764087142424033e-02 1.806386772276832864e-01 1.313833667223132384e-01 -1.406799248295315108e-01 1.003062612029436002e-01 1.067841642148883163e-01 2.487172077105866477e-02 -5.767361439834899073e-02 2.349677443488456252e-01 3.814431942852519741e-01 -3.632181749061685339e-01 1.030300537177516844e-02 1.870724323015441337e-01 6.054997058619921574e-02 -3.096630447248986395e-01 -1.244779932194281930e-01 -6.892734503091046960e-02 4.318069764923723047e-02
