-1.182977869978507623e-01 -1.260515491356772599e-01 1.317164181796437739e-01 -5.137044072549810242e-03 1.159149690660966209e-01 -2.381107829024686207e-01 -1.314483070819504607e-01 1.646044529736073181e-01 2.420604371124225329e-01 -4.549304282264780147e-02 -7.986082189452573671e-03 -3.288325533777984866e-01 4.242763155961250254e-02 -1.284710933185279624e-01 8.719426902312329974e-02 -7.221430363539163566e-02 -1.056628520576291669e-01 6.271983444163114346e-03 9.507285412045950179e-02 -3.498456435813293575e-01 -4.106082266188969959e-02 -1.159185127975013996e-01 -2.043423726761521841e-01 -4.431189167140990870e-01 2.490782303624337890e-01 -1.803195282702211022e-01 3.479359164696819995e-02 -1.813696708943104696e-01 -2.600419019597799974e-01 -2.147185333383786199e-01
9.818939204698799716e-02 1.976272772454832627e-01 3.838168266400311408e-03 -2.762560465679992847e-02 1.082207348011935966e-01 -1.798726295908599504e-01 -1.846681331658716523e-03 1.178153027236694128e-01 -8.192901611521294369e-02 3.784747770472686734e-01 -2.230601633319226340e-01 -1.916480103372164012e-01 -7.168878142834946010e-02 -4.025893557207573248e-01 3.195434593788203104e-02 2.682137385320301215e-01 -4.463302906880661780e-02 -2.445889929518011430e-01 8.294373343256363287e-03 2.504059814228909442e-01 -2.124307519956665224e-01 -8.851490831447365870e-02 -2.649447174025572616e-01 1.968364360415113343e-03 -1.845023147756240933e-01 9.603575199442263011e-02 1.974610499250729068e-01 -1.865788391616229891e-01 7.349722115388748755e-02 2.138684331696539542e-01
4.093734333569232220e-02 -1.412676559551405697e-01 6.491720313929486008e-02 2.199848486705450468e-01 -5.178301454312809332e-02 -1.965578856532682606e-01 3.232066491495813043e-01 1.589145707986062694e-01 -2.184974930541589144e-01 1.688787664429723390e-01 3.331656922285550909e-02 2.774180608862386599e-01 -2.867517569173608921e-02 -1.787355292443877641e-01 -2.239545388979550244e-01 -1.732547014631927174e-02 1.247792805559201912e-01 -2.603657231010697015e-01 1.729752025199166321e-01 -4.079116454859265106e-01 7.347315479207808253e-02 1.503446845280460020e-01 -2.452128315689963978e-01 1.306275128653249795e-01 -2.002621985461340223e-02 1.324984030589350381e-01 -2.392829991204537543e-01 1.027831038450963269e-01 1.072014533659050584e-02 -2.154320756227192102e-01
3.889892207589756290e-01 1.833573031934809527e-01 -5.651335559092783567e-02 1.073018041663224668e-02 -9.410738903463629346e-02 -2.051456641193789010e-01 6.888229290411505834e-02 -1.537637053799692163e-02 3.265887208979474932e-01 -1.238415371709012947e-01 -1.116480800633227188e-01 1.932096962732154366e-01 2.208307792879420639e-01 1.413387614381940716e-01 -1.329884211098479319e-01 2.109276280250035607e-01 -3.799969631154079264e-01 -1.488565261087155533e-01 -9.325288846415129285e-02 1.514830788708899619e-03 1.744049691552668202e-01 -4.291430531863529158e-02 1.497407697245855818e-01 -1.966599956609030864e-01 -1.813044761340520949e-01 2.753919883797785739e-01 5.263397768822500322e-02 -7.473371078495771869e-02 -1.308600551462038922e-02 -2.593755511916741030e-01
1.950158423917444928e-01 -4.840614272790045897e-04 2.281334205336819076e-01 1.090283827401265504e-01 2.891071348050600065e-02 3.698475300104103747e-02 -1.334620724550850679e-01 3.812420745828347113e-01 8.530887002553461107e-02 -3.198137963051349009e-01 1.042474481641485762e-01 -1.479574388683772557e-01 1.341000367214872091e-01 -1.440634739189105840e-01 2.003313346964298303e-01 2.228354386559648903e-01 -7.992778061977855175e-02 1.377763453715364073e-01 5.843048168820296623e-02 4.826202510159034037e-02 -7.667842856102129179e-02 -4.638537058894909998e-02 -6.377609221448030108e-02 3.482132822825820817e-01 3.138918773953414121e-01 2.197086847019016353e-01 -2.220660682117662765e-01 4.716598690285939838e-02 3.140709505066067719e-01 -1.971511266883678795e-02
-4.570217525651963653e-02 -1.225204714648177595e-01 -8.148048813853583927e-02 1.734098971648380116e-01 -2.290577434307179416e-01 3.913272610717825617e-01 1.000481566907976926e-02 2.339013913966003777e-01 -2.523329160729188558e-01 1.198651415353118310e-01 -3.235457723878408243e-01 2.178458220532973610e-01 2.129690576567530580e-02 1.490163523070813130e-02 1.262076702501668257e-01 7.171448335595465452e-04 -8.511820593993826845e-02 -6.055126357771430101e-02 4.413561526329577017e-02 9.171626577975908190e-02 -7.610214657336825117e-02 -4.216140327807668120e-01 8.008546050859789711e-02 -3.153463190666687121e-01 1.331267667119381271e-01 -9.101779813475058267e-02 -4.532824514521406785e-03 -9.640052943385050283e-03 2.219058730652070377e-01 -2.301126911898026539e-01
-1.814122805785627901e-01 2.374853251936396292e-01 1.058986851956954939e-01 1.023887148778600542e-01 -1.150724109471784468e-01 3.170483779392409274e-02 -2.568852660224354989e-01 -1.876191706030251594e-01 -7.212909618774146492e-02 -4.579845931896257549e-01 -9.774273955591208582e-03 1.810510495840100265e-01 -2.671024881845016630e-01 -3.256776155363672598e-01 -1.275749966103027766e-01 -1.418954426121674106e-01 -1.669303288988429335e-01 -2.309736284855255228e-01 -1.386883982586001596e-01 -2.942054781301944519e-02 -1.986484429566472976e-01 -1.252784180713026607e-01 8.204558517462188366e-03 1.114170716334681177e-01 -1.481884190587843819e-01 -8.571239208209874283e-02 -2.102966706219462079e-01 -2.338338853103724690e-01 -9.545792552663823205e-02 -7.506295477594930599e-02
-6.186636297204164622e-03 1.238819963723370859e-01 -2.358606945457169535e-01 2.452745865617842608e-02 1.831513372521042238e-01 -4.186164115553238085e-01 -5.355950948300226833e-02 1.970997054391788739e-01 -1.211489521091751037e-01 -1.727119395832724946e-01 -3.833027477034636199e-01 1.529545475316313741e-01 -1.539934295226742245e-01 1.171198531765712397e-01 -9.064765221903633985e-02 -3.212828649606105924e-02 1.553370551935392800e-02 -4.794945813636171394e-02 -1.541140780103076868e-01 7.920793089270575932e-03 8.312313422765113535e-02 1.799747419858689079e-01 1.035551649828651000e-01 1.312018213789939436e-01 3.644962027114460601e-01 -3.274648577143685624e-01 2.189023029060999104e-01 2.106314405928539496e-02 1.852403056461544295e-01 4.517220864960687018e-03
-2.767152912802904596e-02 1.131355855798086701e-01 1.954775366902803124e-01 1.152471881979597219e-02 1.415950277696371995e-01 1.556247157883293986e-01 -1.361597158907528193e-01 1.144907029253958708e-01 2.287402658467429378e-02 3.169531198518948933e-01 2.173963412423216002e-01 -1.466454267755263885e-01 3.234155320738150985e-02 1.001483303219859872e-01 -3.957711914637665473e-01 6.877192430740795837e-02 7.683110651263887203e-02 3.716910545019488227e-02 -3.996711791294447202e-01 9.441117730438372546e-02 -6.569994721760853695e-02 1.251376171144105431e-01 2.750727647120957894e-02 4.861294663179553666e-02 -3.574216758127665705e-02 -2.148942864375577300e-01 -6.473344676290879174e-02 -1.406605878884377159e-01 2.035546259759720145e-01 -4.669986033501558054e-01
5.052540372650005801e-02 -1.202607861771931713e-01 -5.613846323002058547e-02 -7.666560258256731319e-02 6.501696048195081123e-02 -1.263154418601093454e-01 -9.899688162392782098e-02 8.975253440627074808e-02 7.804072813122343334e-03 -4.542599946150373963e-02 1.877438900694424206e-01 1.248420023456771055e-01 6.694371719943509325e-02 1.953017853449760532e-01 -1.761542176944576044e-01 1.605791362071190831e-01 2.557146750423743287e-01 -1.796818302817345392e-01 -2.888404044780838453e-01 3.120532046795176581e-02 1.871265068609791749e-01 -6.358260841999610058e-01 -2.179579966917754019e-01 1.093372740344397270e-01 7.311368104394318224e-02 -4.319671165905943078e-02 -7.310881575642430574e-02 3.060140675329235671e-02 -2.051195237252513848e-01 2.170766014642292463e-01
-3.156934442406397062e-02 -3.159304409437899142e-01 5.717988920951616594e-02 -1.879234287880552912e-01 -8.023532567665334070e-02 -7.415896211074338162e-02 1.648070606404209992e-01 7.012736587887360984e-02 9.117294343615461871e-02 1.257396895210547150e-01 2.273610230901979001e-01 2.978947295868512434e-03 -1.272717654612458629e-02 -4.730063834447648108e-02 -1.602732344466327452e-01 -3.060477232623105837e-02 -4.644966325500817228e-01 -2.910910416857456773e-01 -6.407379201735476787e-03 1.110092638522926778e-01 -7.377744140677611195e-02 6.453939112432603709e-02 2.377986121190394375e-01 -8.518337201122282154e-02 1.475715244625240286e-01 -2.614793988598617669e-01 -2.667585162975401047e-01 1.722106599190207157e-03 1.780153433263070573e-01 3.639674491621152641e-01
2.304668530709921056e-03 -5.632260117740527094e-02 9.722199560871533364e-02 4.263086897887164439e-01 4.738959555875260632e-01 -5.114570290933458802e-02 1.857591211460238312e-01 -1.157009946882300438e-01 5.985101151317441526e-02 9.605338745197851413e-02 8.847292255964833707e-02 2.008317102632072304e-01 9.883371064029870812e-02 -4.119453048844136100e-01 1.427516943161348806e-01 -6.053002305890972656e-02 1.116866705198135516e-02 1.761273648318092966e-01 -2.225736012070516079e-01 1.048831033482026248e-01 1.326983990827998727e-01 -1.208241634754107646e-01 3.431721132797466156e-01 -7.875590241976224148e-02 5.830793995874595376e-02 -3.290291513896683329e-03 2.111762052702898136e-03 4.048225726581782674e-02 -1.062368844366523152e-01 4.317896718087221170e-02
6.134484804726964696e-02 -1.573157717715702730e-01 2.432954142971147371e-01 -1.611334467941310522e-01 1.461751958556659348e-01 -1.233756248058531513e-01 3.145508893875419848e-02 3.180702195974364210e-01 1.120334323592039188e-01 1.386661072443763909e-01 -3.954473573544677045e-02 1.383436850840235322e-01 -3.390630058740664587e-01 2.209417351949538866e-01 1.125758592527367763e-01 -2.633261257407659706e-01 -3.418506326397413586e-02 8.983126578520077288e-02 7.565576723895732492e-02 -1.435324952217582606e-01 -2.438793143801447072e-01 -2.225757708246058619e-01 2.950031452080881245e-01 2.576824966968642716e-01 -2.534511923652739696e-01 1.449426087443002054e-01 1.550948328332026616e-01 -1.914913124793616583e-01 -5.179818215927661784e-02 -5.147321506117401996e-02
-2.001454971098200197e-01 1.152802166995378352e-01 -1.119537398397396077e-01 -2.100814240469585370e-01 -2.516548915051939339e-01 -1.201448180161456547e-01 -3.165874561961117828e-01 1.800512281156378125e-01 1.249162348222073032e-01 2.543286203349907626e-01 -6.346768260628037409e-03 -6.910165367465398445e-02 -3.273795533760941179e-02 -2.687393162073871133e-01 2.711058871079245480e-01 -1.952070347099287839e-01 4.862894957952711150e-02 -1.435967725657331662e-01 -2.007089508171412129e-01 -7.762018941540019257e-02 4.049138706817831945e-01 -5.282871399919608461e-03 1.987820143562979702e-01 6.239993201552945790e-02 -8.211929689762270668e-02 1.258319360334314851e-01 -1.249746896535766510e-01 2.861559004818105545e-01 6.458083234793220162e-02 -9.293750571295814056e-02
2.806152729282233582e-01 -2.119763518696968219e-01 -2.576089892155443706e-01 -9.212800619780456279e-03 -3.688116558355844510e-02 -4.524086593530311784e-02 -1.648585054935408356e-01 -1.159269556404281670e-01 -3.387527891319406237e-01 8.770182639488963150e-02 -1.194640624010521318e-01 -3.233850439666519638e-01 1.991150662688372652e-01 -9.410179908351215539e-02 -1.994534552552135742e-01 -2.185323955465621748e-01 -1.972594579936207473e-02 5.230605310565343558e-03 9.716585498894410311e-02 5.881829796622062984e-02 6.823291840994798185e-02 -5.324256134654519607e-02 2.711554200238601164e-01 2.154802276081298484e-01 1.693375835191767986e-01 1.691731155135721698e-01 -1.358079950144897297e-01 -3.302057099239474880e-01 -2.316954815208648044e-01 -9.639963219170981368e-02
-3.647974363622222271e-02 5.388025111231110192e-02 4.180854383591379175e-01 -5.800277439684138614e-02 -1.654171702954593259e-02 -5.116777221594859260e-02 -2.843191454024718845e-01 -1.369206485723754030e-01 -1.666705924519000792e-01 1.021448884872491331e-01 -2.603634054558888744e-01 2.001790415505881257e-02 1.382913345507157943e-01 -3.991703434188553085e-02 -2.360379836872783244e-01 3.661910214941160868e-01 -6.993567221564916947e-02 1.986776793778705086e-01 2.474015323188694937e-01 -2.746628169609799941e-01 1.092603649220188072e-01 -1.161031509858816008e-01 2.550222083240948345e-01 5.904034672078486284e-02 -1.105619938834969535e-01 -2.071606393778431809e-01 -3.057346624691805077e-03 2.171633998971751744e-01 -3.279109899792097965e-02 1.409430800499031911e-01
-6.273963806891731665e-02 6.596856550542935793e-02 -5.857265769811478839e-02 7.800920648950901426e-02 1.276204180845782153e-02 -1.626190827891421942e-01 1.454978115637936276e-01 2.839264480909582319e-02 -7.183495977721902903e-02 -7.727770724915077744e-03 -8.149162976075392112e-03 -9.501223242140258152e-02 2.436800094213234513e-02 2.441236139773047056e-02 -2.641780401746775600e-02 -2.549582794400847563e-01 -3.053972887357390142e-01 4.084655419168187196e-01 1.194708578425396767e-01 1.065123224017530401e-01 3.873806658073616349e-01 -2.088383209546428032e-01 -3.265889668672061208e-01 1.064368249527074539e-01 -3.195358475368781370e-01 -2.211736855148912773e-01 -1.459654498742925799e-01 -1.498772285527784631e-01 2.453921463659878288e-01 1.871904536782365708e-03
2.507610772583538927e-01 -1.461114170048705835e-02 2.852091596586735917e-02 2.404743107486351922e-02 2.139728041809400294e-01 -4.189183461214159715e-02 -4.162358062877389853e-01 4.009988404452722102e-03 -4.459421617695008555e-01 4.767477726003459260e-02 3.102066564022422090e-01 1.247841162678507559e-01 -1.647041042452116466e-01 9.133734024544690189e-02 3.192681985687285950e-02 -1.476151599365590761e-01 -3.220300159422530561e-01 3.893884276239589770e-02 -6.380053380880983116e-02 -3.673582773459999756e-02 -1.097780849060382008e-02 7.783711853485514309e-02 -1.832589830448518586e-01 -2.579832064613978848e-01 1.456737530796223777e-02 1.977925133586490025e-01 1.425994706155836733e-01 2.519277631698533804e-01 3.009572826079152941e-02 4.990042379762877484e-02
-2.102703033311994207e-01 1.786559140110803232e-02 -1.737935070531147486e-01 7.927820909065599886e-02 2.515390021479376181e-01 -2.066615404476401796e-02 -1.219792229303887088e-01 -2.259514524393836099e-01 -2.403044722741164846e-02 8.356973139497651804e-02 1.387208276734190060e-01 2.561844020630561075e-02 4.388545476115626176e-01 1.710835261969666232e-01 3.192751712613211557e-01 5.616211183607372655e-03 -1.673392880831366392e-01 -3.530999893743609341e-01 1.346112983087188464e-01 -2.063017789168738736e-01 -1.574117054677970917e-01 -1.014768276518698831e-01 -6.674535932930770500e-03 3.001330331262186402e-01 -8.991551555941297569e-02 -1.404927403478595793e-01 1.338572237594894687e-01 -2.916874500021835598e-02 1.819121936630516134e-01 -1.407379925017419042e-01
-3.616834804963698358e-01 2.490284083136010407e-01 1.162508240357325445e-01 -1.451372498272177902e-01 9.821070780208980555e-02 -2.903360956047594879e-02 3.358773588963244183e-01 1.823033735489752727e-01 -3.495736713585671507e-01 -1.440696057740414038e-01 1.708721442825287817e-01 -1.947920212953567487e-01 -5.595014454052173181e-02 8.234213981677361571e-02 -1.020311755096554819e-03 1.600313552487911128e-01 -1.849485326258017981e-01 -1.357854721729122305e-01 1.394052322098014718e-01 2.406145422344320994e-01 1.634633274451898488e-01 -8.016172322074664736e-02 1.643748343542433821e-01 2.841243577701624279e-02 8.150598552310718559e-02 1.211304441879665628e-01 1.041218535341191520e-01 1.165990175330809814e-01 -2.893373171981834524e-01 -2.236509479584548044e-01
1.248382130579991922e-01 1.809632437661877480e-02 3.550017335835025101e-01 -1.191286771952336232e-01 2.791373333805376861e-02 -2.154244762229608201e-01 1.236000523037456833e-01 -3.895867540910423754e-01 -2.566956771324392650e-02 1.225903422469937082e-01 -3.168962258960689171e-01 -6.362333155842410382e-02 -2.588358474122363223e-02 1.867284614403426357e-01 2.275395785299298146e-01 -1.814416234005967188e-01 -2.438669506928983419e-02 -6.673920363218507901e-02 -1.516624349588507059e-01 2.233601740207586117e-01 -1.598890583992248760e-01 -8.393870645508860751e-02 -1.632718781167167565e-01 3.724339061910178494e-02 1.735628435231254263e-01 1.328101521346492300e-02 -3.412751506343836838e-01 2.586913840263781461e-01 -4.204476492487846384e-02 -1.875736002474903963e-01
-3.314809258937800873e-01 1.839986526386489310e-02 -7.177340013445657196e-02 1.424211556321971495e-01 2.032928741990749077e-01 1.886321359942070008e-01 -2.457282777055037892e-01 1.556943753689518373e-01 2.236178917435926450e-01 2.315667349472070868e-01 -2.469105605235057399e-01 2.402600733985486292e-01 2.629473740137616006e-02 1.856283326441920678e-01 -1.092081898055673461e-01 2.252768747876197561e-02 -2.496294833456295936e-01 4.742659724261127918e-02 9.200300640786578110e-02 1.534831388935879171e-01 5.440834336737108284e-02 1.847661978448029430e-01 -1.919593056878995951e-01 1.250349611890932966e-01 1.368713367576719075e-01 2.073834479677254539e-01 -2.448720940154147097e-01 -7.277449686147965946e-02 -3.270444837842125807e-01 1.130815337935712761e-01
-1.148277837438892446e-01 -2.388747923794956041e-01 1.054153669657979520e-01 8.513553369528656378e-02 2.013227742990378599e-01 2.323898717159786353e-01 1.144875509398804586e-01 9.732560730529271620e-02 -6.655144190313090624e-02 -2.465379463016651174e-01 -3.589082024500909185e-01 -3.593104711085484682e-01 1.050546079202088895e-01 6.727337155316000239e-02 -1.319492865356625133e-01 -1.333724497749692040e-01 -9.241477515330570602e-02 -1.903070141526907177e-01 -3.801023292245393481e-01 -2.088336176857355231e-01 7.875688680096919192e-02 6.176144162101396273e-02 -4.274411953983795615e-02 -1.585385734946686415e-02 -2.546674657227379068e-01 1.975204148684099048e-01 8.266418919318835323e-02 1.551473990844379758e-01 9.382420960914569785e-02 1.785168498975287232e-01
1.055337392563792248e-01 1.812670382038151784e-01 -4.728342408307470435e-02 3.727317824958574222e-01 -4.459978472691163154e-02 1.586171006232079961e-01 2.546159061485899627e-02 -2.009597589371149851e-01 2.835848719496975590e-01 1.483448081214537029e-01 5.183674419243854137e-02 -2.904678330857874968e-01 -4.018498022356153943e-01 6.541372967518037373e-02 -2.132814846996158309e-01 -1.080359776201295779e-01 -1.173303460464141385e-01 -1.575554978379185844e-01 2.014757815270783736e-01 -9.433956733650526727e-02 1.109475018749670611e-01 -2.304156563158205606e-01 2.671980697780799649e-02 1.603815955845529773e-01 2.413310457375106854e-01 3.497518146266706540e-02 1.922462624403220577e-01 2.227559822900044284e-01 8.908465707101276276e-02 1.876181733970546522e-02
-9.416084275831190786e-02 2.166112164922560923e-01 3.274981109435048388e-01 2.452421722456752939e-01 -4.628090752944465369e-01 -8.870407016616470297e-02 8.635800162582091266e-02 2.850275223964274240e-02 -1.230546539401506656e-01 1.526172932126859394e-01 7.919484518157203501e-02 5.200779540541367041e-02 2.587353881930597455e-01 1.239196281432400626e-01 7.240604930159898200e-02 -1.833326011345011997e-01 -9.227950882262282717e-02 5.887929148099643045e-02 -2.775674170529062734e-01 -1.179403162204780697e-01 -1.683891919297736319e-03 5.708457060220172713e-02 -3.401746637638550924e-02 7.594103227318525773e-02 2.221363030099685054e-01 7.750816739768749686e-02 2.742904385699536096e-01 -2.454562994528105557e-01 -8.358740351294170756e-02 2.587945444006892748e-01
-8.598178723146507330e-02 2.856714217066847472e-01 -1.172595241784481213e-01 1.520619729606872972e-01 -5.995395043217355627e-03 -2.203122512492739493e-01 -4.009039278875563272e-02 2.284266197950750032e-01 5.485809851926731762e-02 -4.287069247296395463e-02 3.509512076297367777e-02 -7.530346090601690301e-02 3.213803461451277821e-01 4.622906492959879404e-02 -2.933669441667478006e-01 -3.313422228550705895e-01 1.599028256603032550e-01 5.536654389951924798e-02 1.636272568665524674e-01 1.224645793667862581e-01 -4.133767898459504431e-01 -1.152843723799353987e-01 1.233069754793033185e-01 -1.785374090277394299e-01 -1.251620417739575386e-01 6.564473575503543268e-02 -1.384612198872412769e-01 3.227267906727543934e-01 3.100668855838557142e-02 1.132514864651451847e-01
1.066022335463456816e-01 -7.075318127756702498e-03 5.530701643995896560e-02 -4.179725302351494642e-01 3.717741251242041162e-02 2.468439965416808490e-01 9.297249310244304343e-02 1.456463535245095843e-02 1.291004298738367140e-01 -3.108724020686893033e-02 -4.806093019739825917e-02 2.178613546565694448e-01 2.456146552573560682e-01 -3.571952187484604968e-01 -2.205828206277645198e-01 -2.883619212128213372e-01 -1.418929234787998650e-01 6.741461739476169168e-02 2.391255949152464380e-02 3.573277615708143895e-02 -3.516919543483729843e-02 -6.709252042216805323e-02 -2.072586557281639041e-01 2.086676285280732179e-01 1.671254220415313851e-01 -7.816889429720656757e-02 3.629561123129334543e-01 2.081910232147758666e-01 -1.053424664295704305e-01 -1.163709846174171558e-01
-3.633056132845082775e-01 -1.233592660727148571e-01 1.392548251023790207e-01 -1.726466356013568182e-01 9.603480119658396041e-02 -1.634137066383549997e-01 -6.808178159762696968e-02 -2.679745513662829537e-01 3.973360793076576719e-02 -3.455342116633149108e-02 4.520237367950821587e-03 1.090081008691509423e-01 1.055496456777506829e-02 -2.864961866937064741e-02 -2.250983710952897954e-01 -5.976267714382593743e-02 1.520984614685350067e-01 6.731007191994574541e-03 1.347477681241971426e-01 7.784499385561398366e-02 1.112229308850494897e-01 -9.912933981136744233e-02 8.228988466714080158e-03 -1.724672264119659071e-01 1.973812231777898329e-01 4.567007308557229917e-01 1.134783203096819543e-01 -2.174588459957349507e-01 4.627781355445315659e-01 -1.007566098563811990e-02
3.570738237951445043e-02 4.528067248189575067e-01 -2.273610546679750433e-01 -3.084502923640012328e-01 2.026666589172591293e-01 1.768707690729923176e-01 2.251136132105823751e-01 -4.948250488427215210e-02 -8.701874805699882920e-02 1.166109770792465583e-01 -1.958042079704602062e-02 -3.284548131305670311e-03 -4.737447685122519320e-02 8.133087686960070208e-04 2.313083249303726774e-02 3.842936053104267086e-02 -7.860401075047118713e-02 1.779142788212016435e-01 -1.600192979260783854e-01 -4.660076484813126529e-01 -1.040362571479596654e-01 -1.282216577427249815e-01 5.285923223502620588e-02 -7.267495793887021605e-02 1.870817901174948727e-01 1.267870215146187918e-01 -2.848965014633501047e-01 -1.152840240887902240e-01 9.340897301556816412e-02 1.592345100068574548e-01
2.637571089825416770e-01 2.868525281958832496e-01 3.083723572412884195e-01 -5.886015054878281083e-02 2.284816889647922622e-01 2.256522799526832490e-01 -5.431197997485728152e-02 1.254582689942265461e-01 -3.152085446728760103e-03 -5.105824889069214556e-02 -2.241006353209473029e-02 5.312041950152975728e-02 9.734467877817706838e-02 9.011033716782831937e-02 7.848569861871343423e-02 -2.754906499151082988e-01 2.474276583638461979e-01 -3.637065745141273565e-01 2.719172964994300834e-01 7.475976931305204631e-02 3.359841766788104200e-01 9.951406493033418399e-02 3.177664676724334392e-02 -1.470185014630620568e-01 -7.484798720005954569e-04 -1.482381664041253488e-01 -9.305370826339551260e-02 -2.167533531789548884e-01 4.421494473326031266e-02 1.554699280397419114e-01
