-5.212613993898873588e-02 -2.875994476072838424e-01 -1.245926553704161527e-01 -6.518733067532875292e-02 1.740451749975817086e-01 1.238796286682956049e-01 3.201356118439021570e-01 -2.491875262843681327e-01 -3.735194195800301542e-01 -7.382823511702631958e-01
-1.165506498874148422e-01 -3.004856799574669168e-02 -4.815935603735558290e-01 3.418316336954847490e-01 -4.654257904161497317e-01 -2.332105958027522186e-01 -1.992911764816569786e-01 2.659248192028835223e-01 3.006271364338181651e-01 -4.060958019395489171e-01
-3.038397223617145260e-01 -1.484848709690881619e-01 -4.671573409107422359e-01 2.847759480438782909e-01 4.741914925783548562e-01 4.423017439305057530e-02 -3.989554782833755753e-01 1.527766529251632123e-02 -3.649315655602647923e-01 2.586745759549320400e-01
6.676094715456162287e-01 -1.016165365334366355e-01 -9.889368972563604421e-02 5.252563743418112718e-01 8.686191105939602974e-02 2.329116173497219333e-01 3.117324297475993489e-01 2.823484814169767709e-01 -8.965961153734358646e-02 1.075547330714949484e-01
3.171774318969997064e-01 -5.397324973223646127e-01 -3.300474590620769977e-01 -3.963551714821854643e-01 -1.852044642226672866e-01 3.279973186584268507e-01 -2.420559159300613439e-01 -2.541139271929606647e-01 2.309148927597706458e-01 1.539122610185180151e-01
1.884635997012638065e-01 6.955595042200261036e-01 -3.480073204187317248e-01 5.668025632776066414e-02 7.099003241389773011e-02 2.342810416206657365e-01 -3.974757060214380300e-02 -5.198121314579613461e-01 1.329217108945281445e-01 -8.352728525857043562e-02
-1.167563905076735159e-01 -2.794902939427911237e-01 3.079085170327398591e-01 5.728683316504683543e-01 -2.358015208240938354e-01 -8.420102948138094567e-02 -3.358235800458762854e-02 -6.359757004476193076e-01 4.419206524001299818e-02 1.225943108396714137e-01
5.705385323381705065e-02 -3.117953979957415259e-02 -4.133745985124743227e-01 -1.607108295323703417e-01 -1.325346595353537327e-01 -5.978926693928842129e-01 4.930335426664183562e-01 -1.883144165110882673e-01 -1.869731827917397171e-01 3.324480709365661979e-01
4.795347610193648746e-01 -5.699864296974339883e-02 1.409460040234556122e-01 -3.456654693752896773e-02 3.989036645178490326e-01 -5.888380105748023396e-01 -3.958768357003385474e-01 -1.114376155818192077e-01 1.253237895704002181e-01 -2.346055109112401560e-01
2.504336090211962684e-01 1.629721997957144508e-01 9.453020625670859045e-02 -7.999456876123139937e-02 -4.990514426509324308e-01 -1.723421294638796328e-02 -3.746390019528872406e-01 1.054523894071513271e-02 -7.108339072397888980e-01 -1.697617748250822289e-02
