1.464034639022520068e-01 3.727588851293075350e-02 -1.992156029613897650e-01 -4.293572049427233361e-01 2.122435662258808087e-01 -5.361785772152942720e-01 -2.517923468497258455e-01 -5.294806198593441371e-01 -1.531197036423614655e-01 -2.311114742766923469e-01
-5.221593795773723512e-01 -4.001009663284563755e-01 -1.043443488448672074e-01 2.692520241800138922e-02 4.019810297225918649e-01 -3.389108431374378005e-01 -1.277627125140941983e-02 4.600728305318300126e-01 2.727227644168235196e-02 -2.581332252643280811e-01
1.559510266563978176e-01 -2.146894942307248366e-01 3.099578873562373604e-01 -2.380227990324898790e-01 6.488954612098607466e-01 2.783174430052532955e-01 4.375462067490831219e-01 -2.208965116630651204e-01 1.586513181981950016e-01 1.136698826733830575e-01
-2.291015827380925643e-02 -1.941917434653596952e-01 3.203453494271831653e-02 8.821287129260507731e-02 2.878470627052704539e-02 5.077014674167207309e-01 -1.331796894815042709e-01 -1.278885636891666233e-01 -5.873058547554752540e-01 -5.615577873665108521e-01
4.000506870316723473e-01 -2.995074076080608272e-01 7.172769705748880398e-01 1.516639052027291545e-01 -8.726626971275655564e-02 -3.104840231752217794e-01 -2.839487241357027125e-01 1.498664099005948547e-01 -2.931662099762478990e-02 -6.931489332602734643e-02
-1.494591619457359966e-01 5.196640807520677141e-01 3.456370870714473575e-01 -1.264606899868117584e-01 -6.755447136949163656e-02 -2.742223684081066537e-01 5.355680970355484183e-01 1.564699021772850418e-01 -3.811982909015606547e-01 -1.891143364267491023e-01
4.159329296623703702e-03 5.137428631695666569e-03 7.065970640280383464e-02 -1.812588724057763168e-01 -2.942455293195810895e-01 8.349268831835801596e-02 1.501861135094975652e-01 -4.920019100444701643e-02 6.395179736430294248e-01 -6.592400983302497686e-01
3.366451545378595367e-01 1.978512350066313485e-01 -1.055758617578724246e-01 -5.897114499058906389e-01 1.197491784105101237e-01 2.106103320922692035e-01 -2.574543463375502106e-01 6.013489650314678414e-01 -4.183570387284921838e-02 -1.639969424863425840e-02
-6.196412321133923928e-01 1.230292934704937807e-01 4.445877523552689281e-01 -3.531752165460830262e-01 -7.305356127724062232e-02 1.935709203683503576e-01 -4.047335203983792318e-01 -1.784392602246767379e-01 6.967605246839263244e-02 1.876338584790984976e-01
-3.726794998957363297e-02 -5.836647644504595611e-01 -6.765147686525543880e-02 -4.540371215065991950e-01 -5.030247637478849621e-01 -4.511004832478383159e-02 3.273315934279735773e-01 2.816554583572225458e-03 -2.096481653306053738e-01 2.025957179920857831e-01
