-2.742940754050682273e-03 2.022750622579168323e-01 -8.952058273405121003e-02 6.211650168167424935e-02 -8.600800707072035756e-02 -3.117993646041529732e-01 1.842418169976461351e-01 2.585143964900225577e-01 -4.511620964325290667e-02 1.051436266270195929e-01 -1.835756879623951787e-01 -2.811920352248398203e-01 7.361327460709429782e-02 2.458094776752479602e-02 1.059453213527104393e-01 3.920330517840945328e-01 -6.489846516345906813e-02 2.199832726599911525e-01 4.409209494664042411e-02 9.370805463757655995e-02 -2.680553762271093987e-01 -1.222392461682253323e-01 -1.361821569727345860e-01 2.258201788410728328e-01 -8.976204681486972536e-02 -9.938838929897735389e-03 2.181583522688642085e-01 3.100632218674466700e-01 2.576056111867510712e-01 -8.427140648732792116e-02
-1.408223387516707448e-01 -3.165725081304761324e-02 8.805687064869757719e-02 4.734969338529429472e-02 -1.530602893117736889e-02 -1.235055040025799938e-01 1.022197877219464812e-01 1.427793896076391400e-01 1.098434805150213123e-03 -1.215210986363806506e-01 7.622813208102414972e-02 -2.813309315631373764e-01 1.285450898361330252e-01 -1.009991262294965414e-01 9.031359776461677161e-03 -1.964880090140714297e-01 -2.048578480821410530e-01 7.986154331915869264e-02 -3.853408479507335338e-01 1.120777736121557205e-01 -3.180828457727213898e-01 1.940174979189507598e-01 -1.309476796848591529e-01 -3.808834540491043419e-01 -1.182048447933807256e-01 -1.788038494312294835e-01 -2.657760833894718400e-01 -1.350416511117372709e-01 1.109634631545888817e-01 3.164587385147619725e-01
-8.202426519743447053e-02 1.895200691531950463e-02 2.205815010718910063e-01 3.504870683027714873e-01 1.556100857322786912e-01 1.645974786812017809e-01 2.584453517412647200e-02 8.398906380917807446e-02 3.788678826297339208e-01 5.014574952128304092e-02 4.595218369542829889e-02 -3.113392916579442726e-01 1.027139081198577726e-02 -1.706061204442970158e-01 3.864162531597609695e-01 -4.233503195366320609e-02 1.448562497715719655e-01 -8.383622882503379004e-02 3.121686538038389580e-01 1.141856406877713170e-01 3.679857324294717735e-02 2.049534623269649303e-01 -5.258385939240307894e-02 3.125842788794996885e-02 1.316523967925323918e-02 -1.446952139792272163e-01 -1.804359289079889295e-01 1.166303449716741929e-02 -8.468246690526354259e-02 -3.006486173759493896e-01
5.126415014846748969e-02 2.921167224850022559e-01 -1.676283973122045801e-01 1.230759110560427499e-01 1.023521608235197222e-01 1.769272804528355114e-01 -6.496867613112557172e-02 -1.789167581146193231e-01 6.806199137761939633e-02 2.412993202951314586e-01 -5.452459857555730632e-04 -4.208918541512154249e-02 2.499179572160482310e-01 -1.717256352530927288e-01 -3.066053688482969775e-01 -2.102174042415788091e-01 -2.696019998331666487e-02 -2.894572841031894384e-01 -3.088589247518088166e-01 2.837151956117721641e-01 -2.661582189023999345e-01 -3.292656499451198510e-02 2.148161494332300608e-02 2.539965780252441685e-01 2.318835809396714298e-01 -5.165496636735320002e-02 1.012495404462273596e-01 1.629011391132519429e-02 1.727032140776939978e-02 -1.773445081780552490e-01
-6.145279039786809977e-02 1.625974606571464753e-01 3.110301068450266673e-02 1.048223660011229491e-01 -2.699453540027900167e-01 -4.321076266416613021e-01 2.631494057353475288e-02 2.073147954588573996e-02 5.695337438633379240e-02 -1.778519440209418712e-01 -1.824573353851801638e-01 -1.713298269923298756e-01 -3.000921962124004083e-01 -2.694284244184010357e-01 6.523607772462367005e-02 -1.167899969477357996e-01 6.323908684351367548e-02 -2.099735039880123166e-01 -5.813258599485408157e-02 -6.030533359925941556e-02 -3.654681187801052389e-02 -6.670911882318028563e-02 4.175499180155798906e-01 1.196433031627842092e-01 1.015490498234210837e-01 5.769808771570376221e-02 1.155347713043907848e-01 -1.640155010009703707e-01 -3.166969012813716233e-01 1.237679228796262909e-01
2.445914317650096925e-01 -7.311992756159681195e-02 1.252279540141471859e-01 -3.295250963789316152e-03 4.181598872948535939e-02 1.618671156960442281e-01 -1.247504699034346770e-01 4.754013646953220845e-02 -2.144471135552084573e-01 1.158027182521336185e-01 1.060641249578010287e-01 -5.320358280438477333e-02 -3.386417351840083079e-01 -1.188838346739788110e-01 1.495147490096472020e-01 1.225299071882727797e-01 3.779945052817772488e-01 1.401442279377003997e-01 -3.933830008176466553e-01 3.502914194029607131e-01 -7.190620082326119877e-03 -2.158342752945060228e-01 -1.248356005576557390e-03 6.330639019629918929e-02 -2.081872360978025138e-01 5.412683520334628240e-02 -1.786799632946597105e-01 1.567972040584622306e-01 -1.965967034139005920e-01 4.064152848323902834e-02
2.344587712628820944e-02 1.114541307118297186e-01 1.506348774524004785e-01 2.395076441778280774e-01 -2.456698720342651576e-01 4.478265665178190330e-02 1.029708662324630153e-01 -2.139080323538523898e-01 -3.117249353480351926e-01 2.369657234139390667e-01 4.592751069287357990e-01 -2.643186688705167486e-01 -4.273331742871794986e-02 7.576456683356036503e-02 1.026131502360255049e-01 8.436097051608992814e-02 -4.663719439110773635e-02 6.087206519140984928e-03 3.019086597018116880e-02 -3.068448873217688097e-02 1.398344999381449794e-01 -1.891575244129108935e-01 -1.206045342115229235e-02 -1.461368488646314079e-01 1.496900399610116839e-01 4.444407649294587759e-03 2.312097749147508374e-01 -3.649952035943385686e-01 1.949909559495093259e-01 -2.983742028374762600e-02
1.698125371465121214e-01 -1.556946387669562726e-01 2.816640897327282733e-01 -4.565244072917733209e-02 5.853782991399925778e-02 -1.552108419044924970e-01 4.497297415900099182e-02 1.942422165646530696e-01 2.470059809963963959e-01 -1.130628421213782514e-01 1.626978216959951706e-01 8.055114193621507046e-02 6.297134576836752040e-02 5.043770505253442060e-01 6.446150579994625041e-02 -1.344696940274418273e-01 -1.168586923116727433e-01 2.279851384174249873e-01 -1.597916396688233431e-01 3.118718926436278571e-01 -2.673780769676808305e-02 6.755423331708308721e-02 1.549140193069191984e-01 2.656738718731762039e-01 2.258741898939762294e-01 3.100552099432018691e-02 1.676414998192866102e-01 -1.796067178144112320e-01 -8.024699344227215203e-02 -6.171539290341680750e-02
-3.898349144367085212e-02 4.773709947142388416e-02 -3.855010616147737657e-01 3.921865190982590232e-01 1.599507526785675093e-01 8.116240687593892500e-02 -1.333612462119636854e-01 -3.397408653461132105e-02 1.648602206983894869e-01 1.067106671768251608e-01 1.598360073495281794e-02 9.266728088240926142e-02 -2.577879538130444792e-01 1.212742333821798107e-01 -1.530933508491628264e-02 8.064221797707803174e-02 1.578358069081718107e-01 1.750601505074346476e-01 8.965987989533129310e-02 4.169736395125887840e-02 -4.632583992455496097e-02 2.200873712148952721e-01 2.977065025634363215e-03 1.696756918913581991e-01 -6.228691139755202812e-04 -7.443808096386426987e-02 1.030793974085576076e-01 -1.782577926496725640e-01 1.297435110575132222e-01 5.457707518958423432e-01
1.155251606262985287e-01 2.891233583281876407e-01 2.853670520298949853e-01 -1.855236360010632524e-01 7.832168916839475636e-02 -1.387088478395380811e-02 -1.252887789122938966e-01 9.628746661352081959e-02 -1.394745627336316240e-01 -9.335006749900739975e-02 2.421530760482869526e-01 1.997128888078004150e-01 -1.206260824676412546e-01 -2.299924848863141580e-01 7.090988721499898347e-03 6.901005448124844510e-02 3.240287604159940160e-02 -8.532206131328222420e-02 2.452603327051224302e-01 1.681449404504685996e-01 -2.321677175911086854e-01 3.917040094165948338e-01 1.165412418077304280e-01 -1.006821356050983940e-01 1.507137080175869892e-01 3.328551915930429428e-01 4.938931147640457375e-02 1.203350206716082144e-01 2.591101270460560158e-01 1.076547036764316650e-01
2.491585311546844206e-01 -3.798485589021079467e-01 -2.000643583946097592e-01 1.576402362007347790e-01 -5.797589838104838522e-02 3.671296386540599116e-02 -3.788620318490059091e-01 4.485671556627666701e-01 -1.991814231311506422e-01 -8.540833972149689804e-04 -7.102786860092699661e-02 -1.771784014062158241e-01 4.817525880347495182e-02 -1.568234941333737920e-01 -8.117878236882765386e-02 1.889269087807135539e-01 -1.877033690726819526e-01 -1.548592127050360256e-01 -1.053905373174751220e-01 -3.843034448684420901e-02 1.697280850958266807e-01 2.457192678652797002e-01 4.928481728604694467e-02 1.790751687308569798e-04 1.493191706817997566e-01 5.559457110955370179e-02 5.061082537028267075e-02 -1.257375695485030420e-01 5.620800094931961699e-02 -1.538235466578775634e-01
3.458470375977537679e-03 3.377394147572688188e-01 -1.098479137782348153e-01 1.970130708518960660e-02 -7.498896719263861699e-02 3.036460002737829678e-01 1.128764056927279297e-01 3.047049901538729233e-01 1.792749655560794408e-01 -1.013451880040573960e-01 1.878176177002427449e-01 -1.118560880632020471e-01 -2.252999784782067361e-01 1.207501853174217966e-02 6.999797664313622651e-04 -3.010403420194446844e-01 -1.904398281816178096e-01 8.468371688339869363e-02 -2.429822633364848994e-01 -2.787907871064017051e-01 2.361025013083891955e-01 5.833080345544537637e-02 -1.001438324267408253e-01 7.369504788177680399e-02 -1.928699718928754414e-01 2.896609498986044140e-01 1.709947023507454311e-01 1.727823192547771336e-01 4.401840813759758976e-03 -5.745564860628108589e-02
-3.387414997170518083e-01 -1.506559860408664131e-01 4.119260023207453603e-02 3.070752522138902596e-01 -4.903735209659208089e-02 -1.715912134671284950e-01 -2.241792422500715198e-01 2.632336929402291359e-01 -8.265915524217022636e-02 1.532055034191749099e-01 4.573056197428790326e-02 1.387027985038617739e-01 -1.461877634916817770e-01 1.717874896529329731e-01 -1.744285720419765096e-01 -3.140716386407962357e-01 1.989088074966513797e-01 1.466823468320521510e-02 1.127118224789392248e-01 -7.250741774955792029e-02 -2.952300724142893906e-01 -2.341181031861971351e-01 -1.861163821000647312e-01 -1.528844971485394943e-01 1.182122633461236694e-01 2.632661601560081222e-01 -5.070945323633853363e-02 9.802888190392920753e-02 -9.510285560952774081e-03 -1.740835979203300965e-01
2.095339536714592998e-01 7.859378299343820762e-02 1.216255851462538506e-01 2.877801767939486277e-02 -3.853670824418160140e-02 -1.455732537377567581e-01 2.550711993321023718e-01 1.955483936308342607e-01 4.215067566371884927e-02 4.825848736845893550e-01 -1.125327902513122841e-01 2.733264635370305506e-01 -1.537621685606984367e-01 1.654020529932110628e-01 3.617489184392581880e-02 1.865113670936776810e-02 -9.551165554434375149e-02 -4.062057178988853767e-01 -5.323092195984787528e-02 -1.007854405151319965e-01 -4.730863190279156229e-03 8.230874128094126108e-02 2.595763085416913623e-03 8.979011005032044856e-02 -2.754082583097469117e-01 -6.716272755631502375e-03 -2.956628649601346637e-01 -2.125956170840904158e-01 1.509844341228753772e-01 -1.843999888231274281e-02
-1.099776972793388014e-01 7.575437561200185077e-02 -2.306697424592594747e-01 -1.791844153307088350e-01 -3.267190033824678985e-01 2.105367713989715894e-01 -1.209397702767068816e-01 2.124888250464278538e-01 -2.334750019932084475e-01 -1.856351710449440084e-01 1.237795966576677176e-01 1.464104640356934384e-01 5.484160983601737288e-02 1.359912902414550095e-01 3.066602651402725033e-01 -1.417708454185885869e-01 5.589106642517089468e-02 -2.194569657760445380e-01 1.761121245445274319e-01 1.647049716072058467e-01 -2.604247786873544745e-01 2.461036930802299599e-02 -6.409647045797894904e-02 1.279579916695417485e-01 -2.473739599725953975e-01 -3.244883595411457433e-01 1.602007649347929052e-01 -1.378270624196846761e-01 -1.130584215060723152e-01 -4.864581714154597725e-02
-2.057006225224797535e-01 -9.960129799284490881e-02 -6.259902859876988190e-02 1.394806376357089761e-01 6.335103571170651315e-02 1.685145208962181007e-01 1.372390117867899606e-01 -3.838928603141095880e-02 -2.129191928431534708e-01 1.491245375628577619e-01 -1.234388014485100910e-01 4.238984157025182248e-03 4.260453139933180755e-01 8.358591687041018459e-02 3.835477987858383897e-01 1.399784959475189848e-02 -5.602910486528784456e-02 -3.983436378501190034e-02 -6.672257560684066724e-02 4.810794539822622548e-03 -5.733503996775070333e-02 6.093885796280575085e-02 2.668901930163556369e-01 4.655601576732693037e-02 -6.853614872022267823e-02 5.355348693887564959e-01 -9.646141755957151481e-03 3.829270185285051087e-02 -1.834924552026366840e-01 1.916174562709595519e-01
-3.682705027806886244e-01 1.336668195388245571e-02 -2.731270519258353069e-01 -1.931146646658754018e-01 1.286831592202765107e-01 -1.663007655575093890e-01 1.844316105064143785e-01 1.898558438337344390e-01 1.028983120311430521e-01 -3.771613088571822842e-02 3.809121175002931903e-01 2.517730988592919300e-02 9.441114895769188442e-02 -1.889374620492317580e-01 -2.200588100561997329e-01 2.549487366856103554e-01 1.587371157133598831e-01 4.826342169203637344e-02 2.346481977574106821e-03 1.720901311896148034e-01 1.398531194564250069e-01 -1.522838077715115042e-02 1.979992473226801358e-02 1.203401324344368500e-01 -1.295492624153109784e-01 1.828237705469400454e-01 -1.825603782331536862e-01 -3.397400275661599522e-01 -6.688793766089792814e-02 -1.643527423700639756e-01
-1.849345296307488562e-01 2.708026941618187355e-01 8.912519446819859581e-02 2.250179339587962679e-01 9.977749797759986883e-02 1.266657690243984946e-01 -1.460906620802784328e-01 8.447667536815088585e-02 -2.280240226577158746e-01 -1.692414420591363267e-01 9.335838590227249489e-02 -4.096015162868999610e-02 -3.333646026663016765e-02 2.728604513199500703e-01 -2.039189362518542270e-01 1.681294123201180213e-01 -2.456981397258851119e-01 1.298619898371600537e-02 5.562892659785688421e-02 -2.744191315682559598e-02 4.553290436100287247e-02 -1.034649131296165453e-01 4.649079913143736587e-01 8.768211397793509998e-02 -4.037483910238882923e-02 -2.238156303285714910e-01 -3.943423853531655143e-01 1.826525750477737131e-01 4.903921208775878851e-03 -3.686868850085085053e-02
1.521672243048405836e-02 -2.047839813893549861e-03 1.555634889766432383e-01 7.942832947296708454e-03 1.234265463167264210e-01 1.087735082106471574e-01 2.835464066930337146e-01 2.587767865885441942e-01 -1.248492620684165250e-01 2.665782812581054748e-02 2.024872601287881491e-01 7.142212005110885886e-02 8.513758205146994273e-02 -4.377091223084847438e-02 -5.681371251856204979e-02 2.116953404427189822e-01 1.672985203665191267e-01 -9.347566013231556337e-02 -8.242504686999452268e-02 -4.155332746501662622e-01 -1.587469453959034771e-01 5.521822320647289811e-02 -1.738258078201150858e-01 1.311068255694133045e-01 3.741940922130781444e-01 -2.246977757721742297e-01 4.127342770090229596e-02 9.385439870877661239e-02 -3.828585029117423377e-01 2.049847824844484578e-01
2.760336095134793277e-01 -1.203807661001773527e-01 -3.497414527180725541e-01 -1.299410148467804449e-01 2.565455064781026473e-01 -1.211874006431067768e-01 2.152973648397801254e-01 -1.134043998212366233e-01 -1.546110695160023696e-01 -2.111574132654101543e-01 1.428484263178419755e-01 -3.960810485809670989e-01 -1.215669329028227358e-01 2.845460428190743629e-01 4.914267861838939044e-02 -2.062727561886075756e-01 2.006785670596559212e-01 -2.559134120121259182e-01 1.118297405209621592e-01 -9.048537572199685797e-02 -1.226005781579166815e-01 9.718074360610765364e-03 3.237164096664989221e-02 5.499771065052045521e-02 1.015928790210765265e-01 1.237872686340520806e-01 -2.016237052716245981e-01 9.919010389016134910e-02 1.436649261117468879e-01 -3.845081100814815023e-02
-3.825294181268699689e-01 -2.796728137367548994e-01 1.521007047705917326e-01 5.472814850749335887e-03 -3.209091355781455435e-01 1.844431003391324708e-01 2.264434245805776180e-01 -3.141872092800384458e-02 4.692658842988389756e-03 -1.642345358559889612e-01 -1.015120604512980279e-01 1.116224936015452855e-02 -1.323862278761990807e-01 1.400479980213560280e-02 -4.411609402698604687e-02 3.893131104533106152e-02 1.508575332449821893e-01 -2.474048280700966718e-01 -1.695079165807215626e-01 1.529913591986425681e-01 1.962717284124138040e-01 8.989129565429124225e-02 -4.170701487478124803e-02 2.543482285623563932e-01 2.027789468496814795e-01 -6.640128729594868377e-03 -5.187516688975245954e-02 1.834649775663675375e-01 4.082759888273189697e-01 1.052169105777127217e-01
1.081316211106323200e-01 -6.985803340862195565e-02 -2.475829324288780775e-01 1.609121804501408015e-01 -2.320788663127917317e-01 -6.561406211692555335e-02 1.400104203288620175e-01 -1.978267431784759556e-01 -7.562713987815267158e-02 -6.663201577259349195e-02 1.239699655128386896e-01 3.379694050652503612e-01 -9.755893674835272589e-02 -2.219749337570019188e-01 2.563057272365811823e-01 -5.585315092630202538e-02 -1.787596243661619955e-01 3.614607444101185507e-01 -1.114027888735878852e-01 -1.421729243608036708e-01 -1.764690455316595685e-01 1.265042750223286105e-01 1.777893063226818754e-02 1.686881285120883089e-01 2.200549243328365767e-01 -1.662790038285835367e-02 -3.259561939294967625e-01 2.004243510577953177e-02 6.200027523883951813e-02 -2.857208277058534418e-01
2.168780650852688008e-01 3.603354140865778210e-01 -9.068519117731459189e-02 1.940691961995062997e-01 -1.621909300705041690e-01 7.712751134547995990e-02 9.864372511833964519e-02 1.222800850696296182e-01 1.289329523965683684e-02 -3.310566460417034285e-01 -2.658821659110368607e-01 1.164182304266494078e-01 1.194612439718080454e-01 1.348884025096123151e-01 1.141589414076546981e-02 1.407572798626972599e-01 8.510465441079424764e-02 -6.112114234813265101e-02 4.073877976749079588e-02 2.340810392714253174e-01 1.579299392061688512e-01 -1.680840803898379920e-01 -3.164846003964648657e-01 -2.120200124953008358e-01 2.680285854421492475e-01 1.902475605766982270e-01 -2.419114048075578227e-01 -1.796264268756982141e-01 -7.964615427007763759e-02 5.452495824982223072e-02
-7.839619892426158421e-02 9.279870060420085387e-02 -1.230071869927994721e-01 -3.651015160731493348e-01 -4.206082620347251222e-01 1.125785254092421667e-01 -2.322661550352962956e-01 -7.224072897145163152e-02 2.708859828224735589e-01 3.404703052331267688e-01 1.499230255625714527e-02 -2.636976325406583666e-01 -7.239164771389830499e-02 2.554181692363609035e-01 -1.157284062684610197e-02 1.880997403264382251e-01 3.183842220375850129e-02 6.524068913315610174e-02 -1.503804194863908941e-03 -5.667364237901346274e-02 -1.153433316028497357e-01 1.800087471694306884e-01 3.909786452414273222e-02 -1.016615115579703882e-01 2.345773917356032967e-01 9.359835873429006581e-02 -2.428713726981819587e-01 6.061789611016785845e-02 -1.725384015147909955e-01 2.707886074245934027e-02
2.375489190025849295e-01 -1.678747849182761487e-01 -7.637998255075027776e-02 1.956582723938374291e-01 -3.124554218257649674e-01 -1.860665769487609422e-01 1.983566995293599075e-02 -1.422846649873799052e-02 2.038995645486166575e-01 2.820363985320556086e-02 4.172704508458441319e-01 6.525081686498294953e-02 2.320561367403716491e-01 -8.876122686883294866e-02 -1.237879901774822655e-01 -4.540820011748134682e-02 -1.346862410076340166e-01 -1.628510447188535049e-01 2.027253131802004837e-01 1.724772747296982323e-01 1.283787428961464250e-01 -1.145454434302031754e-01 -2.666388959392258090e-02 1.845289157127025584e-02 -1.343707085233843690e-01 1.633053318229878148e-02 -7.669222351500699919e-02 4.106419477741219959e-01 -1.402346587226747099e-01 2.826910103351333303e-01
-6.195468504361021679e-03 1.780626927043758578e-01 -7.112887623935930381e-02 1.490434698163199401e-01 -5.921953030695935316e-02 -2.776468390729359137e-01 -1.277271549718389243e-01 -5.712457086027604436e-02 4.976617361918487387e-02 -6.190978776277325513e-02 1.083668455744556530e-01 1.578582920679681423e-01 2.579299353966907349e-01 1.914286495682752387e-01 1.131372199201891166e-01 8.026428616504417690e-02 4.638517043532195960e-01 -7.570527116168992987e-02 -3.482298354056052592e-01 -1.574763849081826927e-01 1.772090284984226827e-01 2.847609707019014280e-01 1.373521139819430803e-01 -2.455153739046015138e-01 -8.758580240538643702e-02 -1.290436064019934159e-01 1.245568605270639950e-01 1.765096060969792713e-01 1.067871848127629891e-01 -1.855740562328942467e-01
-4.450290812187039646e-02 -1.667882534095651015e-01 -1.926946796743607415e-01 9.094832279079607951e-02 8.953242503361484583e-02 1.701658493954115725e-01 2.741920601858094386e-01 -1.892424449969692599e-02 2.162897699584212519e-01 -5.499812611264724704e-02 5.021744777942138693e-02 1.518471171123983721e-01 -3.019515509945195908e-01 7.206129636911984271e-02 2.637467932655310904e-02 3.028855150044453270e-01 -1.989322056099041558e-01 -2.047270632026864379e-01 -8.547836386029955547e-02 1.585863628994602648e-01 -2.220795999044988533e-01 -7.345239447950106804e-02 1.973009392621207225e-01 -4.729034123482705465e-01 4.014334501771145425e-02 -7.128377044023504437e-03 2.552085111402025985e-01 1.158077645963912078e-01 -9.230189441299192776e-02 -1.677801515088385154e-01
5.516103647868159099e-02 -8.287651973976517539e-02 2.046788014730809568e-01 2.204238713977913211e-01 -1.360039437371488580e-01 4.036527665037593915e-02 -5.352877140671735007e-02 -3.298728560937844723e-01 6.361779342172916435e-03 -2.818498929760373528e-01 1.003639624670717330e-02 -9.224396781619112473e-02 -3.820542247213548626e-02 1.379417710085455440e-01 -2.733325963577661333e-01 2.564297096555549493e-01 -2.130948920673121291e-02 -8.301220465249949110e-02 -4.248391652461838697e-02 -1.255511202414528182e-01 -2.811133373886375852e-01 2.581655716956119950e-01 -2.379494824209794357e-01 1.953484889717523321e-01 -3.617485663783611138e-01 2.272943991322316504e-01 3.101744296694043668e-02 -1.280485145766658284e-01 -1.846396929526690767e-01 -1.393321536790687876e-01
1.549651212755766561e-01 -4.818432429244630388e-02 -1.526407959166821947e-02 7.784060711377309427e-02 -2.292887806953401164e-01 1.746821882068719800e-01 4.096261709882919599e-01 1.205274080607880854e-01 -1.746532607065887643e-01 1.212841920097042087e-01 -1.743873992900126790e-01 -6.476460284208315765e-02 5.605084957183265049e-02 -1.292370810719162960e-02 -3.961048695957574695e-01 -1.976772808693675332e-01 2.605768530154515261e-01 3.083258613836606932e-01 2.146355626746647982e-01 1.261387474744552206e-01 3.473778117015566790e-03 2.718299917471939664e-01 2.612014061276569654e-01 -1.430486966757006928e-01 -9.774182938671545362e-02 -7.124893650114531851e-02 5.957294567205249913e-02 -4.289384310449332292e-03 -8.777264749018218182e-02 -9.707020994023841942e-02
2.117632673432439938e-01 -9.344012497211479085e-02 7.777504845712970849e-02 -1.177163276547909566e-02 -1.268071671998926286e-01 2.577948642211581043e-01 -6.390007934051952776e-02 1.357752902313907328e-01 3.357619988826852087e-01 -1.480926924699027258e-01 3.472729279242003919e-02 9.914663997099414094e-03 2.158343852473980640e-01 -1.191584930245804808e-01 -1.823066461484796133e-02 7.391294306063354858e-02 2.428304068083345646e-01 4.385878071754920754e-02 -7.753641249211322070e-03 -2.908263283573908620e-01 -2.970085059581791254e-01 -3.773917864890975471e-01 3.027575595528252395e-01 1.211228811670275740e-02 -7.812262414913422048e-02 6.323500076489191324e-02 -5.329078756659168248e-02 -1.844582912537064689e-01 3.379509935894273731e-01 5.895412220934160424e-02
