# CEC 2010 F18 shift vector (D=1000)
-8.3176682499999998e+01
-4.4658335999999998e+01
6.6422754499999996e+01
2.0440984200000001e+00
-9.8658428900000004e+01
5.7008885100000001e+01
3.6076398900000002e+00
-2.2854621600000002e+01
-9.5876086999999998e+01
7.4433667600000007e+01
-5.7490264099999997e+01
2.2958520400000001e+01
-2.7939762900000002e+01
8.7761478299999993e+01
9.6287347499999996e+01
-2.3905153299999998e+01
1.6546661700000001e+01
3.8094338200000003e+01
9.1460246600000005e+01
2.7551800599999998e+00
-7.6742095899999995e+01
8.7802420200000000e+01
3.9141348800000003e+01
-8.9824435100000002e+01
-6.4007091099999997e+01
-7.5681087500000004e+00
-4.1502737500000002e+01
-7.3450372599999994e+01
5.0599695099999998e+01
-6.3156825599999998e+01
-1.7923127200000000e+00
-3.7011830799999998e+01
3.0261429499999998e+01
-2.0126877300000000e+01
-1.2467966300000001e+01
3.7708078399999998e+01
-8.7964627899999996e+01
-2.4522051299999998e+00
-7.4983293500000002e+01
3.4822011400000001e+01
-4.6424760800000001e+01
7.9664998200000001e+00
7.4469053099999996e+01
7.5108804800000001e+01
-2.2647498700000000e+01
-3.4087403300000001e+00
-1.1142517500000000e+01
-6.8197194600000003e+01
4.7860125900000000e+01
-1.1685690900000001e+00
-5.8240865399999997e+01
7.0114795599999994e+01
5.2071649200000003e+01
9.5630167499999999e+01
4.3468754799999999e+01
-1.5368817699999999e+01
5.9477406600000002e+01
2.8061402699999999e+01
3.9936234399999996e+01
-1.1047911100000000e+01
2.5452797000000000e+01
-6.0526182899999998e+00
-3.2582823400000002e+01
7.5911979599999995e+01
-3.0352584100000001e+01
2.4621254900000000e+01
2.4455023799999999e+01
-3.8187327900000000e+01
-1.3053929000000000e+01
4.6366932499999997e+01
-6.2143858899999998e+01
9.2452276999999995e+01
-4.5640796799999999e+00
3.3274920399999999e+01
6.3302716699999998e+01
-3.9878461500000000e+01
-1.7285912900000000e+01
-5.3095765100000001e+01
6.2508252900000002e+01
-5.8993939200000000e+01
-3.0094106700000001e+01
7.4581132400000001e+01
1.0993161199999999e+01
-6.0692826599999997e+01
2.3083416200000002e+00
-8.4566866899999994e+01
1.5271436899999999e+01
-1.1396546400000000e+01
4.3554471100000001e+01
3.7593316899999998e+01
-2.6078716400000001e+01
1.7850975800000001e+01
-5.2531660299999999e+01
6.4040884599999998e+01
-1.9070069499999999e+01
2.9020711200000001e+01
-5.0378025500000003e+00
9.3236313400000000e+01
2.7085392800000001e+01
-4.3221128600000000e+01
6.4753767699999997e+01
3.9063355600000001e+01
-2.4621605899999999e+00
4.8418922000000002e+01
2.9962159000000000e+01
-9.2199953800000003e+01
8.4346659500000001e+01
9.8866332299999996e+01
2.3132520800000002e+01
-1.3904400700000000e+01
-1.2117753700000000e+01
-1.7224149799999999e+01
-4.9379742499999999e+01
3.6526733399999998e+01
-2.1866919600000001e+00
-4.4913893799999997e+01
-3.4833933399999999e+01
-1.6164564299999999e+01
7.0585951699999995e+01
-2.2274080099999999e+01
3.9385800000000003e+01
-2.4694619500000002e+01
-3.1500286200000001e+00
8.1793956100000003e+01
-3.2853387900000001e+01
2.3009679800000001e+01
5.6193877299999997e+01
-5.1259914400000000e+01
-4.0004942999999997e+01
-2.9371622899999998e+01
2.2004710400000000e+01
-4.8463244000000003e+00
3.2162560999999997e+01
1.7936607400000000e+01
-6.2978001599999999e+01
-7.2439526900000004e+01
-4.9880107500000001e+01
8.1986007599999994e+01
-4.1721987100000000e+00
1.8008757099999999e+00
-9.2363940600000006e+01
2.0943974699999998e+01
-2.0113685600000000e+01
7.1934294000000003e+00
1.3419921600000000e+01
-6.4785436399999995e+01
-6.1910298900000003e+00
-3.3458266399999999e+01
-1.8466089400000001e+01
-3.4047297200000003e+01
7.8009436399999998e+01
-8.9685908600000005e+01
-1.7900032299999999e+01
4.9665819899999999e+00
1.5150017600000000e+01
-6.7332524699999993e+01
-8.0425258999999997e+01
9.6305662299999995e+01
5.6403557999999997e+01
3.6056254400000000e+01
8.2185311100000007e+01
-4.3155939199999999e+01
4.2888565499999999e+01
6.7781876900000000e+01
-3.1389538200000001e+01
-5.3174509600000000e+01
-3.2477976200000001e+00
-4.7754301100000003e+00
-4.3680914700000002e+01
-1.2267929199999999e+01
-5.4857996200000002e+01
1.1928952700000000e+01
-3.9929158100000000e+00
-2.8583120000000001e+01
4.2714557999999997e+01
-1.8688328599999998e+01
6.0053229899999998e+01
5.3442385899999998e+01
9.4117230399999997e+01
2.3238490299999999e+01
5.8773230499999997e+01
8.8045246800000001e+00
2.3609624600000000e+01
-8.3984796599999996e+01
2.0080104100000000e+01
-8.5679270700000004e+01
-8.2064752700000000e+01
-7.7536417900000004e+01
-2.1992377500000000e+01
7.3156932900000001e+01
3.6593778299999997e+01
3.5538002499999997e+01
-1.3919302099999999e+01
-1.6308152100000000e+00
4.3437853400000002e+01
-3.6491538599999998e+01
3.9596960099999997e+01
-7.9625551700000003e+01
-9.4234467599999991e+00
-2.4741236700000002e+01
5.5522585099999997e+00
-9.3425055299999997e+01
-6.5098219299999997e+01
-1.6717765100000001e+01
-2.3409059800000001e+01
8.2476641299999997e+01
-8.6540845099999999e+01
-6.3759687499999998e+01
1.6612960800000000e+01
3.2293319900000000e+01
8.2572291899999996e+01
-5.4790781299999999e+01
3.7933468200000000e+01
-2.7045155999999999e+01
-8.9666757599999993e+00
-3.7581151100000000e+01
5.8566686700000004e+00
-9.6537996800000002e+01
-1.7314707299999998e+01
-8.4968338399999993e+01
-2.7770921699999999e+01
-7.9840830699999998e+01
-9.9645038400000004e+01
1.2365076800000001e+00
-9.1692730299999994e+01
1.4450794800000001e+01
-2.0398660499999998e+01
8.8468320399999996e+01
4.1208765399999997e+01
-2.5100694499999999e+01
3.3812300800000003e+01
-5.2828424900000002e+01
4.3756196300000001e+00
9.2764841000000004e+01
2.3605617800000001e+01
-7.3989100899999997e+01
-3.0303602300000001e+01
2.3460680000000000e+01
7.5247034200000002e+01
2.3035649800000002e+01
1.9151774899999999e+01
1.2064023100000000e+01
2.0316162100000000e+01
-4.1672791500000002e+01
-1.6056014500000000e+01
-7.4680942299999998e+01
-4.2336729499999999e+00
4.8585102300000003e+01
-2.0905888800000000e+01
-9.1313859300000004e+01
9.0157462800000005e+01
-3.1529119300000001e+01
2.3597215100000000e+01
-6.4885369600000004e+01
4.5328429100000001e+01
-4.9590263299999997e+01
2.3356518200000000e+01
7.6675446100000002e+01
2.6622125199999999e+01
-1.5576627000000000e+01
-3.6915028700000001e+01
3.9339823299999999e+01
-7.8061620399999995e+01
-2.3720610199999999e+01
-6.3826258799999998e+01
7.5532221199999995e+01
4.9420723100000004e+00
-8.3172002800000001e+01
-1.4034854599999999e+01
8.2589981600000002e+01
-4.3613669000000002e+01
1.7470332500000001e+01
-5.3764008599999997e+01
-4.3833416999999997e+01
-1.1389774500000000e+01
-7.2457907500000005e+01
5.5919682100000003e+01
9.4147347999999994e+01
-1.0107910000000000e+01
7.1321125300000006e+01
5.0300802699999998e+01
5.5636046500000003e+00
-5.6007536500000001e+01
6.3904717200000000e+01
-4.4158475500000002e+01
-4.6044456299999998e+00
4.4400949099999998e+01
1.6229329700000001e+01
4.1879918900000000e+01
1.6910125499999999e+01
6.8544274299999998e+01
1.1777529299999999e+01
-5.1709411600000003e+01
-6.7570880399999993e+01
8.9302328699999993e+00
-8.0088303300000003e+00
8.9432988100000003e+01
-1.2943304700000000e-01
7.7328830600000003e+01
7.6140780899999996e+01
-4.0452866100000001e+01
3.4904126699999999e+01
-3.5881539699999998e+01
-8.4402272100000005e+01
-3.0321313100000000e+00
5.6895793800000000e+01
-4.6272895599999998e+01
6.4620560600000005e+01
7.5140747099999999e+01
8.2324344100000005e+01
3.4579894799999998e+01
3.2230218399999998e+01
-4.0075769600000001e+01
1.6747609100000000e+00
-1.6374644599999999e+00
-2.3679789800000002e+01
-1.8292420499999999e+01
9.8845703199999999e+00
-8.5468912900000007e+01
1.3026722500000000e+01
4.8491756199999998e+01
6.6907398100000002e+00
-1.5649617100000000e+01
-1.4584807100000001e+01
-3.2145316999999999e+01
8.2831824200000000e+01
-4.8774186999999998e+01
-9.6967282699999998e+01
3.1123396899999999e+01
-3.9279808400000000e+01
-1.8266063500000001e+01
2.1324598800000000e+01
3.9723907699999998e+01
-4.3355103800000002e+01
-8.5974609000000001e+01
9.5686770699999997e+01
2.9267027899999999e+01
2.7370261299999999e+01
-9.2569810899999993e+01
2.6891648100000001e+01
2.7615280299999998e+01
-7.5307697800000000e+01
2.9256000100000001e+01
-5.3345514700000003e+01
1.0622173900000000e+01
1.5458757900000000e+01
1.2133289400000001e+01
-3.4510948200000001e+01
-5.8150602800000000e+00
-8.1202831200000006e+01
3.5702060199999998e+01
9.7618714800000006e+01
9.3035022400000003e+01
4.3016518900000001e+01
-6.3155061000000003e+01
-2.3725574200000001e+01
-5.8435927200000002e+01
6.3713764399999997e+00
-3.0104941400000001e+01
2.8971498900000000e+01
-5.8838438600000003e+01
-2.3658142300000002e+01
-7.7437468400000000e+01
-9.3615951899999999e+01
-1.0947059200000000e+01
-1.6573186400000001e+01
-5.7752945199999999e+01
9.7780602400000006e+01
5.7087788500000002e+01
-5.4769479299999997e+00
9.5343249400000005e+01
7.2227738299999999e+01
8.4337964299999996e+01
9.0828096700000003e+01
1.8753829399999999e+00
-1.5915273599999999e+00
4.2964531900000003e+00
-4.6747567300000004e+00
-4.8613685599999997e+01
-5.0191081400000002e+01
-3.7633243200000003e+01
-1.0477578899999999e+01
-2.2156440499999999e+01
2.2531390200000001e+01
2.6694030600000001e+01
-7.7325613000000004e+01
5.8374748099999998e+01
2.1677862500000000e+01
-9.0148860900000003e+01
-5.7880247099999998e+01
2.4010212700000000e+01
-4.5766390899999998e+01
8.5315555000000003e+01
4.2844890900000003e+01
6.6046078399999999e+01
-1.4758387900000001e+01
-4.6038842600000002e+01
1.2464199300000001e+01
-9.2997173900000007e+01
2.4792111899999998e+01
2.1069508500000000e+00
3.6399354099999996e+01
6.3199883399999997e+01
3.1172348100000001e+01
-7.7752890199999998e+00
6.0398870500000001e+01
8.5176627800000006e+01
-6.4460415699999999e+01
-2.3614920600000001e+01
4.0384063400000002e+01
-3.5174678100000001e+01
-8.6921252699999997e+01
2.7221545100000000e+01
-5.1655211899999998e+01
6.0777089400000001e+01
6.8950240600000001e+01
-6.2851829899999998e+01
3.7143131000000000e+00
-3.0769194800000001e+01
4.8299595500000002e+01
5.3153155099999999e+01
-2.8802802100000001e+01
6.4948714699999996e+01
-9.5558513700000006e+01
2.2671239900000000e+01
-3.1476371799999999e+01
-1.0039183599999999e+01
-6.9111836999999998e-01
5.1217779899999996e+01
5.4016716600000002e+01
9.1172482799999997e+01
3.8209888300000003e+01
9.6341273999999999e+01
7.0950374900000000e+01
8.2994358000000005e+01
-7.9279421400000004e+01
-8.0092954800000005e+00
7.2915290799999994e+01
-5.8301507100000002e+01
-4.0571044199999999e+00
6.5769281499999996e+00
-3.6926153300000003e+01
-1.3922186699999999e+01
2.9896573499999999e+01
5.9657375000000002e+01
-2.6405816000000002e+01
6.9316931400000001e+01
-5.1548696300000003e+01
-8.6399073299999998e+00
3.6514028399999998e+00
4.6299656300000002e+01
3.5218613800000000e+01
2.2404140999999999e+01
9.4763660299999998e+01
-8.1382868400000007e+01
8.3791942700000007e+01
-6.2068558600000003e+01
-3.3460822800000003e+01
2.3055966399999999e+01
5.6605315900000001e+01
-5.1133893499999999e+01
4.9694710899999999e+00
2.1740972400000000e+01
-5.9496011699999997e+01
-5.7375103699999997e+01
4.2408948299999999e+01
-7.8305850000000007e+01
2.8073257900000002e+01
7.4408429499999997e+01
-6.8015368899999999e+01
-2.7041083799999999e+01
1.6259326300000001e+01
-8.7673972699999993e+01
-7.6905315799999997e+01
-6.7311092000000002e+01
7.2768144199999995e+01
2.7305097300000000e+01
2.7813184799999999e+00
1.4877049800000000e+01
-4.5156608400000003e+01
4.3090973300000002e+01
6.8418212999999994e+01
-5.6513028800000001e+01
6.1434154100000001e+01
4.6354259200000001e+01
2.4536178799999998e+01
5.0367406099999997e+01
-9.8248117100000005e+00
-5.7705665300000000e+01
1.0738505900000000e+01
-4.2250824500000000e+01
-2.4996396699999998e+01
1.2904367400000000e+01
9.3015929800000006e+00
-2.5176362999999998e+01
4.6322667400000000e+01
-2.5126616299999998e+01
-7.9662039899999996e+01
-9.9861305299999998e+01
6.5891827399999997e+01
-6.5230278299999995e+01
-9.8439819999999997e+01
5.3141847800000001e+01
4.6078347100000002e+01
1.6830455499999999e+01
2.8347112200000002e+01
-9.8949218800000001e+00
-8.5233238499999999e+01
-7.0891176700000003e+01
-1.9265698700000002e+01
7.5777182900000000e+01
-4.6485122799999999e+01
7.0315848799999998e+01
1.3447288300000000e+01
-7.4328408400000001e+01
-4.5470547300000000e+01
6.6746465799999996e+01
3.3899217600000000e+01
1.8961162500000000e+01
5.9445051800000002e+01
-8.3422894299999992e+00
3.9610147400000002e+01
-9.3073066499999996e+01
-5.6629218500000000e+01
-8.6097255099999998e+01
-5.4138351299999997e+01
4.9357935400000002e+01
3.5162294099999997e+01
3.7606188799999998e+01
3.6667954400000000e+00
-6.3274258300000000e+01
5.6515960800000000e+00
6.9003038099999996e+00
-2.9529323600000001e+01
1.8924736800000002e+01
-9.7563311099999996e+00
6.3647391499999998e+01
5.4983916300000002e-01
5.8963639700000003e+00
-9.9670343300000006e+00
4.1089126800000003e+01
8.5748525799999996e+01
-1.6664257400000000e+01
-2.4094065600000000e+01
4.7100520400000001e+01
-5.8707413899999999e+01
9.8456145500000005e+01
-2.5065231499999999e+01
-8.2596218500000006e+01
8.3081144300000005e+01
-7.7406838499999999e+00
5.0374726400000000e+01
-1.3873120399999999e+01
6.7230534899999995e+01
-2.4544229099999999e+01
2.7868668700000001e+01
3.5844761800000001e+01
5.2832550699999999e+01
8.2390472999999993e+00
-2.4667267599999999e+01
9.3088399400000000e+01
-9.4852880099999997e+00
-1.2623179400000000e+01
-1.1325032200000001e+01
6.7616283899999999e+01
-4.8773241900000004e+00
-1.8645811699999999e+01
-8.7217891399999999e+01
6.9365101800000005e+01
5.9411719200000000e+01
4.8011041700000000e+01
-2.5071405700000000e+01
1.9774883700000001e+00
3.8161544699999999e+00
-3.7794011200000000e+01
1.3369640499999999e+01
-8.2238100500000002e+01
-8.0081208400000004e-01
3.6262320500000001e+01
3.6932684999999999e+01
-3.9988297199999998e+01
-3.5489578199999997e+01
-8.3317254399999996e+01
-3.5877779400000001e+01
-1.1121903800000000e+01
-2.0679828499999999e+01
-5.7423799000000002e+01
2.0122440399999999e+01
-2.1795686700000001e+01
7.1158484999999999e+01
-7.7722874700000006e+01
-3.1840516000000001e+01
-4.2565029600000003e+01
7.6999763000000002e+01
-5.5759765399999999e+01
2.2175570700000002e+01
8.3409629899999999e+01
2.5999721699999998e+01
-1.6151263799999999e+01
-7.1272740400000004e+01
3.6153530799999999e+01
9.7768332999999998e+01
-3.0395505499999999e+01
8.5380014599999996e+01
5.5506317500000002e+01
3.5593188099999999e+01
-5.8110187399999997e+00
-8.7115125800000001e+01
4.8994776100000003e+01
5.6901743900000000e+01
-9.0379869399999997e+00
-9.0808760699999993e+01
-7.9631899799999999e+01
-6.0732496800000000e+01
-9.6932953699999999e+01
2.3071107000000000e+00
6.7408682900000002e+01
9.0647300000000001e+01
-9.4841687899999997e+01
8.6782688300000004e+01
-8.6313229500000006e+01
-3.0054248000000001e+00
-6.2267178700000002e+01
-5.4045296399999998e+00
8.9397973099999994e+00
-7.2014589000000001e+01
7.3323808999999997e+01
-4.4005397299999998e+01
3.4979720899999997e+01
-6.2608868800000003e+01
6.6094171200000005e+01
1.0774668600000000e+01
-5.7574448400000001e+01
-8.7653518599999998e+01
4.1333587999999999e+01
1.7475887100000001e+01
-4.0087881000000003e+01
7.6786903699999996e+01
2.1560921700000002e+01
-3.7122309299999998e+01
6.9859201900000002e+01
7.3490457699999993e+01
-7.0871599700000001e+00
-5.4643997400000003e+01
-1.1059312500000001e+01
2.0854184900000000e+01
8.6071444499999998e+01
-1.8806670300000000e+01
-4.4461393700000002e+01
5.7421937800000000e+00
8.5804673300000005e+01
1.1460523700000000e+01
4.4776907600000001e+01
-1.0957654399999999e+01
-6.1750890699999999e+01
-1.0923706200000000e+01
-1.9942591900000000e+01
-5.1282551599999998e+01
-6.1651327400000000e+01
9.0744242000000000e+01
-4.4590744600000001e+01
-9.5468178499999993e+01
3.4999949899999998e+00
9.8217466900000005e+01
4.5309158400000001e+01
7.5914570400000002e+01
-2.9379928600000000e+01
9.2333890800000006e+01
7.8567091900000001e+00
-1.9407569800000001e+01
-3.4341257499999998e+01
-5.9687705100000002e+01
4.3707514799999998e+01
-8.0826065099999994e+01
-6.0421455199999997e+01
-2.2261000400000000e+01
5.2298626100000000e+01
-6.0147496799999999e+01
-7.3468829200000002e+01
2.3180404100000001e+01
8.6596363299999993e+01
7.4545774899999998e+01
6.4225103200000007e+01
-6.5765586900000002e+01
-1.0202399200000000e+01
1.2881650600000001e+00
6.8484574199999997e+01
8.4463928899999999e+01
1.8881819100000001e+01
-8.4016523000000007e+01
-5.1161047399999999e+00
3.0139261999999999e+01
6.1549416500000000e+01
1.1514120900000000e+01
1.0289146900000000e+01
4.0294423000000002e+01
2.0223303099999999e+01
5.2817104600000000e+01
5.5494270200000003e+01
1.5362036800000000e+01
3.4359835900000000e+01
4.6233705700000002e+01
7.9506416599999994e+01
-5.4618889100000001e-01
1.4310348400000001e+01
-6.8610494799999998e+01
-9.5299453799999995e+01
3.8385102799999999e+01
5.0834971400000001e+01
-7.2019008900000003e+01
-5.0439557200000003e+01
4.5273146699999998e+01
4.0577698099999999e+01
-6.1766601999999999e+01
-8.1953803199999996e+01
5.9197479800000004e+01
3.3055606599999997e+01
5.0280488800000001e+01
6.3521469400000001e+01
-2.8800565500000001e+01
-8.2221090099999998e+01
6.2865701100000003e+01
4.4884452500000002e+01
-4.8604222100000001e+01
1.1362765899999999e+01
-3.7027839100000000e+00
-6.7697388500000002e+01
-1.5365297200000001e+01
-1.4924943499999999e+01
-2.4245719300000001e+01
-4.9204599299999998e+01
2.8711352900000001e+01
-7.0496063500000005e+01
2.2166647300000002e+00
9.5550827200000001e+01
-3.9464119900000000e+01
2.5384284099999999e+01
-1.2723058300000001e+00
-7.4842481899999996e+01
-3.6829444299999999e+01
4.0427201799999999e+01
-7.4113358199999997e+00
4.5947082000000002e+01
4.6991038400000001e+01
9.0767987100000003e-01
3.5251498200000000e+01
-4.2743415599999999e+01
-4.4572389000000001e+01
-3.2555191999999998e+01
-5.7992088000000003e+01
1.3075214799999999e+01
2.9451741599999998e+01
-1.3545063799999999e+01
6.9106889800000005e+01
-4.7361312200000000e+01
-5.2307288800000002e+01
-2.0916203500000002e+01
-1.1992350800000001e+01
-5.7900633800000001e+01
-2.0102499600000002e+01
5.2239127699999997e+01
1.5872540700000000e+01
6.1123634099999997e+01
-2.0064067399999999e+01
-9.0464610899999997e+01
4.8064757299999997e+01
5.7622847299999997e+01
-5.6471257600000001e+01
-4.3573524999999997e+01
6.3318297999999999e+01
4.8206801100000000e+01
1.7813000700000000e+01
5.0147116199999999e+00
6.9462453799999997e+00
9.0351388200000002e+01
2.1674720900000001e+01
5.0457969599999998e+01
-7.0527271400000004e+01
-3.6192306799999997e+01
6.3788275400000003e+01
8.9600181599999999e+01
-8.4638183399999996e+00
7.5323103200000006e+01
6.1924861100000001e+01
2.6498493700000001e+01
5.1157567000000000e+01
6.6977882300000005e+01
-1.4580677099999999e+00
4.3217972899999999e+01
-1.7250593299999998e+01
4.7427079599999999e+01
4.0571503200000002e+01
5.8386757199999998e+01
-8.6145722500000005e+01
-8.7563282099999995e+01
-4.0703363799999998e+01
3.8265820099999999e+01
-6.6161673699999994e+01
-8.7045126699999997e+01
5.6585147399999997e+01
9.5829884600000000e+01
4.0447384599999996e+00
-2.8077252000000001e+01
1.5560513400000000e+01
7.9980204299999997e+01
2.1793136199999999e+01
1.8796305499999999e+01
5.5311301499999999e-01
-5.6350267400000000e+01
-3.7811787500000001e+01
-1.9300331300000000e+01
7.4403884700000006e+01
2.5510931500000002e+01
1.0015477400000000e+01
7.8212670599999996e+01
5.3958953599999999e+00
1.3839318100000000e+01
-5.1664390599999997e+01
8.0357909000000006e+01
-4.3174966900000001e+01
6.9848291700000004e+01
1.1988369999999999e+00
7.1115558899999996e+01
1.2211079200000000e+01
7.4713809400000004e+00
4.4617114899999997e+01
-3.9552030100000003e+01
3.0912448300000001e+01
-3.6987265899999997e+01
7.3351428400000003e+01
6.4717476199999993e+01
-4.8071091600000003e+01
-9.9087593299999995e+01
4.6753641799999997e+01
9.8077745099999998e+00
7.7848418800000005e+01
-9.0384875399999999e+01
7.1912578900000002e+00
3.7970676300000001e+01
-2.7095162500000001e+01
-6.3851185500000000e+01
9.7284788599999999e+01
1.3081001300000000e+01
-4.6893151799999998e+01
-2.2784745600000001e+01
1.4877642099999999e+01
-6.6376608099999999e+01
-5.6895107299999999e+01
9.8477045799999999e+01
-5.0605450900000001e+01
6.2480897599999999e+01
9.6910134400000004e+01
-1.8400400999999999e+01
1.4773740900000000e+01
-1.8309928500000000e-01
-5.3953453300000000e+01
5.3282501400000001e+01
-4.3084684600000003e+01
-9.9162874099999996e+01
7.5082717000000002e+01
-3.0553216299999999e+00
-4.5435588199999998e+01
9.5175831199999994e+00
-6.0493544200000002e+01
-7.9888818799999996e+01
7.4287475799999996e+01
-4.2111544799999997e+01
3.0243609299999999e+01
-8.7743992399999996e+01
-2.6121169399999999e+01
-6.8242034300000000e+01
-5.8625960399999997e+01
8.2446872900000002e+01
5.4878753600000003e+00
-2.1188503399999998e+00
-3.3018712399999998e+01
-8.0187714000000000e+01
3.6121903600000000e+00
-2.3466718199999999e+01
4.9283696200000001e+01
-5.9588465700000000e+01
8.5604983399999995e+01
-3.0778339599999999e+01
1.4345856500000000e+01
4.6528067600000000e+01
5.8000736799999999e+01
1.5230890100000000e+01
4.4044802799999999e+01
2.3690155900000001e+00
-6.0675079500000002e+01
1.1991414900000001e+01
-4.5084265500000001e+01
-1.5244525799999999e+00
-3.7564600200000001e+01
-5.7539908599999997e+01
8.5750943999999993e+00
-3.4793772500000003e+01
3.4351345500000001e+01
5.0723340499999999e+01
-9.0143978200000006e+01
-6.7955259400000003e+01
7.7762040200000001e+01
2.7690995600000001e+01
-9.8760789500000001e+01
-2.1892558800000002e+00
6.9732603100000006e+01
5.8526436099999998e+01
3.1891302400000001e+01
-2.4026444200000000e+01
4.3397634699999998e+01
-6.2855664500000003e+01
-3.4941013900000002e+01
2.4014400200000001e+01
-8.7133430700000005e+01
-1.3717585800000000e+01
-8.0955326900000006e+00
-5.5988128600000003e+01
7.5058134600000002e+01
7.5299207699999997e+01
-8.3034867399999996e+01
-1.7037345500000001e+01
-1.4399146600000000e+01
-2.7886180199999998e+01
9.5088810699999996e+01
-6.0806819800000000e+01
3.6527306099999997e+01
-5.7352068699999997e+01
4.4013059599999998e+01
6.6791780099999997e+01
-8.5618053700000004e+01
2.3037622499999999e-01
5.0954913900000003e+00
-6.3563023600000001e+01
-6.5304257100000001e+01
1.4695936500000000e+00
1.0018313600000001e+01
3.2247790400000000e+01
-8.4888573899999997e+00
-2.0946931200000002e+01
-4.3554844799999998e+01
-4.1912295700000000e+00
7.3876190100000002e+01
-1.0406521000000000e+01
2.1608411100000001e+01
-6.6478736499999997e+01
-4.9465714499999997e+01
3.0409495900000000e+01
-8.6789427200000006e+01
5.3900036000000000e+01
6.7992385499999997e+01
6.4452454099999997e+01
-9.5697782099999998e+01
-5.0992911000000003e+00
4.8987773500000003e+01
5.3752935100000002e+01
2.9053531899999999e+01
-4.9039965799999997e+01
5.6414839499999999e+01
-6.4518455399999993e+01
-5.7502315000000003e+01
-4.9687549500000003e+01
5.4192933699999998e+01
1.8714681100000000e+01
5.0620215199999997e+01
-5.0030492400000000e+01
-9.1904674799999995e+01
1.8837229000000000e+00
4.2203298000000000e+00
7.2736875100000006e+01
-1.6863564000000000e+01
-3.3849550399999998e+01
5.3928158000000002e+00
-1.2967812000000000e+01
5.3073130499999998e+01
6.1741777499999998e+01
7.3823933899999998e+00
2.0865022799999998e+01
-2.9015316899999998e+01
4.2010847200000001e+01
9.5762208700000002e+01
1.8108308800000000e+01
6.1831698600000003e+01
5.0820392200000001e+01
4.8668565200000003e+01
8.5644576000000001e+01
-9.1891310000000004e+01
3.6884791600000000e+01
4.6525577000000000e+00
5.7547125800000003e+01
2.5721315499999999e+01
-5.2675038000000001e+01
6.6926710299999996e+01
2.9047062900000000e+01
7.1701171500000003e+00
9.4261206099999995e+01
-9.7296878899999992e+00
-3.6900958500000002e+01
-4.0593836000000003e+01
4.8214354299999997e+01
3.0431484900000001e+01
