# CEC 2010 F18 permutation vector 0-based (D=1000)
72
300
908
290
320
718
590
957
302
653
883
456
936
337
445
781
88
958
150
294
363
547
916
731
238
670
959
591
448
245
576
229
559
500
907
879
183
930
932
501
141
941
949
828
602
681
126
461
453
171
853
458
524
551
262
658
655
68
388
510
613
71
336
650
823
866
996
425
755
942
37
132
991
58
876
729
168
326
462
894
881
142
567
468
620
117
833
521
185
286
526
149
913
585
249
56
191
361
333
143
374
275
791
196
818
457
929
469
896
543
379
414
995
78
603
806
498
9
427
951
348
54
385
93
635
309
569
213
398
81
533
438
947
846
327
785
911
123
555
850
810
747
297
969
614
762
663
657
754
761
601
544
909
411
678
63
928
212
683
902
108
12
394
619
442
192
256
548
444
834
799
285
301
981
248
100
49
225
346
28
23
836
383
999
893
331
621
869
345
223
335
875
216
925
549
873
923
239
77
240
897
600
506
985
134
224
679
10
611
512
864
598
815
60
975
952
373
622
606
270
489
849
396
835
313
16
328
441
741
780
251
466
269
703
860
19
182
156
667
393
583
507
629
513
298
829
792
198
65
476
474
80
649
993
492
255
190
772
989
943
775
264
137
562
632
392
739
382
50
821
253
511
644
884
410
305
776
167
801
574
887
841
523
266
577
323
446
274
872
66
968
235
125
545
885
40
851
640
375
661
787
497
721
724
927
964
553
174
634
924
584
706
131
184
362
107
265
624
998
636
693
33
938
820
671
595
994
963
697
332
862
589
935
990
409
322
618
735
822
344
314
740
519
580
891
118
736
651
163
674
82
940
660
659
199
135
766
26
311
397
939
844
211
707
304
689
283
443
867
509
391
978
281
340
140
730
32
573
972
455
284
604
70
342
172
831
638
205
607
87
915
371
717
228
814
682
852
768
579
61
138
177
465
522
329
537
838
52
546
381
878
259
976
276
153
558
749
417
129
133
656
552
617
454
162
378
145
773
709
20
139
627
106
554
423
921
870
700
39
895
376
692
647
481
516
119
151
561
960
505
980
201
299
596
931
746
798
955
742
420
144
459
197
525
757
176
637
94
27
403
339
564
527
147
89
888
14
472
203
514
280
38
779
188
384
450
890
922
771
871
43
812
53
62
421
352
837
699
541
609
528
882
273
917
463
687
767
315
662
738
568
69
628
104
493
534
42
233
289
0
563
504
666
804
645
889
800
944
366
92
612
668
217
861
395
166
764
437
704
847
341
608
432
59
159
494
970
122
148
175
777
919
429
874
807
130
843
308
51
933
219
912
355
303
503
154
433
407
517
793
292
948
732
124
918
418
86
560
538
588
783
449
696
79
633
202
426
31
152
639
400
73
974
900
906
673
782
953
992
29
753
643
479
880
986
112
477
665
502
642
351
702
2
419
587
471
365
321
817
158
215
532
719
794
254
950
359
7
74
296
808
496
705
961
530
946
271
565
17
4
593
206
572
825
76
186
261
945
784
726
377
811
805
160
436
802
965
250
226
770
317
258
979
353
745
676
688
358
318
98
105
515
136
390
85
170
610
84
243
350
1
475
236
901
405
272
41
209
90
121
797
788
260
646
592
372
210
716
97
338
903
415
218
648
164
295
103
307
231
413
854
824
412
954
905
680
428
452
387
64
710
892
536
316
977
220
195
756
877
278
711
5
268
760
109
389
180
790
408
839
416
484
769
146
263
189
672
434
597
743
21
431
44
47
486
654
25
165
727
46
401
324
714
691
728
169
685
347
354
570
983
114
529
470
857
556
625
34
367
809
734
988
279
859
750
748
113
364
984
75
127
330
3
48
631
868
424
795
550
840
684
819
842
765
557
937
181
482
207
306
594
956
899
241
277
518
715
737
234
675
723
478
708
934
830
615
483
227
763
96
578
652
508
451
349
626
91
686
173
232
24
858
325
15
102
8
230
467
116
101
440
406
778
214
845
222
252
221
473
720
848
208
95
789
36
193
751
487
439
499
161
904
744
531
369
669
520
155
282
99
111
586
368
370
157
11
713
855
630
35
485
287
45
575
581
204
914
623
179
83
566
701
752
863
495
422
404
447
360
966
971
288
759
480
758
967
786
813
542
677
464
18
399
826
343
712
178
257
13
67
827
962
910
334
312
997
832
115
237
571
110
22
430
491
774
535
856
733
605
55
898
973
267
540
380
128
616
319
247
920
30
435
57
187
796
816
725
356
460
386
120
242
664
246
310
599
582
200
865
291
698
641
694
695
926
982
722
886
490
194
244
488
293
539
357
6
402
803
690
987
