# CEC 2010 F06 rotation matrix (50x50)
2.9357377099999998e-01 2.2828880800000001e-01 -1.6083337500000000e-01 -1.8040285100000000e-01 -5.8179818100000003e-02 1.6146236700000000e-01 -1.7525413300000001e-01 -1.0490724899999999e-01 4.8377641600000000e-02 -4.7567311700000003e-02 1.0595698200000001e-01 -4.3085884599999999e-02 3.1472669400000000e-02 -2.9751458200000003e-01 1.4043633300000000e-01 1.1671922999999999e-01 -1.3891414899999999e-01 -1.1760059100000000e-01 1.1109023799999999e-02 -3.9624850000000003e-02 7.7577506599999999e-02 1.1258931300000000e-01 7.9390778300000003e-03 -1.0125276800000001e-01 -4.6583138900000001e-02 1.6352622599999998e-02 -1.6870817399999999e-01 1.3851588900000000e-01 2.1613509800000000e-01 9.2423745599999996e-02 7.5100440500000004e-02 1.6511466599999999e-01 -3.4070279300000002e-03 -1.1073840600000000e-01 -6.1984335699999997e-02 7.9336513100000006e-02 1.0126873000000000e-01 -2.8715004799999999e-01 3.0505903800000001e-02 3.6102837999999998e-02 -1.5191243900000001e-01 5.0365851900000001e-02 2.0199161400000001e-01 -1.1073558600000000e-01 1.7302439700000002e-02 1.7550075700000001e-01 -1.3674925800000001e-01 -9.2379275600000005e-02 3.4064270899999999e-01 -1.3817937999999999e-01
-6.3666478900000004e-03 -1.1933856399999999e-01 2.1119067699999999e-01 -2.0735360100000000e-01 -7.0303050700000003e-03 8.9074093800000004e-02 2.9993318499999999e-01 -3.2712449799999999e-01 -1.2537992100000001e-01 -2.1281185999999999e-01 5.3046145800000000e-02 -2.6549773799999999e-02 -3.1747272999999998e-01 9.0668986199999996e-02 3.2431534800000002e-03 -1.1556208799999999e-01 1.2285044500000000e-01 -2.7757773300000000e-02 -1.5193468800000001e-01 -3.8965582100000000e-02 -1.9987985799999999e-01 1.5845090000000001e-01 -1.3201885699999999e-01 1.2038269800000000e-01 -8.4660810300000000e-02 1.1972818800000000e-02 1.4409929400000000e-02 1.6917680500000000e-03 3.0290777000000001e-02 9.1350194699999998e-02 2.0749841399999999e-01 2.0268246100000001e-01 1.8336835900000001e-01 -1.3930210300000001e-01 9.7535056200000001e-03 5.3113292300000003e-02 -6.2565779599999996e-02 -4.4992122900000001e-02 -1.8305138300000001e-01 -2.1675243000000000e-01 4.0229282300000002e-02 -1.0905855799999999e-02 2.5857059200000001e-02 -2.0672945100000001e-01 8.5303359999999995e-02 1.9754969100000000e-01 -4.3959477199999999e-02 6.0008471399999999e-02 -1.5341887000000001e-01 -7.0781954100000002e-02
6.3068768999999997e-02 -1.1994144100000000e-01 2.0080346299999999e-01 -3.5508225200000000e-02 -5.1465988999999997e-02 5.2455604099999997e-02 -3.1549498400000001e-02 -6.4678831800000003e-02 1.3368483900000000e-02 5.1919798699999999e-02 3.7371098200000002e-01 -2.6670558799999999e-01 1.0238732100000000e-01 -9.8129288699999997e-02 -8.8618853900000003e-02 -2.2830517300000000e-01 -1.2957559500000000e-02 9.5777875700000001e-02 1.9162251200000001e-02 -2.5083108900000001e-01 1.4423033900000001e-01 3.7282616499999997e-02 -1.8114689400000000e-01 6.1895819900000003e-02 -5.3325939299999998e-03 -7.4358175700000001e-02 -1.3770405399999999e-01 -1.5214348200000000e-01 -6.0108663499999999e-02 1.9058715400000001e-01 -1.8320337900000000e-01 -1.0419887000000000e-01 -1.9480041500000000e-01 -1.7207350799999999e-01 -3.0497083600000002e-01 -1.1499387200000000e-01 1.9209253200000002e-02 -9.6400877699999998e-02 1.5507975199999999e-01 -3.1952421700000000e-01 -5.7389965299999998e-02 5.2652444099999998e-03 -6.4147818600000003e-02 1.7803541100000000e-01 -5.5181873700000002e-02 -9.3363640299999995e-02 5.1432265599999999e-02 5.1548344300000000e-02 -9.7526402899999996e-03 7.9653152500000005e-02
-9.6626087299999996e-02 1.9469649700000000e-01 -1.3819564200000001e-01 -2.5216298999999998e-01 3.3394819600000000e-02 -3.5720853800000001e-02 -1.4932320700000001e-01 -1.6873382700000000e-01 -1.5327079299999999e-01 -9.9597505399999994e-02 3.0386164300000001e-02 -1.6740736700000000e-01 4.3913541899999999e-02 -2.2190712100000001e-01 -1.9331538300000001e-01 -1.5875810500000001e-01 1.5803581600000000e-01 1.8981259100000000e-01 5.7131018100000000e-02 -8.9933160999999998e-02 -7.7051938299999997e-02 -1.3561225599999999e-01 3.6928819500000001e-02 -4.3166498599999999e-02 1.0695752700000000e-01 1.6476855799999999e-02 -1.5748092799999999e-02 -1.8149041099999999e-01 2.1190653300000001e-01 1.1441485500000000e-01 4.4109222500000001e-03 2.3192226799999999e-01 3.8906012500000003e-02 3.3449422200000000e-03 1.6077711300000000e-01 -2.3599222200000000e-01 -8.9637588899999995e-04 2.9477853399999998e-01 -2.0642337500000000e-02 2.3306710600000000e-01 3.3866268700000000e-02 -1.5408149900000001e-01 2.0320511199999999e-01 1.5147305599999999e-02 9.5883804899999994e-02 -9.9740570000000001e-02 1.9511538900000000e-01 3.2429281700000000e-02 -2.9100604299999999e-02 1.8430051700000000e-01
1.4116043500000000e-01 -2.9223487300000000e-02 3.6326085100000002e-02 -7.0598900300000003e-02 4.8969878100000003e-02 1.4054959600000000e-01 -1.5053213400000001e-01 -4.6324620800000001e-02 2.2847427900000000e-01 8.7238891900000004e-02 1.2795636599999999e-01 -3.1014711000000000e-02 -1.9798156900000000e-01 2.6860479400000001e-02 -1.0266798200000000e-01 7.5653057300000007e-02 -3.4015337200000001e-01 1.2773164800000000e-01 9.1878078299999999e-02 3.0590898200000001e-02 -1.9440463599999999e-01 -5.1668721399999999e-02 1.1368623899999999e-01 2.5275421900000000e-01 -8.8619026399999995e-02 2.6489538800000000e-02 1.5307565000000001e-01 1.3254191800000001e-02 -1.9258547600000001e-01 6.0233322499999999e-02 1.9344186999999999e-01 -4.1780470599999996e-03 -5.6436298199999999e-02 3.6739550700000001e-01 4.9178833200000001e-02 -8.5939368099999996e-02 4.0586572199999997e-02 -2.3266689600000001e-01 1.0267399700000001e-02 -7.0924270799999994e-02 1.5097790200000000e-01 -1.5274740600000000e-01 5.8285266900000000e-02 1.4292158399999999e-02 2.8511833900000000e-01 -6.7150723100000004e-02 9.7300252899999995e-02 -3.4724348500000002e-02 4.4579741200000002e-02 2.5800783300000002e-01
-3.4640770400000000e-02 -6.9330499000000004e-02 1.5038007900000000e-01 3.0751461899999999e-02 -3.1321454200000001e-02 7.7686628600000002e-02 7.8756047800000006e-02 -5.2970826200000001e-02 -3.1963281500000003e-02 -1.5804023899999999e-02 -1.6975904999999999e-01 -1.1630362100000000e-01 -1.4920209700000001e-01 4.7659106600000001e-02 3.8929842799999997e-01 -2.2527948999999999e-02 -9.6946259300000004e-02 -1.3585807699999999e-01 8.1577112800000004e-02 -6.3596195800000005e-02 -2.5272925900000000e-02 -9.4880021100000003e-02 -1.5977589600000000e-01 -1.5464365999999999e-01 9.2967025999999994e-02 -4.9926001800000000e-03 1.4456423600000001e-01 -1.2472384900000000e-01 -8.2826562000000006e-02 -7.4982915900000002e-02 1.9352277400000001e-01 -6.0186633400000002e-02 1.5631762599999999e-01 -9.5023754500000002e-02 -2.7410748800000001e-01 -2.1347109600000000e-01 7.8506838600000003e-02 -2.7522328499999998e-02 2.5629993299999998e-01 2.0635292999999999e-01 9.4021478399999997e-02 1.3389341900000001e-01 2.1517655399999999e-01 -1.4499203999999999e-01 -5.7188996499999999e-02 -2.6726352900000000e-01 2.6375633100000001e-01 -1.1911610000000000e-01 1.2607111900000001e-01 8.8449440899999992e-03
-1.5476904499999999e-02 -2.9095533300000000e-03 5.6181300800000000e-02 -1.2652116599999999e-01 9.5752164900000006e-02 -5.8924575299999997e-02 -2.2910963499999999e-02 -2.6576338399999999e-01 6.9172213600000004e-02 4.9839184199999997e-02 2.0936715099999999e-02 4.6922500899999997e-02 -2.6001727600000002e-01 -1.2756165600000000e-01 1.2664581800000000e-02 1.4086123200000000e-01 -6.8143352800000001e-02 1.4209671199999999e-01 -4.6800835600000000e-02 8.2825093200000005e-02 1.2671173199999999e-01 -5.6863589499999999e-02 8.4985560500000001e-02 -6.0158950400000001e-02 2.2157132099999999e-01 1.0282146700000000e-01 -8.0801419400000005e-02 -1.4819987100000001e-01 -4.1756725900000000e-02 -2.0919851400000000e-01 -2.6260019299999998e-01 -1.1878838500000000e-01 -9.3249454900000001e-02 1.8660127700000001e-01 -1.8069683300000000e-01 -2.6304972300000001e-01 -1.1608019999999999e-01 -1.1781389100000000e-01 -3.3635639200000000e-01 5.3617360500000003e-02 -7.9110757399999995e-02 6.1269021100000001e-02 1.4280154600000000e-01 -7.2319914499999999e-02 -2.0355575000000001e-01 -7.4486424900000001e-02 -2.3970874000000000e-01 -1.1561280500000000e-01 -2.0815733000000000e-01 -1.2941185399999999e-01
-2.7563100099999999e-01 3.2344110199999998e-02 8.8709395400000002e-02 3.0547492999999998e-01 2.1172554699999999e-01 2.8091110400000001e-02 1.8506096499999999e-02 -1.7472107700000000e-01 2.0779932899999999e-02 -7.8949318300000002e-03 3.0723965700000000e-01 1.0031760800000000e-01 4.5742444500000000e-02 1.2596529200000001e-01 1.7532563500000001e-01 -1.8071757399999999e-02 8.4479492700000006e-02 1.3154801399999999e-01 2.0019551199999999e-01 3.0140096500000002e-01 -1.6267457499999999e-01 7.3153634800000006e-02 4.2158833200000002e-02 -5.6182816599999998e-02 -2.9967333200000001e-02 -8.1319334600000001e-02 1.1838661800000000e-01 -1.5203168400000000e-01 1.1076890000000000e-01 6.4091743000000007e-02 -2.1162967499999999e-01 1.7310680999999999e-03 1.5052115899999999e-01 -1.1659065700000000e-01 -1.0758131100000000e-02 -1.2945403300000000e-01 1.6742630000000000e-01 -1.0157621300000000e-01 7.6894324900000005e-02 1.0079786400000000e-01 -1.6085012700000001e-01 -1.2569696699999999e-01 -2.0793444700000002e-03 5.0060207299999999e-02 1.9602403800000001e-01 1.8559365899999999e-01 -1.6686384600000001e-01 -1.2154856400000000e-01 1.5250125500000000e-01 5.4212353999999997e-02
-3.3753130700000002e-03 1.0302008700000000e-01 -2.0255592300000000e-01 -1.7834886200000000e-01 -1.1325706300000001e-01 4.3248745099999999e-02 1.8540589699999999e-01 -1.7092072799999999e-01 -2.1821800999999999e-01 1.0186972000000000e-01 1.3066922000000000e-01 1.2705041600000000e-01 8.1144361999999998e-02 -1.4074320200000001e-01 3.2555327699999997e-02 1.8439456300000001e-01 -1.3302056500000001e-01 1.3466489000000001e-01 4.1695700500000002e-02 6.1346432200000002e-02 6.2100831000000002e-02 1.3731795299999999e-01 -2.0729115300000001e-01 2.4603080599999999e-01 -3.0497573100000003e-01 -1.5799868900000000e-01 1.0449022500000001e-01 -1.1392251700000000e-01 2.2649254200000000e-02 -2.3929980200000001e-01 -2.0317707800000001e-01 -8.0465170200000005e-02 4.9948401699999999e-02 1.0197097900000000e-01 -1.3136292099999999e-01 1.0046190700000000e-01 -6.5575300300000000e-02 2.1878349799999999e-01 5.6355420199999999e-02 6.7428689099999994e-02 8.9919212799999995e-02 2.7868655700000000e-01 -1.3873646100000001e-01 -4.8519277499999999e-02 2.0159678100000000e-01 -5.6438328300000000e-02 1.1506843200000000e-01 -2.2273597100000000e-02 5.8781426400000003e-02 -4.6191337499999999e-02
5.5081329100000000e-02 -5.9878263700000003e-02 -1.5077874999999999e-01 -6.1260890999999998e-02 1.5877173700000000e-01 2.7793640700000000e-01 -7.6496677299999996e-02 7.0153914799999995e-02 8.1884867900000005e-02 3.7666155299999997e-02 8.0453413799999995e-03 2.5778484000000002e-01 -2.8313451000000000e-02 -2.1933446600000000e-02 1.5948103100000000e-02 -6.6750967800000005e-02 7.3841838899999998e-02 1.4426671699999999e-02 -1.6863796700000000e-01 1.0713891500000000e-01 -3.9857528300000000e-02 -1.2269973800000000e-01 -3.0863465499999998e-01 9.8232447400000006e-02 1.6483203099999999e-01 1.6371719000000001e-01 1.3254259099999999e-01 -2.4367338599999999e-01 8.5533609900000002e-02 1.3070702800000000e-01 1.1436472000000000e-01 3.5572538799999998e-02 -4.9717937300000001e-02 3.8921025800000002e-02 1.3904594200000001e-01 -1.2259449600000000e-02 -3.0927000900000001e-01 -2.8751483800000002e-02 2.5303752099999999e-01 -6.2806420700000004e-02 -3.2261037100000001e-01 -2.7271082499999998e-02 -1.3092419399999999e-01 2.0773483999999998e-02 6.6917046399999999e-02 -2.1760580299999999e-01 -5.6474894400000003e-02 -2.9559447400000001e-02 -1.6121922399999999e-02 -2.6414829200000001e-01
1.0271892300000000e-01 -2.0109923799999999e-02 -1.4222042200000001e-01 3.7320071599999999e-01 -3.2924262100000001e-01 1.7522898200000001e-01 -9.7309333600000006e-02 7.6868414999999995e-02 2.4465229900000000e-02 -1.1008208899999999e-01 4.6915388799999999e-02 -1.3980033500000000e-01 -3.8549409699999998e-01 6.2499013300000003e-02 -6.0514262600000000e-02 2.0714570800000001e-01 -2.7003535799999999e-02 2.1339071299999999e-03 2.7160537099999998e-01 3.3885463400000003e-02 3.5086734100000003e-02 1.7337795200000000e-01 2.0738936499999999e-02 1.9544042700000000e-01 1.0589497300000000e-01 6.9866412599999997e-02 -9.2215024899999998e-02 -4.8561664099999999e-02 9.4321076800000000e-02 -5.4296255500000001e-02 -3.3216267799999998e-02 1.0458780600000001e-01 2.8499343000000000e-02 -8.4202811700000005e-02 -1.0172663100000000e-01 -9.9738135699999994e-02 -1.9473468399999999e-01 2.4484130600000001e-01 7.8961978099999997e-02 1.9752001599999999e-02 2.5525425300000001e-02 -1.5398403699999999e-01 4.7954791699999999e-02 1.1479314000000000e-01 -5.7665057300000003e-02 1.1373172600000001e-01 4.9350310600000002e-02 1.6564034499999999e-01 -2.3737595699999999e-02 -1.6083996800000000e-01
1.9868220500000000e-01 -2.0686938200000001e-02 1.0055086600000000e-01 -2.3366235300000000e-02 -2.7972721699999997e-01 -1.2072048900000000e-01 5.2887015400000001e-02 -1.2993325700000000e-01 6.1455051699999999e-02 4.7841307399999998e-02 7.3711165900000000e-02 6.8783642199999995e-02 -1.4986440199999999e-02 2.2860561900000001e-01 1.8090808699999999e-02 2.4144305299999999e-01 7.5122184400000000e-02 -1.4932851400000000e-01 -4.2692495899999999e-01 -1.4539168199999999e-01 -1.2781639700000000e-01 -2.9298965399999999e-01 8.5296094099999997e-02 -3.9676295399999999e-02 7.2664456200000005e-02 -1.0176927000000000e-01 1.6611182899999999e-01 -2.0958916599999999e-01 1.2102411800000000e-01 1.8154831799999999e-01 -1.6076513300000000e-01 1.1441361800000000e-03 -6.4338957000000002e-02 8.5680901300000001e-02 -7.6781031299999997e-02 2.8396563199999999e-02 2.7350937200000001e-02 2.1509966799999999e-02 4.8074427100000001e-03 1.8416340300000000e-01 4.5698225000000002e-02 2.4329606699999999e-02 5.1269793600000002e-02 2.7427147899999998e-01 8.9917612600000002e-02 1.9015481600000000e-01 3.4241861300000002e-02 8.2893230100000007e-02 1.3070899799999999e-01 -5.8118095400000000e-02
6.7731192199999998e-02 1.4347076300000000e-01 -2.3114214000000000e-01 -3.5989349900000002e-02 8.5840813700000004e-02 -2.3649220300000001e-01 3.3106578700000000e-01 -1.2990982800000000e-01 2.0633813599999998e-02 -2.3568187400000001e-01 -8.8821011699999994e-02 -8.3950909500000004e-02 -1.1640612300000000e-01 2.0949905599999999e-01 -1.7318085200000000e-02 -2.1388519000000000e-01 -2.8143156000000003e-01 6.6599979000000004e-02 -7.0650753400000002e-02 1.3332370099999999e-01 2.5285534799999998e-01 -3.7251247000000001e-02 1.2196501999999999e-01 3.0722246500000001e-03 7.2387137099999999e-02 2.8456568999999998e-01 -7.7841981899999996e-02 1.2245708900000001e-01 1.4952184099999999e-01 4.2985252000000002e-02 -3.1257830799999997e-02 -1.6169593500000001e-01 2.7967938800000001e-02 -5.4225047700000001e-02 -1.5152619400000000e-01 8.1567572300000002e-02 -2.6818968900000000e-02 -8.7931258299999995e-02 1.0307130600000000e-01 5.4420677600000002e-02 -1.9512959499999999e-01 -7.8181797400000003e-02 -7.9240953599999997e-02 1.6051034000000000e-01 2.1058383200000000e-01 -4.2517822900000002e-02 1.5401700099999999e-01 6.1533826500000000e-02 -6.6511976400000002e-03 7.3554023499999996e-02
-1.1658599700000000e-01 -3.5010967200000000e-02 -4.5073443300000002e-02 -2.3993037400000000e-01 3.0732939900000000e-01 -1.1007411400000000e-01 -9.4476050399999997e-02 -6.9466015199999998e-03 5.8527653999999998e-02 -5.7546249700000003e-02 2.3481707899999999e-02 1.3423172100000000e-03 -3.3873146600000001e-02 2.4012098000000001e-01 -2.3087091000000001e-01 3.7416079099999999e-01 4.5816052500000003e-02 -6.1461123600000001e-02 5.3326899300000001e-02 -1.5566694900000000e-01 -1.3255656499999999e-01 8.4843564499999996e-02 -9.0574203000000006e-02 -1.0725993900000000e-01 -2.1130779299999999e-01 4.4979796300000000e-02 1.0150346800000000e-01 2.3783881200000001e-01 -2.2411753699999998e-02 9.4037854900000002e-03 8.8170342600000007e-02 -7.9099171600000000e-03 -1.4483721799999999e-01 -1.6973919900000001e-01 -3.4237960600000000e-01 -2.0470986300000001e-02 -1.2504019799999999e-01 2.1864821000000001e-01 9.7454228899999995e-02 5.2571072599999998e-02 -8.1892871600000000e-02 -1.7810480300000001e-01 7.9001305600000002e-02 7.3909946500000004e-02 -8.3709306100000005e-03 -9.6856029100000005e-02 -1.6855787200000000e-01 -1.2656741499999999e-01 6.3944629599999997e-02 2.8950486900000002e-03
-2.2416804800000001e-01 1.8646491500000001e-01 -8.8259410999999996e-02 -1.3127219300000001e-01 -1.7504557400000001e-01 1.5043697600000000e-01 -6.5758554600000005e-02 1.0666320599999999e-02 -9.8843690400000003e-03 -1.2054795400000000e-01 7.4201575899999997e-02 3.2946802500000000e-01 -1.2612684299999999e-01 2.4875986600000000e-02 7.0363142700000006e-02 2.0342836600000001e-02 -4.3569014500000003e-02 1.3920945400000001e-02 1.8097711499999999e-01 2.8269509599999999e-02 -7.6541517099999998e-02 -1.1878614600000000e-01 1.9196546700000000e-01 -1.6306187699999999e-01 -1.3259115199999999e-01 -8.0019732199999999e-02 -1.1627614000000000e-01 -1.6911683599999999e-01 -2.2897702799999999e-02 2.5170881099999998e-01 3.7728554099999999e-02 -4.8617440099999999e-02 -2.2385859299999999e-01 -1.1633394100000000e-01 -1.4087510200000000e-01 2.6131488500000000e-01 -7.1457529000000006e-02 -1.6326548599999999e-01 9.7570563400000004e-02 7.8116177999999994e-02 8.0428774600000003e-02 5.1209337999999997e-03 -6.8519766600000004e-02 -5.2674445799999997e-02 -1.7066467199999999e-01 6.3209030599999994e-02 1.7881054699999999e-01 -8.3386435800000006e-02 -3.6964492500000001e-01 8.3867626799999997e-02
2.3256956200000001e-01 -1.1911847300000000e-01 8.3110476399999994e-02 -1.4378019800000000e-01 -8.7675184200000006e-02 -3.6604522000000000e-02 -7.8978221500000001e-02 -4.3508127100000002e-02 -7.2896308500000007e-02 -6.5677332399999996e-02 -1.7564557500000000e-01 5.6174166400000001e-03 -7.4889087199999996e-02 1.5129697400000000e-01 1.0171175000000000e-01 1.0321705900000000e-02 -7.3186554400000006e-02 1.2441274700000000e-01 2.2332067500000000e-02 9.1195914000000003e-02 9.8697433500000001e-02 2.9101200500000002e-01 -1.1089412700000000e-01 -9.9541365600000001e-02 -1.0723553500000001e-01 2.0563466799999999e-01 -2.4160915200000001e-02 -2.1469859399999999e-01 7.0203760099999998e-02 1.4040564999999999e-01 -8.0046291899999997e-02 -1.7732411000000001e-01 -1.4667136400000000e-01 -1.5456266499999999e-01 3.7078651800000001e-01 -6.2648028400000000e-02 -1.9447377299999999e-02 7.6336293799999996e-02 1.0570487000000001e-01 3.7946620100000002e-02 3.0691162900000002e-01 1.1914102500000001e-02 -3.5336816100000001e-02 1.1204341700000001e-01 -6.4263394700000004e-02 1.3201601400000000e-02 -2.3363179000000001e-01 -2.8989420199999999e-01 7.1095523199999996e-02 1.9113236600000000e-01
1.1466877500000000e-01 6.9420221000000004e-03 -2.3727936399999999e-01 -1.1058548500000000e-01 1.8342718699999999e-01 1.5756680900000000e-01 1.8258049800000001e-01 1.3440089499999999e-01 -9.6765181399999997e-02 3.4812535100000000e-02 1.0151157900000000e-01 1.3960679600000000e-03 -8.8109706900000001e-02 -1.0354353800000000e-01 1.2610098700000000e-01 -3.5564002199999999e-03 1.0813103600000000e-01 -1.7876981000000000e-01 3.3399721200000003e-02 5.3892405599999998e-02 -1.7412272100000001e-01 -9.5982382300000002e-02 1.9694770500000000e-01 1.9762961900000001e-01 -9.7598214899999994e-02 2.2160818600000000e-02 -5.8609131600000003e-02 1.1709486299999999e-01 -5.8496710899999999e-02 2.5421433500000001e-01 -1.6364077899999999e-02 -1.3502823300000000e-01 3.2775044300000000e-01 -2.1419904900000002e-02 -1.6329688400000000e-02 -2.3811100299999999e-01 -4.7340464100000000e-02 3.7254771100000000e-02 -7.1580526600000000e-02 -5.7340516299999996e-03 3.7865633900000001e-02 2.2269876999999999e-01 -3.2276046400000001e-02 3.5230622000000000e-01 -2.9054230399999997e-01 -4.5158783299999998e-02 -1.0583134499999999e-01 -9.4240239399999998e-03 9.4757011699999998e-03 1.6343227099999999e-01
7.5290857700000005e-02 -8.1821776299999996e-02 1.7133846200000000e-01 -2.6072084299999999e-02 -1.5927268900000000e-01 1.2261181500000000e-01 1.2877416600000000e-01 -7.6656644699999998e-03 7.0417004800000002e-02 -4.2571624600000003e-02 4.0977634200000002e-02 2.7934273300000001e-01 1.1945627400000000e-01 -1.4646071699999999e-01 1.3962651400000001e-01 -1.4199485300000000e-01 5.4138242199999999e-02 7.3356053599999997e-03 1.2671832699999999e-01 -1.9327754999999999e-02 3.5757212699999999e-02 3.3415478499999998e-02 1.0408393300000000e-01 3.7933714700000001e-03 -8.7679387300000008e-03 1.8533056500000000e-01 2.9093954000000000e-01 3.9525122099999999e-01 3.0604685999999998e-01 1.0504246700000000e-01 -2.3022978199999999e-02 -6.6749728600000004e-03 -2.2989563099999999e-01 1.2996176500000001e-01 -1.0930033800000000e-01 -2.4622721000000000e-01 1.5732782600000000e-01 2.0369854800000001e-01 -8.3071954899999995e-02 -6.5725149100000005e-02 8.4553125100000001e-02 -1.0433431500000000e-01 -7.7134484700000006e-02 3.4162523200000003e-02 2.8064308900000001e-02 -2.5385272800000001e-02 1.0644750500000000e-01 -1.5338687500000001e-01 -8.7116129400000006e-02 -1.9145803000000000e-01
-4.7857335700000003e-02 -8.5414500800000001e-02 -2.2157475700000001e-01 1.1606608100000000e-01 -3.5444227299999999e-02 9.7489290000000006e-02 -1.2611412599999999e-01 -1.4372943599999999e-01 -2.2956130599999999e-01 -1.4293542900000000e-01 1.3917842599999999e-01 -3.1527872300000002e-02 1.0781748400000001e-01 -1.4675925400000001e-01 -1.5315725399999999e-01 7.3061651500000005e-02 -2.6040804299999998e-01 -5.3042858999999998e-02 -2.0625565600000001e-01 2.0109919800000001e-01 -7.3617829300000007e-02 8.2148008100000006e-03 2.3129431100000000e-02 -9.7081850100000006e-02 3.4242579499999998e-01 1.0510840900000000e-01 2.5389002799999999e-01 -3.9085815699999998e-02 -1.8859005500000001e-01 3.7664464799999998e-02 1.2098493200000000e-01 9.9697808199999995e-03 3.9776651800000000e-02 -1.9936884399999999e-01 -1.2255546500000000e-01 1.8714569500000000e-01 2.7053245700000000e-01 1.2656897900000000e-01 -1.3700950000000001e-01 -1.3811993100000000e-01 1.9613161800000001e-01 -3.5370046799999999e-02 -9.4730491299999997e-02 7.9008587199999994e-02 -6.6748659799999999e-02 -1.1329549600000000e-01 -5.9304747400000003e-02 -1.1912612600000000e-01 -2.4479440100000000e-03 -4.0431515600000002e-02
4.4520405100000000e-02 6.5239737500000006e-02 -9.0664434800000002e-03 6.5756930000000005e-02 1.3902026300000001e-01 1.3923559499999999e-01 4.1862823000000000e-02 5.0663024300000000e-03 1.2973610899999999e-01 -1.1025705500000001e-01 -1.9368114700000000e-01 -8.2520782299999998e-02 -9.0748074499999998e-02 8.5341953499999998e-02 -7.6299545400000002e-02 7.2844741099999999e-02 -9.1589339299999999e-03 -2.5058560000000002e-01 3.3381653200000000e-02 2.4859065699999999e-01 -3.8829595199999997e-02 -2.0085234699999999e-01 -3.0630020400000002e-01 1.7410367600000001e-01 -7.3924051399999996e-02 1.9085710499999999e-02 -1.1066418500000000e-01 5.1664588700000000e-02 1.3010123200000001e-03 1.0661170700000000e-01 -3.5545503200000000e-01 2.4289325500000000e-01 -2.8666084800000002e-01 -4.3699655800000001e-02 4.3258491699999999e-02 1.6004396500000000e-02 3.8576308399999998e-01 7.5043715100000005e-02 -4.2418749300000003e-02 -4.6459264200000003e-02 -2.4692791900000000e-02 1.8753300000000001e-01 1.2718738199999999e-01 -6.4059105500000005e-02 2.5978587399999999e-02 -8.9046657299999998e-02 3.9821919700000000e-02 1.1458443400000001e-02 -1.3506651900000000e-01 1.0218987100000000e-01
-2.1692976000000000e-01 2.5059719200000002e-01 2.4687658300000001e-01 -1.2022321599999999e-01 3.0471949599999999e-02 6.2683445800000001e-02 -1.3467183399999999e-01 7.0201299100000003e-02 -3.2632115099999998e-02 -1.9681214299999999e-01 1.7935213799999999e-01 -4.2074000799999997e-03 -2.2321944699999999e-01 6.9655978199999996e-02 4.2484324300000001e-02 -3.6158115899999999e-01 -8.6285323999999997e-02 -1.1834122399999999e-01 1.9834900200000002e-02 2.6855867900000000e-02 4.9111619600000003e-03 -1.3815153999999999e-01 -5.3564773800000000e-02 1.5179716600000001e-01 9.9064784200000006e-02 -5.5743001200000003e-02 5.9214633000000003e-02 9.4369123200000002e-02 8.2740519400000004e-02 -1.7644298500000000e-01 8.9325150600000000e-04 -9.3007975100000001e-02 -1.3156584099999999e-01 1.4658993800000000e-01 9.9708565700000005e-03 2.5786971600000003e-01 -9.4442626200000004e-02 1.6324479000000000e-01 2.0708248799999999e-02 7.9769821300000002e-02 1.6233260499999999e-01 8.0681083099999995e-02 3.8203120500000000e-02 1.1226591599999999e-01 -1.3537848699999999e-01 -2.0586864999999999e-02 -2.5918542200000000e-01 8.1339218899999996e-02 3.1662148299999998e-01 -2.4245770500000000e-02
1.1585607100000000e-04 -1.4932627000000000e-02 -1.3792663399999999e-01 -8.5439496599999998e-02 5.2528753999999997e-02 -3.6424836700000002e-01 -9.6112370200000005e-02 2.2545627400000001e-01 1.0210131900000000e-01 1.0907409799999999e-01 2.6663811399999998e-01 -1.3508704299999999e-01 -1.6185185399999999e-01 -1.0093134800000000e-01 1.5837827300000001e-01 -4.3922357000000002e-02 5.0878155400000003e-03 9.2570732599999997e-02 -1.4772148299999999e-01 1.3945112000000001e-01 8.0228473499999994e-02 -2.2981360800000000e-01 8.9229240499999994e-03 1.8605277300000000e-01 -1.2415121899999999e-01 9.0432782099999998e-02 1.5581402499999999e-01 2.1213619499999999e-02 -9.1849322100000005e-02 1.1785824900000001e-03 4.6715918000000002e-02 -1.1027189400000000e-01 -3.7447986599999997e-02 -2.0370504900000000e-01 9.2943472900000004e-02 -4.9404669200000001e-02 7.7230800099999997e-02 1.4440250499999999e-01 1.7778168200000000e-01 -8.5102384599999997e-02 6.7124180500000005e-02 -1.9914476499999999e-03 1.9419634099999999e-01 -2.1941732300000000e-01 -3.5602273400000002e-02 3.0663399400000002e-01 6.1878089099999999e-02 -1.1867583700000001e-01 -1.5374588700000000e-01 -2.0279643600000000e-01
-7.0761875700000004e-02 -6.1873679899999999e-02 -1.8203676199999999e-01 1.4049063500000000e-01 2.3761868900000000e-02 5.7379063899999999e-02 2.6649409600000000e-02 -1.3145654400000001e-01 -2.1618814000000000e-01 1.0524948300000000e-02 2.3012927799999999e-02 -9.0057566899999997e-02 -9.0372249099999996e-02 -2.2344992800000001e-02 -2.0553662100000002e-02 5.8260088299999999e-03 2.1812646499999999e-01 -4.5380719299999997e-02 1.4430113799999999e-03 -2.2933758500000001e-01 1.3161748700000001e-01 -7.8932411199999997e-02 4.3469675100000001e-02 -4.4809484199999999e-02 -1.2461504399999999e-01 7.6514507600000004e-02 -1.2052574999999999e-02 3.2753053700000000e-02 1.2225295999999999e-01 -8.9715776499999997e-02 5.4532572500000001e-02 -1.7939327200000001e-02 4.0752785999999999e-02 2.7507249700000003e-01 2.5353000800000001e-02 1.0259681800000001e-01 2.5793947600000000e-01 -1.7582408599999999e-01 3.7723701399999998e-01 -2.0367132800000000e-02 1.9975338500000001e-01 -2.5328160499999999e-02 1.5194596899999999e-01 1.1932075300000000e-01 1.3598562200000000e-01 -1.2318267099999999e-01 -3.5486255999999999e-01 5.5950196799999996e-03 -3.0008396599999998e-01 -1.3055369800000000e-01
-2.3272429300000000e-01 -6.7305337600000001e-02 -1.1119299300000000e-01 -5.5185739999999997e-02 -1.4020048800000001e-01 -1.2502286499999999e-02 5.7307385699999998e-02 2.4043539400000000e-01 1.3777445399999999e-01 -1.8560562400000001e-02 1.7058781300000000e-01 -2.8375495499999998e-01 -1.0988346600000001e-02 1.2681674100000001e-01 -2.3755630699999999e-01 -4.1217351100000001e-02 -4.9181543000000001e-02 -1.4631441500000000e-01 -2.2186418699999998e-02 -3.3465598100000001e-02 4.7149615200000002e-02 6.8390996100000004e-02 -1.5730276500000001e-01 6.3789493200000005e-02 -7.3382087600000007e-02 -2.7336963100000000e-02 8.5160137100000005e-02 -6.1670391400000003e-02 2.7554604599999999e-01 -1.9957309699999998e-02 3.8546992199999998e-02 8.4380967299999998e-02 8.4797632400000003e-02 1.3248173100000000e-02 4.7815999400000003e-02 -9.3991293899999995e-02 2.3069492500000000e-02 -3.2219460300000002e-01 -2.3056040000000000e-01 2.8213404300000000e-01 8.9724595300000001e-02 4.6270429100000003e-02 -2.2390966400000001e-01 1.9216602600000000e-02 -6.6403914199999997e-02 -7.5891032499999997e-02 6.4853990500000000e-02 -3.4923720600000002e-01 -5.0421435100000002e-02 -1.5257514300000000e-01
3.1673974899999999e-02 -1.2670163700000001e-01 1.5343091500000000e-01 1.3774744000000000e-01 -1.6846539999999999e-01 -1.5266508300000001e-01 -9.4448811100000002e-02 -2.6540670900000002e-01 1.2420465600000000e-01 1.2628888599999999e-01 -2.9867374400000000e-02 4.4487684499999999e-02 1.6046957000000001e-01 -4.8423526199999997e-02 -1.6198080800000000e-01 -1.6087458099999999e-01 -1.6728494199999999e-01 -2.1649944099999999e-01 1.1106369700000000e-01 1.5320433800000000e-01 1.0119793700000000e-01 -2.3223539100000001e-01 1.6221152200000000e-01 1.0981249400000000e-01 -3.3277018100000000e-01 1.0707375600000001e-01 -1.1925923800000000e-01 -9.0980127300000005e-02 -1.5787740900000000e-02 2.1562322800000000e-01 8.1935373300000003e-02 9.4916457699999998e-02 1.9549235200000001e-01 -8.7425286399999996e-02 -8.2686844600000003e-02 3.6331651200000002e-02 -1.6111479100000001e-01 1.6060145800000000e-01 -2.3996861700000000e-02 1.1194639800000000e-01 1.4995536800000001e-02 1.1412577199999999e-02 4.0409642999999999e-03 -1.5372018200000001e-01 2.7116345000000000e-02 -2.3464642499999999e-01 -2.4938653199999999e-01 -1.7413089699999999e-02 8.6155380699999996e-03 -1.1533132600000000e-01
-3.2504238499999999e-01 3.7005831099999997e-02 -2.6199778299999998e-01 5.9645642700000001e-02 -1.3137884699999999e-01 -8.3585396399999998e-02 1.8964697400000000e-01 -6.4415662600000007e-02 8.6740966500000002e-02 2.0923069599999999e-01 6.6063252700000005e-02 2.2919240799999999e-01 -1.6053533300000000e-01 -4.0435605899999998e-02 1.4053145300000000e-01 -9.2112290700000002e-02 -5.8816006099999998e-02 -1.8286845700000001e-01 -1.6700398599999999e-01 -1.0266009600000001e-01 6.1943821400000001e-02 4.4441718099999999e-02 -5.3777693400000000e-02 -9.4287770800000004e-02 -1.0949645600000001e-01 3.7735343800000001e-02 -2.6045844200000001e-01 -6.8280353399999993e-02 -1.8752129700000000e-01 -1.0822233900000000e-01 1.5980326900000000e-01 2.1812109199999999e-01 -2.5287090899999998e-01 -3.9971304999999999e-02 9.9575119899999995e-02 -2.5832971399999999e-01 6.8748150899999999e-02 8.2073749400000007e-02 -8.9602968699999994e-02 -1.3989806399999999e-01 4.9779376899999998e-02 -1.3914051599999999e-01 -1.4551179200000000e-02 1.6107752300000000e-01 6.6816141600000004e-02 -4.2418557500000002e-02 -3.2012800000000001e-02 -2.9151108500000002e-02 2.3236744400000001e-01 4.8676113500000000e-02
7.6522964999999998e-02 -4.4741529100000002e-03 -7.6727390199999995e-02 -9.7468376999999995e-02 -5.1878338699999998e-02 -2.7900390000000003e-01 2.0989353099999999e-01 -5.9975193699999998e-02 1.7020340500000000e-01 -1.5650347200000000e-01 -2.1847915100000000e-02 9.2157106899999994e-02 -7.4609422900000000e-02 -2.1313002700000000e-01 -1.7852898900000000e-01 -8.1851098200000000e-02 9.4520729799999995e-02 -4.0397251799999999e-02 1.9532343299999999e-01 6.6479218500000006e-02 -1.9761073700000001e-01 1.0056982200000000e-01 -1.0389089300000000e-01 -1.0922556600000000e-01 1.3443193600000000e-01 -1.6634023300000000e-01 2.9113943500000000e-02 1.1115286900000000e-01 -3.2154114600000000e-01 1.4301121500000000e-01 -2.9272569799999998e-01 2.1287522000000000e-02 6.0255405499999998e-02 4.3507592800000001e-02 9.8529817300000003e-02 2.2537545900000001e-02 -6.7895237299999994e-02 -1.6722770200000001e-01 2.1141952100000000e-01 6.6874066499999996e-02 2.3052717500000000e-01 -1.4558334800000000e-01 1.5845370800000001e-02 3.2377827999999997e-02 -3.1045876600000001e-02 -1.1326274900000000e-01 3.4897345099999998e-02 1.9920288299999998e-02 1.3884807499999999e-01 -3.1112087700000002e-01
1.8356400900000000e-01 -3.8182031999999999e-01 -6.6617103400000002e-02 -9.8465809900000006e-02 -5.8136114000000003e-02 8.0731588500000007e-02 9.6208326100000005e-02 2.2160155500000001e-01 1.1388944300000001e-01 -2.7564607800000002e-01 5.5140518899999998e-02 8.1986168799999995e-02 2.6753334399999999e-02 -7.7188291100000000e-02 7.8296422500000004e-02 -6.1691797000000000e-02 -2.9415015300000000e-02 1.7753200599999999e-01 1.5594687300000001e-01 -7.5871305200000003e-02 -1.1030807700000000e-01 -3.9696259600000000e-01 -4.3570541599999998e-02 -1.3413409600000001e-01 3.0943316200000001e-02 -8.1933624400000002e-02 -2.3517373499999999e-01 -3.2063386899999997e-02 -1.1522347600000000e-02 -3.0877558100000002e-01 -7.8777770499999997e-03 8.4864509599999999e-02 7.0746630000000005e-02 -1.2795050799999999e-01 -7.4279748399999998e-02 8.1816660499999999e-02 -3.0188721100000001e-03 8.7048688999999999e-02 -9.7372176699999993e-02 3.4832748199999999e-02 1.6028382099999999e-02 -1.4571298000000000e-02 -3.8410812599999997e-02 9.6633384700000005e-02 2.7115603900000002e-01 6.0109937000000002e-02 -1.6647886500000000e-01 -1.7439024600000000e-01 -9.1297723399999999e-03 7.3877229300000000e-02
1.3532253599999999e-01 -1.3512939000000000e-03 -3.1190136500000000e-02 2.1825350600000001e-01 1.4419640800000000e-01 3.0824284600000001e-02 7.2358484299999998e-02 -1.1601640300000000e-01 1.3051416299999999e-01 -3.9426137000000000e-02 2.3210014400000001e-01 1.3411395900000000e-01 -1.6359818600000001e-01 -1.7834993100000002e-02 -5.2611254599999997e-02 8.1250341500000003e-02 -2.1266716499999999e-01 1.6532900600000000e-01 -1.0014866400000000e-01 -2.0835193599999999e-01 3.2522682499999997e-02 -1.5383973500000001e-01 -3.7378312099999998e-02 -2.0288172400000001e-01 -1.6858527100000001e-01 -1.0725561700000000e-01 1.6973034400000001e-01 1.4847892500000001e-01 2.1905418900000001e-01 -1.1643066700000000e-01 -7.7285949699999995e-02 4.2794597300000001e-02 4.2301785199999997e-02 -2.4299125299999999e-01 2.8892948400000001e-01 -4.5283160400000001e-02 -5.4541264000000002e-03 -4.8586549499999999e-02 1.7258403700000001e-02 3.4721580500000002e-02 8.4671068799999999e-02 1.4690291200000000e-02 -1.0916229900000000e-01 -1.4538615099999999e-01 -2.7356016200000000e-01 -2.3389371900000000e-01 2.3870997800000002e-02 2.8095402300000000e-01 -2.4369675799999998e-03 1.1218215199999999e-01
3.2978657099999998e-03 -3.1552482199999998e-01 -1.0274566900000000e-01 -1.2077304699999999e-01 6.5843445299999998e-02 1.8318061699999999e-02 -7.6911406599999996e-02 -5.9013381599999998e-02 2.2262675300000001e-01 2.8621604000000000e-01 -1.4308458200000001e-02 -1.9533176899999999e-01 -1.8475218600000001e-01 -1.8717872599999999e-01 7.2500567599999996e-02 -1.3312566800000000e-01 1.0431470499999999e-01 -5.7464754600000001e-02 -4.5560779400000001e-02 3.1227612300000002e-01 -1.7455614100000000e-01 1.9714635100000000e-01 1.2108273100000001e-02 -2.4312513999999999e-01 -4.4550978700000000e-02 -8.9144012499999994e-02 -4.0219589500000000e-02 -1.2736297600000001e-03 2.2380962400000001e-01 -1.1043407500000000e-02 1.0116845800000000e-01 -1.7270682900000001e-01 -1.5728601300000000e-01 8.5362701399999998e-04 -1.0954798100000000e-01 1.7167735300000000e-01 6.9956625800000005e-02 8.4011374200000002e-02 -4.5836194599999998e-02 1.7461969799999999e-01 4.0111445900000001e-02 4.6324039499999997e-02 -9.2050304900000005e-02 7.9810010400000006e-02 8.8019587999999996e-02 -3.5858588300000001e-02 2.4335343799999999e-02 3.3645323700000002e-01 -5.2104245399999999e-02 1.1824825400000001e-02
5.4572879800000001e-02 1.6740758300000000e-01 2.0741367299999999e-01 1.5340746699999999e-01 1.0315936700000000e-01 -2.5785472199999999e-02 3.0337532000000000e-02 -7.3114982600000003e-02 1.4370918299999999e-01 4.0435070300000001e-02 -4.6910386700000001e-02 1.8895189100000001e-01 -1.4297767500000000e-01 -1.4521001900000000e-01 -3.0637945599999999e-01 1.1111796200000000e-01 2.3702456000000000e-01 4.1534885899999999e-02 -9.6703047500000000e-02 6.8623644600000006e-02 1.0316442900000000e-02 -1.4269363500000001e-03 1.1289540700000000e-01 1.7241877500000000e-01 1.0220313100000000e-01 -1.4997988600000001e-01 -2.4607697100000001e-01 -1.5609447500000000e-02 1.9196486700000001e-01 -1.2438549500000000e-01 2.3344037600000000e-01 -2.6791401799999998e-01 1.9606180500000001e-02 -2.3523977300000001e-01 2.4237792800000001e-02 3.4861964099999997e-02 1.0005384200000000e-01 -4.3056709499999998e-03 4.6834538699999997e-02 -1.0232520700000000e-01 1.1009331700000000e-01 1.3577483500000001e-01 6.5674361599999995e-02 1.2169636300000000e-01 1.2721026299999999e-01 -1.4097254900000000e-01 1.8750515100000001e-01 -2.8452988499999998e-01 7.1636924300000002e-02 -5.3428930800000003e-02
2.6907669400000001e-01 -1.6274059299999999e-01 4.0837653799999998e-02 -7.3382716599999995e-02 -2.4033634599999999e-02 1.6925225499999998e-02 -6.5263571900000001e-03 1.7064045899999999e-01 -3.5448150000000000e-01 2.2152270199999999e-01 2.1741978500000000e-01 1.7419377699999999e-01 -2.3657413499999999e-01 2.1674328600000001e-01 -1.4650184699999999e-01 -2.0136922900000001e-01 1.2533009900000000e-01 2.3297874199999999e-02 4.2190060499999998e-03 7.3342520899999999e-02 7.3836213400000003e-02 1.3015446000000000e-01 2.2016068200000000e-01 -2.7679942499999999e-02 -6.2051996499999998e-02 1.7314227200000001e-02 2.7013754599999999e-02 3.3989851500000000e-03 -1.4221357400000001e-01 -8.6011515600000005e-02 -1.1496364000000001e-01 2.0106836700000000e-01 -4.5185448500000003e-02 -3.9480981499999998e-02 2.5207725999999999e-03 1.4975593500000001e-01 1.6040471900000000e-01 -2.7846765600000000e-02 -4.8932801900000003e-02 1.5883501700000000e-01 -2.3119861999999999e-01 -3.7030354799999998e-02 1.7695744699999999e-01 -3.2518731900000000e-02 -4.1247129200000003e-02 -2.3679545499999999e-01 1.3820880399999999e-01 -1.0783684800000000e-01 1.0102353000000000e-01 -3.5094756999999997e-02
-3.5901334200000002e-03 1.6299251600000000e-01 2.2391570899999999e-01 2.1507940700000000e-01 1.1106202699999999e-01 -4.4910708399999999e-02 7.7462342000000003e-02 2.8210513300000001e-01 -1.5589108099999999e-01 4.5556047199999998e-02 -1.2257654000000000e-01 -1.6394095700000000e-02 -7.0018928199999997e-02 -2.0787795100000001e-01 -1.4613963399999999e-01 -9.1455975199999998e-02 -2.7840113799999999e-01 2.5913677499999999e-01 -2.1303403300000001e-01 -1.5640763299999999e-02 -3.4314842299999998e-01 8.2298027199999998e-02 -8.6080187100000000e-03 -1.8690711600000001e-01 -1.8902295599999999e-01 2.0988534500000000e-01 -9.4267937199999999e-02 -5.0194207900000003e-02 1.0555908200000000e-02 5.4758328199999998e-02 -1.2959194600000000e-02 2.0992013400000001e-01 -4.3639865999999999e-02 5.7530715400000002e-02 -1.6762146300000000e-01 -8.2168727100000005e-02 -3.3447639000000001e-02 7.9619168100000005e-03 9.8159615399999997e-02 9.4654562999999997e-02 4.3604785500000000e-02 2.1563215299999999e-01 -1.0791355000000001e-02 1.2713625600000000e-01 3.3111290100000003e-02 1.0633822499999999e-01 -5.5158582099999999e-02 -9.5691580599999992e-03 -5.1687978099999997e-02 -1.6278877800000000e-01
3.9204587800000003e-02 2.6710283299999998e-02 4.5296967200000003e-02 1.1177376900000000e-01 2.4909253200000001e-01 6.5334588900000004e-02 1.3624988699999999e-01 1.4542732000000000e-01 -1.6695558900000000e-03 -5.5592936900000001e-02 5.6115040800000002e-02 -1.6939684499999999e-01 -1.0086622800000000e-01 -1.5776955800000000e-01 2.3389430300000000e-01 6.7063446900000004e-02 -8.9894269900000004e-02 -2.0763984299999999e-01 -1.9880962899999999e-01 -2.0271524699999999e-01 2.9274878300000001e-02 1.5214210300000000e-01 2.7618544299999997e-01 5.7359185399999998e-02 1.0138722200000000e-01 -2.0922070000000001e-01 -9.8466203500000002e-02 -7.9539064199999995e-02 1.7590697999999998e-02 1.8332856500000000e-01 -1.9378171799999999e-01 4.5815525299999996e-03 -7.9601596900000002e-02 5.6631025500000001e-02 2.7866074099999999e-02 1.2547145900000001e-01 -1.1365836000000000e-01 2.2200079600000000e-01 6.6232114099999996e-03 7.9151873600000006e-02 3.6156980599999999e-02 -2.1410092400000000e-01 -1.6723682200000001e-01 -2.7812916199999999e-01 2.0599007599999999e-01 -1.6646486299999999e-01 -5.6296384099999999e-02 -2.1604780100000001e-01 -6.0968223500000002e-02 1.6294370300000000e-02
-2.2771914200000000e-02 2.1027210399999999e-02 -1.7665329399999999e-01 9.1405335599999998e-02 2.6542481699999999e-02 1.0664188099999999e-01 -1.9006163000000001e-01 -5.5499546900000002e-02 2.3203087200000000e-01 1.7160605500000001e-01 -1.3839741999999999e-01 1.6609149500000001e-01 -1.1005841900000000e-01 1.2089979600000000e-01 -4.3284454100000001e-02 -3.0662486799999999e-01 -1.2818238200000001e-01 1.0712129099999999e-01 -7.5249010599999999e-02 -2.3337242200000000e-01 1.6993361900000001e-01 1.5763169699999999e-01 -1.5044530800000000e-01 -6.6351791699999996e-02 1.0210947700000000e-01 -2.7417598799999998e-01 1.2075829500000000e-01 1.7914121699999999e-01 -8.0794728699999999e-02 1.9236367800000001e-01 -1.0284021800000000e-01 2.1011971800000001e-02 2.2987447499999999e-01 -5.3650025499999997e-02 -6.6196709600000000e-02 5.3764493800000000e-02 -4.0999365199999999e-02 1.4293452800000001e-01 -9.6660660699999998e-02 6.4024355399999996e-02 1.3132692400000000e-02 1.9237868499999999e-01 2.2117743300000001e-01 1.1131838199999999e-01 1.4969393300000000e-01 1.3998960099999999e-01 -5.5421489700000000e-02 -1.6137616099999999e-01 -1.7660151399999999e-01 2.4214309900000001e-02
-2.5742638000000001e-01 -3.4418341499999999e-01 -3.8943981400000001e-02 8.4385773900000002e-02 1.7472136999999999e-02 -5.6505192900000001e-02 1.7929673099999999e-01 -8.5438117699999996e-02 4.9173375599999999e-02 -7.6888901100000004e-02 -9.2796709699999994e-02 -7.7275291199999999e-02 -2.9785419800000001e-02 -2.0266848800000001e-01 -4.9074833399999997e-02 8.9965242000000001e-02 4.8743963100000001e-03 9.6785924600000003e-02 1.4857651099999999e-01 -1.8260007700000000e-01 4.7650108599999998e-02 2.7694093600000001e-02 2.4873189800000001e-01 1.7108830100000000e-01 8.6883575399999996e-02 8.0384556199999999e-02 2.4710589599999999e-01 -2.6817507899999999e-02 -1.0483180400000000e-02 1.0847226800000000e-01 3.2729065699999997e-02 1.2325705300000001e-01 -2.8767737900000001e-01 -7.9016866599999999e-02 1.3986130499999999e-01 1.6876671900000001e-01 -1.2221648600000000e-01 -6.6989607199999995e-02 4.1860600099999999e-02 5.6078804599999997e-02 -1.7616824000000000e-01 4.0044440999999997e-01 1.6436918600000000e-01 5.0774700499999999e-02 -1.6264977800000000e-02 4.9383358900000000e-02 -1.3380760500000000e-02 -4.3303687200000003e-02 1.7758435900000000e-01 8.2143404000000003e-02
7.9189646599999997e-02 5.7973585000000001e-02 -3.8368224600000000e-02 1.5515384099999999e-01 1.4602509599999999e-01 1.4185628200000000e-01 -3.6314713499999998e-02 -1.7955599200000000e-01 -2.1074318500000000e-01 4.5707279500000003e-02 -9.0953812800000006e-02 -2.0221160499999999e-01 -1.9397023099999999e-01 -3.5765806599999998e-02 -7.1901821899999996e-02 -5.0549096199999997e-02 4.7979338900000001e-02 -5.5361632899999999e-02 2.1766804700000000e-01 -1.4435285800000000e-01 3.0610445300000001e-02 -2.8026334800000002e-01 -8.8227209700000003e-02 -2.4730401099999999e-01 -2.2756049000000000e-01 1.7723484500000001e-02 6.7651849799999997e-02 -1.5484137500000000e-02 -1.7332647100000001e-01 1.0154990999999999e-01 2.7953140599999999e-02 -2.9599515100000001e-01 -1.1622931600000000e-01 5.8412179299999999e-02 1.5269202100000001e-01 3.6017557999999998e-02 -1.3771912100000000e-02 6.3673967999999997e-02 -2.5986714399999999e-01 -1.3537552499999999e-02 -1.1056180800000000e-01 -2.8196316499999999e-02 -1.7396579300000001e-01 5.0929717700000002e-02 8.2801024799999998e-02 1.8123537200000001e-01 1.7222373899999999e-01 -1.3439451599999999e-01 1.5433476199999999e-01 -2.6312871599999998e-01
2.3658658900000001e-02 -3.0173144899999998e-01 -6.5161768199999998e-02 1.0616589899999999e-01 2.1669401999999999e-01 -2.4152273699999999e-01 -1.8284220000000001e-01 1.0663349699999999e-01 -1.5668349500000001e-01 -3.4934800599999999e-01 -4.6351234300000002e-02 3.0247869100000002e-01 -6.1187215900000001e-02 -1.4753653500000000e-01 -1.0735893500000000e-01 -6.1955544500000001e-02 -1.1952767800000000e-01 -2.4899341500000000e-01 -2.0589728099999999e-02 -4.5860303200000001e-03 1.3244783900000001e-01 1.0576080600000000e-01 -9.6753099400000001e-02 1.7142429599999998e-02 -1.5398738800000000e-01 -1.6975219200000000e-01 1.2695661100000000e-02 -2.3665112699999999e-01 2.0240460599999999e-01 5.1212665999999997e-02 3.2633418700000000e-02 -8.1625187799999999e-02 4.0330906800000003e-02 2.4559923700000000e-01 -1.1638516900000000e-01 -1.0664825700000000e-01 4.3320217199999997e-02 -3.2390869599999997e-02 -4.8699073799999999e-02 -9.7007549700000001e-02 -9.8533117299999997e-03 -5.5438917999999997e-02 1.2260152700000000e-01 -1.0840582900000000e-02 -9.0743399500000002e-02 1.4790898099999999e-01 1.4757816200000001e-01 6.9558824699999994e-02 7.3197705399999993e-02 6.7649710700000004e-02
-3.0331362899999999e-02 -1.0337022400000000e-01 3.8848220599999997e-02 -3.4199706000000003e-02 2.2029778300000000e-02 1.3639936000000000e-01 6.0544479399999997e-02 -1.2100840800000000e-01 8.5253023600000005e-02 1.6309745500000000e-01 1.6932106099999999e-01 1.0082430900000000e-01 5.1646320300000000e-02 -5.2564379600000002e-02 -2.4842050900000001e-01 -6.7121428900000002e-02 -1.2001505899999999e-01 -3.6501571900000002e-01 2.9818200600000001e-02 -1.8327513300000001e-01 -1.8230501800000001e-01 5.7154682399999997e-02 -2.7470845800000001e-02 -6.8054960100000006e-02 1.5380242699999999e-01 3.7676566700000003e-01 -1.2782361200000000e-01 1.2301286800000000e-02 1.2942817199999999e-03 -2.1745648900000000e-01 -1.7491739800000000e-01 -1.6266805900000000e-01 1.2305631500000000e-01 4.7357915000000000e-02 1.0341411200000000e-01 4.2324431000000003e-02 2.0342526299999999e-03 1.1171845200000000e-01 2.3947518600000001e-01 1.0702523100000000e-01 -5.4638786699999997e-02 2.4505661000000001e-02 7.0698231800000004e-03 -1.5185047099999999e-01 -6.4262108200000001e-02 3.0273259200000002e-01 1.3444855600000000e-01 -9.7512099199999994e-02 -6.1748108599999997e-02 1.6877689600000001e-01
-1.0137280899999999e-01 -5.6109570599999999e-02 -1.1926708599999999e-01 -1.0694979600000000e-01 9.6134970500000000e-02 2.8193371200000000e-01 5.3258737099999998e-03 5.7561056800000003e-02 2.2317772999999999e-01 -1.0830378200000001e-02 -1.7931003000000001e-01 -1.7966468699999998e-02 -7.0425154200000006e-02 9.8802213500000000e-02 -1.6340522499999999e-01 -5.4175760400000002e-02 2.0067301800000001e-01 1.9148099599999999e-01 -1.2398911500000000e-01 2.9231934099999999e-02 2.0500829900000000e-01 -6.5393352500000002e-02 2.5635815800000000e-01 -9.0965732699999996e-02 -1.0397850600000000e-01 1.3412036199999999e-01 4.1831376000000003e-02 -1.6288846400000001e-01 6.1009977000000002e-03 1.4780249500000000e-02 -1.7970617400000000e-01 1.1608600099999999e-01 1.5143522300000001e-01 7.3378440399999995e-02 -2.2219884100000001e-01 -1.0822482499999999e-02 9.0101217499999997e-02 4.0275684200000002e-02 1.0616384600000001e-01 -1.9524818899999999e-01 2.5446133999999998e-01 1.2233507200000000e-02 -1.5420464200000000e-01 -2.3229959600000000e-01 -1.0120495400000000e-01 1.1189279200000000e-01 5.3843332299999998e-02 1.7650523200000000e-02 3.4387312100000000e-01 -4.1358357900000003e-02
1.0084244300000000e-01 4.6490007100000001e-02 -6.1165464800000000e-02 5.2321072000000003e-02 8.1006957099999999e-02 -1.0452240200000000e-01 -8.3079183700000003e-02 8.2195620200000000e-02 -1.0460754600000000e-01 -6.4869804099999998e-02 2.7124024499999999e-01 1.1320017800000000e-01 -9.7340725999999992e-03 1.6888847700000001e-01 -7.8945323200000000e-02 4.0010005100000003e-02 1.5263289399999999e-01 -8.8523132099999999e-02 1.1800265400000000e-01 -2.3955730400000001e-03 1.1168622900000000e-01 1.1174567000000000e-02 -9.9332948000000008e-03 -1.3349437200000000e-01 2.3119030800000001e-01 1.0476738300000001e-01 -8.7359771800000000e-02 6.5493103900000002e-02 -8.3938539800000003e-02 1.6630947200000001e-01 1.2934475100000001e-01 4.2455154000000002e-03 -1.3437314600000000e-01 4.0097968900000003e-03 -5.4834003700000002e-02 -2.5070961899999999e-01 -8.5424745499999996e-02 -2.8998793799999999e-02 -4.6934217899999998e-02 1.0642316100000000e-01 2.3043298200000001e-01 4.3540663299999999e-01 -1.7161843299999999e-01 -2.6999266900000002e-01 3.3260672400000002e-01 1.8315522599999998e-02 -7.9607558900000000e-02 1.9865589100000000e-01 2.3959590600000000e-02 2.6655848300000000e-02
-9.2737411399999997e-02 -3.8015935199999999e-03 1.5226891300000001e-01 -8.1186368900000000e-02 -8.2483156599999996e-02 1.6640295799999999e-01 5.4530134600000002e-02 5.5136251499999997e-02 2.6274123500000002e-01 -3.5992363100000002e-01 2.2037030799999999e-01 -2.0222383600000001e-02 5.2528950999999997e-02 -9.8963552799999997e-03 -2.7680887000000001e-02 1.3706618600000001e-01 -6.8977205200000001e-03 9.2511777599999998e-02 -1.2970459200000001e-01 1.6046440200000001e-02 1.8838221899999999e-01 1.8109583300000001e-01 2.9406414299999999e-02 -1.3140328400000001e-01 -1.4985851200000000e-01 4.0140475799999999e-02 -1.1435067900000000e-01 -5.6521353699999999e-02 -2.7961761099999999e-01 9.3143797500000000e-02 1.4324855300000000e-01 -1.4756577800000001e-01 1.2031362800000001e-01 1.7077297200000000e-01 1.8281324900000001e-01 -2.9688763900000002e-02 2.6899227399999998e-01 2.3086312000000000e-01 9.1474737099999995e-03 1.8473175700000000e-01 -2.4082067800000001e-01 1.1258063800000000e-01 9.0143270100000006e-02 7.4863968200000006e-02 -1.1413709899999999e-02 -7.4384703299999994e-02 2.6679070400000001e-02 1.1752029000000000e-01 -5.8555469700000001e-02 -1.5402061500000000e-01
-1.2844348200000000e-01 4.6975944700000001e-02 1.2070762200000000e-01 -1.9971964700000000e-01 4.1961972500000000e-02 -4.0117595700000001e-02 2.0795831000000001e-01 2.4812452700000001e-01 -1.3128506800000000e-02 2.4995658900000001e-01 6.4618409200000004e-02 1.9973276599999999e-02 -3.8474827599999997e-02 6.1815560200000001e-02 -3.4552794700000000e-02 2.0300420000000000e-01 -2.4050278999999999e-01 -7.3080421800000003e-02 2.9897431400000002e-01 -1.3418320399999999e-02 8.8486256400000005e-02 -4.7501467700000001e-02 -5.6515355199999997e-03 -2.2843562000000001e-01 1.4192252599999999e-01 3.8492448899999997e-02 2.7898138199999999e-02 -1.8184689900000001e-01 2.3409631600000000e-01 1.6003757399999999e-01 -3.5626687599999998e-02 -7.4964232500000002e-03 1.9585901100000000e-01 1.4113496900000000e-02 1.2497754100000000e-01 1.3155151700000001e-01 4.6022082700000001e-02 9.0603569400000000e-02 -1.1754596000000000e-01 -3.5821467200000001e-01 6.2620624400000005e-02 1.9200794000000000e-02 2.4099195700000001e-01 6.7040735899999995e-02 1.3030912600000000e-01 -9.3150686499999996e-02 -7.0391830100000000e-03 1.2438497699999999e-01 9.0661396000000002e-03 -1.3926983700000001e-01
-2.6779964299999998e-01 -2.7350619500000001e-01 -3.8086213399999999e-02 -8.4479398700000000e-02 2.2287785200000000e-04 -8.8412537100000001e-03 -2.6847287399999997e-01 -6.1103427500000002e-02 -1.7223054800000001e-01 1.7516397800000000e-02 -6.9486467499999996e-02 8.2327511899999997e-02 -5.7448593200000002e-03 1.5455685799999999e-01 1.4184307299999999e-01 7.0571133999999994e-02 -1.6046022099999999e-01 2.0447129600000000e-01 -7.7509979399999998e-02 -1.6792384899999999e-01 -2.0231121299999999e-01 -4.4186586600000001e-02 8.7485080900000008e-03 2.3970741100000001e-01 7.0540726900000003e-02 7.9840165699999993e-02 -3.7801267500000002e-01 2.0651727800000000e-01 8.8089027299999997e-02 1.6844887700000000e-01 -1.6870978100000000e-01 -1.6208697799999999e-01 7.1668686800000006e-02 -5.2238745099999997e-02 9.1177459200000005e-02 -1.5378835200000000e-02 1.5103399000000001e-01 -5.5269487999999999e-02 -3.3698526499999999e-02 5.9610053599999997e-02 4.8347162700000001e-02 -3.2042577699999998e-03 -3.5140568300000001e-02 -7.4791996799999996e-02 3.0453709799999999e-02 -1.1114897400000000e-01 1.3086508899999999e-01 1.0269256700000000e-01 1.3273380000000001e-01 -2.7155525200000002e-01
-1.8177720000000000e-01 -6.5355093700000005e-02 -1.2310081800000001e-02 -3.6022623800000000e-02 -3.6460745999999999e-01 1.5737156399999999e-01 4.1154661400000001e-02 1.2132729300000000e-01 -2.0888491600000000e-01 -5.0342835900000001e-02 -8.1229887500000000e-02 -7.8154360000000006e-02 -1.0923061100000001e-01 -5.6531563700000002e-02 -2.3576101499999999e-01 1.1565111400000000e-02 -6.6377585800000000e-02 -4.1911875500000001e-02 -1.9639912500000001e-01 2.2836577299999999e-01 -3.5943368900000001e-02 -1.0108391899999999e-01 5.2454149399999997e-02 -1.8316351300000000e-01 -4.2214627999999997e-02 -2.4543514299999999e-01 4.5623072700000003e-02 2.3979965700000000e-01 4.6550420400000000e-02 5.1825932700000001e-02 -1.1141626500000000e-01 -2.5777939400000000e-01 -2.3041728399999999e-02 -1.4343004800000000e-02 6.8888925099999998e-02 -2.5661957499999999e-01 -1.4105137600000001e-01 -3.8443886099999998e-02 1.5607951900000000e-01 -1.4952202900000000e-01 -1.9353851100000000e-01 9.5239035900000005e-03 1.2360786100000000e-01 -2.0415542300000000e-01 1.4169361799999999e-01 -2.9166500500000001e-02 -1.4401739199999999e-01 -3.9382773800000000e-02 6.0464789999999997e-02 1.6301075900000001e-01
1.0787203500000001e-01 1.9014873000000002e-02 -8.1561140099999999e-02 -1.8763932000000001e-02 -7.9495852899999997e-02 -1.5168596600000001e-01 2.0990060499999999e-01 -2.5711704700000001e-02 -6.8217231500000003e-03 1.4704627200000001e-01 -6.5149900499999996e-02 2.5583873900000002e-02 -1.0492003499999999e-01 7.3425161799999999e-02 -1.2443513400000000e-01 -1.8135591400000001e-02 -9.8599431400000007e-02 1.9194795400000000e-01 1.6167250599999999e-01 -8.0087763600000000e-02 -9.0078778999999998e-02 -5.3423879899999999e-02 -9.8110292099999996e-02 8.1566222499999994e-02 2.0427572099999999e-01 -2.2722334899999999e-01 -8.1534097900000005e-02 -7.2376136600000002e-02 8.7403585800000003e-02 1.7537781699999999e-01 2.5221231000000000e-01 -3.0750194799999998e-02 -4.4067819100000002e-02 1.9253550799999999e-01 -7.6562734699999996e-02 -1.9362733500000000e-02 3.4613819099999998e-01 1.8699146899999999e-01 1.3227998199999999e-01 5.9629518999999999e-02 -2.1377540900000000e-01 -3.1803500699999999e-03 -2.4508030200000000e-01 -2.2159342300000001e-01 -2.7523701800000000e-01 1.0103440100000000e-01 -2.3829585800000000e-01 -8.0342618599999999e-02 7.4765383199999993e-02 5.3434006100000001e-02
-5.4360008899999999e-02 1.0501710900000000e-01 1.1009012500000000e-01 -1.4420710700000000e-01 -6.0444517300000000e-02 3.3370454500000001e-02 -3.9450278999999998e-02 1.8825260999999999e-01 -2.3844091899999999e-02 3.8897609299999997e-02 -2.2357780699999999e-01 1.6112951600000000e-01 -1.6083511200000000e-01 -2.4245886799999999e-01 -8.2225413600000005e-02 -3.3951789999999999e-03 5.4387962799999998e-03 -9.4170350200000003e-02 5.6710632400000002e-02 -2.0608347099999999e-01 1.0158742599999999e-01 1.6511885300000001e-02 5.2360624300000003e-04 2.0458958799999999e-01 -1.2023226300000000e-02 1.1113321399999999e-01 2.3299580500000000e-01 -1.4505601900000001e-01 -1.1179079500000000e-01 -2.6756024699999999e-02 -6.8911609400000004e-02 -1.5478319300000001e-01 6.4156984400000006e-02 -3.4916386900000002e-01 -6.0762103800000002e-02 -9.1268249900000001e-02 2.6155955199999997e-01 -1.3392612500000001e-01 -8.0229020700000001e-02 2.1497113800000001e-01 -7.9439926100000002e-02 -1.6480390600000000e-01 -1.7032486299999999e-01 -3.0621329799999999e-03 2.0386479299999999e-01 3.2669788200000001e-02 -2.0853688600000000e-01 2.7701999500000002e-01 -2.4793706100000000e-02 4.5708288999999999e-02
1.9448414799999999e-03 -1.4124148800000000e-01 1.1509107400000000e-01 -1.2315189600000000e-01 2.5926835500000001e-01 2.7596565200000001e-01 1.9169806200000000e-01 -5.6245932999999998e-02 -1.4914643799999999e-01 1.1533675600000000e-01 -4.0087797500000001e-02 -3.2521913800000000e-05 1.7611192300000000e-01 6.4100133599999998e-02 -1.2482989200000000e-01 1.7869299100000000e-02 -2.3646186599999999e-01 -2.3635061600000000e-02 -1.1517400500000001e-03 1.6540422599999999e-01 2.8093820600000002e-01 -7.3152901399999998e-02 7.9187109399999997e-02 8.7852208099999995e-02 8.7649259300000004e-02 -2.7913982500000001e-01 -8.7519427100000005e-02 3.9842930300000003e-02 -5.8965929299999997e-02 -3.2194894799999998e-02 1.2708519400000001e-01 9.9884487999999994e-02 -1.5722566199999999e-01 -1.1982119099999999e-01 6.7787855199999997e-02 -1.7706711500000000e-01 -6.1624326700000003e-02 -4.0665723700000003e-02 1.5042679600000000e-01 2.5321262900000002e-01 1.9155042600000000e-01 -1.3553341499999999e-01 5.9268029200000003e-02 1.1806947299999999e-01 -5.7047004800000002e-02 2.6884146399999997e-01 1.6554807299999998e-02 1.0932501500000000e-01 -6.8910989000000006e-02 -2.0084094100000000e-01
-4.3738901900000002e-03 9.1467006700000006e-03 1.0109999400000000e-01 -2.1890010400000001e-01 1.5250731400000000e-02 -1.3906749400000001e-01 -3.0088309000000002e-01 -1.3110246000000000e-01 1.1805897700000000e-02 -6.3315475499999996e-02 -8.5256344700000000e-02 -6.4327124999999999e-02 -1.4355525299999999e-01 5.3358138800000003e-02 4.9001449599999997e-02 1.2778235200000001e-03 -1.3198605599999999e-01 -1.7486733500000001e-01 8.3223677600000004e-02 -2.8240679300000000e-04 -1.5902613800000000e-02 2.9169166999999999e-02 2.7646410300000002e-01 -8.8526966499999998e-02 2.4122289700000001e-02 -1.7794559800000001e-01 6.4929093199999996e-02 4.6019371599999997e-03 1.0151724600000001e-03 -1.9658821800000001e-01 -5.1710087500000002e-02 2.5739367899999999e-01 8.5739961700000006e-02 -3.4334886299999999e-02 1.3396073500000000e-01 -1.7370778500000000e-01 9.0531086299999994e-02 5.4741975200000001e-02 2.4219355200000001e-01 -2.1541499000000000e-01 -1.7833527699999999e-01 2.3108323000000000e-01 -3.8869740400000002e-01 1.8819291399999999e-01 5.9289784499999998e-02 9.9945327899999999e-03 5.7051705799999998e-02 -6.3144829799999996e-02 -1.2695595500000001e-01 -1.3082640000000001e-01
-1.3152294100000000e-01 -1.1207199599999999e-01 2.4526872100000000e-01 -6.0249839100000001e-03 -1.1878194999999999e-02 -8.7865328100000001e-02 -6.6300872499999997e-02 -7.6741851400000003e-03 -9.9834596700000000e-02 1.1637232100000000e-01 6.0601944400000003e-02 4.1583149299999997e-02 -2.4296695300000001e-01 -2.5753712800000000e-01 5.0044418000000000e-02 2.4469204800000000e-01 9.2457269300000006e-02 7.1744165799999995e-02 -5.5509398799999998e-02 1.3597165300000000e-01 3.4667104100000001e-01 -1.3736903600000000e-01 -2.5274200899999999e-01 -6.5123965399999997e-02 7.2461318199999999e-02 1.0369526200000000e-01 -7.7309311100000000e-02 2.6239097200000000e-01 -4.0357653000000000e-02 1.8099055300000000e-01 -1.3545650700000000e-02 2.1723686100000000e-01 2.0381957200000000e-01 1.2513961600000001e-01 -2.7772581700000000e-02 1.6013743999999999e-01 -5.6884311299999997e-02 -1.3168209900000000e-02 7.7338359100000004e-02 1.1219024000000000e-01 6.0765525200000003e-03 -8.2488827000000001e-02 -2.2748877100000001e-01 1.2281964600000000e-01 -9.1542830100000000e-03 7.1922437300000003e-02 9.2699101399999997e-02 -9.7167080500000003e-02 3.3883759399999998e-02 2.4949232599999999e-01
