# CEC 2010 F06 shift vector (D=1000)
1.9771134300000000e+01
2.4065449300000001e+01
-3.3505541299999999e+00
8.9620676600000004e-01
2.5950603099999999e+01
-8.2269623900000006e+00
-1.0604391500000000e+01
-2.6733111300000001e+01
-1.6925820000000002e+01
-1.3151901900000000e+01
-3.0650194399999999e+00
-4.6936881799999997e+00
-1.3966664800000000e+01
-5.5640323399999998e+00
1.2555030900000000e+01
6.0036279199999996e+00
-1.8635345599999999e-02
1.2595452400000000e+00
-7.2681379899999996e+00
-1.6093719300000000e+01
2.2074898300000001e+01
3.0720518700000000e+01
-6.4350392800000000e-01
-2.0551681700000000e+01
1.4108194599999999e+01
6.7482611600000002e+00
-1.3045080100000000e+01
2.7781224300000002e+01
1.2670816100000000e+01
1.1781437900000000e+01
-1.8034706600000000e+01
-3.2813169000000002e+00
1.3554306600000000e+01
-9.5052947900000007e+00
-1.3832094200000000e+01
2.8302115400000002e+01
1.1883914900000001e+01
6.5364504700000001e+00
-3.7561127000000000e-01
-1.7817269700000001e+01
2.2071843600000001e+01
1.5911413899999999e+01
-1.3034364500000001e+01
1.3298326700000000e+01
1.0499195900000000e+01
1.0796313800000000e+01
1.8724373100000001e+01
-1.1128571000000000e-01
-3.0040656899999998e+01
-1.3856797400000000e+01
1.6460755299999999e+01
-1.4700105199999999e+01
9.8657918500000008e+00
7.3156909499999996e+00
1.7212189500000001e+01
-2.5180881999999999e-01
1.5280918300000000e+01
-8.2943095699999994e+00
2.4031530600000000e+01
3.0759182299999999e+01
-1.3081894000000000e+01
-1.2274258800000000e+01
2.4113721300000002e+01
-1.3696324099999999e+00
7.8064801499999996e+00
-3.3321887700000001e+00
-2.6600473500000000e+01
1.5764366500000000e+01
5.1751126799999998e+00
-6.5572052400000003e-01
2.3106320400000001e+01
2.4748033599999999e+01
-1.3154381100000000e+01
1.5752895100000000e+01
2.7079399500000001e+01
-9.5513654199999998e+00
1.0226206200000000e+01
-2.7803540999999999e+01
1.2791210599999999e+01
2.0777014999999999e+00
-5.9567608500000002e+00
-1.1408081800000000e+01
-1.6661573400000002e+01
-1.8489014900000001e+01
1.3814832300000001e+01
2.5028128100000000e+01
2.1487396799999998e+00
-2.6881894200000001e+01
-3.7374057700000001e+00
-8.0109793600000003e+00
2.2823288300000002e+01
-1.0653043100000000e+01
3.3052183099999999e+00
-2.1571269399999998e+01
9.5000216300000009e+00
9.2210677400000005e+00
-9.4937826300000001e+00
-2.9295374899999999e+01
-9.1515286200000006e+00
1.5193697700000000e+01
8.7327875899999992e+00
2.7600916000000002e+01
-3.5557298600000000e+00
1.7537462399999999e+01
-1.4513488199999999e+01
-2.7980164500000000e+00
1.5105100800000001e+01
-3.8345086799999997e-02
-1.9539034600000001e+01
-1.3912317399999999e+01
-1.6396416200000001e+01
-1.1959077700000000e+01
-4.9428587999999998e+00
1.4752821300000001e+01
-1.6788616900000001e+01
9.6088991099999994e+00
1.1746280600000000e+01
-7.7795380600000001e+00
7.2010789900000001e+00
2.9267445400000000e+01
-1.9593916799999999e+01
-1.4535722900000000e+01
-1.5993712100000000e+01
1.9077249699999999e+01
-7.0486640899999999e+00
-1.6249304299999999e+01
3.1987217999999999e+01
8.2994618700000000e+00
-1.5380895300000001e+01
-7.4298068300000004e+00
4.4997975500000003e+00
1.0637689600000000e+01
-8.9992417299999996e+00
-1.3650835100000000e+01
1.6883700800000000e+01
-7.6607232300000003e+00
1.7314309800000000e+01
2.4956985100000001e+01
-3.1850580399999998e+01
2.1398936700000000e+01
1.1412052400000000e+01
1.8307006699999999e+01
1.1028351700000000e+01
-1.3745948700000000e+01
3.8710983099999998e+00
-1.1814886000000000e+01
-1.7150965800000002e+01
2.5235611500000001e+01
-9.0293946900000002e+00
-7.0318275300000002e+00
2.3395150600000001e+01
-1.2633757900000001e+01
-2.5270864199999998e+01
-2.5358095500000002e+00
3.1779095100000001e+00
5.6404676299999998e+00
9.6472832999999998e+00
6.6189016900000004e+00
-1.2367623399999999e+01
5.8090292200000002e+00
-1.7710591099999998e+01
3.6905621599999998e+00
-1.1537724799999999e+01
-2.2162451999999998e+01
1.7259856100000000e+01
3.8674186800000001e+00
1.6385262800000000e+01
-3.3651822599999998e-01
5.5712532800000003e-01
1.5187077600000000e+01
-5.9645589599999997e+00
6.9823234300000001e+00
-6.7920172900000004e+00
-1.6655982200000000e+01
-2.4057094200000000e+00
1.0436476100000000e-01
-1.7891326700000000e+01
1.1438385300000000e+01
-1.6591074200000000e+00
1.3798905400000001e+01
1.4476684600000000e+01
-1.1930137300000000e+01
2.1954340299999998e+01
-1.2613179600000000e+00
1.8940611799999999e+01
-9.7510650699999992e+00
1.0486417299999999e+01
-2.3060746600000002e+01
-4.2824765800000000e+00
-1.5215970799999999e+01
8.5486898500000006e+00
-2.3077655900000000e+01
2.7370220900000000e+01
-2.1023020500000001e+01
-1.7066535600000002e+01
-2.7343189800000001e+01
-1.0644340100000001e+01
2.2537374799999998e+01
6.5665655100000002e+00
-3.0803611199999999e+01
1.0358765099999999e+01
2.6972279499999999e+01
-4.1744731100000001e+00
-1.4814336800000000e+01
1.4964177400000001e+01
-1.3630586100000000e-01
-2.6715367600000000e+01
2.3341323400000000e+01
3.0616597299999999e+01
-1.3012776900000000e+01
-4.0021706099999999e-01
-1.7151048800000002e+01
1.4040017900000000e+01
-1.3536034900000001e+01
2.1585992900000001e+01
9.6597014899999998e+00
1.7077366300000001e+00
-2.1842184199999998e+01
8.5161668400000003e+00
-1.8919514599999999e+01
-1.7894757200000001e+01
2.8491175200000001e+01
1.7593188699999999e+01
2.1901900900000001e+01
6.4976345499999999e+00
-1.6042158199999999e+01
-2.7816839900000001e-01
1.3293807400000000e+01
-2.5142704800000000e+00
-2.4111341300000002e+00
-1.7230562599999999e+01
2.6116425700000001e+01
-1.3730991899999999e+01
-3.1786184599999999e+01
-6.0886528100000001e+00
-2.3213172199999999e+01
-9.4140280799999996e+00
-1.6782615499999999e+01
-1.1937875500000001e+01
1.9122774000000000e+01
1.1343184800000000e+01
-1.9156057900000000e+01
2.8015264299999998e+01
-1.1692468999999999e+01
-2.5172345700000001e+01
5.3784909100000000e+00
7.4832318400000002e+00
7.1992994599999998e+00
-1.9798224500000000e+01
1.1595285300000000e+01
2.7395148500000001e+01
6.4054124100000003e+00
1.9595634000000000e+01
-2.9228197800000000e+01
2.9539605099999999e+01
-4.8759911599999999e+00
-3.5347431000000000e+00
-2.0324248499999999e+01
-1.5657787400000000e+01
-2.3045496499999999e+01
1.1656849899999999e+01
6.2427492700000000e+00
6.0059349400000004e+00
2.2007132899999999e+00
3.1983983800000001e+01
1.7093011300000001e+01
2.1678938800000001e+01
1.3566661500000000e+01
6.9323881900000002e+00
-2.6209935300000001e+01
-1.5439939499999999e+01
1.0834624500000000e+01
1.2503247699999999e+01
-2.1785417899999999e+01
-1.7911819399999999e+01
1.5033841100000000e+01
-3.0068886500000001e+01
1.7647714199999999e+01
6.0975603899999997e-01
3.0257746999999999e+00
-4.9360177600000004e+00
5.3365674399999996e+00
-2.8592966000000001e+01
2.4459263199999999e+01
1.7102553600000000e+01
2.3718499600000001e+01
3.0739174200000001e+01
-1.1197080200000000e+01
-3.1617359900000000e+01
3.5223705600000002e+00
-2.9410454500000000e+01
6.5308646399999999e+00
1.0589880800000000e+01
1.4483307699999999e+01
7.4007889599999999e+00
-4.4161030299999998e-01
1.8829577400000002e+01
4.5746269499999999e+00
1.6474540500000000e+01
1.1173652000000001e+00
-4.6731380400000004e+00
-1.7702208700000000e+01
1.0119247400000001e+01
-1.0325712500000000e+01
-1.5314677200000000e+01
-1.9153393600000001e+01
1.1704769000000001e+01
-1.9605837200000000e+01
4.5550099700000004e+00
-1.9316144200000000e+01
1.7762077800000000e+01
1.3994254600000000e+01
-2.5567336699999998e+01
-5.2857514200000004e+00
6.4463114099999999e+00
2.0251250500000001e+01
1.3988837800000001e+01
2.0793832299999998e+01
-2.5958814900000000e+01
4.2157862799999997e+00
-3.0629918499999999e+01
-6.4362722899999998e+00
1.6527602900000000e+00
-2.3314100600000000e+01
2.3059998199999999e+01
2.4403733599999999e+01
-4.0172496999999998e+00
-2.3336649900000001e+01
2.0002289000000001e+01
-4.3590673700000000e+00
1.8226885599999999e+01
-1.4532547200000000e+01
1.5914303400000000e+01
-2.4479209500000000e+01
-2.1766594300000000e+00
2.9009678099999999e+01
1.8381391699999998e+01
-2.6845378400000001e+01
-2.6568365900000000e+01
-8.6493382099999998e+00
-2.8409483999999999e+01
3.3770988399999999e+00
-1.7567383299999999e+00
6.3656098200000004e+00
1.4509074999999999e+01
-2.5977397900000000e+01
1.1241166700000001e+01
-1.7583538900000001e+01
-1.2487877800000000e+00
1.3692858599999999e+01
-2.2148277600000000e+01
-2.2804951200000001e+01
-2.8565632900000001e+01
-1.3485015499999999e+00
-2.3014648000000001e+01
-6.3412146700000003e+00
7.0534855800000003e+00
-8.9342827299999996e+00
-1.3167192200000001e+01
2.3325280200000002e+01
-8.4591305000000006e+00
1.1964557200000000e+01
6.2851783200000000e+00
1.1258573200000001e+01
-1.3259612000000001e+01
-2.2862730500000001e+01
2.2287517000000001e+01
8.4698714800000001e+00
-1.3301740199999999e+01
1.1292067100000001e+01
3.6292040900000000e+00
-2.7976167400000001e+01
-2.5586203099999999e+01
1.6587629900000000e+00
2.3980424899999999e+01
4.7983128300000004e+00
2.8453425200000002e+01
5.1873095800000000e+00
-7.3549771599999998e+00
-3.9624416500000001e+00
4.3572685299999998e+00
1.3857642999999999e+01
9.8482475699999998e+00
-5.7967510700000000e+00
2.0384184900000001e+01
-2.9755387700000000e+00
7.3194253099999997e+00
3.1444930299999999e+01
5.4239226900000004e+00
-2.4070244299999999e+01
-2.0017495199999999e+01
1.7829065799999999e+01
-2.4327876900000000e+01
1.8849672900000002e+01
-3.1677726400000001e+01
-2.4013918900000000e+01
1.9671547799999999e+01
3.0233540500000000e+01
1.2701793300000000e+01
2.2773228599999999e+01
-1.4814920700000000e+01
-2.7279233000000001e+01
-2.1557406200000000e+00
-2.0246077700000001e+01
-6.0087007900000000e-01
-1.0766148500000000e+01
1.3482605599999999e+01
-1.1112258900000000e+00
1.1300939300000000e+01
3.0210749300000000e+01
6.1394788499999997e+00
1.0332544000000000e+01
1.6351433600000000e+00
2.0325716700000001e+01
6.7508580299999998e+00
-3.0987435800000000e+01
-3.1782321499999998e+01
-2.1518043599999999e+01
-9.0703628900000002e+00
1.9874880600000000e+00
-1.6946434799999999e+01
2.3608064400000000e+01
1.9484293500000000e+01
2.3637433900000001e+01
-1.7680829899999999e+01
-4.5276745800000001e-01
3.0558962999999999e+01
-5.5808664300000004e+00
1.3334903700000000e+01
2.3137246800000000e+01
-1.2533320099999999e+01
-2.8323980299999999e+01
1.4602494900000000e+01
2.5586081300000000e+01
-4.6717967700000003e+00
2.3886739100000000e+01
-1.6426312800000000e+00
2.2421748399999998e+01
-2.3922656799999999e+01
-9.6223637100000001e+00
1.2927357400000000e+01
1.6195605799999999e+00
9.4459981099999997e+00
-1.6305633499999999e+01
2.4782242199999999e+01
2.7885412900000000e+00
-1.5869835000000000e+01
2.7337000499999998e+01
5.0044705499999997e+00
9.4552934900000007e+00
-3.9895995800000001e+00
7.9027189000000000e+00
-2.5167944800000001e+01
-4.9035239400000004e+00
8.7361395999999996e+00
1.5156857199999999e+01
3.6969750600000002e+00
6.4151963600000004e+00
3.0937507799999999e+01
-1.9143725300000000e+01
-2.9438665799999999e+01
-2.1963018999999999e+01
1.5897106600000001e+01
-1.7946790400000001e+01
1.4745309199999999e+01
7.4613596600000003e+00
4.2210159500000000e-01
1.3345860500000001e+01
-1.7189615300000000e+01
-6.0492189300000003e+00
2.8219973100000001e+01
-2.3632861699999999e+01
2.8375507200000001e+01
-4.2107556500000003e+00
1.2622735000000000e+01
1.4209879000000001e+01
-3.1291856800000001e+01
-2.2969844800000001e+01
3.8356397000000002e+00
6.4283105000000003e+00
2.9124742499999998e+00
-6.7712912400000003e-01
-2.4098137699999999e+01
-1.9708710000000000e+01
-2.8987928400000001e+01
1.9614836900000000e+01
2.9569109900000001e+01
-1.9345657700000000e+01
-2.3758261999999998e+01
2.1255439500000001e+01
-5.8154105400000002e+00
-1.4282650400000000e+01
4.4232772699999998e+00
-1.5462718199999999e+01
6.8393823899999999e+00
-2.0317005900000002e+01
-2.2798164100000001e+01
2.6595744099999998e+00
9.3758640199999999e+00
-2.2402897200000002e+01
1.6591737600000001e+00
5.4037866200000000e+00
-2.3844537800000001e+01
4.8428096299999996e+00
1.9600337300000000e+01
-1.5697765400000001e+00
-6.2283556600000001e+00
7.0760542700000002e+00
-3.0733956999999998e+00
-3.0202715500000000e+01
1.8337829600000000e+00
6.9646024300000002e+00
-1.1982109200000000e+01
1.3153123500000000e+01
-2.7977293100000001e+01
-2.3640204800000002e+00
7.3272416900000001e+00
1.2224666300000001e+01
-7.9442697400000002e+00
-1.2725254499999999e-01
3.1784357799999999e+01
-2.3805106299999998e+01
-2.9160201400000001e+00
2.6299952200000000e+01
-1.5382820499999999e+01
-1.0678653700000000e+01
-6.5168777699999998e+00
1.1931570800000000e+00
2.3218712499999999e+01
5.6751833899999999e+00
-2.3753592600000002e+00
2.3049565300000001e+01
9.3737622500000004e+00
-4.2676270499999998e+00
4.0767147300000000e+00
-2.1163572400000000e+01
-2.0963853900000000e+00
-2.3689867599999999e+01
-2.2786344900000000e+01
2.0959052300000000e+01
2.3787616499999999e+01
-5.1945393900000001e+00
-6.3580690700000000e+00
4.1781577099999998e+00
-6.7332302600000000e+00
1.5474285099999999e+01
-1.5156907900000000e+01
-1.1517404000000001e+01
8.0088974499999992e+00
9.0727320500000008e+00
-9.7893134400000008e+00
-1.0200200300000001e+01
1.7978422900000002e+01
8.2762622300000004e+00
-5.4036323900000003e+00
1.9048118100000000e+01
2.7468452299999999e+00
2.5779051599999999e+01
1.4923744200000000e+01
4.4922056299999999e+00
3.7855340599999998e-01
4.9167363100000000e-01
-7.0654612999999999e+00
1.2858661300000000e+01
2.2800128200000001e+00
2.9164330800000000e+00
-1.7543340300000001e+01
2.4777749900000000e+01
-1.9105262400000001e+01
-1.2817179700000001e+01
-1.0170221500000000e+01
-1.7624064900000000e+01
1.3634542700000001e+01
2.4205586600000000e+01
1.0567196200000000e+01
2.6511490999999999e+01
-1.5080495000000001e+01
2.6336375799999999e+01
-2.3124939000000001e+01
2.3299119199999998e+00
1.7433452300000001e+00
1.6943897100000001e+01
4.0617247599999997e+00
-3.0933113299999999e+01
-1.8607604100000000e+01
7.2248662000000001e+00
1.3070175100000000e+01
-1.4245708799999999e+01
-7.2251846999999998e+00
-9.1774345599999996e-01
8.5664728199999995e+00
1.1711496000000000e+01
1.8540632200000001e+01
-2.3997602600000000e+01
-1.4689878000000000e+01
-4.3137746600000000e+00
-9.9423087199999998e+00
1.5878026800000001e+01
8.9588228099999991e+00
-2.1084242799999998e+01
2.1404354500000000e+01
2.4512660899999998e+00
-9.0712986600000001e+00
1.2948419800000000e+01
-8.4610480199999998e+00
2.4805078200000001e+01
5.3925613900000000e+00
-1.1257818200000001e+01
2.3918977099999999e+01
-9.4320112999999992e+00
-1.2348954700000000e+01
9.8452053100000008e+00
2.8792336100000000e+01
-3.8407260900000000e+00
-1.7445050200000001e+01
4.1488706000000004e+00
1.8452475799999998e+01
-3.0557828099999998e+01
-1.5209136400000000e+01
6.9141226900000001e+00
3.2177129099999999e+00
3.6157090099999998e+00
2.2213179199999999e+01
2.9078598000000000e+01
-1.4812900900000001e-01
-2.3175835200000002e+01
8.6924534500000004e+00
-3.2547177299999999e+00
1.5535624200000001e+01
2.4762543699999998e+01
-3.0072448600000001e+01
-2.8625015800000000e+01
1.6582140700000000e+01
-3.0937274800000001e+01
2.2956419700000001e+01
-8.1864446500000003e+00
1.3792050300000000e+01
1.1359283100000001e+01
-6.7464921400000000e+00
-6.4279614900000004e+00
-1.9744566200000001e+01
-2.7856722300000001e+01
8.2094451599999996e+00
2.2146118300000001e+01
-9.5068401700000003e+00
1.9296303099999999e+01
2.3644145099999999e+01
-2.4087379100000000e+01
1.2994659199999999e+01
-2.8834912200000002e+01
-5.1572781100000000e+00
-3.0750374000000001e+01
-3.4571161199999998e+00
-9.1953774599999996e+00
-1.3683541500000000e+01
2.4430057600000001e+01
1.7225032599999999e+01
-2.4081966800000000e+01
-7.2788705699999996e+00
-5.5798857500000000e-02
1.7571565500000000e-01
-1.4108630500000000e+01
-4.9465896499999999e+00
3.0195181800000000e+01
1.0811639600000000e-01
-1.3027364900000000e+01
-3.1883393600000002e+01
-1.4910877899999999e+01
-1.1083290399999999e+01
1.9713822900000000e+01
1.2632202700000001e+01
1.5975599199999999e+00
5.4934482899999999e+00
-3.4162841899999998e+00
-1.1790057100000000e+01
-2.9771718600000000e+01
1.3746448800000000e+01
-8.7268781200000003e+00
-8.1277457099999992e+00
-1.8544480799999999e+01
2.8259254100000000e+01
-1.3739395300000000e+01
-2.8310648400000002e+01
5.5800197000000002e+00
7.1633673699999996e+00
5.8196931400000000e+00
1.4923730500000000e+01
-1.7054294299999999e+00
-5.1950441700000001e+00
-1.9176102900000000e+01
-1.8140938100000000e+01
-6.5542673799999998e+00
-3.7783062599999999e+00
-1.7775476399999999e+01
2.6907665800000000e+01
5.0425283199999997e+00
5.0639508900000001e+00
7.6749988299999998e+00
3.6370853400000001e+00
-2.5136286399999999e+01
3.1138638699999999e+00
3.0007243200000001e+01
3.1566695200000002e+01
-1.0851025800000000e+01
1.9140299599999999e+01
-2.2680392000000001e+01
-2.3913520999999999e+01
1.7090340399999999e+00
1.8978653399999999e+01
-1.1218742800000001e-01
3.1426311200000001e+01
2.9698281999999999e+01
-1.6692185100000000e+01
2.7046285200000000e+01
-3.0147391899999999e+01
-1.4620332800000000e+01
-1.4621254000000000e+01
-2.0564855300000001e+01
-1.3516734500000000e+01
-1.4841729200000000e+00
-1.5276890400000001e+00
-1.9494040300000002e+01
-1.9619754499999999e+01
2.7001847000000001e+01
3.4152175900000001e+00
7.8722536999999999e+00
-2.3438720499999999e+01
-4.8016293299999999e+00
4.2066584200000001e+00
-1.0794877300000000e+01
3.9863643799999999e+00
2.5598111500000002e+01
-1.8505588199999998e+01
-7.2032577699999996e+00
2.9290355099999999e+01
1.7605215900000001e+01
-2.9084776300000001e+01
2.1340554000000001e+01
-2.2499600900000001e+01
8.8960446100000001e-01
2.0872203599999999e+01
-1.2050565000000001e+01
1.9934569400000001e+01
2.5609505800000001e+01
1.6176882899999999e+01
-1.0074052399999999e+01
-1.1376128899999999e+01
9.3541665599999995e+00
-1.6601357400000001e+01
3.8407098300000002e+00
3.9022215600000001e+00
2.8574950900000001e+01
6.7399532899999999e+00
1.4310673200000000e+01
2.9740302400000001e+01
1.6323222999999999e+01
1.0260993000000000e+00
3.1951210100000001e+01
2.7775750100000001e+00
-7.2710557299999996e+00
-1.8908059000000002e+01
-3.9789341899999999e+00
-1.0793221800000000e+01
3.1897313900000002e-01
2.1739761300000001e+01
1.1610930600000000e+01
7.8900471400000001e+00
6.5046256400000002e-01
1.1921334200000000e+01
2.1845924600000002e+00
-2.1819671600000000e+01
-1.5278310400000001e+01
1.6551240000000000e+01
6.3352099700000002e+00
1.8441752300000001e+01
-1.0730551100000000e+01
2.6953582500000000e+01
6.7098850700000003e+00
-1.0611568200000001e+01
2.8430551699999999e+01
-1.4996904499999999e+01
-2.6039003699999999e+01
2.3619940000000001e+00
-2.4047240400000000e+01
-2.2319714000000001e+01
3.0834133600000001e+01
2.2363842500000001e+01
-5.8158158400000000e+00
1.3761529200000000e+01
-2.1646269199999999e+01
-2.1614095100000000e+01
-9.0579050500000005e+00
-3.1599782500000000e+01
2.0765192500000001e+01
1.1459107299999999e+01
1.2262859199999999e+01
-1.6974488900000001e+01
1.5873077700000000e+01
3.1975655499999998e+01
-1.1292477699999999e+01
-1.6995548800000002e+01
-6.7966866200000000e+00
9.7714244899999994e+00
-8.6695687699999997e+00
-8.0199880399999994e+00
-3.1812237600000000e+01
-1.0975494200000000e+01
-7.1296953199999997e+00
1.2280773000000000e+01
-3.0185898600000001e+00
-2.8463112299999999e+01
3.1872997900000000e+00
-1.0529038900000000e+01
2.5205635600000001e+01
7.5006867200000000e+00
2.7710063600000002e+01
-7.2189646099999996e+00
4.4053882299999998e+00
-7.5209534600000003e+00
1.8595269299999998e+01
-2.5338902699999998e+01
3.1200540600000000e+01
-2.1778238399999999e+01
-2.2855507600000000e+00
-3.2692447699999998e+00
8.7867297400000002e+00
-2.4543275099999999e+01
1.8655867199999999e+01
2.2883545200000000e+01
-4.1994796499999998e+00
2.9047953700000001e+01
-1.8545643099999999e+01
-6.1830485999999997e-02
-1.5969889100000000e+01
2.3506643400000002e+01
-8.7286039700000000e+00
1.9600354200000002e+01
-2.7216566799999999e+01
7.2870088300000002e-01
-6.4375864399999996e+00
1.6042325300000002e+01
8.3776886299999997e+00
7.5866186600000001e+00
-9.6998547599999999e-02
6.4221057600000000e+00
2.5124362800000000e+01
3.1789304200000000e+01
2.5793921500000000e+01
-4.5669642799999997e+00
2.4989456900000000e+01
-1.8117815799999999e+01
1.6278202799999999e+01
1.1443954000000000e+01
1.4272887500000000e+01
-1.4538145800000001e+01
7.8163936400000003e+00
8.4319593699999995e+00
2.2469320100000001e+01
1.4506422300000001e+01
-2.1949784399999999e+00
1.9927917900000001e+01
-1.1480362200000000e+01
1.8050830500000000e+01
-1.8100640299999998e+01
-1.0372104900000000e+01
-1.3449188599999999e+01
2.6382296099999998e+00
-2.1667075400000002e+01
-1.7293613300000001e+01
1.9333487500000000e+01
2.4776276200000002e+01
1.1621228500000001e+01
1.0926177600000001e+01
2.1955542699999999e+01
-2.2527418699999998e+01
-1.9937402700000000e+00
2.7686447999999999e+01
2.6938204200000001e+01
-1.7908132400000000e+01
-7.2882325200000002e+00
-1.3599750700000000e+01
1.0046430100000000e+01
-1.5818807899999999e+01
-8.1651551300000005e+00
2.5419603100000000e+01
1.3129482500000000e+01
2.8459174699999998e+00
5.4281733599999997e+00
-1.0005397400000000e+01
2.1598145599999999e+01
1.5904612000000000e+01
-1.0417821500000001e+01
-2.9470776900000000e+00
3.7101669500000001e+00
2.2652151700000001e+01
-2.9287328499999998e+00
-2.8755305700000001e+01
-1.1188675300000000e+01
2.0713568800000001e+01
1.4902431500000000e+00
-2.0937419599999998e+01
1.2546966100000001e+01
-8.0338882700000003e+00
-2.2607960299999998e+01
6.2205599100000004e+00
-5.7878372999999996e+00
1.0691851600000000e+01
1.3168708200000001e+00
1.9536595100000000e+01
-2.4003949500000001e+01
1.8309642499999999e+01
-1.3917332999999999e+01
1.4177272500000001e+01
1.1396948999999999e+01
-2.7135448600000000e+01
-7.3994526699999996e+00
3.2468173600000001e+00
2.8522967200000000e+01
5.5326281200000000e+00
1.1164052399999999e+01
1.1956463200000000e+01
9.7735824999999998e+00
2.1159990499999999e+01
9.9062085799999995e+00
-5.4240171999999998e+00
2.3659380500000001e+01
-1.9532463799999999e+01
8.6969953600000007e+00
-2.9491277799999999e+01
2.2184734499999998e+00
-6.4012331499999997e-01
-1.3547744200000000e+01
8.7421760099999997e+00
-1.6905066999999999e+01
-1.4821592500000000e+01
2.8249308200000002e+01
2.1193260200000001e+01
1.6939406900000002e+01
1.4782392300000000e+01
-2.2449001200000001e+01
-2.6143000600000001e+01
9.7575788699999997e+00
-2.5774266099999998e+01
-2.6764854400000001e+01
-7.5377763199999999e+00
-1.1966751100000000e+01
2.0554912900000001e+01
-2.5538543199999999e+01
2.2189806799999999e+01
-2.3819804999999999e+01
-8.5410261599999995e+00
1.8312715000000001e+01
8.1744991099999993e+00
2.2146221999999999e-01
2.2662851300000000e+01
-2.3415656299999998e+01
1.2575438000000000e+01
-4.7957849399999999e+00
-2.2245889100000000e+00
-2.7417362099999998e+01
3.1258652500000000e+01
2.8026224700000000e+01
-2.5833531799999999e+01
-1.1476137200000000e+01
2.7514199600000001e+01
1.9394479100000002e+01
1.2047541200000000e+00
-2.4310618099999999e+01
2.5855883599999999e+01
6.1384392700000001e+00
2.6941378100000000e+00
-5.1994489499999998e+00
9.4481593400000001e+00
-7.0070155999999999e+00
8.7267955500000003e+00
-2.2541487900000000e+01
-1.8303225600000001e+01
-8.5653838600000007e+00
-2.4020651300000001e+01
-2.0433063900000001e+01
6.9618855899999996e+00
-4.9644190699999999e+00
3.1772616599999999e+01
1.2993849900000001e+01
-2.9870128099999999e+01
-2.8243072200000001e+00
-2.3031129700000001e+01
7.3085064099999997e+00
-3.0807705099999999e-01
2.7165943599999999e+01
4.0614692100000003e+00
-2.9480883200000001e+01
1.3541500800000000e+01
1.0047242799999999e+01
-2.7405649300000000e+01
-4.9763314899999997e+00
-3.0762701900000000e+01
-1.9669555100000000e+01
-4.4232826599999999e+00
1.9319963000000001e+01
