# CEC 2010 F06 permutation vector 0-based (D=1000)
412
142
170
995
858
388
179
112
515
262
53
721
793
844
635
703
378
334
865
42
973
48
359
9
853
544
968
828
241
455
230
70
234
634
868
869
316
942
242
206
302
678
789
609
429
831
856
194
366
182
324
936
695
566
845
568
885
813
442
180
449
867
745
606
340
144
361
485
123
2
521
906
744
741
715
607
861
321
907
667
622
223
629
940
930
563
117
706
111
239
298
155
371
71
760
645
131
841
178
4
154
158
61
450
584
924
311
731
770
548
169
711
441
751
486
138
801
804
79
161
402
404
642
773
687
969
510
19
950
892
821
408
955
539
122
779
481
829
854
989
739
46
546
931
87
29
756
188
415
453
49
104
749
367
643
99
857
529
289
514
500
376
707
246
8
550
925
512
33
720
81
628
974
595
15
912
405
527
410
996
348
89
362
886
949
331
753
688
91
762
719
300
207
476
616
746
177
619
51
7
993
769
495
603
190
135
682
84
819
198
427
680
788
251
80
758
594
549
125
876
670
730
984
195
491
593
37
626
988
946
147
523
374
413
280
812
504
898
923
372
209
757
150
630
445
354
272
381
17
783
221
85
222
98
700
627
290
383
798
305
660
356
580
301
674
761
483
417
776
662
1
153
109
471
28
816
151
965
426
271
41
43
257
108
651
937
191
944
45
743
851
432
105
452
502
774
932
833
282
304
69
261
701
232
35
922
934
164
67
137
323
978
624
596
967
623
735
60
520
296
448
766
998
542
518
778
987
106
887
847
364
889
375
800
997
647
391
617
516
557
691
269
734
470
871
124
97
951
587
714
159
775
551
34
237
183
985
100
713
175
613
292
489
524
511
250
649
929
474
317
669
618
395
585
986
508
38
113
263
843
531
971
540
439
306
738
386
204
350
599
750
482
192
692
879
920
197
115
5
116
501
167
494
672
498
966
835
842
326
162
795
156
554
655
400
308
451
656
657
287
39
882
141
864
335
830
245
525
314
927
143
459
737
103
980
379
434
436
406
772
570
163
291
814
538
631
403
810
601
747
560
659
911
419
581
685
465
513
913
553
975
21
848
808
168
333
827
344
396
202
360
339
536
891
460
397
733
742
467
558
247
704
36
826
723
959
407
620
336
129
224
393
201
235
327
981
717
938
964
12
166
994
281
390
492
592
63
948
274
187
803
342
852
355
493
909
468
58
768
270
802
509
676
171
377
718
95
20
781
437
661
219
16
107
447
799
77
839
866
890
370
941
576
675
488
708
914
236
328
484
18
608
428
464
754
477
796
872
640
325
264
40
759
977
93
200
283
256
248
277
722
572
771
140
152
487
380
228
748
145
555
740
299
499
598
838
102
199
893
134
698
211
31
312
259
440
545
790
72
597
787
50
605
725
666
653
583
431
444
559
65
438
763
13
303
472
805
632
840
612
933
683
945
777
240
133
231
727
254
505
709
59
517
411
976
963
874
86
139
244
349
765
834
507
535
184
990
806
454
490
646
574
297
463
832
218
273
322
30
249
573
638
918
398
385
0
860
212
636
332
373
926
420
935
227
528
960
357
896
346
185
822
229
446
265
697
27
910
503
565
999
578
767
533
279
466
330
702
172
284
958
210
820
387
157
764
132
363
68
286
684
136
873
443
295
88
837
780
114
639
294
543
73
633
307
285
611
575
90
401
791
32
686
883
389
329
421
615
710
318
266
62
577
473
901
604
347
582
352
424
855
186
961
101
863
875
126
677
919
422
216
962
267
797
127
75
972
641
663
519
878
736
94
10
693
181
338
732
208
870
130
537
215
461
14
458
877
668
681
897
794
128
724
792
189
320
83
610
47
92
953
497
52
679
564
382
57
850
276
462
54
6
590
365
425
319
637
600
121
526
260
547
275
430
602
915
895
149
433
983
225
233
418
705
902
480
970
353
673
23
552
992
809
928
119
652
56
588
55
399
954
243
671
196
650
569
784
253
496
782
534
258
991
943
591
120
66
807
957
689
979
921
226
203
309
811
541
74
11
729
456
859
409
908
786
561
384
846
952
567
644
982
699
369
532
614
214
423
165
174
917
288
905
621
82
712
76
726
310
530
939
220
916
823
956
255
818
475
849
479
44
815
579
654
694
690
728
824
25
478
589
217
368
785
351
193
522
313
341
755
343
836
571
862
414
904
506
457
752
293
562
252
648
160
894
665
625
278
469
110
900
903
315
173
947
556
658
205
337
64
899
3
358
146
888
118
78
22
825
394
586
148
238
884
176
345
716
435
96
416
696
392
817
24
881
26
213
268
880
664
