5.957893861804999247e-01 -3.417816850515953409e-01 3.957340493503945338e-03 -4.479115781808337693e-01 2.220580672950454859e-01 -3.411446532352656325e-02 -3.777168805540198071e-01 -5.445254289187434482e-02 3.433571574976568841e-01 -1.165204007154358873e-01
-3.604190657910903983e-01 1.205270122897960511e-02 2.708153478836992645e-01 -4.191222958032357337e-01 2.604215134923153485e-01 6.259691069076019909e-01 -1.654423669560241839e-01 -1.022346922233789007e-01 -1.029001294497795677e-01 3.359764049862539737e-01
-9.915371709348407003e-02 -1.543241560467178697e-01 -6.990634055112693312e-01 1.733489227222774764e-01 2.364425070037478316e-01 1.661441037370330609e-01 1.270338666682405138e-01 -5.199796749833788256e-01 2.278679197677659363e-01 1.601996393642439731e-01
2.007489129149276630e-01 6.602995717034176870e-01 1.888274352977389603e-01 3.349795647230315310e-01 4.195606497109494876e-02 2.553131044468364141e-01 -1.883512489948550861e-01 -1.027965505544866653e-01 5.123729300070462012e-01 -1.796676294262330650e-02
3.594908788822420709e-02 3.450568744839925261e-01 -2.340018557020790702e-01 -3.345364031499475366e-01 3.085732616864253486e-01 -2.949575332096229241e-01 3.139257340443747935e-01 4.381271841072959528e-01 1.870848063563777253e-01 4.530441678285086482e-01
-9.630584465375295611e-02 -2.477591822064761085e-01 -3.509727391017666842e-02 2.866741797535239944e-01 -3.052371857257097920e-01 -1.429521761309531513e-01 -5.254280156834099103e-01 1.805141734216391403e-01 1.440855743115555809e-01 6.347448184416342176e-01
2.036069018947076707e-03 -3.449780733303040026e-01 3.431517357489189401e-01 4.957208396564961594e-01 6.816843717838029226e-01 -4.074688404133995634e-02 1.399398551548377834e-01 1.679463507441185111e-01 4.415606371501452909e-02 3.742899520211630943e-02
-2.211191313140303816e-01 -3.057106366245965212e-01 3.082556203922244831e-01 -1.296030528935762649e-01 -3.356301386547831389e-01 4.141107055931771792e-04 4.695098575596870494e-01 -7.493046339819027513e-02 6.375085716193986674e-01 2.664275809081965984e-02
-6.272871360954629383e-01 3.892628092460203443e-02 -1.544326369530635013e-01 -9.929444650816535156e-02 1.973221054267020325e-01 -2.278642792879067291e-01 -3.955674890238435881e-01 1.927272483961315064e-01 2.923434966357329468e-01 -4.487164732225555341e-01
-1.097606446934593222e-01 1.696925568730665301e-01 3.311875206670749083e-01 -1.223044636751850767e-01 1.433216528588789618e-01 -5.942998864750798083e-01 -8.499830082133374987e-02 -6.404153772898605324e-01 -8.645567142034586705e-02 1.896018996814470559e-01
