-2.552733576245036495e-02 -4.396642991216362546e-03 -1.912877323002915297e-01 -1.372638240516693420e-01 3.150604788512225557e-02 2.160519584515570024e-01 -1.338518747495000827e-01 -1.204698260167355872e-01 1.115866351245144161e-02 9.270082340567877000e-02 3.453550614703844168e-01 9.754022852637590779e-02 1.062648029034800046e-01 -7.016224856740049722e-04 -3.081578044979431386e-03 -1.915183328376758309e-01 -7.776680297250537777e-02 -7.208014315259041183e-02 9.754537692550376005e-02 1.618007083750681863e-01 7.582789918781250582e-02 -2.182247790076072558e-01 4.742652640225736294e-01 2.376420057696866095e-01 3.972615067349309359e-01 2.610716279723446220e-01 1.058007084620654764e-01 -9.306782032949000028e-02 1.040883795776687964e-01 1.998418522527652674e-01
-4.093645440744714259e-02 -1.679831867894044373e-01 3.089190718432626714e-01 -3.737828799574204747e-02 -1.186282055806078990e-02 1.165347358123373228e-01 -2.021141540764347377e-01 -1.621799999666883041e-01 -5.627209102687773939e-02 3.098183567028089946e-01 2.963686398226318408e-01 -2.006788436840419299e-01 -2.346860888322828964e-01 1.547872558909987040e-01 1.947387567651428231e-01 -1.684924293274425722e-01 1.170519272711790515e-01 -1.075111918260138050e-01 1.851698247055093560e-01 -1.464619602897818396e-01 6.757423264966844201e-02 -2.949253685416241763e-02 1.120972711663731497e-01 -2.317561767131760542e-01 -2.490058315657031895e-01 -1.132134164898267875e-02 1.065600718875344549e-01 2.258622641008182219e-01 -3.734724078784004142e-01 5.567930792936670592e-02
2.392656097186711128e-01 -2.418370720378850737e-03 -2.448146248973977201e-01 5.760175602771497316e-02 -2.584704005339021893e-01 -1.933053533998482509e-01 1.424491090531272187e-02 -3.575139811749236673e-01 -7.680285961377592008e-02 -2.424381485929551494e-01 -7.803540841141708151e-02 -2.866601487147293903e-01 5.846802760500920126e-02 -2.206359206010608323e-02 5.955466885222058387e-02 1.252239956303995982e-01 3.152877944092569162e-01 -3.270149399606088747e-01 -1.631112848225770018e-01 -3.049052170873873258e-01 2.484564436928363151e-01 -1.136230923852295654e-01 4.666622612430583461e-02 5.735034536440111741e-02 9.879313376692799853e-02 5.912726158649377756e-02 2.108048660849386191e-01 6.885702316969427583e-02 -1.607347575950989968e-02 -5.009543333116982244e-02
1.091397024650918313e-01 1.686110128274245779e-02 1.784660568559117977e-01 1.794873248464807503e-01 -3.143882250746675155e-01 1.803694081306863872e-01 -9.797435432648977927e-02 -1.417161759729719701e-02 5.687346559393830631e-02 3.370589131630157692e-02 -1.273285280901816086e-01 2.463343206415286590e-01 -6.141784776568141868e-02 4.328900908222723110e-01 -2.418643010584382302e-01 2.677280026305347005e-01 1.005968072804856728e-01 -2.629716823150405891e-01 -5.130721635216207999e-02 2.097820928250455630e-01 -2.046061122819602118e-01 -3.593598780530627562e-02 2.068304054752481969e-01 -1.811948019178392377e-01 9.660305007257172227e-02 1.311917534657170981e-01 -8.797585813018693468e-02 -7.300217860428649674e-02 -5.062180078504397579e-02 -3.051291523432548836e-01
3.587146141726928888e-02 5.711720619031089852e-01 3.084684429332320774e-02 2.847128018015209761e-01 -6.434615081547682969e-02 -2.396376013319537757e-01 -2.608813667683952398e-01 -8.078767644555504002e-02 -4.285611642781351517e-03 -8.495823525973564272e-02 -1.110750699110657838e-02 -1.408844370622730144e-02 1.107602801413963695e-01 -3.515613072620665108e-02 1.121943545837319200e-01 -1.846945451277313688e-01 -1.334453553422115246e-01 8.450687112477586749e-02 -1.468721027131633383e-01 4.917804506834609624e-02 -2.390569249456444278e-01 -2.625065738718604380e-01 1.942614758496460370e-01 -5.093292875629510524e-02 -2.010221121385888723e-02 -1.963816971299198189e-01 -1.802146385313880272e-01 2.717312746415717073e-01 -1.155838778046394955e-01 1.121410756716878232e-01
2.764895966565444549e-02 2.850849622826380214e-01 1.700424487954550479e-01 -2.015620195705139506e-01 -1.343179304068572166e-01 5.792315763584360289e-02 2.121837006032403494e-01 -2.843266248728937295e-01 4.192552171725118064e-03 2.764890373374276691e-03 2.713014932850749909e-03 6.843605191034345114e-02 5.452657703403867018e-01 1.447197939547532897e-01 -1.147616145849606750e-01 -1.187925536510626850e-01 1.044283880790926045e-01 2.278776687574950444e-01 5.119812537783147849e-02 -8.634209199374123789e-02 9.539636742203702613e-02 4.054692470043926855e-01 7.813265428092608378e-02 -1.609330768585055804e-01 -8.443129541532994053e-02 1.011983154806051499e-01 4.732149143445091473e-03 -1.351575727263525928e-01 -1.329110630079687605e-01 1.384167155377493685e-01
4.348290376344048080e-02 2.534543898126605851e-03 -1.827975901121040025e-01 -3.111316256164775584e-01 1.899886643832116029e-01 -4.345916146433984051e-02 -1.458484204682227725e-01 -1.767854442178939944e-01 4.158514905431751618e-01 -7.840080027347073877e-02 5.358665053586121607e-02 -1.585254471628166906e-01 -8.830144327634310841e-02 -8.963054686197927112e-02 -9.574549245789143459e-02 -5.175791088764958997e-02 3.437335126125756757e-02 -1.463834528087948061e-01 -3.076481363494875665e-01 1.918917820616922731e-01 -1.738108802461883484e-01 -1.149173126743849721e-01 -1.163825859912970689e-01 -2.888001912278093664e-01 -1.727659084855767135e-01 1.412714571213795900e-01 -1.565275983374029567e-01 -3.573526715026599798e-01 -1.845134331480579037e-01 1.100863804145473940e-01
-2.256857743109535741e-01 2.584245015116995101e-02 1.824262130844678809e-01 -5.376917327309471695e-02 -2.263177486434585495e-01 5.522338594126754985e-02 -1.037386615224229758e-01 6.500597177831275719e-02 -3.599696356426535654e-02 6.752984411626558429e-03 1.484383029642864504e-01 -2.704262538196532395e-01 -2.252845650773150146e-02 4.523304181894665515e-02 2.565434392717988454e-01 6.788963295621376626e-02 4.266350604820144943e-01 1.640196196042448817e-01 -1.318266352723546364e-01 2.255742018383431746e-01 1.612147078001354705e-01 2.748447126160512982e-02 -1.608537682178729222e-01 2.403925630983714049e-02 3.452075801514089548e-01 -1.446927954500167313e-01 -4.160825296204502810e-01 -1.128319458415743270e-01 1.225303883644637132e-01 4.620674971963648764e-02
6.614797905272011558e-02 4.807700743145458533e-02 5.742920127742478370e-03 2.387237480941353240e-01 1.334169700246232160e-01 -2.605663554514888944e-02 -1.316688671144961298e-01 -1.865238445611583709e-02 -7.298035477296940798e-02 -2.893842232996719499e-01 6.234707726486251600e-01 -1.809081814103711411e-02 1.049348466647162803e-01 -2.542055807183475902e-01 2.264171873480561037e-02 2.822800590474806026e-01 6.788665429554840980e-02 4.014491639495561259e-02 1.065408676331290605e-01 7.424821149023852485e-02 -1.840900689743975582e-01 2.462123805221086703e-01 -5.669443190344825717e-02 -1.578278511042721932e-01 -7.258327517547701058e-02 1.936157224053682291e-01 7.641700673817800049e-02 4.226077008574081334e-02 1.241619100073496768e-01 -2.338243823588830594e-01
1.256681817454494421e-01 -5.277764819161917531e-02 6.553058588932932083e-02 1.332730932172626059e-01 -2.902559114331864087e-01 1.106239715543917562e-01 1.970850199948139328e-02 -1.913486738976143964e-01 3.338076911241696920e-01 1.766734782788051128e-01 2.049439419610984969e-02 2.641165486836427045e-01 2.503769596410830300e-01 -3.217346882092793625e-01 2.508390790971128381e-01 -1.056491974676627282e-01 -1.371124599928097709e-01 -1.133803776721435813e-01 2.368224759525749401e-01 8.133258966923676003e-02 1.853737817294424106e-01 -2.617917180356409967e-01 -3.516090173399727403e-01 -2.816330478871531540e-02 -1.703582651601641407e-02 -1.279789012776505258e-03 -7.744680480272679579e-02 -3.389136548125893517e-02 4.386910030886346373e-03 -2.089059637413370196e-01
1.161481167141289600e-01 2.165061553464484589e-01 -4.921652467726819052e-02 -2.697125207396599764e-02 -8.978819564359341587e-02 2.043217004463202258e-01 7.163757556135746940e-02 2.056488409240587456e-01 -2.771787071118520518e-01 6.279426761019248071e-02 -1.196558354103251093e-01 -1.197672012617702758e-01 9.811355835745119713e-03 -3.767050492667315398e-01 4.029328885654687165e-02 5.842484057574657413e-02 2.193426728110551838e-01 -3.024354235433454052e-01 3.021855945581398695e-01 1.052222693498918865e-01 -2.085794238423236968e-01 4.609104918592935723e-02 1.464587596768912314e-01 2.091834348319285275e-01 -1.998301309171868212e-01 -1.186535482264876595e-01 -8.180530816155780205e-02 -3.211716900268810626e-01 -2.468242481682033918e-01 7.210606564562076215e-02
9.745621713760201088e-02 1.361188280486319291e-01 -1.351802908056751740e-01 9.478530817830441157e-02 -4.087650328123372534e-02 3.696070850199240088e-01 2.289843211409050006e-01 6.616492110866668830e-02 1.466532053704323602e-01 9.368344117470203680e-02 2.530739895803988393e-01 -1.921456242515159063e-01 5.124507682793187635e-02 1.711601262055802153e-01 2.225523176409386142e-02 3.651053125890580536e-02 -1.188508629029642744e-01 -6.144819248348593055e-02 -2.214344870861531533e-01 8.480379283681757641e-02 5.739976532296919148e-02 -2.198174983225026358e-02 3.691656026280673575e-02 -1.071104206723237223e-01 -1.243082210584595670e-01 -5.718149615059331392e-01 3.056273481195697084e-01 -9.652413858439422290e-02 2.207480501614622337e-01 2.118412328995828483e-03
-3.682888312768943240e-01 2.014622671735609438e-01 -1.114117084755803094e-01 8.253336174436329276e-02 1.461717514091534715e-03 -8.431666136869904460e-02 -5.707917196211238081e-02 -3.892898111802214900e-01 -8.266840996576486911e-02 7.512420006718027732e-03 -8.034317730858027418e-02 -1.209000374996165895e-02 -2.680406429709736860e-01 -4.441161884300050267e-02 -3.471461591790072077e-01 1.217896532275304367e-01 4.996875846248590575e-02 1.207652083641051616e-01 4.427163920961812993e-01 1.040766812797643132e-01 1.672771556743052335e-01 -1.548034899345978321e-01 -3.882285574455700272e-02 -2.122404041062257718e-01 -3.697289312252384497e-02 -1.527755186169852675e-01 9.554232860002842553e-02 -1.650020495706959744e-01 1.846361645450287914e-01 4.920537809353051073e-02
-4.490976632304742311e-01 1.976426232350928652e-02 -1.724964308472196062e-01 -9.117956520826638045e-02 1.592816605671940056e-02 3.550190055633521413e-01 -3.703791096935585836e-01 1.498374266782900033e-01 1.567932831702281427e-01 -2.466454100413522921e-01 -2.046409112024078769e-01 5.984111702615653450e-02 2.077624803423160360e-01 -4.249547255468304890e-02 1.816452745243070377e-02 -1.999224112605331172e-01 2.318956657842863589e-01 -6.526168437082516260e-02 3.073275386989064023e-02 -1.528541235055386471e-01 -1.308434052742925291e-01 6.722589064945909409e-02 -7.190347858645458612e-02 -5.469724478867767081e-02 5.550254871859184452e-02 -7.934768075801554299e-02 2.549370143958479273e-01 1.675852877654274431e-01 -5.904556907073090638e-02 -1.992368896681273593e-01
-1.624490062809381130e-01 -4.413230678433800458e-01 -2.520606339566306420e-01 2.438329385991449549e-01 -4.328543598886986504e-02 -8.107064692279014259e-03 -3.103314777111302464e-02 9.473507432498304293e-02 -2.406133900019536906e-02 -1.003894214695319337e-01 -4.287188011170994795e-02 -3.747757655895639448e-03 3.386088161013831588e-01 -5.272339925271700423e-02 -6.831317241321065159e-02 1.821774581178955965e-01 -9.010490358207503062e-03 9.625414267318643802e-02 -3.333184927668168818e-02 1.836141833891606068e-01 2.737509108434632021e-01 -8.723422195984066596e-02 3.245125594503093236e-01 -1.402872293445491525e-01 -2.976628565336768562e-01 -9.748310518927230661e-02 -2.532256263789076089e-01 9.177761454507150918e-02 -1.774272796193284152e-01 1.494510030271670176e-01
3.855073097629735934e-01 -1.667698348626067140e-01 3.154365170045302369e-01 -2.333298741307024068e-02 1.538183682785125850e-01 -5.389411377014528132e-02 -3.212353939604268294e-01 2.000332150332991693e-02 3.633271068459957287e-01 -6.225563918268514629e-02 -5.526228096666856160e-02 -9.235327166225117124e-02 1.087639590295247094e-01 -9.305748848491508796e-02 -3.584799265185875106e-01 5.461280720013048789e-02 1.404741125430616078e-01 -5.997619405813895549e-03 2.321085279445836702e-01 -6.703380795969782202e-02 9.654360058208093578e-03 8.382287914570113463e-02 7.834600422545513754e-02 1.508455226414550376e-01 1.276853997368177229e-01 -3.274279765602911008e-01 -3.226689656529612565e-02 8.300180480298097185e-02 1.252490919454543605e-01 1.806820397445816073e-01
1.670064358664581916e-01 -1.515122175928154159e-02 7.699465414617344405e-02 -3.781438230860376670e-01 -9.616061171405845820e-02 1.593757932887010786e-01 -2.547675173207648580e-01 -1.558681302359704313e-01 -2.958576812741013362e-01 -1.364149980283309027e-01 7.078991075021774659e-02 4.281400806883461918e-01 -1.571329930004007336e-01 -2.005036161418405627e-01 -1.814890001071948686e-02 1.795737092886156294e-01 -1.834514182062810250e-02 2.748861686782994029e-01 -2.857637009591201260e-01 -6.058374690302825716e-02 1.459229022244887541e-01 -1.098397134480482151e-01 4.934206056160531095e-02 6.143995674465750623e-02 -9.774227816972906602e-02 -2.558719259776288668e-01 3.146205574181230868e-02 -4.653318890155389020e-02 -1.232175162700584886e-01 -1.141280469707256495e-01
-1.462789900276100508e-01 8.824195030218027688e-03 2.966370426542889738e-01 3.366487828966104739e-02 7.737125822961844757e-02 -4.700202621216999499e-01 -8.422036055281612033e-02 2.568136565196076915e-01 -5.543775356705151619e-02 -6.270894280140325294e-02 8.301651208696640694e-02 1.808933829188807130e-01 9.814934312525121218e-02 8.097886697064116818e-03 2.235312319989458604e-02 -2.811723546252756778e-01 9.705266700349725328e-02 -2.493828859895024785e-01 -1.078129670913079985e-01 1.124115093164234636e-01 2.898300174777933558e-01 -2.980128754581815378e-02 1.398430882083147864e-01 -4.856306668286471118e-02 -8.929296753522611430e-02 -1.022075634505048014e-01 2.519075616910914084e-01 -3.685641251238657157e-01 6.183865380301811071e-02 -1.713303683650023723e-01
8.156019315939409819e-02 2.017168106654890561e-02 -1.661281153128068566e-01 -2.650483217264670843e-01 2.969657483541512932e-02 -1.699054760005736520e-01 4.869503957964962243e-02 2.521804014858021747e-01 -1.179049145910915503e-01 1.981205230661931826e-01 1.030772702405407942e-01 -2.163356511529730131e-01 2.058937767588429335e-01 -2.702272955040284363e-02 -1.910535906342429591e-01 6.662196433556802355e-02 -1.391713921240827490e-01 9.134537877967940922e-02 1.580401825199189703e-01 -1.915685887979557689e-01 -8.051492683709133083e-03 -2.048991978758110677e-01 2.382264547450570549e-02 -3.172368456512810742e-01 3.638433437845083884e-01 -1.402218954401632800e-01 -8.685749226081812546e-02 -1.694431865065852347e-02 -2.386274960039779791e-01 -3.940462871191298677e-01
1.197907879070469611e-01 1.011072224691087623e-01 -1.313828778036601475e-01 -5.145794534616200400e-01 -2.046446538407055080e-02 -1.832014647306698940e-01 -9.339131626730081542e-03 7.699986838792000077e-02 2.118817704636317446e-03 -9.747006238120431432e-02 -7.130006817552210496e-02 5.893946290636781909e-02 3.753220264077014590e-02 1.610870532151938150e-01 2.834408819021194126e-01 1.374295705174371773e-01 9.265429694051963844e-03 -1.910481543345840527e-01 2.730924142354155815e-01 3.898739903097630521e-01 5.255860564459577389e-02 6.049201368935101103e-02 4.275233022668666061e-02 -1.295161112893800370e-01 -1.468592726563035522e-01 -4.697201240827275637e-02 2.068673275051215177e-02 3.766588495275722814e-01 2.327650306457453300e-01 1.693348615408718158e-02
-4.485639009919637626e-02 -2.657680586072564966e-01 7.817514274730220925e-02 -1.098070881502902392e-02 -1.582147513962386398e-01 -1.107264727725530695e-01 2.247080222910314840e-01 -2.517322119874498831e-01 -5.730512711474222004e-02 7.684637453637380156e-02 -1.126958939135519061e-01 -9.205560706352719502e-02 -7.132918437555403612e-02 -3.751768979315849295e-01 -1.126456234503947773e-01 -2.498429911741892329e-01 3.281178137322700306e-02 4.939385074032619921e-02 -1.692342303111011304e-01 4.115955665299374511e-01 -2.628285470271468638e-01 2.107223883849157486e-01 1.482364935349260449e-01 -8.951354949667651717e-02 2.055609933310190707e-01 -1.371648888995807558e-01 2.054319764606538368e-01 2.167848602825870052e-01 -5.378075665681927159e-02 -1.430084671769310811e-01
-8.601588903284972110e-02 -6.226958513633594483e-02 -8.165870737094030329e-02 1.417410279300168260e-02 -1.418564503170912650e-01 -1.653931975314716085e-01 -1.984083668137637604e-02 6.779315611736677627e-02 -1.331864765245190652e-01 4.155961774278788337e-03 2.308738165285644517e-01 1.919543390792365911e-01 1.393558118297056059e-01 1.645740171396544993e-01 -2.018731024374365302e-01 1.201024600800528336e-01 1.303904576253358052e-02 -1.580348124254405129e-01 -7.345470462861017520e-03 1.748047804091616975e-01 -1.263403269984095523e-01 -5.421829223201622694e-02 -4.745079499159527425e-01 1.222456105841514817e-01 1.633389543271632216e-01 -1.221609632564347181e-01 2.331194276354350836e-01 7.828082845425404779e-02 -3.614924999875976930e-01 4.150766396099170863e-01
2.597395193014875314e-01 8.253969422649137799e-02 -1.459075566881359864e-01 5.328810208850311148e-02 -1.725966620412479891e-01 1.441668412696165691e-01 1.763134158395789908e-01 2.741528580657452419e-01 -1.962705152007301196e-02 -2.836817546188309391e-01 1.531733405848198504e-01 1.128637973249805720e-01 -2.740928309335268764e-01 -2.123824081412265669e-02 -3.146213362346163001e-01 -4.890122707257132384e-01 1.925263015104835551e-01 4.122255527884933352e-02 6.827036761983269753e-02 3.576995267959861419e-02 2.330206267806714804e-01 -2.142917357706101977e-02 -8.932713570547709536e-02 -1.919103951574224198e-01 -3.666670478251213977e-02 9.413754724128743645e-02 -1.626313529327401974e-01 1.736514503095997752e-01 -1.467848001634272648e-02 5.212789676382976328e-02
-1.707841672968280280e-02 -3.413803744368502924e-02 2.111779728766042807e-01 -4.119330458886509561e-03 -1.322579311820337999e-01 1.405625936033531587e-01 -8.689413584815515457e-02 -2.296085076030848077e-02 -6.076072418343983483e-02 -5.182423676032842375e-01 -9.437980595204983891e-02 -2.658867293257286546e-01 -8.907863635153717707e-02 3.970468994057021334e-02 1.041863419518401918e-01 -1.927622531600745731e-02 -5.866274370002573235e-01 -1.079736891525289871e-01 1.291291489222457511e-01 9.591067778467081417e-02 1.661902293202282554e-01 1.500413149000525692e-01 -1.855668928728719178e-02 -5.538319539671933411e-02 1.884548064642780629e-01 -1.779311412605022458e-02 7.701850772459255083e-03 -1.459842650418894661e-01 -2.036543929303535339e-01 4.593176432001935816e-02
-6.452553472012566294e-02 2.139320983648183849e-03 7.457938706882928648e-02 1.075659194661782517e-02 2.855230794269419392e-01 1.697122117640182115e-01 -4.523723407044411698e-02 -1.489627446974354785e-01 -3.497432206110316910e-01 1.326902025420015896e-01 -2.683351011605505584e-02 1.184481028280629233e-01 1.322602949467581446e-01 -1.363985527578004120e-01 -1.234509865585873972e-01 -6.276064618112101035e-02 -1.106275760320175744e-01 -5.215255772932942957e-01 -1.798461116898010248e-01 -1.126270668263006786e-01 8.860371638076770806e-02 1.188737788813605256e-01 -1.152907362593523638e-01 -2.590321015314513975e-01 1.256117009676157303e-01 -7.948279927857838933e-02 -3.148557683733009815e-01 1.426445066243947901e-01 2.387579180050208305e-01 1.242091332616906962e-01
8.362208580330503238e-02 -2.292449724324164273e-01 1.461249822341762206e-01 -2.343523033193033872e-02 -2.112440125444970118e-01 7.047502904345226936e-03 3.648036223516917115e-02 1.232715288137615772e-01 -1.420330530774051581e-01 -1.342396658903920181e-01 -8.516540268095129651e-02 5.633281905122329569e-02 7.394083755056968243e-02 -6.812146206883870625e-02 1.889561316854903306e-01 -1.186238943123881992e-02 5.671122865009012304e-02 1.173943185996794009e-01 6.976389890353228151e-02 -2.106199060107420973e-01 -3.532233688126839577e-01 -2.807979229156025713e-01 4.292681993402498036e-02 -4.488146168075946019e-01 5.096404818630204808e-02 4.641431316675941054e-02 1.545386804617142340e-01 -1.783972436223859592e-01 3.012778020992636918e-01 3.720676147108893939e-01
1.531117735139752301e-01 1.334265258379395691e-01 -1.280881461368406915e-01 2.206495442372717886e-01 2.900873447726233234e-01 2.320521175746685996e-02 3.861484143060848334e-02 7.235123217149190544e-02 1.607430871505368675e-01 7.459206837717546890e-02 -1.717158073871884183e-01 2.676916119273995420e-01 -1.823544151880445441e-01 -1.001620578457314975e-01 3.109579581020917027e-01 1.822319012047909359e-01 1.470050426029709534e-01 5.813365779429006952e-02 1.592585888778924944e-02 4.228338836846776833e-02 2.132522130149460127e-01 2.232995765259873644e-01 9.955885285045576460e-02 -3.202212340093464893e-01 3.623901969255049482e-01 -4.279429441791100103e-02 1.565385616421524906e-01 -3.852045947887509925e-02 -2.721555096761247294e-01 1.687334141837128210e-01
6.106436237232460047e-03 -6.703826305146762254e-02 2.209108562555936739e-01 5.767568673738520529e-03 4.801654891710691042e-01 1.298735584687216171e-01 3.999739465725117293e-01 -2.044703830191667571e-01 -6.505595777969332139e-02 -3.532692055885757743e-01 -6.627002339320007748e-03 5.037297001171118366e-02 1.168722095811371153e-01 1.676757673851724528e-01 8.911450378263630068e-02 -3.688780389151188194e-02 2.165223847944994784e-01 9.719291984254497044e-03 1.052017911672214479e-01 1.071183123553367950e-01 -9.466195434751323301e-02 -4.065731609725375395e-01 -2.486514678658285210e-02 8.666682090637933822e-02 5.303029484606691657e-02 -1.048378313623934965e-01 -5.330648953368324894e-02 4.372463120693826505e-02 -1.596103190156888674e-01 -1.370729011788791307e-01
3.631616365224555332e-01 -1.459240534036175541e-01 -2.478689486194156077e-01 1.775059667609149849e-01 1.646888680874092348e-01 3.683115484505062459e-02 -3.640027517171764426e-01 -1.327092295996978588e-01 -3.502752272468719896e-01 1.030833533634618743e-01 -1.626932182240864444e-01 -1.055656846328517917e-01 1.302197329698102091e-01 2.643179565591481928e-01 1.033138236319432329e-01 -2.894595721471347471e-01 3.282342693833723013e-02 1.933798442352099856e-01 7.642045423022299222e-02 2.440013460622884878e-01 -3.490932266358970359e-02 7.443852307469184248e-02 -2.169596850301456770e-01 -9.562638018532297265e-03 -2.936486184091657500e-02 -9.686612092573695931e-03 6.045635862237635355e-02 -2.047135128555602757e-01 6.259059525096739851e-02 -1.219055460027670540e-01
6.456876289786162015e-02 1.991409964364235785e-01 2.799994759642567832e-01 4.337573069220283968e-03 9.592394037339393997e-02 2.005205511751265990e-01 -7.144579823041426192e-02 1.893459077761520670e-01 -9.670059677002862397e-02 1.291716221248860319e-01 -1.867506888148312560e-01 -2.701807932561625658e-01 1.345705903774195300e-01 -1.824099881487542263e-01 -1.803025791045862747e-01 1.791106197672172051e-01 2.004574928247768867e-02 1.090353175233088057e-01 -1.838077877006028260e-01 2.640481463386850636e-01 2.551455978647684253e-01 -2.693559222704482448e-01 -1.180300448762036519e-01 -6.881145224350054823e-02 -5.994036367723823422e-02 3.665080599637663417e-01 3.072982113011017424e-01 1.716418065478589883e-01 1.796824235730933722e-02 5.704957504527589235e-02
