-3.183460369859627548e-01 -5.020592099998019697e-02 -3.162183003636171996e-01 -2.022645001798128173e-01 1.301299203896278955e-01 -2.226702885481824379e-01 -2.299995104569415305e-01 4.364473541652912347e-01 2.567629313950317016e-01 6.159554370442752447e-01
-1.082788292986233136e-01 -1.406982755077920422e-01 -5.591730030834370924e-01 9.867201158727141597e-02 -3.837208830922335390e-02 -1.135088329528623208e-01 -1.513602296398883496e-01 -2.655244166195299682e-01 5.705726049899738639e-01 -4.612441569542827247e-01
2.911981086291283161e-01 -4.353510983707625792e-01 -2.097009468373657592e-01 -1.041781287939805151e-01 2.337823566249536134e-01 -4.469297610704762169e-01 5.062162966093026739e-01 -3.019950124555371707e-01 -1.387312486674687761e-01 2.230309969429434269e-01
-4.654259141429552098e-03 -2.004148827842441027e-01 4.187015644779265022e-01 -7.629933623488324157e-01 -1.823666398306376668e-01 -2.402443012192755079e-01 -1.467515485922912255e-01 -2.975583130772367635e-02 2.011279411003023265e-01 -2.202125127054098963e-01
-1.637405178138741091e-01 -6.301527277025377183e-01 1.369262978856999324e-01 3.418865682833883146e-01 -5.594581407386244321e-01 -2.012127667929183156e-04 -2.496669022557676254e-01 -1.167235338840693221e-01 -1.084380040892968800e-01 1.993768995377283304e-01
2.237460776527076811e-01 -2.016651443721563242e-01 1.340552091999217543e-01 2.702709867019726930e-01 -6.903832060615641697e-02 -2.210554823802187430e-01 2.795975435511702245e-01 7.421107443646342006e-01 1.962284276918860315e-01 -3.117869493992869723e-01
1.636945785260801034e-01 -3.212092062193796504e-01 -2.385402664092824421e-01 -1.074648937915210906e-01 3.763263225240137122e-01 3.830968465285379543e-02 -5.227288746345661874e-01 2.017559933493744406e-01 -5.100350748668582845e-01 -2.905214293621851129e-01
-4.856650710570228902e-01 -1.316669558703695286e-01 4.670905557640642747e-01 2.987565191060719272e-01 5.859229132948419183e-01 -2.217818470022514532e-01 -5.680534610944873442e-02 -1.439485365060397259e-01 1.171885196623335540e-01 -9.586543100361555325e-02
-6.096671809046765311e-01 1.591502882308444833e-01 -2.237611371638833224e-01 -9.838904814673660182e-02 -2.624240103989050610e-01 -3.128510899873648832e-01 2.682332676893803836e-01 9.217832687015728443e-02 -4.683819643878514571e-01 -2.768716360334420035e-01
3.014625732472904773e-01 4.054442135655900725e-01 7.862791669158029906e-02 2.364816163304651886e-01 -1.487574587471136578e-01 -6.947474080265109153e-01 -3.968243843885575495e-01 -1.124626513697731117e-01 -7.284163359021014750e-02 4.902363100335507123e-02
