1.197872116457701086e-01 -7.636983750268148963e-02 3.195653777790636307e-01 -1.040772476602243174e-01 7.509756689879931724e-02 1.515149510543678246e-01 -2.160773709838862411e-01 1.803440554726290779e-01 9.220221305198494921e-02 -2.821430105863233923e-02 7.562118076210111450e-02 1.463180944912576831e-01 -9.577202916487170814e-02 2.850195846118083187e-01 1.589712570469083985e-01 -1.305058450045672724e-01 2.190050643470487501e-01 3.497206912354237640e-01 -5.500003020650647001e-02 -1.574968230738825192e-01 7.654380524775769579e-02 -2.272884518776973894e-01 1.898295370197916332e-01 -2.009973097037278944e-01 2.086004726059149383e-01 6.135053384169078527e-02 4.421925104310048260e-01 1.086476409181593716e-01 1.592812489815160701e-02 -5.472965274902946708e-02
3.864292826156621175e-01 -3.810470011494643261e-01 -8.346017475531365692e-02 -3.930816118257943539e-03 -2.740876479100305338e-02 -4.198558931725403232e-02 1.406329154128617420e-01 1.428503705303658944e-01 -2.641529538578716307e-01 1.177839145371973317e-01 -7.206127133717259159e-02 -4.156440422837649057e-02 8.416250017029630603e-02 -2.898626819686496714e-01 -1.713981649618868952e-01 -5.022395994715140796e-03 -1.909172351944854462e-02 2.187551900082541079e-01 2.314978736881050381e-01 -3.470328606484961997e-01 8.157274289955829261e-02 -8.041944484000947135e-02 9.246208970241516500e-02 -6.502162426839451503e-02 1.085254282895056210e-01 -1.923895172415570620e-01 -1.846892173428419937e-01 2.782911344370740947e-01 7.458546667713880640e-02 1.751278141896649709e-01
2.504076927310163736e-01 2.518197520528958067e-01 -1.508681966267328145e-01 4.138220832430018481e-01 5.233383010233472188e-02 -1.990900709350181264e-01 -6.913456703841448781e-02 2.233240986458475685e-01 -8.203948656762515002e-02 1.011541158419557995e-01 9.330097376692744748e-02 -4.082479227646296921e-02 -7.894522537537460027e-03 2.434063406971936072e-01 2.505556445172691382e-01 -5.870411540515719367e-02 1.183760668979489672e-01 1.220467194521845794e-01 -7.017392671118833150e-03 -4.724429452220123282e-02 -3.880069411668007201e-02 7.417090179569122256e-04 -1.537108094216333987e-01 -1.219442206642906423e-01 -4.397093825802235179e-01 -3.222730419855107664e-01 -1.432354640949141597e-02 -8.814614170631417112e-02 2.296080158800656301e-01 2.973696156750724531e-02
-1.688092112005965678e-02 -2.571744805917901555e-01 -3.999674182667318362e-02 3.286048237340279399e-01 2.583716017791000130e-01 2.111481520074796892e-01 9.641172393308569677e-02 -1.803058802188704790e-01 -1.184571888164730746e-01 2.499056439037279920e-01 -5.212827747481093427e-02 2.854861670962334230e-01 1.091036077976547530e-01 7.540761737963334876e-02 1.000712960772145582e-01 -6.857793512075154030e-02 -1.564194653406671409e-01 -5.787966341908283574e-02 -2.068446340520064819e-01 -1.408673188117405377e-02 -3.026965384207784826e-01 -4.080244120585717615e-01 -2.354378305997158749e-01 -9.485697132935871911e-02 2.637820124136085881e-02 1.590922044498059851e-01 -6.081260381974095547e-02 -6.058590525775155167e-02 -1.962809809291932162e-01 1.122474155536240109e-01
2.652514640743992499e-02 -3.483111332734541848e-02 -7.653000555604627664e-02 -3.072458780706376902e-01 1.291509816852064174e-01 -1.150742280669156542e-01 -1.961330837635354984e-01 4.201554952978096141e-02 -1.605033836289953553e-01 2.204228520156724380e-01 -1.635891627802600334e-01 1.677896073229031837e-01 1.601067285890393210e-01 2.284016655904437532e-01 -1.159009480272218673e-01 1.140127474977554456e-01 -1.258402052425679762e-01 -2.340702267625431876e-01 1.252688154259506137e-01 -2.867043740351876008e-02 -2.685657660412802406e-01 3.968269578033265660e-02 4.095621404375463515e-01 -7.607059975879128244e-02 -3.689517837020875879e-01 2.514146036106594262e-01 7.170127071157189613e-02 1.031735100921276072e-01 2.112695089067357923e-01 -7.112866280824962917e-03
-8.306740272157223104e-02 -1.417207959450527549e-02 9.905222169897072437e-02 -5.313510292272320516e-03 2.915264124087226794e-01 2.009942417730474148e-02 5.567843957841051711e-02 -1.513506879950904382e-01 -8.424505085505913649e-02 7.848208871873910489e-03 -3.039014866149842842e-01 2.998968072796212025e-01 -7.684793508305846899e-02 1.050875998790034016e-01 -2.316758409899550286e-01 -5.692070965539160893e-02 2.761907503241816178e-02 1.986091020131761364e-01 -2.832133258392440789e-01 -2.746630871189464657e-03 4.875725259658489907e-01 -1.205798320806889673e-02 1.348870912500791386e-01 1.569440444016776681e-01 -1.714003753534919516e-01 -1.710999999814376005e-01 -2.590112126338114384e-01 -9.155064685968342109e-02 1.029558436445370539e-01 -2.499986936405378113e-01
-3.539583212748443897e-01 3.461084922069655734e-02 3.289574396097411646e-01 2.517296612055228838e-02 9.647258818997714314e-02 -2.464125964733546448e-01 -1.204707465282283951e-01 2.438108837134832230e-01 -1.484506665361880473e-01 1.067135126202940071e-01 2.209299033560514769e-02 -2.941324728544781816e-02 1.134721991039637640e-01 -1.690117254766774768e-01 5.456646716354415089e-02 -3.544230768227754069e-01 -3.816853269206764154e-01 1.881718799326106972e-01 2.358839842173055257e-01 1.043985125288234422e-01 -1.355374806034377322e-01 4.621996664113409842e-03 7.088429357957833077e-02 -1.572275254945693090e-01 9.549302081223663696e-02 -1.400643761476983162e-01 -1.422853181844200288e-01 -1.690686266846883334e-01 -6.734331364340466475e-02 -1.949416134755990460e-01
1.248808373906711358e-02 -1.087504342273441921e-01 1.160266792925191276e-01 -2.994086764320366342e-02 -3.033689765045040065e-01 -1.907240728311213052e-01 -3.255009289221792446e-01 -9.075316806230177002e-02 2.599961987062451851e-01 2.763660536673702151e-01 -1.103185999165769982e-01 9.433906211477494086e-02 -3.262191199909863504e-01 6.568441658552996720e-02 -3.081230412496566706e-01 1.977759933763224010e-01 2.381837773585909063e-02 2.588744323017869511e-02 2.259164349764643254e-02 9.462822358940804757e-02 -5.143576758370957402e-02 -5.550034980153670944e-02 -2.459201129364928240e-01 -3.143092736283806810e-01 -1.047868699628944217e-01 -1.638852525656582793e-01 -1.302712969696011025e-01 1.573320118401260459e-01 -2.464066566380955225e-01 -7.248711031466731347e-02
2.241029728901154372e-01 2.639863553510620742e-01 3.606561268786190877e-01 -2.588872207932368941e-01 2.582905196852121610e-01 -1.282371364464073293e-01 -1.947476209255758206e-01 1.648998080069601774e-02 1.000723282609560817e-02 -1.725906599693898535e-01 1.382743965146002729e-01 7.361559198387748748e-02 6.346249810746605602e-02 -8.502788414498212719e-04 2.435758486090962988e-02 4.803463664707584985e-03 -1.668209533163112768e-01 -2.986644908281077884e-02 -2.115637623133189982e-01 -9.367197469557274336e-02 -9.130281833855602436e-02 1.098244273936683016e-02 -1.625390701176704922e-01 2.719531877867817915e-01 -7.210773540502936341e-02 -9.923819092479656268e-02 -1.842464540070034573e-01 2.364701839543085216e-01 -2.145411528780395150e-01 4.006684866161479563e-01
-1.978736880928732011e-01 1.355219842123407681e-01 -2.308043282539653795e-01 -3.008016069754322341e-01 1.256366994284015826e-01 3.758481196060446949e-01 -2.040808640390021772e-02 -6.606928631770496441e-02 -1.448474863938128410e-01 2.881526791332887812e-03 -1.608529028776078118e-01 -5.787859013152200915e-03 1.390490345859590193e-01 -5.989750563489507074e-03 -5.262159379304502671e-02 -2.078628274343283511e-01 6.269209106919382268e-02 1.114103280464068119e-01 1.744858428407557449e-01 3.188152886268784125e-01 7.513423934595742787e-03 -1.356627960578346732e-02 -3.099748311695838532e-01 -1.364650076356609676e-01 -8.896605165437372620e-02 -3.093808768760000216e-01 1.868044708839144974e-01 3.262521259324351885e-01 5.800496976712379849e-02 1.137791748743933601e-01
9.503250706713566032e-02 1.208756362306572796e-01 -1.237027103685686968e-01 2.920879894029855262e-01 -5.312358065666153428e-02 2.598424191579367104e-01 -5.560095779200440180e-01 -1.697790988358698905e-01 -2.765113393276496523e-01 2.512176054601283903e-02 -1.041070192291817242e-01 -1.488971339912705805e-01 -3.800935432298391259e-02 2.937016530471598524e-02 -2.022738688401892401e-02 -1.316261410454735992e-01 1.868731733042427179e-01 7.634052428153322023e-02 4.987141310693336826e-02 7.866124939428498219e-02 -1.195130366367251201e-01 1.489224401150103794e-01 2.952155392518118759e-01 1.973264411615916758e-01 1.696913554467667506e-01 1.937624653248905260e-02 -1.999990898553213325e-01 2.204674923587034152e-02 -2.359086587695055359e-01 -1.899693374218216352e-03
1.440400787841327745e-01 -1.945793064769857084e-01 1.527098750120141069e-01 -8.630541346529116420e-02 -3.971231855347867046e-01 -8.549580921775602749e-02 1.931313734785939373e-01 8.705612511514533580e-02 -2.222003044084693846e-01 -1.711455776430363951e-01 6.890248888974488672e-02 2.687189904739649693e-01 -2.246282003227545801e-02 7.388128452090031439e-02 1.689055230381870387e-01 -6.540790204990654111e-02 1.759256225658226702e-01 9.265825451422671222e-02 -1.615352541389047936e-02 5.897930802957593865e-01 -1.035625138624259589e-01 -1.382948350926104242e-01 1.123594105436055701e-01 1.398780785629595569e-01 -8.953279747691392232e-02 3.463844065619985785e-02 -2.044505296410464301e-01 4.733804360780913961e-02 2.698360790637235537e-02 5.155299778305750397e-02
-2.829784455350913275e-01 1.380693435115787071e-01 2.325426030136161226e-01 9.297594611733822623e-02 -1.190452770003692234e-01 1.490354603615321460e-01 1.978926079055154386e-01 -1.219646025483136359e-01 -9.983952082011061935e-02 3.783618351147471914e-01 2.513956444860785955e-01 2.703420070805261921e-01 4.418618876689654751e-02 -1.291299446926286731e-01 -6.849065772042770006e-02 2.373453269302630009e-01 1.950425244396006008e-01 1.226969477630961425e-01 4.608900757355471889e-02 -9.509909193963041185e-02 -5.699622688014643890e-02 2.472101695047890235e-01 2.100960357803165757e-01 5.758702202567014816e-02 -8.046645167699925660e-02 -2.208187460001784508e-01 1.603879629935383855e-01 -1.157802062673563281e-01 -6.889691592667449016e-02 3.216585767392907691e-01
-1.680516378210796663e-02 1.261406869544846876e-01 2.712906069782194604e-02 1.154972386270345514e-01 -1.417222490197987683e-01 -1.258607953078478003e-01 1.302268348995027913e-01 -2.944053754013410407e-01 1.056370845108648704e-01 -3.235211193572347099e-01 -3.916623226224680843e-01 1.887236510821161534e-02 2.421696596423796727e-02 9.568783618710234584e-02 -1.167523232823174384e-01 -9.122987114432959399e-02 -1.113990302697884238e-01 4.430330108626926444e-01 1.779614865577662866e-02 -8.806988416688128762e-02 -2.273737783913354904e-01 1.761029540389682513e-01 4.373910839654277481e-03 -2.121067590829772420e-01 -1.495695483724106094e-02 2.119600857816540951e-01 5.517096771753932441e-03 -8.996612815533452934e-02 1.312357019581557871e-01 3.375131472632004193e-01
-9.463231280984667204e-02 -1.060989076749071364e-01 1.712459023999612084e-01 -2.556700556081202644e-03 -2.344074715972434622e-02 3.571737211008740309e-01 1.448938215755753676e-02 2.750347677646348687e-01 1.210435188750047658e-01 -2.292882417047903965e-01 -2.658242121354060239e-01 2.119735785606621618e-03 -2.359260663029131566e-01 7.916170572879804856e-02 4.839411993399855838e-02 -1.063669133517867876e-01 6.978281861429427857e-02 -4.086921533519223271e-01 1.648395037591346701e-01 -1.376661643915094990e-01 8.947583760359260202e-03 -7.017892052116866952e-02 1.297677270786355141e-01 -1.620598250845065036e-01 -1.032634995871328648e-01 -2.082868093993700265e-01 -2.122081015707054097e-01 -2.604279615541543191e-01 -1.449301685271908724e-02 3.158500925814008986e-01
3.215292517614612433e-01 1.225576678631866562e-01 -3.743409334960999535e-02 -1.984281634166398245e-01 9.142423242239830494e-02 -4.079795690430323279e-02 -1.332392105026020679e-01 -1.562760910111010149e-01 -5.501844817960602207e-02 1.077591806466243474e-01 1.985093474908261602e-01 1.124270075895276305e-01 -1.373697574432896917e-01 -3.924106148168747255e-01 -2.118670646076842856e-01 -3.577274898223035682e-01 1.790779351015574783e-01 -9.498568226349579646e-02 -6.684095283855878700e-02 1.160115964517672849e-01 5.055893978097344976e-02 -4.354849136913743757e-02 -5.563032054873663645e-02 -2.393332731197814478e-01 -1.295696842890537055e-02 1.526781130400000352e-01 5.559231025748993110e-02 -4.284272777489914197e-01 1.634885153345921882e-01 1.246390463619490852e-01
-2.526593115307318449e-01 9.968465321734500117e-02 1.338995207855281089e-01 8.710985218104300154e-02 1.978995896085137818e-01 -2.584003786380801859e-01 -9.564175920655518248e-02 2.007625446538311570e-02 1.345387146291986960e-03 -1.129607870330132519e-01 -1.023505895799847326e-01 -5.244268205362458829e-02 2.442313904846463990e-01 -1.112254144506280851e-01 -1.299306843696426128e-01 2.008648733213580784e-01 5.813089597580358703e-01 -1.591926095248496001e-02 2.710241339233726565e-01 -2.256593332953860456e-02 -3.121234886622079041e-02 -3.840841294731591749e-01 -1.259331491735121988e-01 6.370119661739546968e-02 3.332630914586291043e-02 1.461423592128815452e-01 -1.268906400561007619e-01 3.393386092976027890e-03 9.695741047271254354e-02 3.816639075991772045e-02
2.856523106034106196e-01 1.856709599094676644e-01 8.784352812806499322e-02 -6.954743736492573214e-02 -9.848616267207950525e-02 -3.892591171795680566e-02 1.198039532855495193e-01 -2.448255677011250131e-01 1.650541778052452557e-01 2.596841061759652125e-01 -1.604184181252430175e-01 -2.511598083510153123e-01 2.758467457412918655e-01 2.241221254733107848e-01 9.226445312455746825e-03 3.057972228000931450e-02 -1.782172650327163155e-01 -2.946074487004803413e-02 2.378495591821602195e-01 1.741788855682213366e-01 2.225214864836661255e-01 -3.527743483954264847e-01 1.721235526923570736e-01 1.008679313969725183e-01 9.502018232602020553e-02 -1.766170324090814703e-01 9.106167816687811556e-02 -2.443722743107686335e-01 -1.448226526041724027e-01 1.118905838540187048e-01
7.609739402638057704e-02 2.182791461159146185e-01 1.342418668046707342e-01 -2.274926081215379592e-01 -6.725027210488566942e-02 2.515342051777852417e-01 4.624078462163997566e-02 2.755929336756551828e-01 -2.444582735778502436e-01 2.477008200659139570e-01 -1.713788729891205509e-01 -2.259948893203772569e-01 6.684702446734142045e-02 5.577855789063676517e-02 7.959364448247607804e-02 3.599053925867093384e-01 2.515171819975958387e-02 1.499231078375029558e-01 -2.675332401938528282e-01 2.858495737700654515e-02 -3.918741742589052640e-02 7.126634833978005845e-02 -1.919375833858784908e-01 -2.060287819765411199e-01 1.979656632763814317e-01 1.776905399765097704e-01 -2.781789518940102068e-01 -1.807881296969207074e-01 1.451052015580744370e-01 -5.109099434249850247e-02
1.649935712049836189e-01 3.637892705256552672e-02 -8.114854640221939863e-02 -4.075825847550122033e-02 7.230053388453540342e-02 -2.063060277246084664e-02 -1.123743512768695524e-01 7.790203285107646924e-02 -1.163821758796087513e-01 -8.733890001741197173e-02 -2.488747429749400830e-01 3.856259322842798820e-01 -3.852635772013366516e-02 -1.860146374880469744e-01 3.398997756635822043e-01 2.674745849020379596e-01 -7.228985790030745262e-02 7.471047164106994765e-02 3.868630971612901370e-01 -5.925885833676084423e-03 2.202449135747560627e-01 1.668573646900295693e-01 -1.990587506595636880e-01 3.263638002889483053e-02 -7.387389047104818418e-02 1.624836170915793521e-01 1.572735249072270136e-01 -1.985318258488086296e-01 -3.273646808521657459e-01 -5.619967039866404640e-02
3.624501736483640157e-02 8.621941954904219219e-02 1.191516778735716153e-01 6.457274895394347902e-03 -2.738225847325040374e-01 5.586645487388195580e-02 -1.232000512750075494e-02 -2.095809046219274108e-01 -1.896896118713602142e-01 -2.741266294544557613e-01 1.334534482999183980e-01 8.459949180026266058e-02 5.031098234301480954e-01 1.324236934888673063e-02 2.361380363444428448e-02 -4.341661285176512397e-02 6.367224916699207315e-02 -2.081663756282600974e-01 -1.196858378235950565e-01 -2.218489617866888364e-01 1.560790533457787899e-01 2.792250659087702064e-02 2.010277631135952078e-02 -4.450824595743240186e-01 -1.290548892934020864e-01 -5.589879013413562303e-02 -7.345544734121868535e-02 6.332159269378258293e-02 -2.211996638957297034e-01 -2.243202899264280237e-01
-1.886175708942634116e-02 1.504503386244135377e-01 2.410970367919581039e-02 8.171577390124282192e-02 -1.433599061213478298e-01 2.653310864898572041e-01 -2.362697577734752530e-01 -1.250217788566501953e-01 -8.635474174792396457e-03 -2.511975060310989716e-01 1.378439776483727230e-01 7.975338299449796775e-02 -1.054867801239896402e-01 -3.068465165244639303e-01 -5.786924590494134206e-03 3.522293288113524934e-01 -3.552408068839587596e-01 1.089829381712792700e-01 3.087298866596568589e-02 -8.581312513128509095e-03 -6.366523555356121133e-02 -4.126492388142821710e-01 9.921361780048018608e-02 3.938344164613123699e-02 -1.108874717775555768e-01 -1.180665913702617226e-01 2.918328684089731978e-02 -1.030434924289063726e-02 3.564040106176066813e-01 -1.018900174444738876e-01
-1.639748205626605781e-01 2.514576131795066144e-02 -1.306679586816359429e-01 -1.333868305258968101e-01 1.205775236643258919e-01 -1.558736950201162867e-02 1.314823448575102860e-01 -5.085444486939025982e-02 -3.868892300644873744e-02 1.452522556263518769e-02 8.850390845560308917e-02 -3.638780579614860899e-01 -2.472271507419332437e-01 -1.803724302975420468e-01 2.156608312997408960e-01 2.619836800500540547e-02 4.581026311781011273e-02 2.364188398627801169e-01 -9.618847474091928029e-02 1.153391648739279275e-02 1.219248051538841526e-01 -2.216039457770432874e-01 2.681232126695036744e-01 -1.959422183984040611e-01 -4.158166609893400589e-01 1.941912557722375865e-01 -9.321875924438183247e-02 8.443119430129066016e-02 -3.764180116845355362e-01 1.019851675643585337e-01
7.448315951354299302e-02 2.629704355947242167e-01 -1.841232606045244968e-01 -3.900927895792072331e-02 3.106997337721935093e-01 -5.574378639917617478e-02 2.215236938855093540e-01 -1.443291327363426801e-01 7.294264836578528630e-03 -1.076424860946046530e-01 2.609833496365913663e-01 2.125894179510074700e-01 -2.373195618623079040e-01 2.247489440428816765e-01 2.820046979513693430e-02 1.546089096881725078e-01 -4.186563864016969866e-03 -3.384370459273132459e-02 2.543338977839603166e-01 7.219072766520991113e-02 -8.948801940862427529e-02 1.709869101567143210e-02 1.842490410566162140e-01 -3.129224898754713879e-01 3.636293854900129463e-01 -1.012353859027436409e-01 -3.046356969555690797e-01 1.045908153458100093e-01 -1.799630650907225668e-02 -7.798767852434987380e-02
5.146566666914074301e-02 2.196925678403593152e-01 -3.993148348726008323e-02 3.524007860550594506e-02 -1.323730417769778400e-01 2.717963851904271477e-01 3.559428582767500820e-02 1.325864538438876472e-01 5.325826962618950278e-01 2.310313896283353874e-01 5.443904517113253710e-02 2.173361925163781461e-01 1.916717845864207570e-01 -1.237396739294691211e-01 9.991128092974724262e-02 -2.460604352573897147e-01 2.112873606811764560e-02 1.149455106810283317e-01 1.548503041099011379e-01 -7.513233323517393147e-02 5.738930451875644961e-02 1.400621018969055304e-02 2.781986561273346037e-02 7.960125500465614623e-02 -1.139231159748856359e-01 2.835118278231331113e-01 -3.490780909262746201e-01 2.124761240751617264e-01 6.992942424068768204e-02 -8.414540808081924506e-02
2.272669795122691239e-01 3.709430040131839884e-02 1.326156646109543924e-01 2.753294211246090084e-01 2.205776522564866782e-01 2.190043267527381488e-01 1.609774698646013191e-01 3.277995461288441548e-01 6.575781561209516346e-02 -1.766445907756548361e-01 9.518128869808159531e-02 -8.364413281205361483e-02 1.068222356300875808e-01 -1.398182331782174201e-02 -5.437041925449263013e-01 1.305660657285649950e-01 -6.137614147204826370e-02 6.898632661388871823e-02 6.411542677974300941e-02 2.854689957927022403e-01 -5.995327935692601473e-02 9.363297896686639810e-02 5.102303100046676892e-02 -6.411294196860242711e-02 -1.731872596648132701e-01 1.180946784727435334e-01 1.545157409259245440e-01 -7.940785629263437048e-03 -2.357457634265401614e-01 -1.052907955392314854e-01
-1.815107111326784983e-01 2.124916810073466666e-01 -1.423580868844697978e-01 2.564843292074550640e-01 -1.490702930330720377e-01 -1.543103736592784381e-01 -9.665932717326868040e-02 2.555702351898749281e-01 -1.662363870887517414e-01 5.762306394223332129e-02 -5.883237003369993015e-03 1.345321531773378265e-01 -2.694912129894256464e-02 3.567056953784562834e-02 -1.165973136042858099e-01 -2.345830815793261553e-02 -1.992956588326711687e-01 -1.638208248445802984e-01 -1.117194570512077684e-01 1.262965275491515216e-01 4.683229108561659526e-01 -1.150685726556482380e-01 5.743069752483061230e-02 -1.382662852453095392e-01 1.900096534166280382e-01 2.361503523813410221e-01 7.829022932757312425e-02 2.205842291179635206e-01 4.711044166868223748e-02 3.886876619268332944e-01
1.061951143808780584e-01 -1.814372531295966873e-01 2.029306388753392143e-01 1.988567490776457503e-01 2.658896186947339868e-01 -4.867851737172264326e-02 -8.999704869311328514e-02 -1.326659052365633806e-01 2.520086301066307155e-01 5.352148688271655269e-02 -1.889997964143849685e-01 -8.184653742554898193e-02 1.473871058848343352e-01 -3.122681241816622766e-01 3.189521236266734672e-01 1.639768968722530307e-01 4.115088229295760930e-02 -1.302647784240592577e-01 -1.604268501960353643e-01 3.439547874385377457e-01 6.189764903483645220e-02 2.314285580348138804e-01 1.863827783657189541e-01 -2.606772511872618714e-01 7.145808180810965526e-02 -1.035839048525252909e-01 2.844654807327174489e-02 1.993819550431488175e-01 1.855644055202442244e-01 7.776714159335208765e-02
-7.090803624112147763e-02 -4.228024875718033870e-02 -4.718293050014089052e-01 -1.588829283228481437e-01 -1.423441194816728143e-02 -1.166418229169377402e-01 -1.366323452697547625e-01 2.955577803705021211e-01 2.633091973524411267e-01 -1.038807107589237722e-01 -3.827375991246238784e-02 1.881328290322026031e-01 2.961860860776407978e-01 -9.659476346330568564e-02 -4.375997132837255305e-02 1.091002380620108708e-01 5.078218788464868017e-02 1.626284956237270540e-01 -3.158997976477906366e-01 3.662793806261388507e-02 -1.464302034914706230e-01 -8.222920854544110703e-02 2.026453763650538087e-01 -2.573537887845396555e-02 1.366700571114912166e-01 -2.736916894359410213e-01 -1.707874649529829425e-02 -2.390498911605486165e-01 -1.940649942146291662e-01 9.410125789585208067e-02
1.110618155401767865e-01 4.248127580716209994e-01 4.946672256865335127e-02 5.328618199215919005e-02 -1.019699908011058587e-01 -1.000953200818313071e-01 2.732389115517564471e-01 9.507743032084763068e-02 -7.840872538321852492e-02 6.105256814283960276e-02 -4.112479122082721150e-01 9.362085952359627816e-02 -1.919779233561124121e-01 -2.827845071236914087e-01 1.073306534638400478e-02 -1.233684691922559001e-01 9.597546465763291679e-02 -1.911159940079514008e-01 -1.728678761194073765e-01 -9.438172904869321367e-02 -2.630440595037433216e-01 -1.487833450095847609e-01 1.342829136204780616e-01 5.246971135178311874e-02 7.668420382133898927e-02 -1.108643074478594254e-01 2.127816987169623419e-01 2.102653530478718058e-01 -1.281545590846148996e-01 -2.390611474685142845e-01
