1.614744584509262282e-01 2.652872606002505962e-01 -2.303361044936863278e-01 -2.305497506885495762e-01 1.049376028086611568e-01 -5.077672745424346434e-01 -8.885891589785389899e-02 3.832818646628839004e-02 7.024599142151476648e-03 -4.434884249245992643e-02 5.351737239858016942e-02 1.288221559786140724e-01 4.802441647235888844e-02 2.388265922259805440e-01 -3.448921113558494622e-01 -6.821783578245504964e-02 -2.006484641348155878e-02 -1.142741707200348178e-01 -1.233219607668260484e-02 -2.313556425165436692e-01 -4.293338532659791984e-02 -1.517701371674247957e-01 2.508495431505644579e-01 2.411433663656718240e-01 6.711401103859133965e-02 -1.440451571280998155e-01 -2.032572385411465510e-01 -1.613366677186011192e-02 4.779291014383706820e-02 -1.803028595160844350e-01
4.394142126845994034e-01 -1.317633586116822020e-01 -9.217599879792123807e-02 1.289421575292315769e-01 -1.096197572523203295e-02 1.471090793690340293e-01 -1.629443139940629781e-01 -2.077423997915534282e-01 -2.151101589348659027e-01 -8.444179589936495756e-02 -2.058238376626607136e-01 -7.629145273999150823e-02 -1.261386588868738390e-01 3.136702258357133843e-02 1.032450931713011777e-01 1.101675926450001730e-01 -2.559583921030834583e-02 -1.002425110608277103e-01 6.737150733302005312e-02 -3.008069450202037753e-01 -1.490347674740062911e-01 2.524662382510512448e-01 2.201039007777179091e-01 1.854102219061867229e-01 -2.643808851398520288e-01 1.410148645379119547e-01 -1.648590781393047267e-01 -7.614764517014087353e-02 -3.338242796838671311e-01 1.516092901695810791e-01
-2.054188386953862133e-01 4.953507087345993681e-02 -1.727671817883862926e-01 -2.349215663350978089e-01 -1.531562590279841596e-01 3.853395747657210185e-02 1.802535761683093929e-01 -1.037632582065366321e-01 4.746201735445938069e-02 -4.189724926584476733e-02 2.578855583751745173e-01 3.752010209064398083e-01 7.401213640141975081e-02 5.541211612846724116e-02 2.937460200139250799e-01 -2.137845318892729607e-01 -3.270824572829269528e-01 3.250356997230299111e-02 5.884069498695998490e-02 -2.792885027990515273e-02 -2.615472629435727780e-02 4.114510994461264559e-01 1.840975054813686479e-03 2.823866628651719446e-01 1.378878823597077807e-01 -8.119547915363060919e-02 7.239323409407487364e-02 -8.961371852905550273e-02 -1.545973698328819979e-01 1.597008100574826284e-01
1.498865703112187697e-01 -3.210904231697420813e-02 -2.122626866328882964e-02 9.211055297047313073e-02 -2.521773333406445716e-01 -2.091286363411264115e-01 9.831548275578859408e-02 -4.414368220400216418e-03 -1.850504750147941857e-01 2.441817130239908318e-01 -1.717381759073001446e-01 1.539698729564642210e-01 1.449799261800769068e-01 -1.788390578235796169e-01 4.938843164636510380e-02 1.254755002523561813e-01 1.032485011369530803e-01 -2.348645583507625312e-01 -1.879792438521616094e-01 4.056124780518849393e-02 -1.116133022970596245e-01 8.657694875724325501e-02 -8.944079455783640609e-02 4.125384926237031513e-02 4.485663581429252117e-02 3.836877631812134985e-03 2.945063395357397362e-01 -5.863277130743779209e-01 1.672771569351884369e-01 -1.982906214226480834e-01
1.487270601634078093e-01 1.851423161824248820e-01 -3.413207481036339280e-02 2.213393202159977258e-01 1.976777097546259312e-02 8.639514739231210494e-02 -1.135986392944715040e-01 4.618766751048259400e-01 2.913158490259214542e-02 2.141656524067612200e-01 -2.057440028495272355e-01 1.908878978343026278e-01 8.195344939054996503e-02 1.442587295020359706e-01 1.992754850896419905e-01 -2.140410864445478067e-01 7.044881363505089977e-02 2.220228476926346117e-02 1.211101909263814919e-01 1.455730104443490325e-01 -4.011011187359868613e-01 3.158392605650570117e-02 4.898365329433780613e-02 -2.150336603064818830e-01 2.940258351337170506e-01 -1.070408055294931327e-01 -2.030912767136619779e-01 3.365426576617427945e-02 -1.658690892072629541e-01 3.445921931377739916e-02
3.427651405155611730e-01 -1.610477405385241090e-01 3.413859912862943768e-01 -6.733199320243646313e-02 9.153407264738468163e-02 -7.632333438731808695e-02 1.280246755810994230e-01 1.444374744666005426e-02 6.089764784248000162e-02 -1.004023385221711751e-01 -3.492375617382821595e-02 1.753873442868064680e-01 1.727563249027057324e-01 3.617057591700117980e-01 2.923790254814030432e-01 -2.383406864173467921e-01 -8.480545354709047301e-02 -1.118305437916153507e-02 -2.179091107835015029e-01 -1.851294046503104140e-01 1.464840044817037334e-01 -2.863303125054769693e-01 -1.778163350191047098e-01 -1.119615391073052052e-01 -2.205363513935851005e-01 -1.926192777858944660e-01 1.356042725401649662e-01 -1.423587983715569015e-02 -9.268158801237581790e-03 1.219483284787371558e-01
-2.133206541788639291e-02 -1.063338400286718485e-02 -5.691324099166631539e-02 4.743799226529844121e-02 -4.387794175689246207e-02 1.220317692370416268e-03 -1.767732925048659531e-01 1.347101239585684340e-01 7.654041581039616737e-02 -2.484942344096199851e-01 1.627092657614128898e-02 -3.007271706334230243e-01 -3.990358523536936541e-01 1.073628355874582246e-01 1.448757265200126543e-01 -1.213609555268641976e-01 -8.452566512171369451e-03 2.185896585129292746e-01 -1.584199719911189019e-01 3.454830755733857839e-02 1.001134958261814673e-01 9.253251083004462862e-02 4.086200607184448108e-01 -8.964956308880224489e-02 1.019306204398661986e-01 -3.578306524126643184e-01 2.369435447627323832e-01 -3.248675554353795958e-01 9.935550125276683409e-02 1.075763387019833262e-02
-8.106028931661667450e-03 -1.199649060776855625e-01 1.313434070930904751e-01 5.321059990384075650e-02 -1.131936409657215287e-01 -1.909545019200802884e-01 -3.171284764550591495e-01 1.893685674694766119e-01 -1.281818266109612248e-01 2.067876364490268959e-01 3.441005279931973193e-02 1.633715090046225504e-01 -1.550913262880053434e-01 -5.276811875974390942e-02 -5.972858242481124402e-02 -4.813899507671273725e-02 -6.287179760240137194e-02 9.375526470540425372e-02 -7.330968615002556033e-02 -7.736488177390285319e-03 6.149668980942682994e-01 2.013793394125747427e-01 -1.793747118565870990e-01 -9.299304474549435762e-02 5.066363543612888154e-02 3.650955159544402168e-02 -3.519914558048589659e-01 -1.151775450208379070e-01 -1.984909671273421272e-01 -4.199973767237705213e-02
1.206309850886921331e-01 2.783779284910212759e-01 2.779816646386540913e-01 2.070707638833629849e-01 -2.679699664744596976e-01 1.785243172701885331e-02 -7.491997875354250436e-02 -5.924033416462742840e-02 1.811021028730166460e-01 -4.209934046588403173e-02 3.859300983267752172e-02 2.352144906238770594e-02 1.840848169264317769e-01 4.652842882391019369e-02 -3.059942286139004652e-01 -9.064356614084295716e-02 -1.478945120892699583e-01 3.769916133782729162e-01 -1.313612930366750697e-01 -2.671803337019969943e-02 -8.533686761877115612e-03 -1.653541152098195882e-02 1.405128876880741284e-01 5.512386016407549300e-02 8.766565340492282754e-02 3.601342071715831761e-01 3.154980021014752167e-01 1.947890755916256321e-03 -2.864888372115968473e-01 -8.913191585294596986e-02
6.247825965948328175e-02 1.904540413773344876e-01 1.484895537762116226e-02 -2.220861725329266179e-01 -2.068882491728570860e-01 -5.849998835588048063e-02 -1.827551220664749287e-01 -1.588209770184789704e-01 -2.370750258120885301e-01 -1.520399015991338310e-01 -2.871131818498047147e-02 2.272230490140703107e-01 6.183432377879917452e-02 -1.356327699746032733e-01 -1.919492723872220918e-01 1.358375903960099274e-01 1.561884104563138753e-01 1.251815268774000012e-01 -2.472790470352300984e-01 -2.062743035052093041e-02 -1.432109230975021907e-01 2.155413347157025816e-01 -4.088998004735977521e-02 -4.091189282843181729e-01 -3.653666166371722507e-02 -2.390098520736521348e-01 4.074616375710000959e-02 2.133957061621282736e-01 1.135308904912021855e-01 3.740825037740841408e-01
-1.445795679012034374e-01 1.336827920572742912e-01 -1.635211572236350552e-01 -7.111986223228547455e-02 -4.437057582947072365e-02 -1.865778513497941549e-01 2.765403064043556181e-01 4.454514629970272171e-02 -2.255406200316805998e-01 -1.055402974451786630e-01 -4.336704203861782014e-01 -7.503702279777990647e-02 -1.162662329063921668e-02 1.122282955585279518e-01 2.140260725773244499e-01 -2.076137617884787900e-01 2.851598622185976817e-01 2.941328077759380877e-01 -1.765390852627402030e-01 6.192483452232568769e-02 1.456879621897715360e-01 6.651160160063772711e-03 2.944867591104651308e-02 1.595197420573753744e-01 -1.040424936166101273e-02 3.856370571145924520e-01 -1.093679379360202042e-01 5.688245273984103567e-02 1.310308493828384047e-01 1.588599146935008866e-01
-4.020576587060221141e-01 -9.352435818904214493e-02 3.991141166211026325e-02 -2.477134597009799932e-01 1.026268494567192519e-01 -5.260892744391407194e-02 -3.919934668942066658e-01 8.102313101892937020e-02 3.024811201368927671e-01 1.988298729681551025e-01 -1.013002845211768838e-01 6.600326236589500184e-02 -5.439250463209285152e-02 3.181855753741009707e-01 5.263256471713732842e-02 2.516247059560652866e-01 2.101189739328950534e-01 -5.638633522863982679e-03 -1.560884754813334219e-01 -1.055328949154300117e-01 -2.094091325000941861e-01 1.919757911478759196e-02 -8.406498429505722403e-02 7.329735480372555345e-02 -1.825413977783908737e-01 1.636982357764262264e-01 1.468987830266711148e-01 -1.321078524062910819e-01 -1.632035704885181071e-01 1.227350649504510560e-01
1.387351205975647095e-01 2.837586055665155052e-02 4.010905470429311503e-02 2.254972428744929369e-02 3.311794321940798036e-01 -3.459992557731563778e-01 1.265345278466965262e-01 1.538063649513844444e-01 -3.652749615564574587e-02 2.136254895391150738e-02 1.663747102451508808e-01 5.985689482921516952e-02 1.577000670159755813e-01 -5.944239225185931480e-02 1.230357671300676692e-01 3.610888144586910653e-01 -5.749661227790527768e-02 2.142384592215593186e-01 1.247664891781490593e-01 4.776285452791326214e-01 4.318987399197720539e-02 1.159909292638685863e-01 2.392438150788091245e-01 -1.567168229089625081e-02 -3.125049066833582301e-01 2.268611988940933723e-03 7.633461144009746902e-02 -2.587475422257042718e-02 -1.364792343402949915e-01 1.153175917884897289e-01
1.242848793064916524e-01 -5.600369000883015369e-02 2.526874728112118041e-03 -1.748335896621442953e-01 3.254409301763860340e-01 1.070242393499893085e-01 -3.200704077501449231e-03 1.106754427658424161e-01 9.772199811871386255e-02 1.447414199971736315e-01 -3.450013314250815477e-01 6.153858309120514673e-03 -1.322437145021302385e-01 -1.540421179211418079e-01 -2.146355418264328796e-01 1.297352123342393124e-02 -6.115940162547582881e-01 8.017160275099459443e-02 -2.441028606952113655e-01 4.634832757395870168e-02 -8.260787813679744407e-02 4.324664279075799561e-02 -5.444139458821967148e-02 5.055965709117902357e-02 8.489936819265594958e-02 1.141590310782698847e-01 -2.433214007870825382e-02 -6.108093917182113447e-02 2.587441143953638778e-01 1.904353596841803775e-01
2.781816475181540099e-02 1.814790109256604611e-02 1.541174431052007299e-01 -2.420214073589453951e-01 -1.757870308713120888e-01 -9.967840462842499083e-02 2.237889619949655351e-01 9.360524644134763164e-03 1.620993032744615925e-01 1.622197085708340092e-01 -3.545908008776854081e-01 -3.382463496260687541e-01 9.076226462354793079e-02 -1.382456557606028535e-01 1.322736614372042180e-02 1.972101391011554794e-01 3.042254116373209472e-02 -4.082495549800454343e-02 -3.220463756462778326e-02 4.815924255997467221e-03 1.056839081901961019e-01 3.011763108683244983e-02 -2.656551435121332072e-02 1.962861687860602833e-01 2.150693575559312343e-01 -4.095270926600261263e-01 2.766767296672645315e-02 1.841296822902785957e-01 -4.013419268122636052e-01 4.167296167332346785e-02
-2.369743541140777870e-02 2.062936307252682955e-01 3.071932054070520834e-01 1.799033460807890894e-01 6.549598555940734645e-03 -1.668900494100884480e-01 1.408649712948367994e-01 1.206774061618403893e-01 2.892812957754916092e-01 -9.941878904896092606e-02 -3.680803260654708087e-02 -6.872653391420006919e-02 -1.825350505825943659e-01 7.980106261676426019e-03 -1.634103490584829232e-01 -2.479100727184972430e-01 1.020239773283710544e-01 -4.915363598288206570e-01 -5.760311608136507895e-03 8.269193164773468163e-02 1.091193616870594039e-02 4.309356000609355641e-01 -1.229511639895141360e-02 3.391272093377145636e-02 -2.235215346029530703e-01 6.420247294438531649e-02 1.628550675856616295e-02 8.286749609915662618e-02 1.153960433956047332e-01 1.615864374560798122e-01
5.552474927782354019e-02 7.040903168154523384e-02 -5.565861867006689084e-02 2.193571840929030015e-01 -8.274181618446577180e-02 -1.368061497577295060e-01 1.933361105012393333e-02 -3.846312689115557459e-01 4.455875853553989963e-01 2.030328331841019934e-02 -3.043033967691257669e-01 1.727659766286650522e-01 -7.244217347400860874e-02 1.195539883439381557e-01 8.891797009294462317e-02 1.768600093139535423e-01 -3.326195175724943470e-02 2.980355283850055770e-01 3.454518980085838908e-01 -5.810896078090524441e-02 4.891424312542752562e-02 1.256956864628632764e-01 -1.323087120979064835e-01 -1.055180782924807353e-01 -4.912960428138067603e-02 -1.436973804376307784e-01 -1.367871687813671522e-01 -4.647773816612483372e-02 2.649754105902842327e-01 -1.144924842144373484e-01
2.597485631647136750e-01 -2.008179339679583286e-02 9.058482951988102577e-03 -3.945317343756892248e-01 -1.344610774491492855e-01 1.023997183423381863e-01 2.376919246886451467e-02 1.921582144272879211e-01 2.852367858572601306e-02 4.101696479566703801e-01 1.338767554510854885e-01 -2.000768798973084350e-01 5.789308487143864090e-02 7.696871421399045961e-03 -8.453874209147473062e-02 -1.767782788771657398e-01 1.521732795173207087e-01 1.765294023376411670e-01 4.354777216181499044e-01 -1.829548050654295488e-01 8.252790908676016501e-02 1.236745704567853849e-01 7.040444458151735863e-02 -6.214616173752778722e-02 -1.272363864995831595e-01 9.879883317875805260e-02 1.591649070170503555e-01 -4.954915066224802045e-02 2.443463963168435449e-01 1.404216643194418634e-01
1.105859747914131191e-01 1.717978692580528211e-01 -2.552666769223468357e-01 1.197748532241371816e-01 1.712723254321650915e-02 -1.399408188908242145e-01 2.766207306541308419e-01 3.271565862297452498e-01 1.864406775312626441e-01 -8.746254380403684081e-02 2.064208903973648035e-01 2.745292436377109666e-02 -3.050567390860593475e-01 -2.375631929600371117e-01 1.021630307100345331e-01 2.494299272147173230e-01 2.203043733802026449e-02 7.414823939195609726e-02 -7.041112596578046057e-02 -4.460735333486632315e-01 -1.480731165913524820e-02 -9.795454371811575245e-02 -2.632811754358773126e-01 -1.253582239373338403e-01 3.294198977775036202e-02 1.189229434684178077e-01 9.678812366687206126e-02 -4.566405651874183916e-03 -1.380016144696309122e-01 1.377340306338747378e-01
1.860685780431039493e-01 -2.798157454766440067e-01 -6.491528463614278099e-02 -1.396845448318765059e-01 -2.805224358475522442e-02 -1.747885833509808251e-01 -5.052339651607608284e-02 -1.950727628305114758e-01 4.194918117342779085e-01 9.001503094250001835e-02 1.676775745326925526e-01 -5.139597917957272610e-02 1.122619536163042830e-01 -2.771930141804869185e-01 2.550946420532557157e-01 -1.250534347422600778e-01 1.201293762009826155e-01 -6.344089407391244329e-02 -3.195803438090184523e-01 3.008942371270685937e-02 -6.422866003582768102e-02 4.697200937540667309e-02 2.878164628036257722e-01 -1.990627579048316886e-01 1.761693685698368095e-01 2.469761614043821107e-01 -2.050315643379432562e-01 1.215384895171027629e-01 3.924649196032192755e-02 -7.587267966625357851e-02
9.939776620266276702e-03 -1.318228767676176381e-02 1.455025143469786397e-01 1.184474407583015476e-01 -3.803404010081877507e-02 -2.866143597063438020e-01 4.021928343900246783e-02 -1.384395977668947397e-01 -2.945491599925252890e-01 2.728846174421133974e-01 2.099442640157610229e-01 -3.137631551350627546e-01 -1.716890793879312094e-01 3.910949822145117771e-01 1.652741518430662082e-01 1.590117731161015402e-01 -2.196941899997863767e-01 1.516394208439007969e-02 -8.767838047965309523e-02 -6.635221293680672316e-02 -1.909721186868182374e-01 2.063608890898838699e-01 -1.183680995866494001e-01 -7.726657393827131293e-02 2.249575412062609081e-01 9.316676065166944187e-02 5.879185467525664677e-02 2.676586734512123034e-01 1.380574939102450216e-01 -9.111507034658587745e-02
-9.320751941941139707e-02 2.747344019387815695e-01 -4.684945456133797481e-02 -1.442458021168694926e-01 1.871329071221456142e-01 5.050227768648051646e-02 -1.182316945833576105e-01 5.286176010203426368e-02 -2.839491358114634711e-02 -2.347231068846182545e-01 -1.827086303775191101e-01 -1.520249392402893973e-01 3.753432081515903906e-01 5.481309476563425015e-02 2.073204952915777832e-01 1.536565322812207535e-01 -1.769769127304154366e-01 -2.613193761522049630e-01 1.447095816203821939e-01 -2.124280372599183786e-01 2.700290517086728626e-01 1.736531891689518659e-01 8.663127079101555494e-02 -3.782693174496947197e-01 1.402146062489085521e-01 1.846934855430927280e-01 1.168442414831630666e-01 -5.858451845015134191e-02 -8.964540792044792608e-03 -1.591827045602369761e-01
2.127815043072817658e-01 3.574284223225792090e-01 -1.946322758652242191e-01 -8.040190355851378756e-02 -2.255698527946173593e-01 3.870861662294555749e-01 8.454794865303792706e-02 -2.959031633022154995e-02 1.165096745956216706e-01 2.118278513001304320e-01 8.461868675156304642e-02 9.268973321230081219e-02 -1.612753186448775689e-01 2.961856557879731233e-01 8.022067619566733421e-02 2.785603442099101601e-01 -3.085206118312560763e-03 -2.102317410350428573e-01 -2.473662033147039085e-01 2.708157204790271888e-01 2.664261903898594852e-01 -1.170410097387599990e-01 1.173763201147365876e-01 2.021037212107659395e-02 -7.737656568320876171e-02 5.098416881390541167e-02 -7.707962235926926753e-02 6.619070024388999662e-02 7.307767782820857871e-02 -7.912525524011539135e-03
-2.459596537001638994e-01 1.447623151807029239e-02 7.399149212955333232e-02 1.696790407124915967e-01 -3.201748455888094869e-01 -1.768514554324487065e-01 1.554303176842637170e-02 -6.098913003054391713e-02 1.060431177699009287e-03 9.521123620132709853e-02 2.814890833130327327e-02 -1.120943723206771214e-01 1.043020215877102086e-01 -5.075957330258524386e-03 3.164157241691148426e-02 5.651760693824903897e-02 -2.577233009394181429e-01 -1.655178204402801279e-01 1.599886315123452141e-01 -5.396166912364074725e-02 -8.528174016247723564e-04 -3.782332755501739974e-01 2.479318170754235551e-01 -1.097292701338353216e-01 4.025080619769831592e-04 5.709287866409211432e-02 -2.061667164991949630e-01 -2.049918257179430547e-01 3.960933446666631969e-02 5.490924241928833993e-01
2.596670125974314680e-01 -2.043046512198327946e-01 -2.838100835061925162e-02 -1.877024524175336107e-01 -2.767413661073913622e-01 -5.432281314689010182e-02 -1.126577853148220537e-01 1.802299046803461369e-01 1.136371558660132508e-01 -4.905886990806896386e-01 7.038599085970995151e-02 -1.644173652080100911e-01 7.051444612871020368e-02 1.943420854045312673e-01 -7.030818218480044957e-02 1.657532270596991097e-01 -1.402105972305508173e-02 -2.995866166853032586e-02 1.297772341366357218e-01 2.959872816600211953e-01 -9.855614902986199743e-02 2.783689128321707035e-02 -3.421370521764054984e-01 1.075272610814185653e-01 2.137473569130720619e-01 1.663452850189149901e-01 -1.327836003572198942e-01 -1.409199150265005585e-01 6.681234147639254772e-02 9.686019631295672561e-02
8.846278858706609072e-02 1.530689313371005333e-01 4.333964258706872741e-01 5.924641559000792118e-02 2.139326730793051912e-01 1.106113476272238827e-01 -1.532733564495892542e-01 -1.195876983799761071e-03 -3.037534697730511976e-02 -4.508042421613556172e-02 1.046861512607679678e-01 1.648228619521127647e-01 1.431590597981883227e-02 -1.352197193130857122e-01 1.901162258735661637e-01 2.419255086849759206e-01 2.413575931596786961e-01 2.404418043619921397e-02 4.317217020036090425e-02 -1.534813014303753886e-01 9.263736997136469420e-02 -2.075461352820443320e-02 1.138270586953211150e-01 4.016569285562094360e-01 3.929342475464777107e-01 1.075181495542017196e-02 -3.644131938849379249e-02 -5.175730643243645762e-03 2.868357803044134235e-01 1.896617462828262823e-01
7.858016269124017128e-02 -1.178581206434512474e-01 -4.527220302627361637e-01 4.003125979258115308e-01 1.491203868161638801e-01 -7.459257174514057238e-03 -1.809482183423552770e-01 -2.411323124074211954e-02 1.016390443187151910e-01 1.268685928834088483e-01 5.120973955620502366e-02 -1.502292449021672138e-01 3.703125998370704886e-01 1.061591443675732049e-01 -1.189532169752457458e-01 -7.037725936710159669e-02 8.889436178521679943e-02 -3.060007466630128986e-02 -1.269532648879362624e-01 -1.477847604054907454e-03 2.228224642946758649e-01 1.109164106047413334e-01 -1.367941140840087944e-01 1.643580020561275501e-01 1.129236745969728895e-01 -1.257086339341258185e-01 2.251837930331516413e-01 1.195687882907507521e-01 7.215917569251120711e-02 3.295260110108894636e-01
-7.076721464466328992e-02 -2.152002070397589784e-01 8.089989638016620299e-02 3.396256141858716715e-02 1.974516035201563380e-01 1.916049377231728024e-01 4.787830652691353328e-01 -4.495111944651054153e-02 1.911669772800099129e-02 9.401470045330031708e-03 8.509843812261445872e-02 3.299524649491383105e-02 9.942132785636134673e-02 3.011736356237166845e-01 -3.581400987173368189e-01 1.380710565005539847e-01 1.913327956787319040e-01 8.093916868616540805e-02 -1.038830018149359685e-01 -1.195700382388559940e-01 1.483489556519183676e-02 2.009644990665035436e-01 1.388318562533487066e-01 -2.161247507933319323e-01 2.182458705265971355e-01 -8.466176704673589182e-03 -2.296402910780596662e-01 -2.965965988074130699e-01 -8.989127054549883589e-02 7.746094452348509241e-02
1.428284603519902884e-01 1.042277694901225932e-01 -5.033304049437344052e-02 -1.325580140307304755e-01 2.758299744038970047e-01 -1.159318972448644125e-01 -3.055944248569118782e-02 -4.004644620397579402e-01 -3.824171948163721663e-02 6.665229497897189048e-02 -3.197330575014776383e-02 6.226286329361525873e-02 -3.323699534907211262e-01 1.982451412939565533e-02 -4.914750820382401963e-02 -1.877586320876391268e-01 1.264595229136275256e-01 -1.447159429757377824e-01 2.175390400822115877e-01 2.340240264978209750e-01 7.912119512797967380e-02 -1.680511575773707966e-01 -1.299184756277901864e-01 -1.634955260101148833e-01 3.159465411780914557e-01 1.364553984145550902e-01 2.451289802574541377e-01 -1.419899603107861175e-01 -2.818556286162785529e-01 2.078403796814589088e-01
-1.463479787879023303e-02 -4.402495891203465073e-01 -4.937748119890124354e-02 4.319782795255591723e-02 -1.707005113508767713e-01 -6.883915247439924279e-02 7.141192898544686252e-02 1.929743568403141651e-01 -2.991953653327340118e-02 -6.827352663914994235e-02 -2.141786124148315762e-01 3.822661831942952837e-01 -1.629402313000787028e-01 1.018685490099011243e-01 -1.027523652442840912e-01 1.508764757210902252e-01 -2.343733303432235515e-02 -1.549792904875706145e-01 1.712068377546780984e-01 -2.912596607325189033e-02 1.351937402435960667e-01 -2.698164545990507091e-02 3.174784113960011367e-01 -4.080086120029562113e-02 1.603993790614942905e-01 1.055176595524862093e-01 3.378958747537887386e-01 3.569216771522078502e-01 5.263352651868532378e-02 -1.585234365277500904e-02
