-2.987673230129546109e-01 1.653039330405819268e-02 -4.724454895886078809e-01 -4.890118772475678388e-01 1.047281311829484640e-01 6.573685184192738784e-02 -5.201398338727950543e-01 1.978875095606923151e-01 3.508901084058737019e-01 -3.062601096844657592e-03
-8.480327324508225850e-02 -1.975614643589640174e-01 3.453559848284307177e-01 -2.389860170975685594e-03 9.328444659815206264e-02 -2.586853629929143916e-01 -1.765941135755944857e-01 7.924575076154813935e-01 -2.881744420128168338e-01 1.290829523981422977e-01
-5.812719381999766899e-01 -4.672395622713933216e-02 1.698289123499498454e-01 -3.279267375735497314e-01 -8.410822025754433051e-02 -2.567400928719462683e-01 3.766573620178895743e-01 -6.952589196007068206e-02 -5.511426639295988195e-02 -5.484798380179420896e-01
-4.730482722540022555e-01 5.439577007830797006e-01 -1.166725814124094235e-01 5.182205114977809224e-01 -2.648629091136230351e-01 2.614791580304312579e-01 -5.784511183561970304e-02 2.293311714221081543e-01 -4.862052549102658522e-02 -3.665859693526403451e-02
3.036850177883379520e-01 2.975782507625715501e-01 2.570024884984317137e-01 2.165327320843354886e-01 1.216530192683275974e-01 -3.531181578613928340e-01 -2.225256566558326266e-01 8.828844683461793685e-02 5.384608126617363988e-01 -4.685524906456611793e-01
2.153876761807997919e-01 5.522575453809669410e-01 -2.483144472719323037e-01 -2.333055370291956809e-01 5.534247539281921258e-01 1.528148803896452884e-03 3.130095995727186220e-01 1.753498231576127719e-01 -3.031229557684185227e-01 -7.510542235863261473e-02
8.943051716910004056e-02 -1.832798365037648092e-01 -5.473643324613425287e-01 2.934058173115005608e-01 -8.500296767235783479e-02 -4.590801116626995193e-01 -2.428626001260759393e-01 -1.001185430839282298e-01 -4.381419629526437376e-01 -3.062051594933579701e-01
7.242727026188963690e-02 -4.651931043260507104e-01 -2.293362732432446816e-01 2.619822864089997871e-01 2.412626354224762237e-01 4.821999510362427466e-01 2.622419302580009659e-01 3.136532354596514027e-01 1.858659118876374583e-01 -4.058325396771303439e-01
2.067253317762015041e-01 4.098744504169039155e-02 -3.486684436698444522e-01 -9.566539028669185374e-02 -5.031491621865653574e-01 -2.893704887918464586e-01 4.876840063123792923e-01 3.375577227722049156e-01 3.099880380128542945e-01 2.002380256627954713e-01
-3.837960744574760996e-01 -1.319310440393081374e-01 -1.165645155341387268e-01 3.458059746897229614e-01 5.132570688183961671e-01 -3.778522644811385667e-01 1.999270044555367665e-01 -1.205624113580115453e-01 2.898265192066808993e-01 3.967556535108890947e-01
