-1.761917668825307981e-01 -2.443635604017528606e-01 -2.604628703849169447e-01 -8.610217277131198069e-03 9.961262733020342930e-02 -2.366650669693057263e-01 -1.197606155544291701e-01 1.278856822430146645e-01 8.966599340932973616e-02 -3.060055763958165476e-01 5.162806518787898397e-02 1.454608790269022178e-01 1.719648635121530655e-01 -9.464255204079038974e-02 3.183610282224083599e-02 -3.625769088259032935e-02 2.862506073511127958e-01 -2.409923997701231557e-01 -2.502578059368383290e-01 3.839379550994741208e-02 1.745987997256024937e-01 -3.067279575945760506e-01 -3.234274928675892613e-02 -1.246788980033171623e-01 7.635558020208788174e-05 4.971765994964370133e-02 4.169444265768412761e-01 -1.507689234132459505e-03 -2.381453464855409763e-01 5.387692380532398476e-03
4.980344161042472156e-02 2.907713162431499920e-04 -2.098022640337460221e-01 8.560222536612364930e-02 -5.076522970009253455e-03 3.842585873488176679e-02 -1.107400810384687739e-01 3.328599138669862123e-01 3.384279168674877991e-01 1.958857368147467193e-01 1.561746999706322969e-01 3.073293676530504670e-01 -3.973898327957726268e-02 -7.785762365869838830e-02 1.226359598011326629e-01 -1.487125454676700709e-01 -1.322821260965690304e-01 -6.489736370059918935e-02 1.045441793766610783e-01 3.283680613278484595e-01 1.015394959027081656e-01 5.462671943496666405e-02 -1.397790068786796671e-03 -1.523266804636225769e-01 -6.860570935417503735e-02 -2.556350759377761794e-01 -2.113506289274918459e-01 -2.542108136208749425e-01 4.256178167531632361e-02 3.833354436222631834e-01
3.978061135775514678e-01 2.523543133226420765e-01 1.178983474613410493e-01 2.964983026607453595e-02 4.314786118412116678e-01 -3.060256696954551450e-02 -7.664433213102210540e-02 3.111355389407622907e-01 -1.444022507403455724e-01 -2.091849173748608348e-01 7.523480687107744758e-02 1.743125002801997614e-01 -1.381636958744670851e-01 -2.299675113414123909e-02 1.050432686645204339e-01 6.698633500334831570e-02 3.076455295774382231e-02 -6.972682713798049325e-02 7.191246031244505343e-02 -1.953709593470984995e-01 -1.372734608627127761e-01 -1.083532971847338822e-01 -1.525268814690323160e-01 3.870259588956923569e-01 6.319689276095977193e-02 -5.292599498395968854e-02 1.441625608949464732e-01 -2.240051182630500848e-01 8.412934790944981422e-02 9.073140499662582514e-03
2.670622538380681976e-01 -6.267782389516612929e-02 -1.470754073348765345e-01 5.680844513403993795e-02 6.804159201215177755e-02 1.556546652681534137e-01 1.701855123004894776e-01 -2.211114989633505556e-01 -6.770332495773205561e-02 7.058375644954556494e-02 -7.149272617838607624e-02 -2.793622922912704643e-01 -2.290427532989872672e-01 -5.042783991198332982e-01 -3.395401582353257258e-02 -2.261829705967999260e-01 1.255727735913614862e-01 -2.248329873964293457e-01 -5.876643910283268352e-02 4.991542331195331084e-02 -3.773671576426757598e-03 1.098632375377039533e-01 -1.158881315653745026e-01 -1.653238162439909231e-01 3.615419988833872278e-01 8.928385123222418174e-02 9.253104031224630363e-03 -2.572767943846767658e-01 -9.865504076084423424e-02 3.983195888621922365e-02
-6.901912796195204536e-02 4.042254487932886442e-01 -3.199594430798915479e-01 -2.756077540717734031e-01 -1.627447247089593846e-02 -1.344563264784855439e-01 -3.132159563261696644e-01 -8.512005464385037634e-02 -2.635494370952681797e-01 9.100573265125270084e-04 -2.830819857269771256e-01 2.625748858769831606e-02 1.777790507108084894e-01 -8.345511384655276282e-03 -2.060179619733539247e-01 -2.261313881638578049e-01 -4.171016677432937136e-02 2.307273996061495192e-01 -1.139653563061061720e-01 -7.461293519988632106e-02 1.023201466587636693e-01 2.134758462923998235e-01 4.732823246847796955e-02 -5.621349943339813693e-02 -2.197320879507174904e-02 -1.227359279520863766e-01 1.402716968355740834e-01 -2.670135809909469082e-01 9.776334202728341471e-02 5.679143946250611585e-02
1.013056776170795370e-01 1.573779377153133874e-01 -2.680410573198384050e-01 -2.032071419685380353e-01 -1.804933695334917099e-01 1.036722131705712924e-01 1.866897850854869201e-01 -7.748841507521350485e-04 1.587485493199206066e-01 -6.975494314279274098e-03 1.620398557641407611e-01 3.134707015813897324e-01 -1.327960913370387075e-01 6.527001866274820263e-02 9.003871645257427447e-02 2.604641145396814281e-02 1.184994363321048572e-01 -7.901954533215997667e-02 -7.044956673842674155e-02 -1.429559035824495283e-01 1.711779837987274788e-02 2.825961090250753149e-01 -1.977738266147913843e-02 -1.601256195472184479e-02 3.266335726632804137e-01 1.076414057912962983e-03 2.410129373261722108e-01 4.419716848023718669e-01 3.258138858127327953e-01 2.100969407388902227e-02
1.402623904160219814e-01 1.242068052561088320e-01 -2.176742269343298619e-01 2.955543544158154567e-01 -4.939814367981636145e-02 -1.820879777449168069e-01 -1.794355553399352293e-02 2.034072007595695217e-02 1.510080136972770104e-01 1.504765528354560788e-01 1.916410806093059305e-01 -2.171161659062600391e-01 8.523243369297541991e-03 -9.349189915160611986e-02 -9.157364209440388425e-02 -1.372056919001772290e-01 1.891957616130568176e-01 4.531333267280789057e-02 -1.863254580300768293e-01 1.825607947346639948e-01 1.646449795445513176e-01 1.427274976975297649e-01 1.246890399147690398e-01 4.699828828131258907e-01 -3.151863649224347919e-01 3.288906888344433344e-01 -6.505324083364615387e-03 8.300009180389793240e-02 1.364258669740328334e-01 -7.507789168854067663e-02
3.797278337033851286e-02 3.416618685938211941e-01 -2.041567575174523252e-01 1.142284512483775771e-01 2.669882094473478573e-01 7.883879787007423701e-02 -6.675431446416450754e-02 -2.783323436237919446e-01 -2.085094619236956826e-01 3.397868234314603830e-01 1.754248037455903297e-01 2.082459194408806114e-01 -3.707601214077608370e-02 2.109130045983793333e-01 2.243361484190116786e-02 1.850909039233458453e-01 -8.625458411443204243e-02 -1.792071609714485647e-01 -1.412587982628736860e-01 1.650086382951962694e-01 1.413446618587555215e-01 -2.635558960445322785e-01 -1.625184561286774076e-01 -2.031937467766366801e-01 1.097085167744441155e-02 1.269632850462133755e-01 -1.452708118529256187e-01 7.942934660668504732e-02 -1.367704484289474220e-01 -2.185079637705719391e-01
-1.583073822545109366e-01 -1.674947320753435165e-02 -1.513558626315032463e-01 1.824713099544072320e-02 -2.317112205957323409e-02 -4.064686254759632411e-01 1.753922137786991520e-01 2.787186433086367709e-01 -3.699701772132849564e-01 1.715036788022037961e-01 1.866785654733562061e-01 -8.433967557915563254e-03 -6.723638094121217601e-02 -1.953853099985007613e-01 1.095847953025820554e-01 -3.213970905494796249e-01 2.266913626849980171e-02 1.782329458443153436e-01 1.747147830422586187e-02 -8.625436751286010006e-02 -3.461617376727738060e-01 -1.457972538478113089e-01 -1.515887125437606897e-01 -1.056337183890916354e-01 4.340539953212407473e-03 -7.234254091140608633e-02 -1.848765112104105990e-01 2.427766334597483699e-01 5.926581642188899490e-03 -6.594249381195456394e-02
2.365575700778990986e-01 9.100621136162312386e-02 3.499600773096826767e-02 6.803507600349276152e-02 8.566067757473209976e-02 1.949017579425268987e-02 7.750650663117172054e-04 1.172469381320417198e-01 8.195362639027657659e-02 -3.303281266780800363e-01 1.092053033158983666e-01 -1.072181524283644244e-01 1.788674871248217280e-01 2.249373255300347527e-02 2.221192392827159301e-01 8.936094281638673475e-02 2.540269234288943800e-01 2.554701562950214555e-01 -2.527892182148903100e-01 3.465686544177996875e-02 9.063168597692178308e-02 3.453406769628395434e-01 -9.477839456925903072e-02 -3.061920952809382701e-01 -4.470235993104884620e-02 -2.065808053202658201e-01 -3.040758899592121978e-01 3.077307044212114137e-02 -1.500497314169597640e-01 -3.060332906045452606e-01
3.449402757048361523e-02 -9.358334455392491869e-02 -2.545541729916019902e-01 -6.377666810705456824e-02 4.008918734180327847e-02 1.108596602111453222e-01 -1.123746849794218239e-01 -2.161070708428595166e-01 2.087845690361971041e-01 5.221556322350284080e-02 -3.270535294562056383e-01 -1.417456391919634240e-01 -1.871252656583878293e-01 2.435839701698247484e-01 3.383729294676749433e-01 -2.626508867771023548e-01 1.047890127116423986e-01 -8.313000540177310771e-02 -1.458165246185365860e-01 -6.265703956347337678e-02 -1.707317361606325579e-01 -2.093774706473870706e-01 -9.327430120362908278e-03 2.820559207193407691e-01 -6.924878713380983042e-02 -3.980252628112562752e-01 -1.238796158572399442e-01 1.019622934058586200e-01 -4.598656375608957403e-02 -9.984194802307957972e-02
-7.977765314385248940e-02 5.893875331999087752e-02 3.040766059551572309e-03 1.751720807537342564e-02 -6.646437333662105762e-02 1.785914753794791143e-01 3.721734208206931571e-01 4.238982715798966239e-01 -1.476770926524259009e-01 8.484466091091170947e-02 -2.901385791624904176e-01 -1.267765088647430927e-01 3.822928695330109483e-01 1.784004716846543104e-01 2.519484083844399092e-02 -3.585862291157931869e-02 -7.747524459607378622e-02 -1.808829775627082415e-01 -3.035126926568545991e-01 8.543088073250290626e-02 1.818313891868627297e-01 -9.132487555705445792e-02 -5.941861153138941476e-02 1.744928984246613135e-01 2.789119662250715836e-01 5.161775453187112533e-02 -1.492191556975974998e-01 -4.504996187376497652e-02 7.987737729586148749e-02 3.901542745187169120e-02
-1.270591301758322300e-01 6.416748404749803014e-02 -1.658027466269872963e-01 -1.551967760356807308e-02 -1.913460022925366766e-01 5.449371193419871862e-02 1.282331632420621592e-01 -5.834170312393468366e-02 -8.757946610610771454e-02 -9.643974940655150596e-02 -1.069546689881100549e-02 3.852769014843011506e-04 -1.557809761674713855e-01 -1.114417110341487105e-01 3.428417702863334471e-01 2.842984957282785330e-01 1.979650801580288555e-01 5.132400757830349325e-02 -7.804137373639669084e-02 -3.736655952247348034e-01 1.428460876380725220e-01 -2.291656467708223788e-01 6.785551887008300920e-02 -1.116883104890576961e-01 -2.355077737583895492e-01 1.940314788872833374e-01 -2.342455788742662803e-01 -2.942785421112669164e-01 2.969097728076594556e-01 2.003961923754802310e-01
-1.712414086595288876e-01 3.051608793257141738e-01 7.077966055579279492e-02 -1.538214162045792137e-02 -9.626185395097607012e-02 -4.317214257363988783e-01 2.675888723375451361e-01 -2.447383938118674607e-01 3.842266640144862966e-01 -7.968241823962447790e-02 9.564439639815310035e-02 6.261678879691912059e-02 1.634905052503476675e-01 6.406121006555157539e-04 -1.585727170384897133e-01 2.605025305667314425e-02 1.157497548168942014e-01 -1.552438329465567479e-01 1.564363587550986201e-01 -5.447574261299149845e-02 -6.722733324856669523e-02 -9.896504128412006440e-02 -3.936749888360741717e-02 1.292343639262438781e-01 2.433589400928663771e-01 -1.595552361164375155e-01 -2.034955730753279513e-01 -2.712007097066814199e-01 5.475540211965598814e-03 -1.684624841425631514e-01
-3.456566599637135306e-01 3.580503510371898374e-02 -1.784434543136903806e-01 2.962936212862807284e-01 1.298529610257078415e-01 3.369834331305162634e-01 1.612878885912761018e-01 -1.260477375819689938e-01 -1.542459445558046205e-01 -1.779627790036602264e-01 1.860835903129036129e-01 1.603863580053555837e-01 1.952919079715123227e-02 1.861424570318153948e-01 2.650128944298147521e-02 -1.330791832486019899e-01 2.155750007306387883e-01 2.749129000472639861e-01 1.149556176596063378e-01 4.194918652152073574e-02 -1.665932115813071879e-01 1.290417254733301489e-01 1.889588191424304842e-01 1.889860833759584857e-01 1.879250111106614274e-01 6.096103582152003625e-02 3.727970386428614957e-03 -1.329847918521531724e-01 -2.748975424790108812e-01 1.813278660976890000e-01
1.476131051471671063e-01 1.642878116372489261e-01 -1.334787516366774118e-01 2.292380923558319517e-01 -1.653553830988334361e-01 6.075920797537961299e-02 -3.239772062012298837e-01 1.346489019298528211e-01 -1.499887411698515582e-01 -1.490952103848864618e-01 -5.089046270390096272e-02 -2.227874388223640145e-01 1.144868487627239972e-01 6.575945647384379145e-02 -1.813880243618287980e-01 3.812987275396559350e-02 3.030528997240120592e-01 -2.684273302329538424e-01 4.307060800401819045e-01 -3.380013608507630857e-02 1.754761687283221475e-02 -1.658863747287373236e-01 1.843161890614286313e-01 -1.202010648033927098e-01 1.360543442060790642e-01 -8.649192202535109508e-02 -1.942653172803680550e-01 2.649263622662454409e-01 6.511299187186841975e-02 1.142045170843170171e-01
-1.825837002182412738e-01 -1.587318217272435869e-02 1.928808531332791287e-01 -1.343853604621061959e-01 3.027378322446704351e-01 6.625024550038166593e-02 3.664272046232795038e-02 8.894607095953388498e-02 1.248597415221638363e-01 1.822595225922569173e-01 -3.911481984007927210e-02 -1.162515195477870772e-01 -1.813399710178727475e-01 2.483231590388936538e-01 -3.531091093490676958e-01 -7.319845210813004377e-02 5.260864133457145986e-01 3.252212493709348562e-02 -6.756489657145106631e-02 1.428642039538487001e-02 -3.773305772375967759e-02 2.991416106796505187e-02 -3.286178201122321729e-01 -1.636369534061766218e-01 -1.165472076751836311e-01 2.081048143491423877e-02 -2.013206370537220374e-02 -1.379990857240424688e-02 2.134295000378746143e-01 1.938210392528844361e-01
1.401745494584376479e-02 -8.559545830255974042e-02 2.792026414347080765e-01 1.256000162126919006e-01 -1.110105608006225208e-01 -2.984645446944928296e-02 -6.315774239953859948e-02 -7.321795300819614050e-02 -1.191767688921096802e-01 -1.225931262209044026e-01 1.372947754213359739e-01 7.435132627054949483e-02 -1.941696899316725788e-01 1.930585885850054362e-01 1.061958591933117868e-01 -4.937143070072073647e-01 -6.966512403545478509e-03 1.462762382961535212e-01 9.008208627336221352e-02 3.897112096327276509e-02 5.234627252899166638e-01 -1.806076029430483953e-01 -1.285714622562758244e-02 -4.929305882129236122e-02 1.874270083037332668e-01 -1.518881241229321465e-02 3.680325645368894005e-02 -9.203200042302703276e-02 2.600735008230550815e-01 -1.985952837880787247e-01
-1.568769281851458974e-01 3.096630630186033087e-02 -1.787876419103132108e-01 -1.000349925268496920e-01 1.959013221351641743e-01 3.810829662718924205e-01 1.867856370394753440e-01 4.560576462304672535e-02 6.920176954743618991e-02 -4.245761166865533176e-02 2.275647593127047008e-01 -1.445583964228016605e-01 9.366069116809233597e-02 -3.449393537262176457e-01 -2.677447883068320156e-01 2.529428173855538878e-02 -1.284437272195368407e-01 1.253255429924263475e-01 1.322562164767984993e-01 -1.311764171055064820e-01 2.602050581759295933e-01 -2.150682408740550444e-01 -3.198307448277865755e-02 9.530570392017101433e-02 -1.831465205809127694e-01 -3.781655091830143367e-01 4.537723079096899620e-02 1.200507684574855655e-01 1.000749316608450651e-01 -1.962728045627466777e-01
-3.235755813924458546e-01 6.480897521099765468e-02 1.606908607661826915e-01 2.097274381816810473e-01 3.181637489452272538e-01 3.188156952961078688e-03 -1.329777236120885386e-01 -6.300480524360556334e-02 8.557901589974638290e-03 -2.164162974246671561e-02 -2.724016686249812746e-01 1.107154147157019958e-01 6.937433679227382466e-02 -3.388112399409067277e-01 2.219800735058253816e-01 8.825500513891336440e-02 6.704091181262601673e-02 -2.629837530658362885e-02 -3.012137521836812104e-02 3.116221891427846113e-01 -1.390966629148626954e-01 4.271623344571687936e-02 2.094129682109951152e-01 -4.970119823701271700e-02 9.841678003007746367e-02 -2.772627919391452631e-02 2.896691835191441550e-02 1.053309637480342592e-01 4.633499300051409642e-01 -1.641601503142221530e-01
-1.367342953294562458e-01 2.981174370117292138e-01 4.246300697731599239e-01 -1.446281350015309330e-01 -2.647979654904753510e-01 1.299145963832653849e-01 -1.642994254972230117e-01 -1.126931287261790371e-01 -1.300443131926073137e-01 6.393883873241464066e-02 1.144139584778222085e-01 9.191828654826028622e-02 5.728337443347748109e-02 -3.150311885583038096e-01 1.761788072189259258e-01 -5.829234754553919845e-02 2.100309675394401721e-01 -1.056888537032721065e-01 -1.580585618945685167e-01 7.400732229951269281e-02 1.156789784444081787e-01 -1.178358695411900817e-02 -1.771483065933937284e-01 2.329372508311150780e-01 -6.545574189715971936e-02 -1.521804223858000682e-01 -2.262708109278905450e-02 1.858930527838837665e-01 -2.599424688626799651e-01 2.646196601808702975e-01
-5.058158593854122920e-02 1.021444313436883078e-01 1.667228709642983586e-01 3.566203419738507296e-01 2.677325577884408503e-01 -1.705727843549091072e-01 1.157803360131111486e-01 -2.076808844545600247e-02 5.221126133759212279e-02 1.818672858053994312e-01 -4.289358614398920688e-02 -3.592524525359416798e-02 -2.236987614988209666e-02 2.865622478610119206e-02 7.798700868818112496e-03 -1.201171268449178764e-01 -1.157499262898527836e-01 -1.879769650074767928e-01 -1.602144147711859201e-01 -5.064709042171499087e-01 1.945787094536537976e-01 1.915937819983074275e-01 3.153321726978738915e-01 -1.608733658381814036e-01 -6.532730177829616791e-02 -1.990499247130510241e-01 8.045154493751136004e-02 1.339076881854837087e-01 -1.255256927232806519e-01 2.187031211161614142e-01
-2.188656221440355154e-01 1.846936769075155360e-01 -8.485334531051351437e-02 6.906018307471650797e-02 -5.742495835749610034e-02 -1.622744958827351813e-01 9.805296425725550102e-02 1.533429870661586480e-01 -5.377418456925774082e-02 1.185668180312925979e-01 -3.286490383766527135e-02 -4.016928535254234989e-01 -2.564382226422291522e-01 1.227047395360637005e-01 3.091093763478918177e-01 2.901783673531302954e-01 5.004434704794521668e-03 3.457808699286282067e-02 2.777790727312272612e-01 1.969186304602141002e-01 1.930303432288169585e-01 1.532965893203949992e-01 -1.587199180870284831e-01 3.181335247246604896e-04 4.361213167844345956e-02 -1.777722005012400408e-01 3.828042779294278941e-01 -6.953922998503286879e-02 -1.196990305867062371e-01 -3.134184798754691831e-02
2.530478526406684248e-01 1.731194239961158232e-01 9.902664961895484008e-02 -2.510140802912558255e-01 1.149536791879023911e-01 8.402688970627181231e-03 1.484342545054147255e-01 8.326179350034278170e-02 2.167088506143614035e-01 2.901710488820834488e-01 -1.450266447971768624e-01 5.736801883461712347e-03 1.209414206599737224e-01 -7.328894401440330664e-02 1.559867202037209521e-01 -5.726580412347670457e-02 2.291552413651080922e-01 3.900021544818658703e-01 1.668241102127510644e-01 3.834144294690611243e-02 5.496763602001111804e-02 -3.149511635338635984e-01 3.790274004005733111e-01 -1.146997577682641878e-01 9.080158811744916403e-02 1.683771312229637995e-01 1.295524506519757091e-01 6.977230750037100027e-02 -1.994881872828608294e-01 1.019782680875611601e-02
1.306680192439686750e-01 3.473889187067133455e-02 -6.151720103785506683e-02 3.247478545969775254e-01 -9.204884473111585308e-02 -1.388719543697822800e-01 1.994802729663668894e-01 -5.737212950426266028e-02 9.131569414578172977e-03 -1.805564524637633672e-01 -4.711092209378796580e-01 2.744542310483527037e-01 -2.501016434526644461e-01 -1.204370273245241596e-01 -2.618076712019492547e-01 1.569621170636989749e-01 -2.307821071766295168e-02 3.097417500790694000e-01 -3.340618770201717047e-02 1.107592248894894993e-01 1.682077882356972642e-01 -1.268474381846978194e-01 -2.252530537111582520e-01 4.643053226809003287e-02 -1.742328304673033956e-02 -8.907954637365342321e-02 -5.646600299092546793e-02 2.143775313885140366e-01 -1.095683046203702743e-01 1.578505439600303983e-01
9.098215459643901881e-02 8.208100150722823229e-02 -1.163434382233666893e-03 -2.291764053010228452e-01 1.267364406113669351e-01 -4.024604700953580277e-02 4.357502041206017807e-01 -1.157601523829644152e-01 -2.062982242343209816e-01 -2.547613479055513830e-01 -1.305424655485483698e-01 1.189137575192830559e-01 2.026648061085641744e-02 6.897746688524179770e-02 8.804254435484898389e-02 -2.254790808869301943e-01 3.932142524487420437e-02 -3.318063707849084332e-01 2.755380534897287625e-01 2.476657403309154293e-01 6.047373425887729581e-02 1.441107903715024008e-01 1.076260274187844090e-01 -6.630759178419599886e-02 -4.611472431008514228e-01 3.414935650714653881e-02 -1.824125298192522115e-02 6.855407231273627500e-02 -1.549097504544838001e-02 2.635614183041819214e-02
-2.418494160706673446e-01 -3.885958214488780676e-02 -2.485526886970302121e-02 -1.616274888603868032e-01 -1.877378730143054036e-02 5.358547647310636652e-02 -1.276085483666640485e-01 3.230909165026510932e-01 1.447645556537329077e-02 1.028319042128570254e-01 -1.958575598171240773e-01 2.450101906808236918e-01 -3.633204497993975379e-01 -1.133176312373654487e-01 -1.075554004527451701e-01 1.502938472868442510e-02 1.230861263356887447e-01 -1.588615995176828333e-01 1.018698180440123224e-01 -1.470531771872442550e-01 1.794053513347083351e-01 2.052286409009094759e-01 1.640642305141532808e-01 1.216279222351485528e-01 2.395984437922438204e-02 1.461497400763405174e-01 -2.472487847543146933e-01 -4.092322969029919127e-02 -2.774046339807150208e-01 -4.164763795615564201e-01
1.030612842888430775e-01 -7.720354382277984373e-02 6.418050236784324236e-02 -1.530775724846388797e-01 -7.666126976942519433e-02 -1.117681138094069604e-01 1.063526102635146131e-01 1.556853955463164720e-02 -2.592883864050237186e-01 -8.450415025599488858e-03 1.904653975554557177e-01 -2.950425388307084326e-02 -3.029948236631325731e-01 7.170547384770746546e-02 -2.286354135713948299e-01 2.279543554153730667e-01 1.060873013003088006e-01 -2.130715879955309353e-02 -3.416018839124393969e-01 2.735254149552823755e-01 -4.047794887792267177e-02 -9.443458835899830317e-02 5.067806745132367174e-01 3.910861478549892273e-02 7.385333075348154974e-02 -3.590799987867758225e-01 -1.519392222836190437e-02 -9.870395922289104673e-02 5.081538896402966465e-02 3.510226696066831575e-02
-1.534779979985756992e-01 7.021358321135669212e-02 -6.068153991652223272e-02 -3.100323758904653393e-01 3.382473628480181516e-01 -1.671392272991134020e-01 -1.101630196412435592e-01 -2.933440093630538051e-02 1.163848726913719739e-01 -3.179836298204413159e-01 8.270473732568028868e-02 -2.653823325367053454e-01 -1.809174333201304663e-01 2.254932752686106007e-03 4.642995471648019012e-02 9.569435532523054349e-04 -2.708300053453279177e-01 6.018860858060728208e-02 -5.045185581499948141e-02 8.409726295442021549e-02 1.772628371242420675e-01 -2.287168401433633050e-02 4.697686878131510091e-02 7.990909941852500364e-02 2.292798495433615302e-01 2.263767933233654939e-01 -3.140312954807196189e-01 2.449729037512506091e-01 -5.656456155935981472e-02 3.110945937324913757e-01
1.067531848910063946e-01 -4.577879833485402061e-01 -8.925959743195022167e-02 -1.154365778970107420e-01 2.040437950743211881e-01 -2.137085335764118965e-01 -2.330370017378501427e-02 -2.044536617536724110e-01 -2.295523499568450365e-01 2.605622559122039439e-01 2.781613049290008327e-03 1.239814836030291023e-01 2.767805758974460351e-01 -3.016502425970194606e-02 9.672093996016219164e-02 2.080570123411975558e-01 2.054591065835478791e-01 6.017297149882089996e-02 2.120034402622092973e-01 -5.218952195540620120e-02 2.967225263369808741e-01 1.874269620264353564e-01 -7.266934314634437841e-02 2.469216983086841566e-01 1.365118243140071019e-01 -1.446722962349973884e-01 -1.579783988445937482e-01 1.982405334673677938e-02 4.760520020471854796e-02 1.088833582096719182e-01
