6.426175016150348362e-02 -3.111860883734808847e-01 -5.303345979900320195e-02 1.239802669747782221e-01 3.548365366799747372e-02 -1.831730166040084762e-01 3.529550222104284318e-02 3.800000147220773949e-01 -1.117671777616157658e-01 -6.577561842493139486e-03 -3.789481107369359614e-01 8.497125403669861243e-02 1.173107462177550193e-02 1.727113154423544350e-01 3.264917864127050429e-01 -1.124407367842123612e-01 1.115698435386510839e-01 2.049125356005882526e-01 -1.349774860938957911e-02 1.314673258687786561e-01 4.887720604892357296e-02 -5.219314445895997107e-02 -9.732237520132416830e-02 4.968479719273267980e-02 4.295247107511732665e-01 1.985398672887483118e-01 1.618869716971922668e-01 3.689635978375264969e-02 2.175587265335368059e-01 7.934007302592969643e-03
2.620585413704722977e-01 -1.042438384019247488e-01 3.256679660716695346e-01 4.684903392307463582e-02 3.052357181914582829e-01 8.573874409524002982e-02 -9.481320633201016645e-02 9.539708036600230701e-02 1.109614866906372815e-01 -1.604196610601877904e-01 4.726489778754642407e-02 -6.485127491702984137e-02 -9.531194196302408828e-02 -3.326934935808851246e-01 -8.343975529510232192e-02 -1.100074939606827673e-01 1.971443458608754529e-01 -1.320435766572894409e-01 8.195295126758238291e-02 1.758361045787691299e-02 3.156599145786583294e-01 -2.970895749535920061e-01 8.088408784586734179e-02 -1.429031117119466399e-01 -2.291673720924013863e-02 2.627460236655575487e-01 1.482010877415628480e-01 2.169245540615603318e-01 -1.938577126433254638e-01 -2.364722601282124026e-01
-1.515011631345353493e-01 1.021324807292816467e-03 8.059151909045685069e-02 -3.337954385622680098e-01 -2.033000691916111990e-01 -4.426187335989379412e-01 -5.802352699031913114e-02 -7.571255922411343486e-02 -2.602703897578791808e-02 5.171472505260080177e-02 1.823757926682715302e-01 5.285468692034051008e-02 -1.064050769748596387e-01 -1.718800264088257423e-01 -1.588639601618553332e-01 5.598146288962436296e-02 1.282715494190043715e-01 1.278275395703024897e-01 -1.208601917956072663e-01 -6.146222792933270923e-02 2.234676431298258104e-01 6.572106746856266890e-02 7.958882710895613666e-02 -1.549140632785940552e-01 5.234343623048831086e-03 2.370942669814630199e-01 2.883198860350495440e-01 7.789556480171593023e-02 1.623574566822212906e-01 4.433763471911509324e-01
4.356962938734009610e-02 1.451592618837568016e-01 2.341451630418566743e-01 -5.480710510293422544e-02 8.176199957542397423e-02 -1.853574883992958333e-01 -3.499098010195444280e-02 -2.326096973688039637e-01 -9.191337350933091732e-02 2.897696877728854759e-01 -2.898091552258246217e-01 -1.227556465848516631e-01 -1.029088548699327692e-02 2.030279467944423599e-01 1.862880345366504931e-01 7.422863687647952846e-02 -2.289908064866146287e-01 -8.184404007488559063e-02 -3.366999133342968298e-01 -1.648621051539817320e-02 3.023175183870574489e-01 1.752611167390242530e-01 2.639978819601129789e-01 -1.077928903186294168e-01 1.508579907974607892e-01 -1.422811075875423936e-01 9.123247460811249876e-02 7.972272253578433290e-03 -3.018617193144951805e-01 -1.763705489453277764e-01
-1.059682623927569317e-01 2.281712223383135230e-01 3.470592829153607700e-02 1.366406095018924405e-01 -9.047095689826926967e-02 1.602637109111469671e-02 2.333326135373301469e-01 -4.367810563045747274e-02 -6.201445323458036618e-02 -4.198572760477591870e-01 -2.404676008619583139e-01 -9.113662532544111738e-02 7.216219741471859017e-02 -1.307364100891636738e-01 -3.278898329602138451e-01 -7.810892412070900848e-02 -1.524505995318514370e-02 5.333578382549692964e-01 -2.746642755469794195e-01 -1.582584207434339363e-01 7.707031872275034445e-02 -1.024830301397087889e-01 1.107695164513472080e-01 4.029039322976753212e-02 7.352968617325973677e-02 -1.012227265453913144e-01 -8.706333612343170048e-02 9.696785448201583613e-02 6.165728533989761617e-02 -1.338247538429131189e-01
-3.442171075164075431e-03 -1.244640613120452793e-01 3.408043602797859728e-02 -2.589626883659423284e-01 -1.112967807491464928e-01 2.802637229436878430e-01 1.670622570279939878e-01 3.270625776438128018e-01 -1.659938437620593898e-01 2.577226118504100660e-01 -1.927670292814636158e-02 -1.150653575107988130e-01 6.602993401499285785e-03 3.502070440662764517e-01 -1.869192987498920766e-01 -7.795099243641398501e-02 -2.765017602605271754e-02 2.698974229039878270e-01 -8.114625337928028101e-04 3.745196194301474851e-02 1.264261692049196140e-01 -1.453869097959001044e-01 4.203102060751857938e-02 -4.439674265508972845e-02 -4.273101036924193963e-01 1.507909703616769903e-01 1.757329200374465050e-01 -1.975782024049503593e-01 -1.556758707755392657e-01 -6.174034771724474374e-02
-1.984702612471633820e-01 3.905285935402478398e-02 9.350046957756515467e-03 -1.011212821245586618e-01 2.273940666164238067e-01 2.271696172865785568e-01 -6.026853639393756068e-02 -5.555105807939899297e-03 8.928579340580437840e-02 -2.348987090179953940e-01 -9.213718989164131068e-02 -1.340261638284117318e-01 1.453171020538814029e-01 -7.682262259610668498e-02 1.644921458502527356e-01 -1.795410010464245087e-01 1.993927002372379576e-01 -2.601605121766228934e-02 -5.083945307175259665e-02 -6.554956071817283347e-02 1.021662999563343610e-01 5.927254699607303889e-01 -1.495096767303752960e-01 3.692599318684805943e-03 -1.917904826998078072e-01 -4.525072124326173784e-02 3.810222779819237293e-01 -1.224165042251860042e-01 1.630218967667505237e-01 -9.416034835539802139e-02
-4.184305142098420638e-01 4.237567540094985125e-02 1.530221482206333208e-02 -9.680226345331892357e-02 -9.461752034291320834e-02 2.522575446418204859e-01 -3.446485458683982150e-01 -1.609494088581793492e-01 -7.366619440983185330e-03 1.868072941593184114e-02 -2.724861810742115753e-01 3.536891754017840728e-01 -2.827606134349102893e-02 4.858144336969644206e-02 -1.939212744076463379e-01 1.134606530894505388e-01 2.644682280831554544e-01 -1.079744379532153326e-01 -8.474892801854461144e-02 1.393035484832898796e-01 -2.030622924710985544e-01 -1.323363699752787004e-01 1.686313975511694596e-01 1.599289604918310570e-01 1.422110853147982301e-01 2.160005479990440846e-01 1.322407831189119642e-01 -2.961407309398241330e-02 -1.321993833381450711e-01 -1.385023337515927100e-01
-1.066494375876109180e-01 1.496619714414489932e-01 2.121767822040177554e-01 -3.122599702157138543e-02 4.223785234965448526e-02 -1.180958621079615800e-01 -2.358832554618866054e-02 7.666896473922288346e-02 8.905823840425081128e-02 7.190383232456309948e-02 1.815032075977746420e-02 4.820480349776421619e-02 3.219280614536778606e-01 -7.311528160548547151e-02 2.483511553225873636e-01 5.012989492296126004e-01 -8.408825681582757228e-02 1.326961253893814974e-01 1.482627427900776451e-01 -5.078768779603890643e-02 6.482130886889628241e-02 -5.023441360839363962e-02 1.508555202860800970e-01 7.110924420826929271e-02 -2.177760925536206260e-01 2.598821064813491288e-01 -1.559860530383512800e-01 -5.828279996723822326e-02 3.788287820342545742e-01 -3.006099775488017545e-01
-1.361444248126182366e-01 2.213940304605866230e-02 -1.684477022113783640e-01 -1.542309001544186486e-01 3.404369851948209069e-01 -1.554759102639196033e-01 2.928575024194259857e-01 -2.267148520206984930e-01 2.023005964708605303e-02 2.212144040754603358e-01 9.866568158295654922e-02 -8.172794141320884054e-02 1.181822146654648575e-01 6.848428908392188708e-02 -3.202414067959503119e-01 -5.798663889614594225e-02 -2.783822248376277564e-02 6.925466368860764763e-03 2.366408465635633923e-02 4.221646974396011665e-01 1.039518911961539172e-01 4.694000430798472151e-02 -2.923333648831768494e-01 2.012741145022188538e-01 1.227225509383500085e-01 1.464072849496574069e-01 -4.097486465644321202e-02 2.152079596521040417e-01 8.313592079215598174e-02 -2.264015031114061660e-01
-2.507674824974027161e-01 -2.571786194884447818e-01 -4.130826345486765527e-02 -1.746379136396134513e-01 -1.760752378435820331e-01 2.064092349938200233e-01 1.649903840382129228e-01 -6.360796899754221634e-02 3.262335390699075410e-01 -1.291665177060257741e-01 8.161507539848335269e-02 -7.292287461546814731e-02 -3.199708873416552968e-01 3.527479415622072206e-02 1.338431790931690346e-01 5.134799988172442792e-02 -2.096839720983940114e-01 1.042825001153802333e-01 1.335924314451022443e-01 -1.733328388576938772e-01 1.563976116287783547e-01 2.305918214896865714e-01 -4.346405901810933455e-03 -7.155429243717700838e-02 2.484071406669725590e-01 3.186136801126131513e-01 -2.776122538301480369e-01 3.676837404637583323e-02 -1.881584821329173041e-01 -1.098982117222677551e-01
-4.258422406837455987e-02 3.615922489830482589e-01 3.720851490041907628e-01 1.256052141703403735e-01 -1.617177726641726432e-01 -2.429604376762365125e-01 7.999756869860989716e-02 1.548735977095483662e-01 2.938046473338938314e-01 -1.301628359814785696e-01 -4.297438034268342977e-02 -1.679230868392483367e-01 1.586999432923398221e-02 3.827754666393267668e-01 -9.054931904373260398e-02 -6.303965373634909386e-02 2.792573015969803119e-01 -3.638771625193697873e-02 3.218378914713868610e-01 1.920393992809153738e-01 -1.323870913960424056e-01 1.393124571759669361e-01 -1.210463959690353739e-02 -5.037136609420451994e-02 3.412328587289739645e-02 3.855424765451280489e-02 -4.765186656184219882e-02 2.066822503848761081e-02 -1.856838413003224775e-01 7.862824800012689630e-02
-1.272701203686209537e-01 4.922195479992715061e-02 1.386667235189637248e-01 -9.019260211192933752e-02 -1.581069533047027853e-01 -3.690384932219385739e-02 -1.014616711752013428e-01 3.427582514384468898e-02 -4.401485088139490687e-01 -1.215235730498068767e-01 -1.219056229651192536e-01 -3.077632214093473095e-01 -2.773419056722469245e-01 -1.739094941849514686e-01 1.000117654570196191e-01 -3.468362029290746051e-02 8.179548303783443219e-02 -1.722226126737903262e-01 -1.765227123338958259e-01 3.271714135562622250e-01 -3.709477912275460643e-02 1.100207092404141031e-02 -2.232288716305434739e-01 -1.908328213903794368e-01 -1.261348229132321364e-01 1.198662837447581619e-01 -3.800570197646920834e-01 -1.364126456297762302e-01 1.229203492939141690e-01 -9.489019193518768991e-02
1.970618848324573458e-01 -4.579191608858676488e-02 2.381150161584883601e-02 2.487454711192497725e-01 -2.005402224626107177e-02 9.517634556801674028e-02 2.089315209576474985e-01 -1.756546482512099661e-01 1.917551027583296874e-01 -1.334122944169799721e-02 9.560168810299056767e-04 1.020894638177635289e-01 -2.037390900042427844e-01 2.208261192971058828e-01 -1.620849354363494421e-01 -7.914605445292667574e-02 -1.186308338537970797e-01 -1.846211540429497089e-01 -2.482162636982777060e-01 1.009714336724962108e-01 -2.047965269383834053e-01 7.067360660869914657e-02 2.347744699312557248e-01 -3.453275603915474945e-01 -8.364247709001665365e-02 2.504695246197831682e-01 1.270909121960320243e-01 -4.905489731170450951e-02 4.532161017449341522e-01 -8.668609163438974197e-02
4.178416134564340995e-02 -5.941323208894092045e-02 -1.245377038926045316e-01 -7.041566156356454664e-02 6.589190323666656302e-02 1.408385583130797036e-01 4.034248179632295983e-01 -4.774632413315075402e-02 1.363922092421615828e-01 -4.390804355523747482e-02 -1.128150478361961417e-01 8.737302160291458841e-02 2.170576623079450984e-01 -5.054460449373023717e-02 1.495714968904989228e-01 5.306138163455506596e-02 4.091191951569884133e-01 -1.720329390848349682e-01 -1.833735317727028247e-01 1.822444322063070943e-01 2.648669141185357456e-01 -4.759747425636913498e-02 2.794431303923654575e-01 4.925810838037038286e-02 -5.011980450538922743e-02 -1.182914632134353036e-02 -3.179385150649665648e-01 -1.743838875549738598e-01 -5.521208578504258752e-02 3.396426835463853822e-01
-1.301606510388346738e-01 1.533300511325957904e-01 7.280085110635056700e-02 2.404782937237693041e-01 1.895375661900405850e-01 3.606052196198240023e-01 7.167235815168178370e-02 2.515333397020438899e-02 -1.437995728605023782e-01 7.665104221339172352e-02 -6.457922701051711789e-02 -6.374915880864684414e-02 6.517732717226898398e-02 -1.722403271210936476e-02 -1.473293485369833733e-01 4.331032591235075557e-01 -1.028874329302017082e-01 1.333088199013972297e-02 1.319588638202584818e-01 2.292306382378931154e-02 1.338949823609731915e-01 -2.597732443014008630e-02 -2.631178625972116492e-01 -3.926086139289347021e-01 2.653216081031523066e-01 1.079795595529553336e-02 1.224146688082243251e-01 -7.218948146738775329e-02 -3.128588322348234332e-03 3.386367754392206608e-01
4.369340668935251665e-02 1.724381048023559404e-01 9.502755561437359333e-02 -4.105787398186638848e-02 -2.769953119332906333e-01 5.892568310324233782e-02 4.982673158960904125e-02 -1.818096685070932361e-01 -1.102929923435870124e-01 -1.259112115839176593e-01 1.495517884439361012e-01 1.534782319943530093e-01 5.131915584734452196e-01 6.547863282807521446e-02 1.360822228823765079e-01 -3.649286877254377948e-01 -1.839707804379746847e-01 -1.698354942444560145e-01 -6.920746811145457589e-02 -1.129303387997257907e-01 8.824878062208420249e-02 -1.691683719369797001e-01 -2.634615298081254275e-01 -7.871575691181705026e-02 1.522724171663849824e-01 3.155398442478031806e-01 3.390713772570298767e-02 -1.620575107572039819e-01 -7.535426291457042458e-02 -2.304312116429024435e-02
4.530084817107125073e-01 1.695747886253541337e-01 -2.640507388068535355e-01 -2.433971315229642440e-01 9.458973973010445513e-03 -3.855686788320187436e-02 -2.483268310305072057e-01 -8.668561604097548001e-02 1.320790853271171239e-01 -6.199927192711723184e-02 -4.639721780971227116e-01 -8.123763987916347851e-02 -5.559284204715080058e-02 7.137180809462721764e-02 -2.651003317771226664e-01 7.935244671549336604e-02 -3.782881761924187375e-02 -8.693984766363889449e-02 1.675129818946602955e-01 -1.889978530392044942e-01 1.619798429580703025e-01 4.398658679177187836e-02 -1.535371407394415799e-01 9.583325033067503773e-02 -1.427274497336399571e-02 1.880301198536843410e-01 -1.295214385021333237e-01 -1.898616232252473557e-01 1.076514612620655537e-01 6.867748001118406664e-02
1.889791673661505300e-01 1.672795978005239478e-02 7.260572435844815653e-02 -5.296868461764538960e-01 -1.927907222874257198e-01 1.286761813767020313e-01 1.480504405695370618e-01 1.057108888505454113e-02 -5.091663082493982223e-02 -1.228022143506554420e-01 -6.627579605921143924e-02 2.627219772463007530e-01 5.471818176164804787e-02 -5.417771814799136193e-02 1.603282622351245856e-02 4.965697468179926244e-02 -2.092288717187701895e-03 -7.717937027862283028e-04 2.545556407780796282e-01 2.115966682716303726e-01 -3.273542444267994039e-02 1.958789586781185116e-02 5.682995442454432528e-02 -3.251449962894666923e-01 1.718585320843965258e-01 -4.029677032446266072e-01 6.611429574928988362e-02 1.551876151449649022e-01 1.406074419649441243e-01 -2.062678991610053247e-01
-3.475948738190402787e-02 1.413521461733991125e-01 2.113688452835002507e-01 -1.817321538171166595e-01 2.825738801778142073e-01 -6.482760426942611731e-02 3.500314273670733778e-01 1.459894444860736773e-01 -3.109358227978741840e-01 -6.766675464661768558e-02 8.436420824017762388e-02 2.277804647810115490e-01 -2.636842483490214883e-01 1.654038034014812530e-01 -6.100387272781669645e-02 5.849109551721628358e-02 1.368068925336474728e-01 -2.640221182160525926e-01 -3.465191089898790600e-02 -4.880051763829463818e-01 -8.894981166384240134e-02 6.353818313066379904e-03 -7.111935168537715513e-02 1.902966782244366606e-01 1.196480636694657179e-01 1.887281262244872720e-02 -4.184337858241176517e-02 -8.250210290487072773e-02 6.750771377452315092e-02 -6.440026726245702549e-02
-1.463064512128587902e-01 -1.138599733889395556e-03 -1.062306974646200775e-01 -1.759046484061885240e-02 1.460140020068015632e-01 -1.740367942662540135e-01 6.408219352970149357e-03 -7.825338543769391753e-02 1.363322273907330295e-01 3.286311372229830940e-01 7.127164901028274629e-03 -1.047993586228980895e-01 2.066902362101042875e-02 -1.816229769001564964e-01 -4.432214427240492582e-02 -2.301860214018336404e-01 2.638353468315713379e-01 1.608455838810803895e-01 1.376122867439389108e-01 -2.012176148531681086e-01 -1.319299373760277061e-01 -1.340611614605879687e-01 5.056198118734731017e-02 -3.717446153614460957e-01 1.897212503890205182e-01 -9.020111724591146907e-02 -7.702880958113840493e-02 -5.007123757090544691e-01 2.149330589831982899e-02 -2.257635902018589880e-01
1.639794745953075394e-01 2.814558530224829935e-01 -5.752662781674700715e-02 1.216644102356516724e-02 -1.788884901815015749e-01 2.503234751229790889e-01 -7.630424580276745639e-02 2.600711906109450314e-02 -6.664801041742832166e-02 4.840748851629465832e-02 3.752989607725926713e-01 -2.803940685040061664e-01 -1.793476094772457619e-01 4.604262066115710587e-03 4.788006401322020267e-02 1.309323910119114184e-02 9.158501584390084382e-02 3.039826678560643425e-02 1.822548804693773297e-02 1.493868969509694056e-01 1.997815843593212792e-01 -3.207953466714146690e-02 2.367631041139508230e-01 3.479112794682048815e-01 3.787462467014993672e-01 -2.891903720941006034e-02 1.686153556789160013e-01 -2.287467091581490974e-01 2.155681065268824914e-01 -8.280188960154215294e-02
-2.150394690924865848e-01 1.919935563756472452e-01 2.112183887984928343e-01 -4.261655462625348056e-02 2.303876203556247740e-02 1.892215239407925298e-01 1.224619305807688185e-01 -9.932161535946451569e-02 7.602752193024757410e-02 2.823538840055779264e-01 -3.195728936581295199e-01 -7.109645593906717409e-02 -1.512692655566619526e-01 -1.781605115449724219e-01 1.559530087292657630e-01 -3.954520258883344463e-01 -2.115805632669297276e-01 -4.810244098199238649e-02 2.698021514596630754e-01 -5.270095855942103641e-02 1.114132302671187388e-02 -1.959580307992388470e-01 8.845581167942281886e-02 1.692133061064708677e-01 -8.610754628309387482e-02 -3.262024901600832361e-02 -1.393133277253174587e-03 1.873828460160658627e-01 2.662195950760699592e-01 2.629818277590287856e-01
9.966094658030533182e-02 -2.830591100883713129e-01 2.811133934007748469e-01 2.766336559687340713e-01 -5.037991210815806475e-02 -2.344136709543319028e-02 -3.141579851140616914e-02 -2.800984085329300544e-01 -3.284846819182867250e-01 2.795240872981992822e-02 3.679492202903106562e-03 3.010753801691745668e-01 -1.324447701640527053e-02 -2.053480069701255767e-02 -1.946764986190611946e-01 -1.123022022661288172e-01 1.656880168691811719e-02 1.624998575867320494e-01 3.677660863972568306e-01 8.066404701362840657e-02 2.350768449911813107e-01 3.160351090524334827e-01 1.047737293989649127e-01 1.281329495275075614e-01 -4.614958662683255053e-02 -1.413311808755083297e-02 -1.379939387360760994e-01 -2.193356744358077315e-01 2.795685145120069270e-02 1.332499697688424231e-02
2.024789355114142986e-01 3.325657773399558481e-01 -4.928183361495695053e-02 4.167748217940549921e-02 -2.417556758287051077e-02 -3.094879654467711308e-02 2.356443067824119664e-01 1.873547554537094151e-01 5.422445004806987490e-02 1.378715205954175738e-01 -6.613728689000253347e-02 3.208402047492628362e-01 -1.737728803102230879e-01 -4.459610348669513225e-01 9.386182207606826033e-02 2.102565903686140839e-02 -1.516696165678140529e-01 1.530386214872151707e-01 -6.502130094699186402e-02 2.159622772502993449e-01 -1.961790851844774641e-01 2.309846015292141286e-01 -6.705100149762593942e-02 7.657146796423680568e-02 -4.441488225772573240e-02 2.125271913494135578e-01 1.210573321948633790e-01 -1.894369642152131383e-01 -2.951780659025873277e-01 -1.301944416015080909e-02
8.050151280168969803e-02 2.296071739682242208e-01 -6.474010451871685390e-02 4.862814087054965345e-02 -9.130086164774503868e-03 1.992002464613477908e-01 -2.425751675606076796e-01 2.671590715649138081e-01 -5.353477244863689283e-02 3.459514361574971275e-01 1.279702548381678462e-01 1.859415650468855541e-01 9.120524467186107154e-02 3.805334895915969684e-02 -7.751101240989659302e-02 -1.979654471728372889e-01 2.015793668424354368e-01 1.003393040624606103e-01 -1.503611884507107532e-01 -1.403544375041672343e-01 1.032555643699004794e-01 2.949166620272787309e-01 2.756001713280716720e-02 -1.746022348846905381e-01 6.726316074856840410e-02 8.120945287768366327e-02 -3.716088523989182768e-01 3.939563297348753768e-01 9.596036820358157249e-02 -1.685236381496035135e-02
1.446128131147303431e-02 1.569568775881884093e-01 -3.858915591533408629e-02 -2.227980959825056340e-01 5.254180499519345293e-01 1.184262257944564481e-02 -2.321313814718146407e-01 -7.139745809387972042e-02 -1.183708957667366640e-01 -2.858417583868499423e-01 1.573397977699426686e-01 7.224911336342407231e-02 -3.368411234837979246e-02 2.108345389109109180e-01 1.633970893964768190e-01 -1.557659488940217607e-01 -1.969698621822881524e-01 2.847918144264911522e-01 6.213486344007155410e-02 1.829689111075513408e-01 -1.541991482609914865e-01 -4.642954013199285940e-02 2.646253472168695331e-01 -1.141000889827080006e-01 2.251913308673341232e-02 1.355546858535218169e-01 -1.395728832892373927e-01 -8.790148764996751074e-02 -5.411428584005120723e-02 2.266314268905005591e-01
-2.665217805897524550e-01 1.262555475083433909e-01 -4.384845619053974741e-01 1.443591673404277520e-01 -3.269752477782079253e-02 -1.787105923333703883e-01 6.625888293758031011e-02 2.922702951991966169e-01 -2.238740998920836778e-01 -1.450507610610130560e-01 -5.097162230533706928e-02 -4.238294816821049256e-03 6.626347078694336257e-02 -5.809664428184131701e-02 -1.297672954069283013e-01 -9.120961796172225022e-02 -1.987262291514725610e-01 -3.406355313972905252e-01 2.855808380378307976e-01 9.135883142245110680e-03 1.995254179888509560e-01 7.100222430449772137e-02 3.804768375620200538e-01 -1.326967295362458388e-01 -3.121797246308786328e-02 6.360681653495826871e-02 6.939110659638024481e-02 3.374047597050991443e-02 -5.469887238963493103e-02 -1.097506068147462849e-01
6.500512785521764259e-02 2.145240212399558699e-01 -3.238899945685257409e-01 1.424180663346163167e-01 -8.242145196086105019e-02 1.347800381949045868e-03 1.249931552617946917e-01 -4.027866246181480148e-01 -2.069993210469637801e-01 -1.177513314864734207e-04 -3.668221052614285480e-03 4.918591710456279159e-02 -2.175424755465162618e-01 1.554371344840930758e-01 3.591303251183829426e-01 7.456100961825411211e-02 3.354814558983147954e-01 1.794793312564969823e-01 2.001710149147857276e-01 -9.212492883551016976e-02 7.739082966670346453e-02 -1.156036049249019593e-01 -9.409277656783691934e-02 -1.310276633611676400e-01 -2.074038615736116253e-01 1.102090003587356537e-01 1.430652100998859866e-01 2.359006343675262851e-01 -8.255104859114818783e-02 -1.087415970985182861e-01
1.919377523673384545e-01 -1.553775642203897578e-01 2.743625357069404830e-02 -1.032580077066117263e-01 -3.169080580899734378e-02 8.363727195220753419e-02 1.411362724363034449e-01 -1.234870569759405068e-01 -2.781943897360905082e-01 8.504505592864922137e-02 -7.310244703388206478e-02 -4.064634718542169400e-01 2.759683059148926310e-01 -1.546093939037109233e-01 -4.588784528675123042e-02 7.006707144470145088e-02 9.519788148441007958e-02 -6.771240224464765770e-03 1.168525864079934390e-01 -1.327953340235495938e-01 -4.692639742611974252e-01 1.974610952809374986e-01 2.736656667933540787e-01 3.318844115211708884e-02 1.370930247706294847e-01 2.642739535652082195e-01 4.760675982681038948e-02 1.948376074140188152e-01 -1.112916723904533167e-01 7.304167787134747958e-02
