-7.161036124655484336e-02 3.444564612833782569e-01 -2.799115420044611668e-01 7.641613589353960512e-01 1.507710286503660679e-01 -6.854992826941345985e-03 -6.740560907090691056e-02 3.886248648617824930e-01 1.829604611564374095e-01 -4.585218128270750204e-02
-5.910457448521966306e-01 5.305616066473312076e-02 4.361456925124424649e-02 1.299272973869917414e-01 3.822788198726927156e-02 6.809099449147394401e-01 7.036797932117949683e-02 -3.042128414508733503e-01 -7.958982280694024136e-02 2.452249348935467699e-01
-2.535930346650829836e-01 1.290435658978545119e-01 2.815167577880090533e-01 1.594791780631339417e-01 -5.956744292967757204e-01 -1.984198556141691105e-01 -6.003632503867186720e-01 -5.937851883987802643e-02 -2.145045020875243624e-01 -1.008987144032451322e-01
2.219009293598452615e-01 7.508005418577800016e-01 9.081136293361245782e-02 -3.156942719753482174e-01 -1.701790728360116911e-01 2.481875153734956208e-01 -1.158105150205729524e-02 -7.732234589900306709e-02 4.160956122678369229e-01 -9.665693354869672738e-02
-2.996923040447253550e-01 3.331193932013776782e-01 -4.217432340421044534e-01 -2.769794991954804830e-01 -2.630986805580313725e-01 -2.078759960737313617e-01 3.649598863009212435e-01 2.796913585096588162e-01 -4.477336169385274234e-01 1.425106399852253125e-01
3.786991789523533325e-01 1.676756255935728801e-01 3.376206657607510597e-01 1.256746024026128006e-01 1.290458778027037401e-01 3.504189226482165576e-01 9.169930479088975184e-02 1.715452129207340470e-01 -6.682196344039164071e-01 -2.736598883632134216e-01
6.382647434231381034e-02 2.708143548125571121e-01 -3.916945120928710944e-01 -7.229456490871047358e-03 4.212193585200688095e-01 -2.011044391830533462e-01 -3.320463366776780778e-01 -5.941991347245173527e-01 -2.872225017863395125e-01 -7.359361496515338941e-02
1.105740011605041706e-01 -2.868352872746346427e-01 -5.881121094854286913e-01 -1.439271735387245010e-01 -2.537797178897228667e-01 4.433795920510511523e-01 -2.659536552301142720e-01 1.309020084931917793e-01 2.532077695571162759e-02 -4.352132712500764722e-01
-1.342245851794544309e-01 -1.591099186721906672e-02 3.227147831460669414e-02 2.497942574139587202e-01 -2.277636726968856051e-01 -1.578971810517983687e-01 5.300822035121348641e-01 -4.109950302814026069e-01 7.794482522865313345e-02 -6.208902625753669469e-01
5.142394587191930766e-01 -5.682774442442963675e-02 -2.001298268616433229e-01 3.136935085164472281e-01 -4.609098017131411651e-01 8.591475493858954926e-02 1.623482003710437216e-01 -3.164503583197179060e-01 -6.962050845038884883e-02 4.926548980798861610e-01
