1.994827055595196352e-01 7.321417094297570649e-02 -1.670841073593914150e-01 -4.463439315964144033e-02 3.711103859731648691e-01 -3.984794503363329743e-01 2.536427770867198395e-01 -1.772843931914935001e-01 3.669477252869916828e-03 7.298289778794935234e-01
-2.446476973577069447e-01 5.182393834052855253e-01 -7.176696375156729757e-02 -3.208126022544652289e-01 -2.887304150643637546e-01 -1.520690674514155703e-02 -1.040472429770908369e-01 2.762970766386185426e-02 6.661164987868170018e-01 1.568671436125292362e-01
-1.399710065825778005e-01 1.882605107259574251e-01 1.321906524445166098e-01 -4.831498394868865009e-01 5.711402830252303442e-01 2.996251858241758548e-01 2.493441698634804027e-01 -3.667719897088400072e-01 -4.128593915517085600e-02 -2.822813318330202881e-01
4.916768588411116192e-01 -1.772746048997226598e-01 -5.276842325977957326e-01 -4.045411140800124483e-02 -1.028364030605770363e-01 5.087111623688868045e-01 3.267467394396394997e-01 4.347512288164970956e-02 2.617711607984118949e-01 -1.415504478090512559e-02
-4.714523098358756603e-01 -2.758688230974494227e-01 -2.200835696858192414e-01 -1.903759186894870836e-01 2.666536433147573826e-01 -4.505929729731322775e-02 2.126286086878254322e-01 7.044391550090453036e-01 3.723808932637308333e-02 3.134827787467260596e-02
-3.617551169608396178e-01 1.396811565249367615e-01 -6.604792025501499131e-02 5.910755845229911237e-02 -1.530485139711256215e-01 6.092326535872523152e-01 -1.178735162144095849e-01 -6.074764213318085970e-02 -4.091008279784015822e-01 5.120841488471027381e-01
-2.803398724880012960e-01 9.190954121798931495e-03 2.185894864756780520e-01 7.080194285349684646e-01 1.851656499877258055e-01 1.599910979434711333e-01 3.714789106178999489e-01 -1.176623019937714509e-01 4.006510404497057309e-01 2.546283714887121168e-03
2.803578180174810808e-02 2.228291274705125891e-01 -4.553095788378918596e-01 2.925029024104951469e-01 5.023571519726162116e-01 5.171887360598947936e-02 -6.160307364714397993e-01 4.311996245261440902e-02 7.778805659984563969e-02 -1.193929779142885172e-01
2.139178398407798332e-01 -4.211121224745968949e-01 5.043197461045074714e-01 -1.563070493929984983e-01 2.162782004441840822e-01 2.724398206785237364e-01 -3.945754977449801304e-01 1.167288892724748783e-01 3.499340200438797455e-01 2.921719473660304711e-01
-4.009299211704215882e-01 -5.800966943470516890e-01 -3.298207060661068613e-01 -9.486145677472450355e-02 -1.190881227009555759e-01 -1.293459055345529130e-01 -1.536821469523525496e-01 -5.496734332699771963e-01 1.681382065047525021e-01 -4.554461353432228028e-03
