-6.142539005687752685e-02 3.915691014922383778e-02 2.520051759391963783e-02 4.281137007073427814e-01 2.637235019665983837e-01 1.727331812586375970e-01 -1.864534996406649325e-01 4.639512026305501330e-02 1.689372769637956795e-01 -2.214196236401385354e-01 -2.188066421433549832e-02 1.638974445192195595e-01 -1.158890474719450475e-02 -9.979685842729275891e-02 -1.846296683012540740e-01 -1.965589923568767383e-01 5.903634361323693847e-02 3.545507773873707857e-01 -3.073370228785452657e-02 -3.887539675856755295e-03 1.089816571793664618e-01 2.609106108389379064e-01 -6.712893785381502179e-03 3.404089774657266254e-01 1.642237834868577606e-01 1.844003918992572488e-01 1.515629791255776460e-01 -2.573759182953833657e-01 4.501885027233347436e-02 9.224364198474042931e-02
-3.277389499903429759e-01 1.014541300907114835e-01 -1.044133087413092742e-01 8.143195431836687537e-02 -5.267776051615796068e-02 5.418219730215453889e-02 -4.823475609840852107e-01 1.066790628544413977e-01 5.114685159596525643e-02 5.676666999512487016e-02 -2.967770983933394335e-01 -1.157095249146409544e-01 2.015766288215150859e-01 -1.694308859441365223e-01 8.407200182358294527e-02 1.344299786024400478e-01 -5.367959724394323617e-02 -9.382961909745375639e-02 2.798582915320105835e-01 -1.711717051526072120e-01 6.210882799232128604e-02 -1.259256247316029032e-01 -9.686737503741756072e-02 -3.658074119361979792e-01 8.450228571228325658e-02 -2.743395153673242395e-02 -6.419308220106842433e-02 -3.085027208598988824e-01 1.354034346573841363e-01 7.406989029464949859e-02
2.159463012272729576e-01 6.837367558770354736e-02 -5.137377735578948362e-02 -1.730425772546106966e-02 1.781492466392737839e-01 -2.184067572288211218e-02 -4.953537463395912138e-02 -2.380234370704439884e-01 4.763213885439660476e-03 -2.048350548317137976e-01 1.158832705070614137e-02 -2.182694200961708408e-01 -2.478853603480774270e-01 -5.461810683486238022e-02 -5.317184206510857519e-02 2.913965526791726934e-01 -4.949167182779745655e-01 3.127966296366709864e-01 -6.992300228091424819e-02 -2.614476874014440289e-01 -1.763278969497220072e-02 -2.379810862439263042e-01 -1.368097882942088117e-01 -9.055235548320585137e-02 -1.005008387473843023e-01 1.373433334477357215e-01 2.979056916270600517e-03 -2.739066196019520477e-02 -2.602602044243054191e-01 1.231096093381018330e-01
-5.900709728919163455e-01 -1.021358202178002245e-01 -1.670666448066113891e-02 1.182013187511763569e-01 -3.592491389297711724e-01 -1.186756452560334962e-02 3.004438520655022260e-01 4.995031241562433028e-02 -9.903169250078701358e-02 -1.280766083073832384e-01 -6.299511595101955908e-02 -5.528632372502213094e-02 -1.992744488616836895e-01 -2.985278340362971794e-01 -2.349259317701608840e-01 -1.124310821931016335e-01 -1.779693835337790853e-01 1.081064297380572164e-01 -8.598385926356301445e-02 -6.600737460139699531e-02 -4.000719381120717427e-02 -1.181547866672881253e-01 1.168058893113202990e-01 -2.704430771776119430e-02 7.316933798286788526e-03 7.784092355402255636e-02 9.452319248484213066e-02 9.331355930462688353e-02 -2.690941179247497567e-02 -2.564180265478290255e-01
5.143062674590857114e-02 -1.585126792396863438e-01 -3.957396649487374685e-01 2.620907864454435354e-01 6.991567885242097255e-03 -1.622341446288253219e-01 -2.147322577157083356e-01 -4.169473749347889918e-02 -3.576815931563217393e-02 4.003709476642252074e-01 1.753412860277711316e-01 1.639593418367889521e-01 -7.591809609830806049e-02 2.589424019811942257e-02 -7.225024258544035516e-02 -2.047796454845279279e-01 -2.394536849697840586e-01 -2.481635492328159581e-02 9.444226781916727209e-02 -2.111780951900168457e-01 -1.712314163749842355e-01 -4.396603501435430994e-02 -2.659199106238605559e-01 2.190012201123128777e-01 -1.463964174933505280e-01 -1.175063293413426968e-01 -1.025213150964958686e-01 1.260156751763136518e-01 1.702620167382151439e-01 -2.188621499857441310e-01
-4.167092319747462970e-01 6.331949981197204647e-02 -1.153481430743990566e-01 -1.136221365321492651e-03 3.198023483995331429e-01 1.183512008203162075e-01 6.285747303067090730e-02 -3.515120165285324227e-01 -8.714115260895866077e-02 1.856865480922074638e-02 2.404237215110275050e-01 -2.331248341725093362e-02 -3.005224049545474757e-02 2.667639648293856913e-01 1.271133962556681707e-01 7.354166637037007348e-02 -8.181233639109945777e-02 4.303286697468963751e-02 -1.645179891824630758e-01 2.167946729928672267e-01 -5.839347946923170718e-02 -2.540829399370591601e-01 1.559577592354151887e-01 3.901400934671794829e-02 1.779676887598587165e-01 -1.255086463269186048e-01 -1.226524305353852290e-01 -7.100097518150447207e-02 3.722682006959110446e-01 1.510303925923333068e-01
-3.436098984522983901e-01 1.870513438309103216e-01 -6.282586647829213611e-02 -5.843928739680308293e-02 -7.339480429663047811e-02 -1.697411553086734248e-01 -2.389877678300769137e-01 1.703837798291894801e-01 -2.297302494200869627e-01 -1.275785695586244828e-01 2.237472322420340221e-01 1.934709931353610288e-02 2.905221006388225904e-02 3.383025039108750187e-01 -1.419076566065071987e-01 2.769992203300157829e-01 -4.358963076567877459e-02 -1.447849096371297550e-01 1.247047338299784175e-01 -8.488353697626979666e-02 7.183597868496081895e-02 1.985648388928162866e-01 7.576633681683180022e-02 3.087811965328124408e-01 -1.671392461336258517e-01 -9.691947769912587218e-02 1.525328578138930302e-01 6.593734408005531844e-02 -3.196979250759526270e-01 1.707193865443438485e-01
7.334286392314184888e-02 -8.196619015907376238e-02 -7.177539862832929551e-02 -1.657155702679119838e-02 7.911377400196116950e-04 7.707183929331938577e-02 -2.496313448061280860e-01 -8.418831599710861757e-02 4.066083764695996999e-02 2.015252902609384125e-02 -1.454633014419068338e-01 3.353621176695541217e-02 -2.322650777843743297e-01 1.740768302141020366e-02 -3.299748983182091422e-01 3.155845537957666647e-01 1.913334625885903528e-01 1.122538628117158016e-01 -3.285892508073979257e-01 -1.132038573090531353e-01 -1.045631412097092205e-01 3.206097530529490869e-01 3.285779182975785973e-01 -2.258177873867720231e-01 -1.973268456636116941e-01 -2.452600920197458012e-01 -4.954167078181404005e-02 7.407976287728605669e-02 2.335571207888918199e-01 -1.257096678296834580e-01
-4.089502193494914950e-02 1.080915959463205622e-01 -3.760222660653775861e-01 -3.690765737219237758e-02 3.057509340155726840e-01 -9.467619663730232615e-02 5.684776064012525554e-02 -2.402420870570101119e-01 6.642496214352634765e-02 -1.852898081122070773e-01 -7.525882486990705111e-02 1.460934016771413824e-01 8.846449663385112794e-02 -2.271055979211781747e-02 -2.656113330919342985e-01 -7.301371180003650083e-03 3.176470989804046630e-01 -1.385659875257647389e-01 1.169449970871741656e-01 6.352969362759826322e-02 -1.937544648296153915e-01 -1.208113966473006728e-01 -3.333265297473666372e-02 -1.300546962614199387e-01 1.963466867326807974e-01 -1.545408210818595418e-02 -5.600198348733440024e-02 -2.020137672787330682e-02 -4.281208913715290887e-01 -3.196889797017875012e-01
-2.675176212803422326e-01 -4.871956118832171945e-01 6.773346307866449922e-02 3.115348787694956212e-02 2.877192491988773693e-01 2.518150768915354207e-02 -1.056088157758060392e-01 -1.778889811799545806e-01 1.528562153839452820e-01 2.145256087515923921e-02 -1.133987722655270952e-01 1.060881457965260179e-03 -1.443235618221620775e-02 -3.279801337368625815e-03 1.899085656649811826e-01 8.848519732346216138e-02 1.914639793739522644e-02 -3.059283914679842287e-01 -1.605839567598195405e-01 -6.687718382645434223e-02 1.985208931698825285e-01 1.800685260417779210e-01 -1.533808451306687415e-01 -4.449710835613560761e-02 -8.932637760903094915e-02 3.555177882782012411e-01 5.314749877853567478e-02 3.273284881791349021e-01 -1.100065680740843349e-01 2.238433916031997914e-02
-1.664055138712376425e-01 5.508312422736414554e-02 7.975271231457983778e-02 5.720548144605510504e-02 7.571825478182553359e-02 3.947081733823831762e-01 2.951921866305188269e-01 1.175018530948508527e-01 1.234954036494434748e-01 2.167350701998732310e-01 2.051373933192195964e-01 -3.590566688017167440e-02 -2.316157817984498823e-01 5.230093724545809702e-02 1.156144308115976266e-01 1.220056486531169160e-01 2.042285146557629716e-01 -4.597458460518473455e-02 -7.519312231555104475e-02 -2.253218634406767285e-01 -1.475296747367890460e-01 1.203124716253033827e-01 -3.916413267922366770e-01 -9.702952586080497432e-02 -1.466909712251021070e-01 -1.990250880754219909e-01 7.220488879017891715e-02 -3.291962760609820626e-01 -1.790312603807167335e-01 -2.983747063034833044e-02
-3.313489708577541104e-02 -7.871742578185264572e-02 3.227948628314302182e-01 1.942139927790537679e-01 2.217646809335125091e-01 -1.805143089129441492e-01 -8.722278461706337027e-02 2.162344420990958693e-01 -3.963795301732620652e-03 9.978164826662440368e-02 -4.507688706145356050e-02 -7.842462216026951927e-02 -1.123015887031388743e-01 6.424617663291244674e-02 8.699195809721806810e-03 -2.559539888960470910e-01 -6.456303192187179407e-02 -1.880392355848608810e-01 -9.974452264049304961e-02 -1.399779053428212294e-01 -5.145118026561653624e-01 -9.749841816925186588e-02 3.689595364131854072e-01 -5.562124467323100591e-02 1.597140648790654205e-02 5.325018845979775234e-02 -1.935975678940305700e-01 -1.084070074496150948e-01 -2.219987193039927309e-01 1.733459419165066240e-01
-3.575755940249135401e-02 3.440070227735660124e-02 4.646254450514586409e-02 1.407987514690858533e-01 1.341194254430275734e-01 -1.713974730759995971e-02 1.017077358499721418e-01 -2.846164690713002265e-01 1.176592747947294848e-01 1.261578282697075060e-01 1.091013120846927170e-01 6.394410171426065381e-02 4.394411903948305248e-02 -3.932400395513423463e-01 2.010730703863021773e-01 8.278659906570531857e-02 -8.715596219199719941e-02 2.114654749741344195e-02 4.105992139241089189e-01 2.089734216477790174e-01 1.130736843621588626e-02 1.384389740189965468e-01 3.609178069207674144e-01 1.506184965821494304e-02 -4.495217261594687819e-01 -1.498458726111994432e-01 7.915576908823193647e-02 -5.843588577207730478e-02 -1.096397544505615662e-01 -2.525168428019306573e-03
-7.746449620906438460e-02 -8.344218299123905280e-02 2.578126878561811108e-01 5.318822557302840121e-03 6.824731929384447726e-02 -2.848241648286871652e-01 5.891449521466209788e-02 1.062212073165411108e-02 -1.916948974743029332e-01 6.647417340915519335e-02 2.801692054607113347e-01 1.693336430441075569e-01 6.948480093255379741e-02 -4.390744950096237172e-03 -3.089589218501480605e-01 5.128984986827091197e-02 5.915749021612771302e-02 1.592013159566062763e-01 3.934631390361179037e-02 1.223935808154223287e-01 2.292058987907127920e-01 7.854191821436357079e-02 -1.891371004859589700e-01 -2.573108622346988450e-01 -1.708988202347107854e-01 2.212907665515988220e-01 -4.969314706831073347e-01 -2.189852995573436101e-01 2.009555795775650258e-02 -1.929920928843629341e-02
-1.082740154398993404e-01 6.973577624107388240e-02 9.813963606067158119e-02 -1.466982774473099549e-02 -1.595113995873426727e-01 -3.219381506751111677e-01 1.916606885221548359e-02 -3.387518041016985837e-01 1.985483742665781759e-01 3.115591033302581025e-02 -3.808368012441897821e-01 -1.132949650155204435e-02 -2.013377866840352359e-01 2.033827923545492022e-01 -1.042922493695396247e-01 -2.522478154708850950e-01 -1.237179793624956781e-01 -1.744203875011278090e-02 -3.512146955784407193e-02 2.820918906364894285e-01 -3.759662768618124429e-02 2.101739897892101749e-01 -3.010710802783421736e-01 -5.639624389373804059e-02 -4.918407868423795015e-02 -2.552923856521577273e-01 8.127363622890584893e-02 -1.193991314685164257e-01 -6.516274673047359189e-02 2.426164391473684123e-01
1.134455616662430749e-01 -6.594403374182078448e-02 -2.143522545527139223e-01 1.768587198406031402e-01 1.634099806515791342e-01 3.736443038855729454e-02 1.855839454527241084e-01 2.771973346005133787e-01 -6.771971880296848156e-02 -9.300179102292320532e-02 -4.212784334666002523e-02 -9.237789446166227991e-02 -4.088457199131403930e-01 -8.487786606602507056e-02 -3.234384507392584068e-02 6.530556757649112753e-02 -2.133265326109982929e-01 -3.043813707889094777e-01 1.766462984803846836e-01 1.335341814086149770e-01 3.222662301609541813e-01 1.995164629508839882e-01 6.880949260705741810e-02 -5.008759581491274010e-02 2.974268306234571502e-01 -2.309918763264243724e-01 -2.731311171652632819e-01 2.313369407495742200e-02 -3.304806139625409735e-03 8.887703670250893251e-02
5.942162617289730581e-02 2.309429774702456972e-01 1.358566707502907034e-01 7.511212184031998418e-02 9.181313340148292146e-02 -2.343993173627187954e-01 1.026114183423871007e-01 8.504788435359147969e-02 3.052785157801450322e-01 -1.035795843723713583e-01 1.040729026342639696e-01 4.269962004773128483e-01 5.962798267848706812e-03 5.765646004037586897e-02 -5.342578094513861231e-02 5.428625882218614945e-02 -2.244517204191989745e-01 -3.544464635907176309e-01 -1.915378167012056210e-01 -1.677627274100951249e-01 2.189488621303105342e-01 -1.833476057806922577e-01 7.932062971476046276e-02 -1.524256203731459147e-01 -5.528379002384641722e-02 -1.926738704318965018e-02 3.067063231149153579e-01 -1.416746948425528785e-01 1.880528708255242709e-01 -1.637214969041582979e-01
3.576014915671032329e-02 1.246932013501818176e-01 1.566400710206986013e-02 6.590630608490807840e-02 6.811607915439316097e-02 -7.394094505838705311e-02 -7.862570069203969614e-02 -1.881396088938820099e-01 -2.633972753278925327e-01 -1.913415429585791361e-01 -2.238049397248900382e-02 -3.415756767635340085e-01 1.129946862118984818e-01 -1.965877441802723613e-01 1.087702009050399432e-01 -2.904841442171467447e-01 1.365254109328811194e-01 -2.113638152553389549e-01 -3.594887315038189368e-01 -2.061642566146233979e-01 3.072033144826164519e-01 -3.622030983382595187e-02 -1.664477773244852840e-02 1.938990793202998997e-01 -2.282677064350590312e-01 -2.449208109317453086e-01 -1.503463204718068491e-01 -1.753352127307758190e-01 -3.659519972369404406e-02 -1.439436145928726374e-01
-4.338141572292290166e-02 -2.510718942607574888e-01 -3.438668015737765260e-01 4.959206025907911958e-03 8.991139240118291298e-02 -7.782481294626525381e-03 2.430194335065803124e-01 2.917768619153938703e-01 2.046977691428189250e-01 1.081950101754391436e-01 -2.758678557807314746e-01 -3.373702020621160286e-02 2.310825842943428632e-01 3.070414619895258102e-01 -3.040376241237455548e-02 -6.009654365852154512e-02 -1.182040944953742859e-02 2.447256627653355554e-01 -1.001512103652192343e-01 8.095449304639621910e-03 2.534790395764497384e-01 -2.150925231321117181e-01 1.942912276216415823e-01 1.101665575352845684e-02 -3.220566114259317825e-01 -7.252517544416887951e-02 -5.952427705775181072e-02 -1.451524897723484864e-01 -1.402818043889839661e-01 9.814381050920184535e-02
-1.071172229016200267e-01 -1.560281801875900154e-01 5.845080448778845750e-02 -7.035505526348197203e-02 2.458266339726232139e-02 -2.131650968723835249e-01 -4.578543753970972657e-02 7.656531890105142124e-02 -3.339688131108398822e-02 -1.489757491121534161e-01 5.563180770976969974e-02 3.422677995068374446e-01 1.227563015892734061e-01 -8.261737302686661399e-02 4.528453825722980053e-01 -1.422310910414671312e-05 -8.171413654720145747e-02 3.681262973903221547e-01 -1.360587736609383258e-01 -1.580680883048309893e-01 2.527046474755305621e-03 1.616439789198691190e-01 -1.909779689721279039e-02 -1.260202470684479714e-01 2.593038697043573704e-01 -4.185259961212381974e-01 -9.346936883239370664e-02 9.611832227980553200e-02 -1.924850078031241918e-01 -7.613603077744723890e-02
7.307711273036113231e-02 4.632657489761379116e-02 4.663348396894048675e-02 4.220170156549609697e-01 1.107334972245222204e-01 -1.658002893248214649e-01 -1.194011521127098102e-02 1.029609148886275610e-01 -4.855001557379955979e-01 8.224553023316143185e-02 -2.330078152697382943e-01 5.506851819485398701e-04 -1.689934115696906103e-01 1.642609373692230645e-01 2.467378266379933460e-01 1.815590400822787442e-01 1.428334734794015348e-01 1.148199749710557271e-01 -3.812198162525839984e-02 2.733904432908914051e-01 1.069738765889901265e-02 -1.226133277276875294e-01 -7.643745803283402696e-02 -1.376179060807267429e-01 -7.257411953945802630e-02 8.346995315250463343e-02 3.097347753410914506e-01 -1.503276995863000141e-02 -6.467302229253141070e-03 -2.396786980616478213e-01
-4.367177362906515120e-02 7.754122519022208469e-03 2.877143858222641071e-01 9.641783386303631742e-02 -5.886016816553212710e-02 1.183241697063424497e-01 -1.258922543634702074e-01 3.103599036624970359e-02 3.105302082575048805e-01 -3.526191713328378774e-01 -7.590951102498207093e-02 -7.150748844236638757e-02 -1.584558501595830227e-01 3.344313642825513799e-01 1.274382392446554713e-01 2.684767982789464796e-02 2.823550555808325424e-02 4.858426345615025899e-02 2.830380168851656664e-01 3.879814456041934256e-02 -5.847725569404286540e-03 -1.573471174132363148e-01 -4.819336837322343858e-02 1.560898889978775961e-01 -1.688185099073140072e-01 -8.812006239279369935e-02 -3.281154999516755488e-01 1.303191023422048400e-01 7.628011143966464958e-02 -4.279508219414923098e-01
3.104338688219585723e-02 2.151715855811865974e-01 -9.917035187373084149e-02 3.320664009159863261e-01 -3.935465900713218668e-01 4.610910783048360190e-02 -5.832656096827863040e-02 -1.077497950867403048e-01 2.338191430138412130e-01 2.193644473439093079e-01 2.219390580054057122e-02 4.760379658637439032e-02 9.932787909398814452e-02 -1.971956785195271011e-02 1.627248210544283147e-01 2.826257700472678547e-01 -6.244334244464388312e-02 -8.118925761139600406e-02 -3.626337678474426673e-01 2.029978892736944152e-01 3.000318301872297727e-02 2.189173416465556993e-02 8.437537541924614026e-02 1.217018269536772196e-01 1.423066147677408966e-01 1.696867756165001684e-01 -3.197078045614050179e-01 -4.948261211731400100e-02 -2.764564753036847788e-01 -4.252576158722786576e-02
-9.778757872358533054e-02 3.711365079918260146e-01 -1.687937250678747669e-01 2.895073693587771335e-02 3.458695472630644863e-02 -3.932373617880098871e-01 1.272952728433406067e-01 1.483428621939871829e-02 2.311054339267482882e-01 1.126447360844051310e-01 7.384989954215033514e-02 -2.155692913965673863e-01 -2.453986566545166281e-01 2.899154975378956389e-02 2.120542654020441120e-01 -8.001223873485449611e-02 3.410823546408056628e-01 1.944346591221954579e-01 9.639913740890315719e-02 -3.014666818873787402e-01 1.204051606984693906e-01 1.043716143314564887e-01 9.274873961947796563e-02 -8.574640941897884727e-02 3.558177158839383181e-02 2.301514964456024548e-01 -5.118750834286176637e-02 2.068142960868475100e-01 1.296499122233642221e-01 9.250710136610648671e-02
-4.247508358231191772e-02 -1.522807260905205684e-01 1.633053504893568764e-01 -1.944518609264736242e-01 1.783706893485250133e-01 -3.030142303171474705e-01 -1.116819463805831386e-01 1.521586632756023738e-01 2.566051905938995237e-01 2.821655091789688208e-01 1.232440256182259913e-01 -4.237694737145341062e-01 2.085192679650067077e-02 -1.367002284202241402e-01 -1.195498439756075559e-01 2.033897204756530408e-01 -2.676434596474186467e-02 8.961024408962794952e-02 -6.033276959954935598e-02 2.023438879665311052e-01 5.676203406431208631e-02 -3.577224022117755226e-02 -2.034074080195369394e-02 2.189722037699950996e-01 2.438698479413433373e-01 -1.304042693504636197e-01 1.864308157086310425e-01 -1.480679616577709745e-01 -1.782310083043839311e-02 -3.107785488730643864e-01
5.582642491778632560e-02 -1.841016977522075271e-01 1.303177947603831495e-02 3.039766963917164277e-01 -4.041052420682693380e-02 -2.676981426027839617e-01 3.632987348651283699e-01 -6.153781745661571212e-02 1.950849204123861202e-02 -2.400146256876658224e-01 -1.107019381134381059e-01 -1.229416224454203677e-01 3.349030657044646531e-01 -4.488096977596563175e-02 -5.007763112087056795e-02 3.976389105209319763e-01 8.746287171915791137e-02 -9.733001094377900786e-02 7.794404991665848659e-02 -1.941099210951384157e-01 -2.727353630573612908e-01 7.022961623806311948e-02 -1.423289516520541420e-01 1.799000255794581393e-01 3.935430481305781519e-02 -8.942037897895845078e-02 -5.244848375068707907e-02 -3.445887161620704575e-02 2.636623166139029362e-01 1.593052018405146097e-01
-5.298594317153253186e-02 1.106611629088936725e-02 6.064483400809021763e-02 -6.535328514370951358e-02 4.310122890847430804e-02 -6.641463898358120066e-02 -1.218957684453285673e-01 1.475415290492557152e-01 5.796246587589144045e-02 1.144885875551760433e-02 -1.165857815257378693e-01 2.777217750944739882e-01 -2.649977760780704572e-01 -3.689514771463472953e-01 -4.917058729320691185e-02 1.598507811734181661e-01 3.096196772277596820e-01 2.532241889575803390e-03 -8.607142148868408837e-02 1.106906806915367303e-01 2.696960396722274805e-02 -4.669417122924442443e-01 -1.625443791206439559e-01 2.685215941548342866e-01 -1.224268638300700374e-01 -1.505641701091930129e-01 -9.940171782190869443e-02 1.639158222978676360e-01 -2.551565498544732837e-03 3.323592397166988954e-01
-5.118530338390337581e-02 1.280777146115654463e-01 -2.950995582417965113e-01 -1.198178894828104135e-01 9.735825884078186387e-02 -8.070666868258724591e-02 -6.852862463720788000e-02 3.480832846531185520e-01 1.141823548214678796e-01 -3.387322286065284627e-01 1.358231130936722875e-01 -9.966498477618014606e-02 4.117523197341595165e-02 -1.665862227946159901e-01 1.680187935379758857e-01 -5.184531082403326385e-02 -1.272154924553318689e-01 -3.448624297669187350e-02 -2.286313547878722485e-01 3.752267339365531473e-01 -3.217910622835108425e-01 1.809293425879307526e-01 -1.909856577565363367e-01 -1.043978529926260085e-01 -2.951433482450660506e-01 1.359781765822360433e-01 -3.455745935342885433e-02 -3.221309981694849543e-04 1.408804854796703587e-01 -2.053880726248133795e-02
-1.087938579297018510e-01 3.553502324797481182e-01 9.715778334205861511e-02 -2.846880462816824831e-01 2.806877194495114303e-01 6.248731087420966029e-02 1.846563218340185608e-01 6.654452426628787443e-02 -1.560328458291049269e-01 2.266350118414143244e-01 -4.789929311617440177e-01 1.674198567068794774e-01 7.354012406527041246e-02 -6.087221219648963899e-02 2.193106117888308712e-02 1.108310979606111635e-01 -2.236038185503818609e-01 1.723766984769846411e-02 -2.195602680100008919e-02 -1.018782809934673794e-01 -6.968269125773290940e-02 2.003562331153461717e-01 -3.215032288327456661e-02 2.903911041418744121e-01 -2.255685166889697529e-02 1.259369350828857814e-01 -2.078188507351145242e-01 2.893159460618547826e-02 8.454786489657893644e-02 -1.899379862048327372e-01
4.728614949999013911e-02 -2.901686366518553828e-01 -1.873640474649265197e-01 -2.922565703821998206e-01 -1.899112789286784841e-01 -1.569166420478836088e-01 -3.214891286897384598e-02 -1.092997576459346226e-01 -7.272796376176760003e-02 -1.173680677086862967e-01 -4.770676584629487960e-02 1.702785179783386504e-01 -3.360463710508675428e-01 2.494013051916114942e-02 2.557092124467419958e-01 7.419673372563251323e-02 8.798335689566415263e-02 -7.917691198651621853e-02 6.783876151313775194e-02 -7.308725087045769842e-02 -5.747550038755062235e-02 2.892676831964085052e-02 1.440016980170781558e-01 2.282163250465526205e-01 1.619464649943907000e-02 2.507672701794209646e-01 -2.169216849960197910e-02 -5.569250652959157888e-01 6.385079005064184243e-02 -7.634301520346736813e-02
