1.731863859589448662e-01 -4.371870507769267111e-01 3.067799779983260700e-01 4.507935929658291596e-01 2.415261352512468596e-01 2.753424469103586958e-01 -2.976955339240420773e-01 -4.293106575669066727e-01 2.401910774818155625e-02 2.718264405018399055e-01
-4.174135862914557515e-01 3.533888068691127260e-01 -2.786555244014611299e-01 -6.686383956434321929e-02 2.468990989186403140e-01 2.337519699358687475e-01 -2.891940892504364369e-01 -3.200963255949965669e-01 5.589525072245227211e-01 -6.812225842606087212e-02
-6.808802412513155489e-02 -4.959364439240465661e-01 -2.977361038192109510e-01 -2.539872668863264460e-01 -2.764312879561626191e-01 1.655805115374426317e-01 -6.026020092399257955e-01 1.740761197542990690e-01 -1.112124496022038056e-01 -2.943190387717742884e-01
-1.549424407835227335e-01 -3.442455065313906881e-01 -2.465957837188890167e-01 2.720595908998282852e-01 6.546220820339420099e-01 -3.331750846418241041e-01 1.119740959624386661e-01 3.293783332761712201e-01 7.949534151418906347e-02 -2.361746567586885670e-01
-1.726674059434507580e-01 2.492028382540214526e-01 4.890391063696761798e-01 -8.542481693801230735e-02 1.811202805587431297e-01 -1.710724907393922356e-01 -5.252891334374775179e-01 4.822555271088620477e-01 -2.028771659676517972e-02 3.010751629185719480e-01
1.032729691900496072e-01 -3.494305056013136124e-01 8.007515535565427889e-02 -4.171411839099351537e-01 -9.970383284331210683e-02 -5.687519066801904888e-01 1.936897757250717611e-02 -2.243168991090319087e-01 4.835111980432358347e-01 2.625229989611703729e-01
4.276207562435878629e-01 2.667197332917018437e-01 -5.080605891602019142e-01 -1.013034229610795256e-01 2.712931557746140476e-01 -2.383262709742141883e-01 -2.971984285580682172e-01 -1.967459201097495336e-01 -3.654247654078324192e-01 2.943511796202159525e-01
-1.247812737516952875e-01 1.506643215509832490e-01 -1.144252951701265064e-01 6.458062898592414891e-01 -4.715203415076793525e-01 -4.857660476135431393e-01 -2.320721787867862651e-01 -7.886346528408914869e-02 6.655049299649046235e-02 -9.362151368579174626e-02
6.471071467931489574e-01 9.267605005652113093e-02 -1.176410150309235986e-01 1.729918252028118109e-01 -7.448188040021880285e-02 2.214551469181338939e-01 -4.412420113191330845e-02 4.202092152809274173e-01 5.437995115300916504e-01 -8.206048577212200421e-03
3.308660734977094675e-01 1.813675043252559460e-01 3.849045061315140015e-01 -1.234095822196897285e-01 1.775873420299394767e-01 -1.912303209907040835e-01 -1.778808305811166723e-01 -2.646610421712131123e-01 -2.075217462565314211e-02 -7.238978217680398508e-01
