2.212554103986694720e-01 3.997883759102007217e-01 -4.108656022813620412e-01 1.985226142050275089e-01 1.349709032927668036e-02 2.700352600338677411e-01 1.423723149653673414e-01 5.731499180119643544e-01 3.984276119867669608e-01 -4.875496569031579491e-02
1.185817151377556167e-01 -1.702188846036468139e-01 1.246975388291040876e-01 -4.771566992692001796e-01 -4.718987703353553775e-01 -1.172292056120759485e-01 -1.862440196448171825e-01 4.347989069392507733e-02 6.043531058354959518e-01 2.747449143079477851e-01
3.917515341428611797e-01 -2.117646914558419247e-01 2.435629045046545094e-01 4.016113492070034763e-01 -9.167491737557531550e-02 -5.552458953713825807e-01 -3.346759244926490739e-02 4.430993902879210022e-01 -1.769404292817467472e-01 1.886916186581706345e-01
1.528357229470622969e-01 2.164155406502169324e-02 -2.167699172127163926e-02 2.015666813515666622e-01 2.001957440212756012e-01 3.823786782431093378e-01 -6.755154155278645378e-01 -8.073059125712966910e-02 -7.297393972107854565e-02 5.297342499495643064e-01
-1.819790722682605999e-01 5.415443442899736670e-01 7.107682425708967688e-01 1.095840467216071049e-02 2.130915971367172423e-01 -7.217883168295101404e-02 -1.845458131172799388e-01 1.122890584791376850e-01 2.114220459750382475e-01 -1.622303156402415125e-01
4.655950379280558438e-01 8.834443124132262959e-02 -2.418938382804872687e-03 1.297085375096360405e-01 -3.982527167424044778e-01 9.599428596643681810e-02 -3.717797182422112323e-01 -2.368435411672998869e-01 -6.892297124270620190e-02 -6.258600793906505810e-01
-5.858852667556382343e-01 -2.543723383559683415e-01 -2.413282776651266281e-01 3.958167399694030308e-01 -2.381509343653885613e-02 -2.443046186866256186e-01 -3.893640843928545259e-01 6.061483258533897217e-02 3.236612642911333437e-01 -2.384027493616440174e-01
3.191566946741687949e-01 2.148469142475545601e-01 -3.050996464091187410e-01 -7.477755142959556511e-02 4.800220477408398967e-01 -5.263401424423386210e-01 -5.301909398477293311e-02 -4.069538308446155050e-01 2.773652757055005136e-01 2.220987279106458046e-02
2.400824944650606085e-01 -5.082920466443601182e-01 3.112887200491935569e-01 2.798120979052223234e-01 3.236311237185619527e-01 3.276353523736315054e-01 2.577126765478369164e-01 -1.515959334816152082e-01 4.346606849032370046e-01 -1.356282556808826589e-01
-8.659751555438359449e-02 3.091631305209853187e-01 4.923469580730766015e-02 5.229604935757473649e-01 -4.346355580409291264e-01 -1.839866093315670539e-02 3.073980782095608877e-01 -4.536337415652115235e-01 1.389675193029643596e-01 3.349202822788694967e-01
