1.563223322651043912e-01 -2.792417699060117942e-01 5.214918001797701902e-02 -4.179057680445456557e-01 -4.491603619728675584e-02 -5.253926274496693860e-02 -1.743206813955322232e-01 9.420265088968565086e-04 3.566701596747598457e-01 -1.305787019550268546e-01 2.192855654874366622e-01 1.478748695470179508e-01 -1.672192002520567766e-01 -8.547891642155130976e-02 5.427358624012340593e-02 -1.547497324019052323e-01 -2.978078576484641943e-02 -2.959403501880042420e-01 2.901848353634177702e-01 1.280653100062308092e-01 5.658298306041668196e-02 -4.737527397042076704e-02 1.172232971027635656e-01 -2.503551864232154700e-01 -2.432912027013785505e-01 1.076812827708469172e-01 -1.855885328199544104e-01 -7.070512399231014544e-02 1.463613628655401067e-01 7.801399840237993599e-02
3.255993613808432219e-01 3.768288699173742706e-02 3.989941329713104778e-01 -7.104189983342903969e-02 -3.012067421973589967e-02 -1.297123343669090711e-01 -8.120646539230320926e-02 -1.497050177058444620e-01 1.311300135805045231e-01 8.517504150767780946e-02 8.221774265571765716e-02 -5.607747645367745781e-02 -3.679915995941050039e-02 -7.039985702555021096e-02 2.320692182907193868e-01 -1.723577813713562598e-02 5.861723995808475196e-02 -9.744667402537801615e-02 -1.591544884090478895e-01 -6.689454991775400927e-02 -2.900947990801827636e-01 -1.725602716575100060e-01 -1.430903213436759136e-01 3.192821252474308674e-02 1.413227646606179666e-01 -3.882377071338046215e-01 3.028572834956716475e-01 2.704746448270855530e-01 3.709158637621714355e-02 2.676689859947848915e-01
3.889303231457899579e-02 2.916729154716289352e-01 -7.278983965862176331e-02 1.039094777535937292e-01 -6.797757777178721483e-02 -3.622410403404083962e-02 -2.723864278198277478e-01 1.040446170400621817e-01 -1.312250832867587758e-01 -6.775279360788134114e-03 2.870612828115903445e-02 3.435657168127454475e-01 1.867690138131385957e-01 1.827769781030413225e-03 1.417228152518711648e-01 -1.278612717601976811e-01 1.703692429240569739e-01 9.429738386636436764e-02 -6.883157777139729816e-02 -2.895470978779983717e-01 -2.590500741100477122e-01 -1.607959292112284000e-01 -3.685265975421758017e-02 -1.224275530089375674e-01 -2.378464310834267348e-01 -9.370112826027371389e-03 9.224593032796099068e-04 -3.049449983534207043e-01 4.446244526251235674e-01 -1.255980487126650003e-01
-6.852077589391021573e-02 -6.232136167804048360e-02 2.532401133320968944e-01 1.319468925463379849e-01 -3.996113723848968707e-02 -1.462984177839224131e-01 -2.635558859788711232e-03 1.640125308035169371e-01 -1.351785883124242971e-01 -1.614145406440077590e-01 1.799169294043347911e-01 -1.695940532512661136e-01 -2.895440987776316810e-02 3.122921184814025919e-01 -5.841996590816683765e-02 1.517474580782720572e-01 -2.996434574947780607e-02 6.878007799942428835e-02 3.289385369150706340e-01 -6.412502648816417739e-02 -1.061805494412625533e-01 2.872205113004265287e-01 -1.637585091944380664e-02 -2.217516679926264112e-01 -2.287876932754868975e-01 1.951309977393649031e-01 4.738500559725912220e-01 1.781690741344317541e-01 1.105465886697016703e-01 -9.816608002957391554e-02
2.798897174603695928e-02 2.542188630698743665e-02 1.417945182556283046e-01 -3.191591295897481390e-02 9.284929866247957839e-03 5.944180143148898310e-01 -4.418004364526879058e-01 3.229197012842654479e-01 -1.590609365146408438e-01 1.743445119823097966e-01 -5.801171825312496921e-02 1.517123357848588865e-02 6.980084421548440367e-03 -3.435384388088622704e-02 -7.563074394081735485e-02 5.062122987513250488e-02 3.846021892144520227e-02 -2.226895110821851959e-02 2.776920647851325308e-01 1.331203377116798037e-01 2.273985892382140162e-01 -2.301982010582594163e-01 -6.176307523448626435e-02 4.332700304050862705e-02 1.084530489498912592e-01 -8.739562301468183081e-02 1.494762003173130405e-01 8.043558808949122230e-02 -1.672948092468538525e-02 -7.984711290520815977e-03
4.090768101823313158e-02 -2.174708028385388958e-01 8.105904979672219623e-02 1.284860157888015886e-01 1.310753440718976370e-01 1.842679974390105113e-01 1.828787470190600117e-01 5.697070732403974880e-02 -1.971864293162270410e-01 -5.894230258930977656e-02 1.949294238609024510e-01 2.202241230430019292e-01 -2.416344669945625356e-01 4.397196559889372108e-02 7.138860528037099806e-02 1.117360542582554635e-02 5.330924631483641152e-02 8.890446577059037125e-02 -2.198140375246938061e-01 4.075869042130088049e-01 -2.862846665588318351e-01 -1.321814286549757855e-01 6.403525451631063292e-02 1.433535431944140889e-02 -1.337965887327315362e-01 -7.096815623600519207e-02 -1.930883780182697518e-01 2.982990743571009018e-01 1.027586068746522974e-01 -3.962858298427813231e-01
2.456929565103463109e-01 5.921399152372115032e-02 -9.434868709716121016e-02 2.851026244635391227e-01 -2.102743040207305514e-01 4.717459707231887872e-03 -2.075078125400691142e-01 1.136743368457511644e-01 -7.773178053505425296e-03 -2.490912651727371363e-01 -2.092124724855614626e-01 -1.385272994833018911e-01 -3.125954476045809671e-01 -1.869162085111422122e-01 3.702285785726407846e-02 2.071083907332849777e-02 8.129393621982418383e-02 2.636248221235784062e-01 2.568229786677701798e-02 -1.297834733972212384e-01 6.585828307280938492e-04 1.028403084394603900e-01 4.532934830130348064e-02 -5.531988719309780672e-02 -4.398062450289028091e-02 1.633108735585973303e-01 -3.380664206873005284e-01 3.681151081306554551e-01 8.936418563535900028e-02 3.008568214261049811e-01
3.314342731983759699e-02 1.411711638546326031e-01 1.254478204122257134e-01 5.539455204753193640e-02 7.657360274910900676e-03 -2.216758749882415391e-01 -2.418971163932517321e-01 1.274368161084907525e-01 4.335055022804978203e-02 1.630093466048624373e-01 -1.068000178373081505e-01 -1.091769017211791509e-01 -1.708637072540813706e-01 3.329952209103553828e-01 -1.933941916471351163e-01 -2.698139597802433620e-01 1.681366124487384539e-01 -3.028431212441445308e-01 -2.972198645187030391e-02 5.451490063810838366e-02 5.422476132102874158e-02 3.098959909897234244e-01 1.319520716517446901e-01 4.166305323204557154e-01 -6.385690368286309204e-02 -2.054633967943398920e-01 -1.817161621540228367e-01 2.903755526597473144e-02 1.132772610378285083e-01 -1.654058990045694233e-01
-3.090301753105852423e-01 6.949498605727606748e-02 4.284227938222957000e-01 1.014765357238027327e-01 1.241331172837698421e-01 2.275031473066134735e-01 3.450714793007422093e-02 -2.149204604406431962e-01 1.833012416070232131e-01 -1.800960072053467698e-01 -1.208487927000719969e-01 1.003054260755361637e-01 -1.173286924261425085e-01 4.128405220746353410e-02 2.007418422319134088e-01 -3.407776395823001736e-01 2.101652197730176919e-01 1.359126833253930522e-01 -1.859560560435114529e-01 9.153858571178841164e-02 2.949456757434051890e-01 1.991877843240444923e-01 -1.388563232059147334e-01 -1.637520933484884200e-01 8.997555403163677579e-02 1.222710523300231250e-01 4.376208586818142871e-02 -8.871794090884796424e-02 1.198774986556272321e-01 5.580982866674680243e-02
1.841808061145785436e-01 7.733734626302915527e-02 3.619810901827547316e-03 2.528801558742535885e-02 1.666747839308832246e-01 8.615688611880636255e-03 -4.364219747891887602e-01 -2.122878851877730566e-01 7.209430031166767783e-02 -2.641958981500490689e-01 2.074388492738120648e-01 -1.810190625123816732e-01 2.357276763149476206e-01 1.682765893805741597e-01 -1.155009768106758511e-01 2.962302958395133801e-01 -1.995767334842737661e-01 1.479390436999507633e-02 -4.298948613708032385e-01 7.118043991103456536e-02 2.605593166371322211e-01 1.276991867788685071e-02 3.020436907555586539e-02 -1.618456826007843852e-01 -8.186123121555326232e-02 -5.287480921086051139e-02 -8.515385599245875459e-02 1.630586397235658097e-02 -1.766685732653481113e-03 -1.348399226834753606e-01
-4.416270615561102703e-02 1.109562898466443653e-01 -1.596683081891908662e-01 -1.324646869797450610e-01 -1.577172964316619561e-02 -1.733331565240286976e-01 -1.206676636799302316e-01 2.210565639648614297e-04 1.660187908812562618e-01 2.009416920339024970e-01 -6.563445320035210528e-02 -7.457570400110290210e-02 -5.034326521075432881e-02 -1.974103802623825010e-01 3.479148410895152588e-01 1.634126947164413757e-01 2.575555645721226347e-02 2.339606381553706593e-01 -8.724517448083986271e-02 3.869864023149749421e-01 1.554653936324679742e-01 -1.740080682570206922e-03 4.881676213670355091e-02 3.653297764618038124e-01 -2.852589497676069064e-01 2.309529640057469413e-01 3.120516915040339456e-01 2.840612689382984724e-02 1.576202969379633390e-01 -1.577452152054480833e-02
2.567574819633198224e-01 1.655267017791962336e-01 -1.174061589103904263e-01 4.951122701663907694e-02 2.733692850048476466e-02 4.973073305016229018e-02 2.836095964991752205e-01 1.183227953544225275e-01 -3.303538701165169983e-02 -4.957574659093148539e-01 -1.248989081822625274e-01 -8.854445116739949329e-02 1.024556144930172108e-01 -2.588324831946732241e-01 -1.435812525267857465e-01 -3.278372723979816605e-01 -6.775726467986870061e-02 -2.558168541852927635e-01 -2.220993977819160983e-02 3.192655758622510442e-02 2.143202859108577218e-01 -1.505032240015084510e-01 8.440854858187655727e-03 1.242867306412699102e-01 -1.076151290080712419e-01 -5.286093214618446667e-02 3.110485766741616365e-01 9.153649695917229212e-02 1.210380791638862585e-01 -1.645918571782780671e-01
4.509645270797575656e-02 2.908182184582540353e-02 -6.466601820331020767e-03 -3.228614976004237636e-01 -1.874247291842437990e-01 1.747447391557555574e-01 2.811727382719502247e-02 -2.336016698940758529e-01 -1.059714835388197302e-01 -2.705240278608868343e-02 2.030379039976599742e-01 -1.185657769981496856e-01 -3.465469017295153553e-01 6.427546253072427725e-03 -2.262523195404482768e-01 -1.245693098547532435e-01 1.818833270270662494e-01 4.027263772721635937e-01 -6.803366893142386018e-02 -2.741780566532489583e-01 7.621274293530995447e-02 -5.039928088931019956e-02 1.918983775540699932e-01 9.615568963574910866e-02 -2.602225033328922077e-01 -1.942720977585452036e-01 1.429741092380158451e-01 -1.288603745023659819e-01 -1.949361640472006274e-01 -8.792988749731778242e-02
-9.402987134522947099e-02 -1.130107925425560822e-01 -1.209383562466025686e-01 -7.046251985458133749e-02 -1.519754045784775798e-01 1.010461465889000293e-01 7.748597295161741005e-02 2.352391990522645915e-01 -6.647598888912632786e-02 -3.536686880721125470e-01 1.219211895673925905e-01 3.290917144787662840e-01 4.645654042922917754e-02 3.312515558913291525e-01 2.677931201787368543e-01 9.367573167211576401e-02 -1.809654071176089729e-01 5.225592793562643806e-02 -5.274726719706814698e-02 -1.802283056196180748e-03 1.339400859740996486e-01 1.538888522827700778e-01 -3.715178273640250273e-02 3.000995266435657616e-01 -7.775029583797164745e-02 -3.146375607870162128e-01 -2.335445300701761463e-03 -4.535877444386052226e-02 -2.140819849192976063e-02 3.744558434257943547e-01
-1.641407637370461137e-01 1.851428761813787016e-01 -2.370416924092735023e-01 -4.435547400600977491e-02 -3.200796281674162663e-02 1.342265589494926747e-01 -4.849379800972677262e-02 -8.684806757592145043e-02 5.424691421176829065e-02 1.841648289393427451e-01 2.888590950994322504e-01 1.681535256436121339e-01 -2.358408719108380791e-01 -1.847214192795292864e-01 -8.616526806867010058e-02 -9.228588135448222152e-02 -4.376892132068792574e-01 -5.831340388722284357e-02 -7.374494652683304119e-02 -1.474587546659490433e-01 1.572884009994727356e-02 3.034918047878029101e-01 6.437143749253763925e-02 -4.639380338009430754e-02 2.882778303041666490e-01 -3.382423967062089809e-02 1.473139849048670513e-01 2.493315767483662293e-01 3.246282065966455965e-01 -5.590026666504720881e-02
-1.581548280460395306e-01 -6.372783145245503045e-02 -3.008497200519562043e-01 1.256067229776948735e-01 -1.775732586093071719e-01 4.832944895419337417e-02 1.260937560796477307e-02 2.694549776066784141e-01 6.290336568855064980e-02 2.264282317328384850e-02 3.384370771803831834e-01 -4.290174738912793662e-01 -2.034631512047387625e-01 -2.217462006528620952e-02 2.523466772033927108e-01 -1.001076698636449956e-02 2.862206249659104418e-01 -2.455618526735007523e-01 -1.960419886041324111e-01 -3.107395389012069728e-02 5.713822583270190825e-02 -3.487482875565378615e-02 -3.155300880333281599e-01 -1.681012412877546380e-01 4.433243217438778000e-02 -9.764857667651731521e-02 1.386102553465488538e-02 -1.345824439492232516e-01 -2.145941637694000897e-02 -7.132412290780941466e-02
6.226250024373446851e-02 1.403743922159741420e-01 -1.764825139909092788e-01 2.119057880066934629e-01 -8.559184121542172397e-02 1.488770711192468899e-01 6.325707984274211992e-02 -2.622764284718226424e-01 1.758600493605054493e-01 -1.492079751386119757e-01 1.190947299816168953e-01 9.554749369247145241e-02 -5.883251073856848173e-02 5.942326880371342351e-02 -2.999440182386044484e-01 2.928916861195154930e-01 3.959579334732704625e-01 -9.304660495808560194e-02 1.452032068128565057e-01 3.281066133180535194e-01 -1.502778962275910235e-01 4.228686648721866059e-02 1.757170267984609069e-01 3.946418929373923107e-02 2.034168136861025655e-01 -4.678526050856094548e-02 1.474994954511718026e-01 -1.955018538897603242e-01 1.887343940682952026e-01 2.206620439536919331e-01
6.399888410458406951e-02 -2.503207022611991794e-01 1.705852835029219583e-01 9.234032366483678478e-02 -1.449242676182339318e-01 -1.832232170245001734e-01 -1.398761580009723338e-01 -3.527427956980141999e-02 -1.663940287430888329e-02 -1.216417792709800771e-01 6.718555331951904519e-02 2.181131012856583895e-01 -2.534798326569905336e-01 -1.442489645426894285e-01 -3.004466299600575541e-01 1.254746178969728398e-01 -1.105382809544669942e-01 9.950162760202500151e-03 -5.735170325233428235e-02 -5.904134492842852411e-02 3.882969852612747075e-02 -7.975361301236649769e-02 -5.508169299820676601e-01 3.240263067817413245e-01 1.178780539602331673e-01 2.191333821836259632e-01 4.648599328530311076e-02 -2.236335378399035012e-01 2.320910665187744804e-02 -1.096438113820957794e-01
8.609434456356170051e-02 -4.849240132229045153e-01 -1.599823719072845374e-01 -1.330880893420776367e-01 4.794001242798885398e-01 -4.613987917429034080e-02 -1.096617472688842243e-01 2.080038633253515901e-01 -8.588351140903785486e-02 -6.083188081788844931e-02 -1.396864357051300354e-01 -1.567342715542923426e-01 -6.130316777327021044e-02 -6.958921862186050709e-03 -7.217844499468360764e-02 -1.043495662634063570e-01 8.702901619191164007e-02 1.937623868600380217e-01 -1.655269333331812198e-01 -7.293636887784016309e-02 -1.042218583652235464e-01 8.243714991316236640e-02 1.619522001908824671e-01 5.737123328470995418e-03 2.562137830526572402e-01 -1.648983911983350342e-02 1.826885939883857723e-01 -1.832497634572122225e-01 2.785417189140258487e-01 1.400381902835037828e-01
1.851865969569719272e-01 -2.997185664832273666e-01 1.212474796385328152e-01 1.641916352609611995e-01 -5.873268684504359127e-01 -5.208656551448623967e-02 7.410400783449000266e-03 -8.664153144179789767e-02 -9.306617698437472108e-02 6.502817780235685408e-02 -8.015906696207478199e-02 -9.626687140326482817e-02 1.210679599678988194e-01 2.150968709910817955e-02 1.957520750741583992e-01 -8.128161406197845218e-02 -1.536102499642192643e-01 9.526931256036570705e-02 1.164741541870586636e-02 1.145707937519703790e-01 1.640621479171256170e-01 1.212711873032462466e-02 3.096586460563088283e-01 -6.914306270822594136e-02 2.827848971297996505e-01 -8.513481938826703010e-02 3.122449670507482233e-02 -2.120186699129486818e-01 1.683338009576854089e-01 -2.349751241502804344e-01
4.275967819350117716e-01 -1.072427103996598102e-01 -3.243708271193085357e-01 7.354862765807668352e-03 4.379606639076252111e-02 -3.023318983433137108e-03 1.088684278014757645e-01 -8.442235208832467308e-02 1.553498938187102274e-01 2.430640032129215422e-01 -1.901943664427078740e-01 2.862289767860757284e-01 -1.149225262998248426e-03 2.527491954306019806e-01 1.012853724908014882e-02 -9.070163722225117395e-03 1.857692658999767765e-01 1.276820628042984462e-01 6.778004338908047433e-02 -3.626109348966970874e-02 2.730474142491716716e-01 1.772277490199142824e-01 -3.336817307267507804e-01 -2.272912667585064161e-01 -2.894868485622158205e-02 -1.272130027484569270e-01 1.150408681148624573e-01 1.644470556037939679e-01 -2.796626519307094869e-02 -1.741492793775749337e-01
-2.620304754879558828e-01 -2.825719922963613930e-03 6.707490866781583294e-02 1.871945274654553820e-02 -1.267187017714505037e-01 -3.265356203663237755e-01 5.859468587837656645e-02 2.974892639831238639e-01 1.044212954643930907e-01 8.847776517012215236e-02 -8.905876275671893716e-02 2.499077191528703001e-01 -1.424612064689156909e-01 7.544923933899458368e-02 -2.706667145838034805e-01 1.306666796155021293e-01 1.089640894125754461e-01 -2.180820717539323772e-02 -2.767883623792223302e-01 -3.701163597043881370e-02 2.962857136285943493e-01 -3.842815537282400218e-01 2.467038461285707973e-01 -2.391676855540183499e-01 3.154199649256985566e-02 -4.139380962943119135e-02 1.268041426336110888e-01 1.807568577238359286e-01 3.211749782608027542e-02 1.004121981186362617e-01
1.988815829121874934e-01 2.139346470617623230e-01 8.732303983855585483e-02 -4.310152958819205016e-01 -2.770018578465101577e-01 1.838460130423769656e-01 1.532889606911365665e-01 3.361152167372139510e-01 1.497314718492895880e-01 4.264218714542601478e-03 -4.481583417915955408e-02 -6.287081455858914425e-02 1.359841580369440250e-01 2.027587241686093222e-01 -1.638918372564917847e-01 -3.151015486185530096e-02 4.943326489591498910e-03 1.004190642626762719e-01 -3.105242434620987257e-01 1.247703003707876651e-01 -2.434684083552156042e-01 1.246759838843846668e-01 -1.006546046801436028e-01 -3.471765142506986340e-02 1.772840585158498294e-01 3.417965028264242644e-01 -3.619721146412795132e-02 -6.378093322904249823e-03 2.178202206007039121e-02 9.181027591337855009e-03
1.051412224480104407e-01 4.399938483134420431e-02 1.796611508758557962e-01 -1.010555298732231655e-01 8.280565441858601938e-02 -3.003336957774609128e-02 3.511921728392070619e-01 -3.806973264620665265e-02 -2.480084485219656298e-01 2.070878556514500202e-01 2.459885651002792217e-01 -2.022265868383298915e-01 1.223433683388733817e-01 1.305920627696103252e-02 -9.969574722750970674e-02 1.137851969286286097e-01 5.268985773608334672e-02 8.052534587777120112e-02 9.827452454119536829e-02 -1.861632988062661767e-02 3.376691022081682592e-01 -8.845401594945670465e-02 -1.535042663193419699e-01 7.019481908053636088e-02 -6.166200564721463495e-02 -2.116702922651973046e-02 -2.828924363203828007e-01 3.252604616181373892e-02 5.186609599741605070e-01 2.102493448103307239e-01
-2.956868594816065010e-01 -1.691820229956212951e-01 -1.769068989419995269e-02 -2.170578748418051374e-01 -1.870489647260596133e-01 -1.292527283854160436e-01 -1.435448660272287402e-01 1.526002702207629978e-02 -2.378912481596052314e-02 -1.340140010776068591e-01 2.313915717182960657e-02 3.971791387259965972e-02 4.282447323042304910e-01 -3.653056532878541374e-01 -1.861493884172711888e-01 -1.175504310380067613e-02 3.117163296657070592e-01 1.416237467178613207e-01 4.145622494865829066e-02 9.443135143388055319e-02 -3.813060065937491638e-02 2.686727396201000206e-01 -1.432034499671168970e-01 -8.291831156702017189e-03 2.345019027704199621e-02 -2.699275352198347022e-01 -6.725100070028869337e-02 2.784350449416237994e-01 3.543314427341487383e-02 -1.136997009767919398e-01
-1.902692652300714757e-02 1.368880859219359647e-01 1.826734633594491730e-01 -1.835789994112781987e-01 8.059949051385058294e-02 6.314487771895610502e-02 1.540033086046594946e-01 1.464819227638466115e-01 1.645777771036187609e-01 -1.377055578907684374e-01 -3.312614157164267548e-01 -4.242427560469053810e-02 -2.366180684729720929e-01 -1.724374217059951864e-01 1.319506837217113981e-01 5.381728954459624736e-01 -3.235840653182760901e-02 -4.747061976259799032e-02 7.301234695132201302e-02 -1.685739606466138685e-01 -1.473345873275618955e-03 1.565797103012457892e-01 2.375900836783457343e-02 -5.750403575142220419e-02 2.657942924996681971e-02 -2.891903404232832875e-01 -9.404306848362833926e-02 -1.702586804722276137e-01 1.440067847106579202e-01 -3.154015615546251206e-01
-1.894462195100196922e-01 7.918897264082516707e-02 -1.438464044221731963e-01 -1.171443615963693313e-01 3.635766965839367509e-02 -9.869448121216778391e-02 -5.316862904081973845e-02 -1.026183447496252787e-01 2.844509862121656907e-01 -2.377263299885560288e-01 9.982078229348545495e-03 -1.550691652384776353e-01 5.118998950159921700e-03 3.485152312242074668e-01 9.353383401211691484e-02 -8.537853631476473304e-02 -2.642768994315316394e-02 2.559199051053190344e-01 3.010759302395350501e-01 -7.201123998107328283e-02 -4.950434076426266095e-02 -4.154222618899230390e-01 -9.361778724633454396e-02 1.586021488243525845e-01 3.199339488594548642e-01 -9.561675854383985818e-03 -9.529192603184498400e-02 1.980198541875496376e-01 1.520237343958635301e-01 -2.346945393281189840e-01
-2.474618546866449997e-01 -1.982156535152692356e-01 -1.164889801491704874e-01 -1.394142099488281019e-03 -1.949821329848182294e-01 2.089135172707820010e-01 -7.653323643644571739e-03 -2.257637782515454494e-01 5.378500235844366900e-02 8.020835196643888443e-02 -4.277845606164991654e-01 -2.098814642909186956e-01 -3.211282854911136353e-02 1.558353127821933137e-01 -2.065465412883922824e-01 -2.329566943911207805e-02 -2.524609999700628826e-01 -1.064095687088813108e-01 -1.138621621374500542e-01 8.739265871573272115e-02 -1.996781824630050051e-01 -1.150769237612938173e-01 -2.105789689028765566e-01 -9.197796551218503924e-02 -3.615197220513741150e-01 -1.491276201504827537e-01 4.473720150047535982e-02 2.439843203875288052e-02 2.656823482984624341e-01 1.435834045716269936e-01
-4.825006932044067359e-02 2.666201123164248579e-02 -1.130012692774763627e-01 -3.622752470929742064e-01 -8.226375507750094407e-02 -5.827150875334510816e-02 -1.075259593151672993e-01 -2.981649257824696142e-01 -5.541725079685037025e-01 -1.388629816915781245e-01 -1.910333604821020104e-01 6.747895297443549933e-02 -1.373491734812813392e-01 1.264482351570400120e-01 1.984272873455770192e-01 1.245829539012668907e-01 2.100365756381374627e-01 -3.478544835554515102e-01 -6.506719289266203743e-02 -3.901762434294245990e-02 6.070199902067734132e-02 -1.805884579962916889e-02 -3.177881953534367697e-04 -2.743358736584786128e-02 1.679240541246297680e-01 2.277981423328629684e-01 5.006806210594687973e-02 1.579819189136969504e-01 4.147462170824935818e-02 -1.491223367810351301e-02
1.607763486956607576e-02 3.124119820026867167e-01 -4.756675273357717504e-02 -1.098207474010814283e-01 4.571636165480079395e-02 -3.105050740292624734e-01 -7.822575791086237851e-02 7.012136142866244592e-02 -2.814360585170020967e-01 -6.724372477385756608e-02 -5.184291040202609890e-02 -4.045720818533408980e-02 -2.208872280640696295e-01 -1.659098367130365168e-02 -6.352142262288022756e-02 -1.620158935663050248e-01 -2.045849580748748398e-01 2.081891045606622526e-01 1.329763336420521636e-01 4.749062832853730987e-01 -2.085594657200686222e-02 1.120741333196311959e-02 -1.890683781601906477e-01 -3.125327820306889604e-01 9.594664291113463861e-02 -2.702644822416193082e-01 -2.923307037990458684e-02 -2.240120962624574663e-01 -8.169079018446331886e-02 9.228124654182341680e-02
