# CEC 2013 LSGO F04 rotation matrix (50x50)
4.7737252829167340e-02 -2.2084498007768169e-01 -1.4345160582875310e-01 2.9504191009606981e-02 -2.6657882621656248e-01 -1.3711623118132321e-02 -1.7109314773239331e-02 1.5217617342698361e-01 -1.4411901814766001e-01 -1.8343130114869369e-01 8.5227411923165117e-02 7.3591570244563670e-02 -1.4403425284334570e-01 -7.8882352433016528e-02 1.1939288987764329e-01 -4.8653484296691890e-02 -1.8168583506195071e-01 -7.0947526280991144e-02 7.0676120747323167e-03 -2.2700225701880111e-01 -1.0523769687575020e-01 -6.7290900086326808e-02 4.4004274743083403e-02 1.5122544137707769e-01 8.0938408548139648e-02 5.0412955895004087e-02 -3.7512357485252737e-02 2.7375582529088383e-01 1.5090869469997231e-01 1.3326157695647090e-01 2.6235980267494607e-01 -1.2522651939148779e-01 -5.4395001079853192e-02 -8.9328970250211984e-02 4.1280443402130843e-02 -9.3738989721204813e-02 2.3142521157075599e-01 -9.0403560401130387e-02 -3.5655212287036317e-02 2.1162413650612311e-01 -2.7730325571643791e-02 1.2266019276535120e-01 1.8945960773821999e-01 2.4872607865989299e-01 -1.0366935608242440e-01 -2.0313456982341940e-01 3.8170829914914259e-02 6.5268319871796682e-02 2.6886626491971177e-01 -9.3717485141025278e-02
1.1545110361721830e-01 3.4872475890704697e-02 -1.0493467869852380e-02 2.2636375876626380e-01 9.8284352127577107e-02 2.9693667865863022e-01 1.7669517830379181e-01 1.6534006251213171e-01 -1.1045719497039071e-01 -7.8256302872752162e-02 5.9186520430771938e-02 -2.2126679657056630e-01 -2.7892836112491919e-02 1.5246642963202470e-01 1.9393822354853409e-02 1.9040271850112381e-01 -6.3786622888065914e-02 -4.1502656063130437e-02 1.0614310537913810e-01 -1.8793095509644681e-01 -7.4284921365186843e-02 -4.5764583185058062e-03 1.9449441757579430e-01 -4.3062054253888652e-03 -2.8252189763059859e-02 -2.2499894733864340e-02 -7.4435106421833805e-02 8.1149919807236473e-02 -2.8278974606761190e-03 -2.6138414362748480e-01 -1.4608079227590670e-01 3.6083994678989612e-01 -2.3876976360845500e-01 -6.2153354218125239e-03 8.1031103897646159e-02 7.3153098265335706e-03 -9.0720536931679210e-02 -5.3486152981152439e-02 -1.9968207338477159e-01 -1.5668787672620590e-01 -1.7894597841394169e-01 2.7083310452513082e-01 -1.3054181244927321e-01 -3.9630583736668362e-02 9.7969157048921236e-03 -1.6217085946920851e-01 2.1375375380851751e-02 -3.0338884430870329e-02 9.4035058480860828e-02 1.3200143043835461e-01
-3.9157909226710343e-02 2.4793049043846719e-02 -9.4747629131943956e-02 1.1964077381035181e-01 5.4931643451919088e-02 2.7100006457212822e-01 -2.9881207894560491e-01 6.6228613568997133e-02 1.0564651560896100e-01 -1.3464733775143220e-01 -1.4228781770721529e-02 2.0446554332887079e-01 -1.2004640518267159e-01 2.0005135291532100e-01 -5.2318555575775659e-02 2.8831985410302748e-03 2.0293145683597341e-01 1.8895917869825130e-01 -1.0213849996701931e-01 7.4280664540804584e-04 -2.3029711879862629e-02 -1.8521157933642379e-01 -1.0966226692705330e-01 1.4677983941403849e-01 -1.7599774664423970e-01 -4.1457263531256193e-02 -1.2536464061126801e-01 -1.8255605991432561e-01 1.1646218636863941e-01 4.4951022075441709e-02 -1.0668556133637820e-01 -1.7749104495941161e-02 -1.5854531394730401e-01 -1.8282912716917671e-01 3.3391689955723319e-01 -1.1897741320725171e-01 1.9243775456597609e-01 1.3184580822035630e-01 1.5330687057376929e-01 1.9342186712695769e-01 -8.9179690973147679e-02 5.6139159675784988e-03 2.9042393463026270e-02 2.9913794220031521e-04 2.1374595239672481e-01 -8.9227142722029543e-02 -2.0259116778877109e-02 -5.9915693685200631e-02 -2.0580795535786989e-01 5.3154578073610743e-02
-1.1035350654889030e-01 1.6343846663008091e-01 -2.5434114450506551e-01 -2.6997685094182711e-01 1.1328012391805550e-01 9.1412704904037564e-02 7.8857880127378627e-02 3.9169895739294917e-03 9.2096476638125382e-02 1.3677319149254460e-01 -3.8845594173935967e-02 2.0687172176029381e-01 -1.3437881031336901e-01 -1.6330468833932291e-01 2.9764008569840680e-02 1.7805123753334200e-02 1.4413903278986451e-01 -2.0639316103808331e-01 7.9796604665620788e-02 1.1542499118316520e-01 -2.1828552930571321e-01 -1.2137206038273170e-01 -3.5198419379557033e-02 5.6790240133637610e-03 1.1938352495854140e-02 1.0043405956656690e-01 -5.1212661936756318e-02 -1.7200968988475779e-01 4.6573544364528893e-03 -1.3157455311166130e-01 -1.2198480488758420e-01 -1.2596817024364729e-01 -1.6668455215054750e-02 3.7603740331673900e-02 -4.5094801165596797e-02 -1.7283189900348070e-01 -6.9590178832007105e-02 -2.2766299984724611e-01 -2.4886185644571529e-01 4.0579297577226163e-02 2.0544507110825619e-01 2.0991678273609790e-01 -1.5327137370415339e-01 2.5331576612278423e-01 2.2293634576143900e-01 -8.2084579839592636e-03 1.6087673930562180e-01 -9.1887597495357076e-02 1.6333855783504761e-01 -5.3820628866825163e-02
1.8927775602369140e-01 -1.8614279197112429e-01 4.6611847666943033e-02 3.2539028698440477e-02 -1.2967189377174121e-01 2.2229966639084262e-02 -3.6745986813414080e-02 -1.7876663533489501e-01 -1.0760760280013530e-01 -2.1996690341974279e-01 -2.0537701288805041e-01 -5.0567611257447617e-02 -2.2367207155093972e-03 4.8846403526167023e-02 1.4168967759757881e-01 -2.4194739101945440e-03 -8.3117156566392000e-02 1.1345560674012460e-01 -3.6183402046744563e-02 2.1414269965240271e-01 -7.0875230926869121e-02 -2.4530894238377229e-01 -4.9596049560458537e-02 1.6474749449930651e-01 -9.5692329697377274e-02 -2.7138231066677100e-02 -4.9148955297810368e-02 2.2501917982078221e-01 -1.8220673275079921e-01 -1.6581189096554669e-01 5.1572088182077723e-02 5.8987994939593301e-02 2.7426674840033072e-01 7.8406187500721175e-02 2.0939939417931619e-01 -1.0557401133622241e-01 -3.6319320496474877e-01 6.9475981329054054e-02 3.1697634542672670e-03 -8.3477103002703293e-02 1.2980740120955139e-01 5.6094167850484218e-02 8.7530796704558309e-02 1.1919803226898010e-01 1.7615494977078899e-01 1.5450716675236140e-01 2.6939826863311889e-01 5.7572328669059647e-02 -5.8574023297720740e-02 2.8465596079080481e-02
3.0660875675896430e-02 3.4651515705596388e-02 -2.8359810286656948e-03 1.7162507723635700e-01 -2.5193959326231402e-01 -6.1178548947345493e-02 8.2859201157840234e-02 1.9320472577243869e-01 1.1209677089194049e-02 2.2232165687766139e-01 1.3757489925351229e-01 7.9338734390114143e-02 5.8692159438479601e-02 -1.2489825197261080e-02 -1.6392596338704060e-01 -2.4021339780951759e-01 -5.1296977319856427e-02 -1.0503425790980300e-01 1.1133708926303031e-01 1.2764939282225990e-01 -2.1143259765498179e-01 -3.6824924577808470e-02 1.3626752313861820e-01 -8.0024989605756523e-03 2.1211304794762818e-02 -1.4710437030779630e-01 1.6476427314077990e-01 3.3791545313812152e-03 1.0946551275716759e-01 3.0851467078365769e-01 4.2434332436242478e-02 6.6428146735845170e-02 -9.7900551196340432e-02 -1.7810620770421941e-02 2.2049723323330939e-01 2.8287395609325638e-01 -3.5441936178515671e-01 9.0552744697538871e-03 1.1897338371090339e-01 -1.2481292214082011e-02 -9.0383094392891897e-02 -2.1969273316435139e-02 -1.2557120656344431e-01 1.7011214511626629e-01 2.6648768439314657e-01 -4.2177498056820643e-03 -3.3019383640715938e-02 -1.2301678354830881e-01 -3.8768921384841788e-02 -6.0849766257908063e-02
9.0703605748384639e-02 -6.6474999918613054e-02 -4.8264460803523562e-02 -3.9356057671447203e-02 3.8635562790807619e-02 -3.3158028956550673e-01 1.0825591438018420e-01 -3.0742823186711090e-02 -7.8241501559156920e-02 -2.2917367036065789e-01 -3.6882000859170989e-02 1.5171855204285881e-01 -2.7445172079865843e-01 6.1273858000098803e-02 -7.7156493531756007e-02 2.3980536181672399e-01 3.6791673546129411e-01 -1.5033417329026719e-01 9.2766536544627437e-03 -1.0316171074376899e-02 8.9738598272467829e-02 -1.4479040719708069e-01 -2.1281686474846920e-02 8.3533697677535781e-02 1.4878912899515259e-01 -4.6306988983390007e-01 6.7710236629987652e-02 -1.1909236502140720e-01 3.6935964357942573e-02 4.7365194737719378e-02 1.7733377888177351e-01 1.3556504974701289e-01 -2.2106000854599010e-02 -7.8027890729790049e-03 -1.6622119408249450e-01 3.9986494937589337e-02 -1.4457179678876539e-01 -2.5352109168089471e-02 -1.1167299761154570e-02 1.2713850434462420e-01 -1.0349516091134930e-01 1.0657697794749710e-01 -9.1236295189975558e-02 -4.9909103278773848e-02 -7.3589196446833510e-02 -2.0599624604487360e-02 -2.2157251056289110e-03 9.5365700139109388e-02 -9.3037105481207721e-02 7.9668696977181958e-02
1.0947400755658300e-01 -1.5288723422508449e-01 -4.7765410228680881e-02 -4.1410069923858997e-02 1.2995342040387081e-01 -1.0443936827195090e-01 5.9851937560812481e-02 8.5239382466335487e-03 -1.3831183813790809e-01 4.3929599810907598e-02 -1.6163186848737321e-01 1.9846295978028380e-01 1.2003717101271180e-01 -1.5862354746727039e-01 1.0871943615750070e-01 5.5915718029570433e-02 -1.2837421137173949e-01 4.2281338687403419e-01 -6.5375811541646636e-02 -2.1003450848299928e-03 1.9283319213795039e-01 1.0537652689185120e-01 -1.2770673463491089e-01 1.4500601500050930e-01 2.7224011400150072e-01 1.8058335365439529e-01 -1.1633035273907620e-02 -1.3219577230685040e-01 1.4458365099095991e-01 -6.2675794897852372e-03 7.6616529518171286e-02 5.9247223174257423e-02 -2.2654020233473249e-01 -4.9525865906421461e-02 -7.9563656444730235e-03 -3.1471063587704198e-02 -2.8545175519797272e-01 -6.8356395043428386e-02 -2.2628211826443381e-01 3.4699297653715037e-02 -1.0381306589517100e-01 -7.7490449305824355e-02 2.0828128783622550e-02 -3.4564721341554652e-02 9.4821690860592403e-02 -1.7411692618938490e-01 -6.7817058235633665e-02 -2.6503066216021642e-01 -8.2382131842493281e-02 -1.2472087451278629e-01
1.9482361887424229e-01 3.4247194460036857e-02 -1.2332296302420560e-01 -1.6482716097542779e-01 -1.2251268592382961e-01 -1.4599746841689981e-01 7.7571982615842111e-02 -3.0021213025058411e-03 -8.3349214832005539e-02 1.4302298174013389e-01 -1.7608932611923739e-01 -6.6760233752191627e-03 -1.2591790483359031e-01 -1.0922978170146840e-01 -1.2971166058097169e-01 9.2861606649729825e-02 -1.4270790840639691e-01 -2.0197351949863901e-01 -8.4369355301348479e-04 6.2681921116238826e-02 1.0204969640357769e-01 -5.1867003837596320e-02 -7.1607533575569302e-02 1.1549287503421080e-01 -1.9232194402134889e-01 2.0112856777557539e-01 1.5788957859453009e-01 4.4919548171441732e-02 -3.9301546538517189e-02 2.8377015940678339e-02 -2.2599470379846670e-01 2.0987007419050380e-01 -1.4766014688464979e-01 -2.1100208570782389e-01 -4.1768656176175631e-02 -9.5011670173177840e-02 7.1152288925488763e-02 4.9337792028555899e-01 -7.4844687218574334e-03 8.6249730924716689e-02 -9.0580214738191792e-02 1.6982244851969189e-01 2.6637823631318690e-02 4.6254426483727283e-03 -3.1314571294408657e-02 2.0110203655441339e-01 -1.2947712296556829e-01 -5.2080670590854373e-03 4.6508369500958187e-04 -1.9202074917236181e-01
2.3112915421898521e-02 -1.5778480300526221e-01 -1.3107671113358249e-01 -1.1918598152830839e-01 -1.5219855805710569e-01 -1.9934039954387650e-01 -1.7797486059744011e-01 2.5187678928091589e-01 1.8900549887254911e-02 6.8723272548520120e-02 -2.6382619407019448e-01 7.1298450491659712e-02 -4.6736240679993088e-02 9.8096422971736316e-03 -5.0269574776167433e-02 2.3132524012412520e-01 2.7115752189290371e-02 1.3882833042405990e-01 4.6421172271468983e-02 -1.2352411323695980e-01 2.3312399126109828e-02 1.7638383272937960e-01 3.6212107536633002e-02 -2.6384531328769512e-01 -1.3961460720714791e-01 2.5054249424862989e-02 -5.8701891049376648e-02 1.4989385414132489e-01 -6.7367250962736894e-02 1.1444723726348840e-01 -1.0619964564382400e-01 -1.5763606778717190e-01 8.0765810701899973e-03 1.9054436563274959e-02 2.2477474051537741e-01 9.7168156231453542e-02 2.0708729536495371e-02 7.6756226266043823e-02 -2.1035322086758579e-01 -9.8285169192999372e-02 8.7649950775141108e-02 -7.8063787293190148e-02 -3.6837180693139632e-01 9.5799062242348326e-02 -1.3411792424848881e-01 -1.0143111846353819e-01 1.3965570773783839e-01 1.0407189803060020e-01 -1.2080921876775000e-01 2.3409161866004230e-01
4.5584692114180522e-02 -1.6760162384173979e-01 -1.1988698607627370e-01 1.4932809803622431e-02 1.0797769220763710e-01 -1.8963413976838980e-01 1.5239527294052381e-03 3.2807081679497307e-01 2.2676360124263739e-01 1.6965710678812659e-01 1.4917329176474239e-01 -2.7293492769291250e-01 2.1624535783020971e-01 -1.0872693635373371e-01 -1.2449193702852730e-01 -1.5990381195325219e-02 5.9082759239333003e-02 4.7443257087982728e-02 -4.9969849510866297e-02 1.2947852398070811e-01 1.6689739847869001e-01 -2.0759658251600560e-01 -9.7925381053912963e-02 1.0638458545255131e-01 -1.1599895533717000e-01 3.2508774425429307e-02 -2.3220152491339949e-01 -1.0111190581354040e-01 6.3684268879847433e-02 1.3716288624951101e-01 1.9100407368564029e-01 1.9670608012312990e-01 1.0313780266216900e-01 -1.0083007229573750e-01 -3.5664522897059701e-02 -1.1387442332155680e-01 2.4630119029431231e-02 4.3114931442231530e-03 -1.0367332824705550e-01 -1.8753914613227202e-02 9.5655162506720279e-02 5.3322193980802339e-02 1.2089598273121560e-01 -2.9677635829070619e-02 7.6519225256877002e-02 7.1514496623843044e-02 1.3838036628344911e-02 2.3800112275873769e-03 2.0312934711812389e-01 3.5839494287294782e-01
7.7752494070914738e-02 -1.9663980151096849e-01 -1.8861148173966860e-01 -8.3200950733759420e-03 7.7503356340445544e-03 -2.5484641259917179e-01 7.5819496392782598e-02 -1.8692710399657839e-01 1.4656532013514720e-01 -1.4591827662417731e-01 4.9042163022430398e-02 1.9361263762359049e-01 1.4845056123303019e-01 1.0286264106360930e-01 1.4763035837582530e-02 -2.3623551456499270e-01 2.6770063653774451e-01 -8.2437509855321445e-02 2.6757110037100679e-01 -2.2907156829471932e-03 -3.3234463851005848e-02 7.9883354546217533e-02 -1.4482744118259749e-01 -1.1915395818639730e-01 -2.3932992430060060e-01 1.9226475522402250e-01 -5.1987584321972702e-02 8.1853250560959323e-02 -7.7998200262812595e-02 -1.4333778965125529e-01 -7.3228808585262511e-02 1.5515040648477271e-01 -2.4796293103902300e-01 -2.3235727382435480e-02 1.8132698991941651e-01 1.2686962119776460e-01 -2.4975052952277432e-02 -2.2933666434006220e-01 8.0212634331777041e-02 -1.0354401935176979e-01 -4.8554288455527114e-03 1.2430429141788459e-02 2.3050454142884219e-01 1.1050634046457531e-02 -2.1189180587394221e-01 1.1058923169877060e-02 -6.5110585690011782e-02 -7.5188958114401266e-02 2.0135367417531400e-02 -9.1521708108813927e-03
1.7696692340856371e-01 1.0919258817020740e-02 -2.3756410943218340e-01 3.1398280577100229e-01 2.4062191412509301e-01 1.7373400306954310e-02 -1.3110314348028701e-01 -8.7555582638896290e-02 -1.2324873726527140e-01 2.5282854746284029e-03 1.8437048522484500e-01 7.9224418550432843e-02 1.2065320824689030e-01 -2.1602024285808530e-01 -1.1577442080028480e-01 6.0734458556899712e-02 -7.8757164721300857e-02 -6.0609686034799722e-02 -1.2380364332212049e-02 -2.7428459933931570e-01 -3.9152848262106138e-01 6.7344602552620203e-02 -2.8114272789406020e-01 1.8482210052536141e-02 -7.9938863321160861e-02 -1.3165025754960749e-01 -1.6223316347160371e-02 -5.6274769107414163e-02 -1.0077247553555800e-01 9.7587190428633751e-03 4.0789380071973677e-02 -1.3993889830275910e-01 9.5565566966385906e-02 5.8560740210578013e-02 -1.0416127213154509e-01 5.5151524299660727e-02 -1.0412050684259840e-01 2.6303332851051092e-01 -1.5797761169616831e-01 -4.7753357057370042e-02 1.5198455092440941e-01 1.6967122523747678e-02 1.0443535276616990e-01 2.5471600817898211e-02 -8.5567610740067954e-02 -7.5697296601372538e-03 -1.1207723148604640e-01 -4.6545691459510381e-02 -1.4531895043778720e-01 6.0811311008445661e-02
-7.1180778408158313e-02 -1.1116398640929250e-01 1.4201163352772141e-02 -4.5127120035922987e-02 4.7821077360074772e-02 5.3956782095805678e-02 2.0169093701921510e-02 -2.5479893580482982e-01 1.1669063150194681e-01 -1.1126012006968340e-02 1.2036869070780280e-01 -7.7260347061055279e-02 -1.9339720820730849e-01 -3.5995342502868760e-02 -2.2169035596104730e-01 -5.5944506101529130e-02 1.4154835126671839e-01 2.2544685936583951e-02 -9.3881945873929368e-02 -2.5541657023420761e-01 1.2688741590687230e-01 2.7110041846722499e-01 6.0045871540376911e-02 -2.2879230772838891e-02 1.6090108434990760e-01 -5.7757915202315442e-02 -3.9251220921497153e-02 1.5938587401487139e-01 -1.2306351894807280e-01 1.5876213645028839e-01 4.2592747595649828e-02 1.5738280543915451e-01 2.0895783471036161e-01 7.9389732023591949e-04 3.5167228777301751e-01 -2.7392659500986788e-01 -4.8668862031377748e-02 4.5229901474141626e-03 -1.0071485179449630e-01 1.8165624923958582e-02 8.3274733558262912e-02 5.7544155197740830e-02 -1.2439752327773010e-01 4.2376140663086287e-02 6.8877690883343112e-02 1.6949071700990981e-01 -2.5658755463445310e-01 -2.5967403477736911e-01 1.3550957764864230e-01 -7.3209699009300369e-02
-7.0696236761674497e-02 1.7486239899903239e-01 2.8963426136434978e-01 -6.0966772560748277e-02 -1.9947522896365880e-01 -1.8278405379559859e-01 -2.0553493674535830e-01 -1.1323427429043420e-01 1.8004688040210701e-02 -6.8007330557358456e-02 2.8112062111383500e-03 -5.0912483618105027e-02 1.3243263169618499e-01 -1.1588312355535980e-01 -7.1091429814102977e-02 -1.4348398002893609e-01 8.3818980116718914e-02 1.6992238912331889e-01 5.9625527214109832e-02 -1.9427290311007800e-01 -1.0123464545683911e-01 -3.5010630029115869e-01 7.9450687127594177e-02 -1.1553610017336979e-01 1.1456057035669169e-02 -7.0835119649461001e-02 -1.7035966861326229e-02 -8.5607635010576985e-02 -2.2371596295211699e-01 -2.8532915436324129e-02 -2.1669982545971789e-01 1.0227494367929980e-01 -1.8460904076324908e-02 7.9047027703174580e-02 -3.4169566976425293e-02 4.3958049777900479e-02 1.3358325835192451e-02 9.1894308010781467e-02 -3.5403775002459770e-01 2.6099676022679330e-01 -1.8848985333488391e-01 -1.0235234113187830e-01 1.0000889844751200e-01 7.1493360544341911e-02 -3.8014233381129053e-02 -9.3826954229307549e-02 2.7213307227848600e-02 -1.2214338033030391e-01 1.8471961559847189e-01 2.7277055494932791e-02
-9.4517488985058809e-02 -1.2508946303871180e-01 8.3973443867764438e-02 5.0374251425145740e-02 -9.3669621389676272e-02 1.4810449626454331e-01 5.4493755814179208e-02 1.0919578093797640e-01 -1.8820956363725699e-01 4.7700662817848058e-02 -8.5057319164346556e-02 -1.2831269375427179e-01 1.3094865799213659e-02 -1.1696558063994690e-01 -3.1879419165937689e-01 -1.6893233982517350e-01 2.8369601697942470e-01 -2.6878087179016989e-03 2.4629189013975039e-01 4.1103876379355087e-02 3.4825824201304957e-02 2.2177030831852329e-01 -2.1639148026063559e-01 3.9019775432057491e-01 -2.2309919600173089e-02 8.1988770486007556e-02 1.4888791509319629e-03 -2.7704636562426600e-02 -1.8743959377305869e-01 -1.5543486763079159e-01 -2.0547280296759889e-02 -1.7848145560244630e-01 1.6185329710461949e-01 -9.8249676787818346e-02 -1.0723356218721160e-01 -5.0836927563079060e-02 -1.5331545155982911e-02 -2.1826896949711450e-02 4.3832715999928801e-02 -6.1811372415519830e-03 -3.2800457040379488e-01 -6.2000030535983401e-02 -1.3371583276767490e-01 1.1077402059083891e-01 -5.6966747576974772e-02 -1.2410047410824250e-01 8.3933378886554874e-02 3.6218525658076671e-02 9.6438023113805359e-03 4.0663111305768752e-02
5.6791305133355251e-02 1.2325418888822220e-01 9.3760002705631090e-02 -1.4235586798487071e-01 -3.0367198671471741e-02 -3.8416708983566021e-02 3.3726320260254250e-01 -1.3135637368467451e-01 1.0044591134053760e-01 -1.1332749079299390e-03 6.2203657221563020e-02 1.0679150853553920e-02 -1.5325986422938201e-01 -1.0001097827410030e-01 -1.4014960479440899e-01 -1.8334089209853011e-01 -1.4182233603905481e-01 1.3314212328070099e-01 1.7122722799418962e-02 -4.6631357315598178e-02 -9.3327924177194294e-02 -5.9806439999594042e-02 -2.1819995377496881e-01 -9.5465895586094987e-02 -8.5593719547141900e-02 2.9790453521563631e-02 3.5995240944103148e-02 -2.1170094288395082e-03 2.8748388940862002e-01 -1.5245783150729361e-01 2.7337184950225951e-01 2.3214877977715209e-02 1.7870102958770751e-01 1.5764570525577941e-02 2.1362456658361281e-01 1.5607574205581309e-01 2.7136333949203001e-01 1.6130887350330220e-02 -2.4968672292847160e-01 -4.7103530659599692e-02 -1.9883197409438760e-01 1.2702536882651741e-01 -5.5906248848827438e-02 -1.3600342623709691e-01 5.8423102684910549e-02 2.5239698305385291e-02 1.5315387266382169e-01 5.8613088371915603e-02 -2.5715690903344768e-01 5.7536022239485833e-02
-5.2563866724495659e-02 -6.8614120167493658e-02 1.4257466788993070e-01 -7.7062375416642362e-02 -1.0447217991975841e-01 7.5122649861517607e-02 3.0903603521513740e-02 -1.5473730796575291e-01 1.4976494528608819e-01 -2.2896710202203049e-01 2.0010647090197099e-02 -2.2456322065130141e-01 -1.8328353542977571e-01 -2.0813305083256911e-01 1.4082164792659799e-01 -7.2153545545142021e-03 -2.6520334925094528e-02 -1.3529844720024009e-01 -1.9593706779221041e-02 3.6104174297727490e-03 -1.0051983726306600e-01 1.5260849156785161e-01 1.4987859224712699e-01 3.0513727326117790e-02 -2.4916958132288791e-01 1.2604302290648339e-01 -4.5399422382801563e-02 -1.1408378955851450e-01 1.7650939202389901e-01 -2.2991752399547580e-02 5.4984249337711733e-02 -2.4704205704177770e-01 -1.8998909177681661e-01 -2.3456831664710970e-01 -3.7406206448976478e-02 2.1576761211319791e-02 -3.6356165430714071e-01 3.0294304397401061e-02 -8.7899198723359717e-02 2.2340685645622629e-01 2.3485172859861798e-02 -9.6007758124913786e-02 -2.0883520887555740e-02 -1.2269812638065709e-01 -1.8304232997265649e-02 4.8764323487345489e-02 -1.6361583881927819e-01 3.8605942776224572e-04 -3.5925419233765410e-02 3.1240736465203373e-01
7.6340008172359405e-02 -2.9919307525179451e-02 -9.2041933334480006e-02 -1.7339353169964150e-01 -3.3185718744841657e-02 1.2154371425975211e-01 -1.0649420875704051e-01 -1.3047761446151940e-01 1.6283475127144789e-01 1.4360420414281999e-01 6.0499890179598989e-02 -3.0613183405138888e-01 -5.8171927276415729e-02 4.6800835877802482e-02 -6.5599426012893647e-02 1.3022835245129241e-01 -1.6289084662670830e-01 1.5041560825021699e-01 2.3152039107873840e-01 4.2316090820855273e-02 1.7467991154081569e-02 -1.6842856461276490e-01 -1.8881463476337360e-01 3.4389202891586391e-03 3.5864853371824650e-02 -3.2399781603792432e-01 2.6301328540565999e-01 6.6713854413707002e-02 1.1960019471785389e-01 -6.8321655127546427e-02 -1.1990647975648680e-01 -2.2825097419286941e-02 1.9553379462302491e-02 -3.4709821242905120e-01 -7.3375714499941528e-04 5.5469460451967982e-03 -3.3695509352950223e-02 -1.7624428485359589e-01 6.8193282130520588e-02 -3.1516203155219392e-02 1.5720599327924389e-01 -7.5699242105525241e-02 2.0179891965311440e-02 1.1034708708173960e-01 -2.6905733481312050e-01 -1.4790490009545590e-01 3.2682481691230260e-02 -2.2920744477680180e-01 -5.5271168911371481e-02 -6.1788046172256500e-02
1.0810927005079270e-01 3.1537361097437833e-01 -4.7399022772644239e-02 -2.1066385129021900e-01 4.2033826333666653e-02 6.1006798986639452e-02 -1.3779408324558501e-01 1.3278435401653879e-01 1.0330382253895000e-02 -2.6560625404904292e-01 -2.3104867770401199e-02 1.1806441037921691e-03 6.0889196031685758e-02 -5.8374510758341012e-02 -2.4287447071097440e-04 1.2468150802550650e-02 7.5661312234809708e-02 1.5191980961806789e-01 1.0124264379431050e-01 1.6873277642931109e-01 -2.0838881228297951e-01 2.5268854881878772e-01 -1.1361229316352990e-01 -1.4484461196038481e-01 3.4606462183051168e-01 -7.8989839188189387e-02 -1.8542487080021980e-01 6.3058216990300245e-02 1.2550295968640829e-01 3.1655140379213818e-02 1.4391020746065950e-03 1.4559626808169039e-02 -2.4865250513054250e-02 -2.1010415709376379e-01 7.0988857450740697e-02 5.8886156127902857e-02 -7.3088906488975286e-02 1.7648586543116360e-01 9.1679267458099789e-02 -1.1698563707767420e-01 -1.7591645696114019e-01 4.2164668376202523e-02 1.1389937993659500e-01 2.8770182233637861e-02 -7.9470828191068155e-02 2.7033431891906101e-01 8.8839593953625784e-02 7.0123950091345491e-02 2.7974477010081561e-01 5.2967253352531517e-02
-5.5658815665285861e-02 -3.2148149929470807e-02 -1.3489631028153041e-02 -2.7352897012976390e-03 -2.5114099889346719e-01 -7.3137245142865154e-02 -2.4966293084489230e-01 -1.1993059448366210e-01 1.3667709983343909e-01 3.8091111440665439e-02 -1.7436410116564699e-01 6.8636971868263008e-02 -2.1915479777090879e-02 2.0140181870231730e-02 -1.2611369233020100e-01 1.0632141685512450e-01 -1.1028096760181361e-01 -2.7301509431985539e-02 -4.4770867647502449e-01 3.5813368043791441e-02 -2.7495641964129858e-01 1.7100709655158211e-01 -2.0246909989280740e-01 4.4718404930296080e-02 -1.5057662580962811e-01 -5.7384729162181743e-02 1.2919495544034609e-01 4.1240367879218622e-02 -2.6312941074781330e-02 -5.3385024590668038e-02 6.0001651733998858e-02 1.6510881890173529e-01 -4.3459409331445903e-02 -2.8929509382979589e-03 -1.9530811256842970e-01 -7.6865765641394640e-03 3.6407574924413329e-02 -2.4991105367408781e-01 7.0430819535191064e-02 -1.9336574910489490e-01 -2.0244523579704690e-01 7.9511621350869380e-02 -3.4141513806211422e-02 -1.6911304886351769e-01 1.4002727120290681e-01 -8.3855583849868659e-02 -4.5683761986233156e-03 -1.3246088197016440e-01 2.2090302779645771e-01 9.8294120103050567e-02
-1.9981635155371399e-01 2.9145317036695030e-03 -6.3899623058319380e-02 3.3422048246615113e-02 -2.1034244386127479e-01 -1.7713518432798980e-01 -1.5559655515419810e-01 -6.0801490542263879e-02 6.3020116347135044e-02 -9.7845193179102466e-02 2.6500882846953938e-01 -6.7846321707064963e-02 1.1022865231370919e-01 1.4951281246341219e-01 -1.5359346968825160e-01 2.9499231933702841e-01 -6.9858537329752057e-02 -2.1612453206666191e-02 1.8852281791900921e-01 1.4126468844477760e-01 7.7002620396698159e-04 1.1757741705523279e-01 6.9201260843134924e-02 1.9725478158797299e-01 -4.9553961029926971e-02 -4.7111329099031353e-02 -1.9463354395167390e-01 9.9454242426018594e-02 2.9164035077493411e-01 -7.8773279991031786e-02 -9.1726726168401052e-02 -5.3151432409648050e-02 -5.9420402941769597e-02 1.8434614438385921e-01 -8.7101981063015949e-02 -1.4733173370966779e-01 2.3752801669907422e-02 -3.0773026514003321e-02 -2.8176405127825938e-01 -1.1332572525815170e-01 -9.6737479573444918e-02 -1.1607337419102461e-01 7.7012253985028423e-02 8.0387570258188545e-02 1.3554952071518300e-01 1.8399350633033429e-01 -5.9507713365647343e-02 4.4623166812665489e-02 -2.0439391345035929e-01 -2.2184634094926889e-01
-1.8034131410085230e-01 1.9713539938519800e-01 -2.6908540473767267e-01 1.6797887266405440e-01 -1.7223128692712319e-01 2.1111849852258831e-02 8.7912122256312328e-02 -1.9307603911624060e-03 1.1724620090666230e-01 -6.8356903080418613e-02 -8.7955600571695755e-02 2.8469274049262940e-02 1.3707789949979740e-01 -1.9546452785768040e-01 -4.6523728381023907e-02 1.2422745309579090e-01 6.9725505010410888e-02 -1.5065696359715269e-01 -1.1300101742479930e-01 -3.6566155553977459e-01 2.8773657822703502e-01 -1.2783013541597049e-01 2.4964679840525399e-02 -1.3082605068273331e-01 1.9771688891751769e-02 3.9531596318099917e-02 1.3224136752636120e-01 -7.5988731598125789e-02 1.2678438611667950e-01 -2.6204049348573821e-01 1.2020954110710499e-01 -9.7734853744878593e-03 5.0615958277680652e-02 -1.1275312114569730e-01 9.9378982176378056e-02 -7.5590899183647975e-02 -1.5877261741636581e-01 8.9590675643684420e-02 1.4341919788900040e-01 -1.7035663715855401e-01 -9.0886857234262028e-02 -2.9633537838061658e-01 8.0704886566929687e-02 9.5064995532858090e-02 5.6713598432621762e-02 3.1531502697478397e-02 1.9288276123116641e-01 1.8919050632419498e-02 6.7874637913521815e-02 -3.8522219987847182e-02
2.5373120428265039e-01 -7.9592978263161501e-02 1.6156972859622819e-02 2.2591622858709179e-01 4.2679371610847353e-02 -1.2463962255249930e-01 1.4585617191333211e-01 -2.0290355765983401e-01 2.8626919066627860e-02 2.2800809123362738e-02 -1.2794913910758701e-01 -2.0326102742174551e-01 -1.6767309679967499e-01 5.7062188299141628e-02 1.3623479096260580e-01 -1.8931278647109580e-02 7.0441224564433344e-02 -1.2379619251654921e-01 1.0915852019242560e-01 1.8349883178612830e-01 -9.2424176612208211e-02 1.4897630973874651e-01 -6.4404317178127501e-02 -1.4317253937334051e-01 7.7753069035477428e-03 -7.3743441060569750e-02 -7.1548759368829068e-02 -1.5576142610893090e-01 1.4914603383657790e-01 1.1646786072989999e-01 -6.6223804248918688e-02 -8.9858791583852550e-03 -3.7188365255087709e-02 1.1538802253111610e-01 2.6922701632730139e-02 -2.0425716309326339e-01 1.9535718129748869e-01 2.1253634221239109e-01 -2.7412431267280251e-02 -7.4094039862674502e-02 -3.0799545652920361e-02 -3.5819839270450132e-01 1.9624682732125461e-03 3.9847293215282409e-02 1.6804575805850930e-01 -2.8856433618240968e-01 1.8744535841104781e-01 -1.1357387587063050e-01 2.3250178718195219e-01 -3.5940162202284048e-02
4.5955603247230227e-02 -2.1364892585826169e-02 -7.6944633616503454e-03 -2.4222274730545160e-01 -9.7607383462828920e-02 -1.0275069497844570e-01 5.6872114383744822e-02 1.6355081657094639e-01 -6.9793191796089546e-02 -3.0600278530334002e-01 1.8032828613535221e-01 1.3468983800845280e-01 2.0515634470609961e-01 1.4010141483300659e-01 1.1896398545759650e-02 -1.1942476921903521e-01 -1.3082162042409540e-01 3.0205657599434749e-02 3.4593013033983502e-02 -1.2554819698862449e-01 -4.0362357564411373e-02 1.3890133202314331e-01 1.2955283248059879e-01 2.0012166891084701e-01 -2.0624415339541041e-01 -9.1586139187552262e-02 4.2469726546503467e-02 -3.2414029441913128e-01 9.6010072372816738e-02 -8.6156543285575621e-02 -7.5065423524086169e-02 6.5585753821003165e-02 2.4771850644901311e-01 -2.1823010272308901e-02 2.1626940669329190e-02 -4.8063741495046122e-02 -1.6038898890930190e-02 1.4346240851119049e-01 8.7332002221173599e-02 -4.2208791503896233e-02 2.2533712569002190e-01 2.6923499794701462e-03 -2.3206171813361340e-01 -2.2649560088043841e-01 -6.3111386484783441e-02 -1.3024570018074699e-01 1.1111769430576750e-01 -1.7738237988048600e-01 1.7553306953884529e-01 -1.4091094809404289e-01
-2.4480027792480691e-01 -4.7925764928567222e-03 5.0003758444276847e-02 -3.6436482913486327e-02 1.7473483856677061e-01 -3.7602380395394591e-01 1.9040640229226100e-01 9.0126768864185136e-02 -5.1291663724477984e-03 6.9016181627208850e-02 5.6736430566997072e-02 -1.8809052593865880e-01 -9.6029239643534714e-02 1.3598054963461181e-01 1.8773235525198209e-01 1.0689135157590100e-01 6.2180712720243517e-02 1.5242809769062671e-01 -6.8690816444082176e-02 -1.6345296162759981e-01 -2.9899421037855001e-01 -1.5620181642887099e-01 8.9614215255193527e-03 5.7811417190564061e-02 -8.2813676283071819e-03 9.2361501388902700e-02 4.6421599087602079e-02 -3.5453123751914922e-02 -1.1932236817567490e-01 9.7216808577118563e-02 -1.1040516235296589e-01 -2.6952278752384412e-01 6.1949787220596610e-02 -2.1738713603675039e-01 1.5167217510025391e-01 -1.4504769471651000e-01 -9.7146037207262392e-02 9.4314340063002076e-03 9.6653969690046568e-02 -2.8443043409764418e-01 -1.9837681721101821e-01 1.0279063280016580e-01 9.5243961654984208e-02 -7.5377107682110034e-02 5.5531247631709343e-02 -6.5383516248025297e-02 -9.0212706147039343e-02 8.4280575125321486e-02 8.3129153171421621e-03 -1.5366914135309659e-01
-2.4564936456748079e-01 -1.6187267766466959e-01 -1.8180240518104049e-01 -7.9212590258522605e-02 1.1362037884165489e-02 9.9486164814747688e-02 2.0761446130132180e-01 3.8130557113045423e-02 -5.7909682510697599e-02 -1.9727909884528480e-02 -6.5958579245347870e-02 1.2721567720907120e-01 1.0423057842172369e-02 1.1363183871265560e-01 2.9711354227527201e-02 -6.4867232063933578e-02 -1.8230199793285279e-01 -9.1609320160350727e-02 -5.1792600772585837e-02 1.4890114890512059e-02 -4.9377747134951439e-02 1.0295096653516650e-01 4.0950308229266527e-02 -2.2813901536532569e-01 -3.1691000914411391e-04 -7.5778303110063949e-02 -1.3134429733191350e-01 -2.0470376042319501e-02 5.1821640331687020e-02 1.8184655409834871e-01 -2.9284506707273900e-01 1.6027720477676180e-01 3.3099250862904939e-01 -5.7762663902477022e-02 -1.6895980426922641e-01 -1.2827813117214751e-01 -9.9953434005955633e-02 -1.0024274790813831e-02 8.5188344482039508e-03 1.6122710912357799e-01 -2.7011823645726130e-01 -9.3162744074529354e-03 2.7481650525628037e-01 8.7252625281786456e-02 -7.9772651874512768e-02 -3.6665760764143768e-02 1.1224838236306239e-01 -1.6180779134920209e-01 -2.3691812537209969e-01 2.0588369461835551e-01
2.7035416222833941e-01 -1.6501176956001259e-01 1.0440770138796270e-01 1.4744971128969390e-02 1.5214244913356359e-01 -6.5577524013397739e-02 -1.3181783908054381e-01 1.0738671786980310e-01 -6.5219716349793233e-02 1.5057954367051010e-02 2.7840107733891239e-02 -1.0006656212769180e-01 2.2118652545410952e-02 1.6943502204232749e-01 -1.0942759954636500e-01 -5.7469953036842443e-02 -1.4203774189449961e-01 -2.3356721233489830e-01 -1.8737698241404169e-01 -1.2184128087568820e-01 1.8892046262476411e-01 1.6190478836960570e-01 -6.5783557896171532e-02 -8.8685062561560710e-02 1.0630106052334640e-02 -1.1518718496024320e-01 9.7351295581732306e-02 -2.4946094680447509e-01 -3.4308616895064981e-02 -7.6625833270797819e-02 -1.7675694147772100e-01 -2.3970111835671601e-01 -1.8196957984753091e-02 -1.2595574223038311e-01 1.7819036857095200e-01 1.1530239575534321e-01 -2.2091713842779550e-02 -2.5335774570732528e-01 -1.9299327310703679e-01 1.4025598927509081e-01 -1.0926047257671791e-01 4.7692798512723691e-02 1.7805342959773601e-01 3.0440683084512501e-02 1.3856414247227769e-01 2.4187820646319200e-01 2.1137205289180250e-01 1.2699377547638860e-01 7.1163895503293481e-02 -1.3995987098121040e-01
2.6517661527566041e-02 1.4425651762883779e-01 -2.6166503749097819e-01 9.2888436852798892e-02 -1.2369595598765940e-01 5.5696326622814880e-02 1.6416296332186209e-01 -1.3585747849065399e-01 -1.3310312817446279e-01 -1.1340663586280250e-01 -1.6163492289310019e-01 -3.9910503773354263e-02 -1.0795681717459760e-01 1.2245295556604720e-01 -7.1812926457892293e-02 -1.4824481401951020e-01 -2.6591568028152091e-02 5.4706848509699008e-02 -7.4328001387794995e-02 -2.3276036636440348e-02 8.2930351854555259e-02 -1.2072111011298670e-01 1.6586611634660289e-01 1.8208380884891409e-01 -9.6244218365091096e-03 -4.9924225941324230e-02 -2.7757716153263362e-01 -3.8428497432228759e-02 -1.9949689677085500e-01 2.3912696426002339e-01 -4.3973515308322530e-03 -1.3329753069353500e-01 -7.0997309209533288e-02 -2.6543980574156129e-01 -1.5255911916101211e-01 2.6780414749380232e-01 1.6532197095178219e-01 -1.1249436162387789e-01 -2.1226724558635321e-01 -2.6530607980708532e-01 1.0204192586570229e-01 -1.2974062233433811e-01 -1.4594010393685511e-02 -8.8928480466144821e-02 1.1812606400439020e-02 1.8849077932590461e-01 3.6407120348485679e-02 -1.9856260512187579e-01 -5.2612355541674814e-03 -5.6072454567607027e-04
-9.2978406107388820e-02 -1.4758924558299399e-01 2.3951092143595609e-01 7.2665020319512372e-02 -1.0521795670004009e-02 2.6084397135185591e-02 1.1699161006475760e-01 2.2555854050184221e-01 6.1447470764922213e-02 -8.9453107644415164e-02 -1.2134385849322379e-01 -8.1189630966309920e-02 1.5311626437803549e-01 -2.1297795042869570e-02 1.6749212041794859e-01 1.1738762996641530e-01 2.2848186535905241e-01 -1.6409491245318750e-01 -2.6087109093405181e-01 7.5986031389701586e-02 -2.8560064087119208e-01 4.1954178213034883e-02 -3.7840282080182419e-02 6.6517373983943820e-02 1.1885509815870721e-01 6.6278699034812483e-02 6.2929620026561578e-02 -3.8399071337477442e-02 3.4003922236017982e-02 -1.1374831666712119e-01 5.4842502244299082e-02 2.2902643150473051e-01 5.3473097408149768e-02 -1.9807432021005569e-01 5.6118614370965533e-02 1.4754227812703130e-01 2.0299546804022089e-01 1.1096336567239381e-02 -1.5574754317991890e-01 4.2805292374380577e-02 1.6495023803053280e-01 -1.8918971300926160e-01 -4.6771850648013549e-02 2.5033055254614678e-01 -1.4197266422112481e-01 1.5666731902407779e-01 -3.7526968878423321e-02 -1.8383881086987949e-01 -1.9545346440754849e-01 -1.6340376395726919e-01
-1.1306337876527379e-01 -1.1468877389592080e-01 8.2523208311935797e-02 3.1563453711445061e-01 1.8566305085617650e-02 5.6301998103795263e-02 8.4787166995699687e-02 1.5521279383421040e-02 -5.5185245615296807e-02 -1.7438615512982039e-01 4.1334543147309409e-02 1.9504324140720611e-01 -8.7180469495633572e-02 -2.6990848724918869e-02 -6.6439445958250678e-03 1.5643682791161190e-01 4.6119407240702202e-02 1.4537338906385749e-01 2.2150028479753898e-02 2.3589572167603789e-01 1.9609550284865521e-01 -1.1797139732469521e-01 -1.1643540945709460e-01 -1.7647216443363220e-01 -1.4411258338179339e-01 5.9792943105412492e-02 1.7822722573643321e-01 1.8102440011280672e-02 2.0651266959212189e-01 -2.3645274486742040e-02 -1.9900763296658991e-01 -1.7357043192691021e-01 2.7786063989208531e-01 -4.5722231185292422e-02 -4.5361696951905922e-02 2.4032561742597211e-01 1.9804028403614060e-02 3.5154261617757428e-02 -1.1625627742298481e-01 -7.4776371731649929e-02 -1.0939204967934300e-02 1.3865634349117850e-01 -3.5703017861360223e-02 7.9982064283391288e-02 5.8521870860976776e-03 5.8273245457770323e-02 -2.7229754917678672e-01 -9.0788765872498428e-02 3.6333449510210403e-01 9.8002084984511392e-03
1.4139308729931679e-01 8.6202524854203516e-03 -1.4662618511666239e-01 -1.5366462695294261e-01 3.3260708192059518e-01 8.3818855834544945e-02 1.0314721022248290e-01 -1.3696139533661181e-01 2.2673460116558869e-01 -6.3537261636591319e-02 -6.0293203367614311e-02 -1.0851785422571531e-02 8.8155593340837904e-02 1.0570210695108440e-01 -2.5619992487914672e-01 1.6553196715472721e-01 -1.9997714823852820e-04 2.5600306584552830e-02 -1.4197121673001231e-01 -3.0588393594037689e-02 -1.3452572509280850e-01 -9.4870405958757009e-02 1.4257061549873101e-01 2.0997295902313179e-01 -6.1273466929153843e-02 1.8978127509358200e-01 -1.6154388660611901e-02 1.7914395324501781e-01 9.3661265656064197e-02 1.3560802956800541e-01 -7.4272891441468675e-02 5.7638308953961187e-02 1.5659041740575991e-01 7.5472848594269518e-02 5.5735279603782292e-03 2.7592085418289891e-01 -1.0358982959724269e-01 -4.5481057998980723e-02 1.1723579320444979e-02 2.0819721585753881e-01 -1.3106273891408929e-01 -2.8677836618269448e-01 -7.4672204635721509e-02 4.4720726085823483e-02 -4.5589586443965741e-02 -1.4383992692521541e-01 -2.5665138553992170e-03 2.3746257834292819e-01 1.6645958047381901e-01 -1.3665027995384141e-01
1.1267332588364150e-01 1.0271002900484390e-01 3.5318436786635737e-02 6.9519108639906610e-02 2.1627612431854501e-01 -1.1276672259593599e-01 -8.2622005553079900e-02 -3.4640661715794670e-02 3.0386360118523191e-05 -3.8405390107253787e-02 5.1410527614757347e-02 1.8450585157357771e-01 -4.4425688426834163e-02 -2.1878186846003661e-01 9.1933940671769854e-02 3.6455173357840778e-02 -1.6596039578106939e-01 1.7425071100717479e-01 1.6355607300031469e-01 7.8451086657968919e-02 -7.7391578738935174e-03 1.6110805267708739e-01 3.3243393212830702e-01 -1.1390246193388000e-02 -2.8038550385517058e-01 -1.0765187380462329e-01 1.2039156935181840e-01 -8.3238284501311308e-02 -1.9762725017839711e-01 -4.6475739709864489e-02 1.5661285597609750e-01 1.9415551899070990e-01 1.0831282619462840e-01 -2.9082111275301642e-01 -6.0536151988811307e-02 -1.3237809254791871e-01 1.6324951788967901e-01 -1.7564035948631401e-01 1.7277550661293630e-02 -4.9974298074075163e-02 -1.4701892485859219e-01 -1.4404226221648861e-01 -3.6555871557969827e-02 3.0374507554417612e-01 1.3108938593649591e-01 6.0548657651166571e-02 -8.0529836328370547e-02 1.3813990485219549e-01 -4.4980873827116463e-02 2.5389244769194380e-02
7.9052523962445456e-02 2.3305298702820421e-01 5.9772757975926821e-02 -7.4634293707388250e-02 -1.2100591423727680e-02 -9.4272187273742619e-02 1.0599122775375340e-01 1.1090182754446400e-01 1.2541837761789271e-01 -2.9366840155382762e-01 -1.6726916430977701e-01 -1.2212010995379800e-01 -2.1740575039488449e-02 2.1182602574703971e-01 -4.1631699381008407e-02 -1.6387687745058230e-01 -8.8691002339166700e-02 4.6100660516147120e-02 5.2034138668898009e-03 -2.0254815223437000e-01 8.5189526601610804e-02 8.6650848170107139e-02 -2.0894632053350451e-01 1.2965672877173351e-01 7.1015242847391954e-02 6.5857901905563607e-02 2.2118473895234900e-01 -2.6482811116604790e-02 4.3948409697524601e-02 7.9711229003403702e-02 -1.4412574170409900e-01 2.4324520542243641e-02 -3.6815157227388658e-02 1.6695923446193009e-01 -1.3951512382521900e-01 -2.6994975989258131e-02 1.7069497826973399e-02 -3.3493197098109363e-02 2.2437601731097469e-02 -1.0899754662550530e-01 1.8901030917240921e-01 1.8705858596351290e-02 8.2805144761614671e-02 3.9229650818147421e-01 2.1415946452825871e-01 -6.8968353393772733e-02 -2.5252148194831792e-01 9.3235445074263221e-02 -1.0508633817954330e-01 2.6424601691247313e-01
-2.1533695533883621e-01 -1.0153374176461000e-01 2.2531695111072239e-01 -1.2833998416747450e-01 1.7180056174615160e-01 1.6233942686444999e-01 -1.5369005483619921e-01 -1.9494000694264851e-02 -4.8307436065178053e-02 -1.9912723332884040e-02 7.8552454652940140e-02 1.9051174827743170e-01 -1.7684421578967471e-01 4.5486553702880468e-02 -2.3793561139939131e-02 -1.6399053086804771e-01 -1.6689899174373191e-01 -1.9454849136526939e-01 -5.9235963953432863e-02 3.1546067314268643e-02 8.3497731514432433e-02 -1.4763335115276491e-01 -1.5748292392726540e-01 7.4151796733999062e-02 -6.6626184536299163e-02 -2.1585431038437321e-02 -1.3290777119399419e-02 -1.1921727268776459e-01 4.6798954375513999e-02 1.9351000695260401e-01 8.0334498862757606e-02 1.5166685834204019e-01 -1.5712354154642871e-01 2.3681230643074161e-02 7.1671975686588216e-02 -7.4858755210870057e-02 -1.5399976257469741e-01 1.0204158101414371e-01 -1.9687694563500871e-01 -4.1693089884932572e-01 -5.3293912383427913e-02 -1.8292426790411981e-01 -3.2729021463695697e-02 1.4608528062867490e-01 -2.9483495729774850e-01 -3.3180287693547278e-02 4.9610898917755379e-02 1.7991114558001670e-01 9.0401050755525500e-02 -9.9360559216271748e-03
-1.8156248919689380e-01 -4.1026501615575917e-02 -1.5557610672212599e-01 5.2155269850107648e-02 1.1855818907784560e-01 -1.1085462775469079e-01 -1.7237159775016769e-01 2.3925578280279039e-02 1.1519092619728950e-02 1.0756500285333950e-02 -1.6851390878828801e-01 6.0269804830437937e-03 -6.1992003587186033e-02 -2.6766973242162218e-01 4.2562428511636163e-02 -2.4623640772595631e-01 1.7057713294984019e-02 -1.0601192379835540e-01 2.4208069816735512e-03 1.1475168055889221e-01 -1.6432296329883800e-03 7.8032997817804761e-02 2.3461283909751021e-01 2.6086170955998628e-01 2.0985235029375079e-01 -1.6784564792795040e-01 1.9626415398467159e-01 1.3585623692188650e-01 1.3965192003660920e-01 -1.4740024017517450e-01 -2.7234038592624238e-01 7.9428978580277532e-02 8.2379781074238906e-02 -2.6819715638221300e-02 1.9554611648775591e-01 1.1171604393853350e-01 1.0888359225359751e-01 3.5488375906432057e-02 -1.5841789453174371e-01 -1.0080728290900910e-01 1.2520449113157039e-01 -6.3413359263380766e-03 1.9922872329570049e-01 -2.6653910795798880e-01 5.7272052882861357e-02 -1.6710431959995661e-01 -5.7328815622664203e-02 1.6737672523447311e-01 -2.3585938107622911e-02 1.1954108534538950e-01
1.9591317044751891e-01 2.7334627643127141e-01 1.9535169221540200e-01 1.3850504414567169e-01 -8.8187082930896069e-02 -4.8482732233698353e-02 6.3890204898770300e-02 1.6477543161345651e-01 -1.4558397949372820e-01 -1.1662834331068199e-02 -1.1858596451215030e-01 1.8472599021755831e-01 -7.3427107645700831e-02 -3.5300466296233251e-03 -2.9090422005988359e-01 1.9807088770325409e-01 -8.9422947028362912e-02 -1.4190984047573180e-01 1.1117982787698140e-01 8.5491191464970667e-02 -1.1819124401097060e-01 -1.1078083064663000e-01 8.3419746066696557e-03 1.9660935461297220e-02 6.5153105298070210e-02 2.0233813095211101e-01 7.4458803322721492e-03 -3.4104526411616973e-02 2.0663435907052149e-02 6.8055462461447364e-02 -2.9344317000553590e-02 -1.6983505741141231e-02 1.1894745093690710e-01 -1.8020445244631960e-02 2.1502591811010599e-01 -2.9847344774690132e-01 -3.7292091167926797e-02 -3.0800524427539688e-01 -5.5997958747234892e-04 1.8865821773033760e-02 1.2674992155170431e-01 -1.8999602279056321e-01 1.6142793440649331e-01 -2.5278778280917907e-01 -2.0047308183604989e-01 -6.6518751360760279e-03 -1.1135128743931080e-01 -6.3111464268205852e-02 -2.8226672304732959e-02 1.2788016869248861e-01
1.0458365960783840e-01 -3.6974248833983529e-02 1.3339436886701450e-01 9.1892601784542532e-02 7.8982207146099354e-02 -1.4679415647858851e-01 -7.1735068503602853e-02 -2.1969899734526560e-01 1.9147164275731290e-01 -2.8085399937831441e-02 -2.1797003834157939e-02 1.5458151310734011e-01 2.8487793877006679e-01 -2.9884433251551459e-02 1.6257571602110599e-01 1.1550110397439131e-02 -2.2231428638013531e-01 -3.2126188580665638e-01 9.1077001387560322e-02 -6.0521124220970578e-02 6.8625415410628776e-02 -1.6529527107963249e-01 -4.0685196535121301e-02 1.6671449060418450e-01 2.6721607992813923e-01 2.6242692957650349e-02 -1.8127259568927589e-01 7.5748978554612018e-02 4.8097922365600641e-02 3.2827726644059948e-03 -1.2768876775685539e-01 -1.3813151980209060e-01 6.2796387332676992e-02 -1.3518413720483180e-01 5.4192988308667943e-02 -2.2327969478149530e-02 1.1921156596659629e-01 -8.4772234568604218e-03 1.2914287000126390e-01 -4.4731073195932787e-02 -2.1263041534244190e-01 1.1760126176869000e-01 -3.8242435836146849e-01 5.2947892853912437e-02 -6.1174768182116479e-03 2.9320317797560350e-02 -4.2253379507556581e-02 -1.2786911899635880e-01 -4.5369613383848248e-02 2.1806226627222719e-01
1.9860282938951879e-01 -1.5012007840874800e-01 -1.1679353913266929e-01 -2.8955224714302252e-01 -3.1528124970332770e-02 2.9380281162770577e-01 -1.5322539886743180e-02 1.4918462525946441e-01 4.1418939200871169e-02 -2.2785660343116859e-01 -5.0017654067345176e-03 -6.1675322057288311e-02 2.0640420427787051e-01 -1.7756875253174320e-01 1.4974579291818141e-01 8.0571384882274444e-02 1.2635159717148850e-01 -1.5072606441785880e-01 1.0867935854775131e-01 3.2193164924615353e-02 1.0659510199951240e-02 -1.5292387599327520e-01 5.1129957985458349e-03 -9.5252809741534966e-02 -4.1402562420300340e-02 -6.1301561783892011e-02 2.6749541069839411e-01 2.5772295481431260e-02 -1.4292423513208610e-01 2.2710049970974330e-01 6.2152401657220573e-02 -1.2209261823312190e-01 2.3202488040059688e-02 1.7057274150176840e-01 3.1059068643016430e-02 -8.0869616685846857e-02 1.0821691993180430e-01 -5.4510342418528097e-02 -1.2748199834210630e-01 -1.9673521441618719e-01 -2.5994631994839829e-01 -8.9767637525441313e-02 4.5911351998289579e-02 -1.9867360932107289e-01 1.7102388692727319e-01 1.0790863863636020e-02 -2.0475430740719841e-01 -9.9205520891820956e-02 -9.6995614458808305e-02 -5.5732334620592718e-02
1.6822485706702521e-02 2.7123215960067498e-01 1.4121497812053829e-01 1.3043857994392600e-02 1.3544570476978590e-01 -4.4086280737954210e-02 1.2934276409858800e-01 1.0035315815636979e-02 -5.3973932665154961e-02 -5.8108802849341272e-02 2.3399698229562740e-01 1.1890104436606840e-01 2.0822701659894030e-01 3.3955091922993799e-02 1.1864831445248140e-02 -4.8041795869786082e-02 1.7795502546371220e-01 -5.1290095846560940e-02 -2.3502492848191461e-01 1.2059555051133421e-01 1.5915282115402341e-01 1.0889970451059400e-01 -5.2533847314698040e-02 2.2472007722037460e-02 -1.7714670105588140e-01 -8.4219964659277655e-02 1.6984564135814359e-01 4.9368188790203987e-01 -1.0086515781030840e-02 1.2889094611817650e-01 -4.7938218775793441e-02 -1.2794927096595829e-01 -1.3814541145032841e-01 -1.9884784126928950e-01 -5.6065552403155368e-02 -1.7674335651271769e-01 -3.9978663245117202e-02 5.3152648221236332e-02 -1.6922917247583349e-01 4.0440201864947560e-02 5.4706627626600807e-02 1.2105100873275400e-02 -2.0924144696923781e-04 -3.2279147670523957e-02 3.3646653423788427e-02 -1.7044110177302299e-01 2.7542265435184993e-01 -1.1126039286030601e-01 -4.6769425002336877e-02 5.7675698625948901e-02
-1.2961468965031619e-01 -7.2135764301833216e-02 -1.7918950337025449e-02 -5.0626304326877668e-02 -8.1527599463613099e-02 2.6832715104228470e-02 2.2819489384638569e-01 -1.5570152216475711e-01 -3.6164814426218389e-01 -7.8591222231260541e-02 -1.4754516582476221e-02 -9.4046242245534442e-02 2.7069382255885283e-01 -2.5295266814226169e-01 -5.1914378030489920e-02 1.0714166831584540e-02 -4.2553971269757622e-02 6.4415837819281993e-02 -9.5203999122397964e-02 -3.2657711261212018e-03 -5.3018768157495198e-02 -6.1202639350247223e-02 -2.3551315189298760e-01 -1.1136826875834850e-01 -6.4790542076014604e-02 -2.1661606006480219e-01 -1.4890342203614010e-01 -1.7944714354674270e-02 8.0275410234470920e-02 1.0589365392345830e-01 -2.2891394121069999e-01 1.1988308850025881e-01 -1.6337892202774101e-01 -8.1888474481427651e-02 1.2446899446037440e-01 -1.0124022863539320e-01 7.8640324850289905e-02 -1.9660560538836661e-01 1.1005259217633460e-01 8.3955027505721314e-02 1.3112544237964299e-01 -8.7717312507981912e-02 -1.9723408144008969e-01 -1.5141065099098570e-02 1.1582928874818410e-01 3.2347144180557320e-02 -1.3789225931152671e-01 3.6573386148256731e-01 4.9804587640693357e-02 -3.0799935838329729e-02
1.5953963315145600e-01 6.4231781441350819e-02 -5.3903317786868292e-02 1.6528935873652961e-01 -3.3464152101161132e-02 4.5464471719886088e-02 -9.6339434413755434e-02 -1.5698232167954540e-01 -1.1416837203508320e-02 6.5289602288047033e-02 -2.4709024625923739e-01 -1.1887110444284919e-01 2.1868575794362061e-01 -4.0451160261748666e-03 2.0511042427846609e-02 -1.8892753100386969e-01 2.3283995043297870e-01 1.2793406264948351e-01 -1.0350808943768069e-01 -3.2441077586275929e-02 -4.9320355291336090e-02 -8.2041171082086733e-03 2.3880975503193511e-01 1.7739486296978180e-02 -1.0660964515808311e-01 1.9363477786550620e-02 1.3823633376648370e-01 -1.4860879441279559e-01 3.6963181229282738e-01 2.1434582869257321e-01 -2.7276814158673588e-03 -4.4260523877885233e-02 6.1472874237672587e-02 7.2478944464355960e-02 -5.2364977568181453e-02 -2.5031148532120551e-01 -4.2495289040606142e-02 -9.2158983970490452e-02 -7.2721957124759873e-02 -8.3980452052022508e-02 -8.0047070757984132e-02 3.0381226978042158e-01 -6.9969017465257147e-02 1.0336068912749860e-01 -3.3714095548405992e-01 1.1429200081642379e-01 4.4109707062614960e-02 9.2580971091503234e-02 -6.1620043536630163e-02 -8.6532148894729669e-02
5.6053730853764493e-02 1.4785519784664639e-02 -1.1312765467882489e-01 3.9264784126338839e-02 -1.9331910741251121e-01 1.2693565770525481e-01 1.3796674782875420e-01 -6.5803441226931813e-03 1.0763643061900910e-01 3.1659861878923368e-01 -5.7843277206431629e-03 2.2152487152723249e-01 9.1696329879515162e-02 3.8153867573122269e-01 2.9767408923303929e-01 -8.5416914610694367e-02 4.4540406915490272e-02 6.7979366441133615e-02 8.0247712955581349e-02 -7.3427710172671690e-02 -7.5120294291804349e-02 4.7278665364418347e-02 -1.2121096355251471e-01 1.0656229287486620e-01 5.3043861723386897e-02 -1.3487602799131970e-01 1.3152852424343650e-01 3.3355762434263941e-02 -3.6048778588300308e-02 -1.0893194756280811e-01 5.7682383722378647e-02 -6.7017293065749542e-04 6.3385921466523706e-02 -1.1787553778582850e-01 -1.9575719193987030e-02 -1.4307655655369381e-01 -5.3960687491692541e-02 6.2035743045727620e-02 -2.6669859926321471e-01 1.4000689489345691e-01 -3.4397388537009903e-02 -2.0967367575097931e-01 -5.7291037077892841e-02 -1.3576904528877490e-01 -1.3657179263885851e-02 1.7652709579726270e-01 -2.0055332819464280e-01 2.6630121559323439e-01 1.7241231530049911e-01 1.2377284549241120e-01
3.4466595480323763e-02 -1.6903170636005049e-01 1.5195664403206631e-02 -2.0035960725733701e-01 5.4688278088378728e-02 -1.7603175931889901e-02 -2.0027026215752580e-01 -2.0756829033558111e-01 -4.6047833692577600e-01 1.0023653920351901e-01 1.4900726346521320e-01 -4.1698137579802164e-03 4.4588574781458119e-02 2.0669391143227439e-01 -1.1917821748516511e-01 1.6123973980271000e-02 1.8151893579637060e-01 -3.4220524031684782e-02 5.6536918374465187e-02 -1.1854618777954171e-01 -1.0941793236591039e-01 -1.1055070116768199e-01 1.4683028963941860e-01 -1.1639185077370180e-01 1.2622500126047800e-01 2.8747926447564592e-01 1.9183756408500630e-01 2.8875491320919759e-02 2.3158769583822369e-01 -5.2388709235292708e-02 6.9029247294232640e-02 6.4670216223078086e-02 4.3751846157333948e-02 -1.8021515540888741e-01 -1.1783473548080831e-01 3.9515355071490753e-02 7.3702157819616754e-02 4.9342306633008259e-02 2.9855900282915841e-02 -1.0430298383906041e-01 6.8284775047559643e-02 -1.0429421810843530e-01 -9.3023881117987566e-04 2.2797501656885221e-02 2.3735217787227919e-01 5.9926537049307602e-02 4.0836022204787180e-02 -4.4951909514745737e-02 6.2082453224704599e-05 2.8023439696476399e-01
1.6936007741999071e-03 -8.2508505502929437e-03 1.3672558386970179e-01 1.5250831012491931e-01 2.8369766796517811e-02 2.4959232926025140e-02 -1.9420834983716481e-01 1.1368705651374091e-01 1.4063207706950781e-01 -6.6755747459832204e-02 -9.9685071510686535e-02 2.5193139751430800e-03 -1.3743206270266339e-01 -7.1313899456541263e-02 1.2351264865238480e-01 -8.9967864601997766e-02 7.8872021860091859e-02 -4.3008070269036539e-02 2.8122246990681671e-01 -2.7276155985339529e-01 9.4699530416975184e-03 -1.1558355179348570e-02 -2.0592523419746639e-01 -8.5364367060478508e-02 -3.9404055204653413e-02 1.4402612235882670e-01 -7.8823317763762266e-02 1.5483299068140241e-01 1.2503046800645040e-01 2.2350823604623651e-01 -7.8337539040723977e-02 2.3171920371084759e-01 1.6353158494286640e-01 -2.0728330037724529e-01 -2.7686576365205823e-01 1.3487852837137109e-02 -1.1088611067156680e-01 -1.2781613805271869e-01 -4.1706500496901451e-02 1.4247702595999900e-02 1.0546901539697440e-01 5.7690897455354561e-03 -9.8964875853492049e-02 -2.5587731020029902e-01 2.2017325637862620e-01 3.4703269663992488e-02 1.5113807869000551e-01 1.1869088091858390e-01 -7.2359586031610912e-02 -2.8221030002291891e-01
1.1742183221526151e-01 2.3083014199307919e-01 -1.2869311015565471e-03 -8.2913633451605032e-02 -1.5584050680283759e-01 9.2791759734128423e-03 -5.8141268244620493e-02 -9.2880874268314928e-02 -1.5902545211480901e-01 1.8856367305114649e-01 2.5449068938641550e-01 -3.7984884215400659e-02 -1.2456796909803580e-01 -1.5312777374797121e-01 4.0808085494338942e-01 2.2296411645210579e-01 1.5814002081745479e-01 -1.6785775832768302e-02 -5.4918717773538940e-02 -1.0200418632204550e-01 1.2960271927448239e-01 1.2764151637477431e-01 -1.3498556274485199e-01 2.7967944571065012e-01 -1.1064747375857220e-01 7.9958356913236342e-02 -4.0394854836935501e-02 -9.5343883901632245e-02 4.5411701853409231e-02 1.9043619727147751e-01 -1.7984358636598410e-01 1.5284429019757551e-01 1.7443429861418150e-01 1.4305546925722329e-01 1.7330773311122330e-01 2.4665475258307601e-01 7.4956855274500760e-03 -1.3351206457868281e-01 5.0821218375857423e-02 -3.3892582291261603e-02 -7.4611299597773337e-02 -1.8636965576191229e-02 1.0192937119882690e-01 7.6370925558847461e-02 -6.8816665143943911e-02 1.1193169968150059e-02 8.8572657761797055e-02 -3.4394981056124298e-02 -7.1526093372325367e-04 1.2795559353483099e-01
-2.1920168962223269e-01 2.7720432026556630e-01 -2.9256388626099977e-01 6.1362438690298692e-02 1.5442087185025671e-01 -1.5090902551295199e-01 -2.3495400594495669e-01 2.1597158124047541e-02 -2.6833076435748132e-01 -1.2645335647669870e-01 -9.5349860946325554e-02 -2.8545656495472332e-01 2.6058126370536189e-02 1.9298444458584099e-01 1.4931388542893989e-01 -1.2045334465390470e-01 -1.1268605643679640e-01 -1.7733641897581129e-01 3.0404418671744812e-02 1.7965419651458181e-01 6.6237067577754008e-02 -8.9838543833270536e-03 -1.7623078426202329e-01 -8.2449014478445284e-02 -8.0997360257256693e-02 1.0178858263101660e-01 6.9748516225963605e-02 1.2187378581102261e-02 -3.5580255936002010e-02 -5.3573703988246428e-03 2.5153492932350469e-01 8.4618108850485541e-02 1.1261967299091850e-01 1.8845765408831979e-02 1.5073713480614739e-01 2.5046026672361041e-02 -5.9934073186397492e-02 -7.3907142670692899e-02 -1.0779948776432390e-01 2.3393874690259889e-01 -1.2202614474733230e-01 -2.9946514545217760e-02 -2.1636076566383591e-01 -2.6264535388983129e-02 -5.5484153297522050e-02 -6.4142934063962362e-02 -1.4122351703396341e-01 -1.0213222025773119e-01 2.0088167301590058e-03 -6.4698099678476062e-02
-3.6410027898489759e-02 1.0389697969370250e-01 2.0059966349010969e-01 -1.4702624321552099e-01 -5.3338995246251263e-02 8.4959851697441011e-02 -1.9984110640800669e-02 -1.4446098291691181e-01 -3.5247431410698242e-02 1.4828408972926291e-01 -2.7982588492562360e-01 4.7326941908742128e-02 2.5324015760748858e-01 1.1191885528213770e-01 -3.1805240904800323e-02 1.6843371551498160e-01 6.1316605102496008e-02 -1.8815519148448051e-01 1.1057892228771569e-01 -2.8540837577555250e-02 9.1330947645472699e-02 1.1644599419731420e-01 3.5824020412797232e-02 -4.3544518931074513e-02 -1.1635284948418910e-01 -1.2893370517331229e-01 -2.4857218203849579e-01 -6.0232710442102849e-02 2.2033962579375850e-02 3.4953974401141411e-02 2.3255798633940949e-01 -3.0104583337006899e-02 1.4284057814242929e-01 -1.9101375969844461e-01 9.0946990549833628e-02 1.4741309932359650e-01 -4.8085977936627278e-02 9.1647687952331872e-02 -8.7259236542477650e-02 -7.7324584624628129e-02 9.6508432646753101e-02 2.2159507884945751e-01 2.7308475240879038e-01 6.4701072502687099e-02 1.3534780440645561e-01 -3.6218268285156768e-01 -2.0341515169992530e-01 6.3048843639191221e-02 1.6702155622808419e-02 -1.0870755051141109e-01
-6.7329967929894083e-02 1.5035740255908410e-02 1.4179182552778180e-01 -1.1465590712451550e-01 2.6976551821769190e-01 -3.6832070159725207e-02 2.7592294529810438e-02 1.5515414347290760e-01 -1.5273546696433249e-01 1.5658677044875130e-01 -3.1151020627542708e-01 3.1513626962076373e-02 -2.9340187792012608e-02 -2.5598286615278201e-02 5.5400100452018312e-02 -4.2151102191528331e-02 -6.3704972590467408e-03 7.8899802718807120e-04 1.1740559979172401e-01 -2.2951896505321390e-01 -4.0861749592176567e-02 -4.5890796496389240e-02 2.4073650131094340e-03 1.2285649363409309e-01 -2.9745129322222169e-01 -2.8239093385112168e-01 -1.0116400465968570e-01 2.3540657512361310e-01 2.5281151476358138e-01 -9.8769553010412653e-02 3.4598636920845062e-02 -8.6129402071881134e-02 -8.6883695328522179e-02 2.1652518593809489e-01 -1.8990083097086860e-03 2.0112500429974631e-02 2.5311655085319660e-02 -2.7500269274282590e-02 1.3351435341334800e-01 3.6578647758710683e-02 -5.2341239756610397e-02 -1.3760009930707201e-01 5.4377775891656807e-02 5.7115894890048214e-03 3.2846731563494970e-02 2.9972281566101122e-01 -4.2811057895114489e-02 -3.0714899499871368e-01 1.4293359735701591e-01 4.0842412739596899e-02
3.3784350973677713e-01 5.3956315002760012e-02 -3.5946715254889842e-02 -1.1062759662336540e-01 -7.9723310070367565e-02 -4.5947491587336603e-02 -9.3045240449283736e-02 1.7012620122522989e-01 -6.3188950554656620e-02 8.3807915442121128e-02 1.4327031143368321e-01 -1.0696036990721750e-02 -1.6907602135984440e-01 -3.6870009692631482e-02 3.6308493383278247e-02 -2.7045131316234361e-01 1.1365225082753780e-01 -4.6370148923207379e-02 -2.9122351159729359e-01 3.4937262368782723e-02 5.7441797324670821e-02 -1.1257911701102780e-01 3.5543230004912253e-02 -1.5669796497025729e-01 -2.2112365573464819e-02 -4.7575803507247751e-02 -3.3162651266281701e-01 1.3986573442276939e-01 1.2061206890962339e-01 -3.0161129925264779e-01 -1.1829187689195669e-01 -4.6888223545379977e-02 1.5836221939967801e-01 -4.9608520304111392e-02 -1.1730394844845320e-01 -5.3229673459671487e-02 -1.0972719412948830e-01 -4.3040634207917247e-02 3.1525858324639298e-02 -1.3441868915791699e-01 -7.9396294768233650e-02 -1.3406970224309719e-01 -8.4761122153907575e-02 8.3429977295983990e-02 -2.7392533519120361e-02 -1.7210159771371730e-01 -3.3503095223715679e-01 1.5604830557930920e-02 -1.1533592069606780e-01 -1.3684048608619120e-01
