# CEC 2013 LSGO F04 rotation matrix (25x25)
-3.2310073241595361e-01 3.3473760335539213e-02 2.1542680168489001e-01 2.5077648540321629e-01 -1.2244940138963500e-01 -2.6070442344079919e-01 3.1903589825429052e-01 9.9753914819034187e-02 1.3827134121340831e-01 -1.0613477531256341e-02 -1.3262298053334770e-01 -3.0774087921318161e-01 2.7536762240536150e-01 -1.9997325060535720e-01 -2.2175619561145471e-01 -1.2072654372761479e-01 3.5833453047299602e-01 -1.0523011606334240e-01 1.3634683755310051e-01 1.8351808261796740e-01 8.3568113718278783e-02 1.5102469665426450e-02 -1.5223931588345971e-01 6.9463877353187625e-02 -2.2899805083097971e-01
-1.9365465374154431e-01 -1.9655101570320221e-03 9.3115654269275303e-02 2.6795152218989088e-01 -2.0790889361498319e-01 2.9275996985935471e-02 2.2829460950362240e-01 3.2889745841780349e-01 -1.9258382238062099e-02 2.4850775575697079e-02 9.2032880315881332e-02 2.1310118812404241e-01 -2.6843304227299752e-01 2.3591917700696751e-02 -5.8549942925513403e-02 3.0895949035101961e-01 6.8334622370652368e-02 2.1510563490400261e-01 -1.3531311899978021e-01 -3.0758708331857221e-01 4.6496934824222941e-01 5.0740888639461489e-02 2.2911372177530739e-01 -1.1278805034694719e-01 5.8633381374735373e-02
4.6486575137417441e-02 -4.7033047717056992e-02 1.3261051016310799e-01 -7.8067689020188246e-03 1.8193251175016170e-01 -3.2731354977354560e-01 9.0281229780878839e-04 -3.0332223775697448e-01 1.5312086556811610e-02 2.1423394443617649e-01 1.4953061327775050e-01 -1.5859025963112469e-01 2.6838788397414792e-01 1.0373839373023611e-01 5.9262001002956576e-03 3.5133281181111531e-01 -1.3982643747832799e-01 -4.9093234735121549e-01 -2.5613239818121902e-01 -1.8413038415329561e-01 2.5215507376396762e-01 7.2854556977030430e-02 5.7738711460766763e-02 -4.8964738349635613e-02 1.0555582912250421e-01
-4.6580625255016543e-02 -1.0055415389916050e-01 2.5449301615514031e-01 2.1242171857718631e-01 2.5817701315251090e-01 -1.2215936301347290e-01 -3.2513909076434711e-01 2.5730962216102798e-01 1.3067600411918789e-01 4.2566385254163598e-02 -1.6134597598733930e-01 -2.8082748819665260e-02 -2.2866237164674880e-01 4.5773984764218939e-01 9.0375124282476099e-02 -7.5215324704542078e-02 9.3313272867905306e-02 -7.9154398333422415e-02 1.1238966703134549e-01 3.9455421888655751e-02 -3.0407534116062049e-02 4.2733113938474249e-01 -2.2422872613866301e-02 2.9133288904078580e-01 7.0041613659492463e-02
-2.2433172824185579e-02 2.6337979928375232e-01 1.3345418518575920e-02 1.7955907187854411e-04 2.7613608962818370e-01 2.1694451029241241e-01 2.5120259510441362e-01 -2.3680645054103511e-01 2.2469289107731169e-01 1.5647107336192381e-01 1.6121904881950150e-01 1.3102760664110019e-01 -1.7602938921233729e-01 -2.8324152677551919e-02 5.6099092806762077e-02 -2.0502150298905750e-01 2.4632129163716190e-01 -8.5987349991267573e-02 8.6661592489913244e-02 -6.8750430640619212e-02 2.1351591567004410e-01 -2.6373016246284170e-01 -9.3744007050195199e-02 4.2106518659342418e-01 3.3290063825677352e-01
4.8506845803540380e-02 -2.9234668534946290e-01 7.6587872218815203e-02 -9.9367385895392318e-02 4.5092817930349208e-02 -9.3713280263391624e-02 -2.1193573183162839e-01 -1.4951662851840619e-01 -1.3199710745052090e-01 1.9886483595725890e-01 -1.4497127503506471e-01 -2.6591420011387612e-01 -1.3654021958025761e-01 -5.1474698295339938e-01 3.2800226401098759e-01 -2.1168311758968650e-01 1.1088759158924159e-01 2.1475577141566710e-01 8.7494170753564443e-02 -1.2392805688757180e-01 3.1933611507490511e-01 1.7927439167090900e-01 4.5946861859133298e-02 -5.0060883765821081e-02 1.1615264220046990e-01
-3.5057113627422108e-02 -3.5086086995099453e-01 -6.3555836117351591e-02 1.6518503815265251e-02 2.0999374704293919e-01 3.3762791225477989e-01 -2.5338575017025199e-02 -1.5963917877424461e-02 2.5922823081173663e-01 -5.4141630184577202e-03 2.9526553864726501e-01 3.3050277340700729e-01 1.6168809185440780e-01 -1.6271950549452391e-01 -1.5724954365035260e-01 -1.1874111308168900e-02 2.4198201349116169e-02 -1.7585260942621550e-01 2.4839451236466681e-01 2.7577420145450809e-01 1.8895209360527759e-01 3.1226106066302939e-01 7.8978785421774611e-02 -2.3263382358698681e-01 -9.1706743667820431e-02
1.5624102448909610e-01 -5.2292563436838239e-02 3.9052840969617619e-01 2.9801577753523412e-01 1.4306972776032920e-01 3.3327030538337488e-01 3.4726612604426388e-02 -3.4245971415051363e-01 -2.1659462164234641e-01 -9.5896986415080154e-02 -2.1101342596658909e-01 -1.9951579295391700e-01 -7.3641621637233187e-02 3.0248497509963771e-03 -3.2874319439255989e-01 2.6689051880221842e-01 4.3983133838282638e-02 1.4039622665504059e-01 1.4349627564978321e-01 7.0544180945489435e-02 -1.4840401594763999e-01 -5.3470534935388371e-02 1.2365373015702240e-01 -1.3627993798216781e-01 2.2443172760599611e-01
-3.8724539676515443e-02 -1.6547337677050419e-01 -4.0662450948666620e-02 -5.5133685685504162e-02 2.4973504326747489e-01 -8.5905393379179074e-02 -3.1336017910498909e-01 1.8081661002851990e-01 -1.1356606902616349e-01 1.5787850902579889e-01 2.4451327709702850e-01 1.0425889960830360e-02 1.8488938907663041e-01 -5.6127600569163147e-02 -4.3160654412421579e-01 -6.5028100337119147e-03 1.9365549367933699e-01 1.5403320601030190e-01 1.6287877990427879e-01 -5.0145588940279751e-01 -1.5371967512107140e-01 -2.3790343256278751e-01 -6.3939646728337039e-03 1.1800597245552220e-01 -1.0487979363083720e-01
-2.6570756460443862e-01 7.5662988692451735e-02 -1.5434543681968270e-02 1.2210772360642870e-01 4.5149687196533073e-01 9.6351077598145304e-02 -8.7216340733417344e-02 -6.3733164491020330e-02 1.0769418914708680e-01 2.2563573857564079e-01 -1.9320684374180580e-01 3.1319429660898013e-02 -5.2447876719803249e-02 7.5053169853879234e-02 3.2670337579258962e-01 2.1463710048231421e-01 3.1439034514060243e-02 1.5810775161677559e-01 -6.4649610225211179e-02 8.1166622527692245e-02 2.3747983251287030e-02 -3.1962709002526962e-01 -1.0737068096383960e-01 -2.6549345924003881e-01 -4.4746230470818649e-01
-1.2421788662808350e-01 -8.0439266358441272e-02 -3.9541178157972612e-01 1.0370393675165750e-01 -5.3400466379759273e-02 -1.3039615501714091e-01 -3.0373361047420733e-01 -3.1565034675022080e-01 -2.2416090994518890e-02 -5.6183057849006990e-01 -1.8915117840151621e-01 1.2654265754200469e-01 -5.0048968622497851e-02 9.9824335316888151e-03 -1.6453189435316620e-02 2.1637367242943489e-01 3.2199171024286771e-01 -9.2255343293163136e-02 3.8261100630049193e-02 -2.8020818099233680e-02 2.0463453049036179e-01 -6.6389954728063000e-02 -3.3647697970510169e-02 1.4005454306999021e-01 -1.1881959759943691e-02
-2.2081064255050201e-01 -9.2672377954334986e-02 2.5729587094702772e-01 -2.3736239345233251e-01 8.2652387198038579e-02 1.3394886498875891e-01 1.5041068742891270e-01 -1.4874950521106539e-01 -8.4631499195136295e-02 -2.1298103053423570e-01 -4.0263048189433898e-01 2.2537683504958270e-01 1.9376486093295281e-01 1.4506536991034991e-01 -6.4122084949597841e-02 -3.7642073649316088e-01 -2.4169453558194171e-01 -6.4778438294013016e-02 -2.6766774012169991e-02 -3.2144497265996180e-01 1.6607826071629961e-01 3.7246837141163458e-03 2.0911767392838301e-01 6.6588020545582008e-02 -1.9583317452704449e-01
-5.1340232388642670e-01 -6.2256612794647649e-02 -8.3851118547262279e-02 3.0262328227085378e-01 -1.9697209633210699e-01 2.3026085349447070e-01 -2.0817359972299679e-01 -1.2772311465931541e-01 3.2853979285312451e-01 -4.5344755800200247e-02 1.6746491976417541e-01 -2.7154762507577290e-01 1.1235103080142179e-01 -3.6233835959770901e-02 1.2459658946725879e-01 -8.7493729593105002e-02 -3.1647093732831022e-01 3.8950294904841157e-02 -5.1670613847986969e-02 -1.8922910857869379e-01 -1.9903781035910581e-01 -1.9876306380583238e-02 7.1636062217377769e-02 2.9355224900988509e-02 2.1775554190785851e-01
-2.1987104496622320e-01 3.8020058801983531e-01 1.8088551310291379e-01 -4.1280055096654900e-01 5.4628635938798097e-02 -1.3220751467935610e-01 -2.4695104315984189e-02 -1.4786132556099130e-01 1.7401778213117061e-01 -1.4891235820584919e-01 1.9814030011714440e-01 -8.7498409580681349e-02 -2.6241971125037172e-01 -1.0549080108409239e-01 3.9023175242993390e-03 1.4134514365362519e-01 1.8087367274914451e-01 1.8057325638484579e-03 1.6199337836287350e-01 -6.9976181665317438e-02 -2.2607235953098201e-01 2.2680334371495461e-01 4.0270989987228251e-01 -1.2585280335203761e-01 -1.3140011607604721e-01
-8.2097436555210401e-02 -4.8248706297462279e-01 1.1145534256231720e-03 -1.9641594086999289e-01 -1.8264073684319909e-01 1.9476908821759989e-01 3.3309583816958738e-01 -1.4020878201057159e-02 -4.5732338645355558e-02 7.2631372593119040e-02 -3.1435670314599221e-02 -5.9251975693931133e-02 -2.0295459658230641e-01 5.1961651532631138e-02 2.3728156865992381e-01 3.0762767286131959e-01 1.2944687697986801e-01 -2.4922045724057451e-01 1.9634803595460071e-01 -2.2969678149358169e-01 -2.8498983842502718e-01 1.1854665660374309e-03 -1.9037743734737139e-01 1.7192318879343069e-01 -1.2469079252104499e-01
1.7719515636817870e-01 -8.2799187478567474e-02 1.9290705754834889e-01 -1.8405067219100880e-02 2.0340629819139691e-01 9.8506180035505084e-02 -5.1458442724248897e-02 4.7055104330337583e-01 8.2339688641495518e-02 -4.5130829436894759e-01 6.7872607125017942e-02 -2.4304834884312540e-01 9.1144183387883385e-03 -1.5398226758795369e-01 2.2654112394254111e-01 -5.5961554547147782e-03 -1.1458334027994651e-02 -3.0529608887424509e-01 -7.1054139983349890e-03 1.4036002776448090e-02 6.6015508726258651e-02 -3.9141232621744132e-01 2.0049311599555700e-01 -4.7631185233980813e-02 7.8447933439616438e-02
-1.1394499477561661e-01 -8.3053730847978624e-02 -2.8494291444952269e-01 -1.2094523153806330e-01 6.4954989425449791e-02 -1.9531236452301459e-01 1.7512989877323651e-01 1.7575768369435110e-04 -9.2808420402346728e-02 2.6813405568056239e-02 4.5762622534118107e-02 -2.9602467574186209e-01 -6.5181247124817973e-02 3.9148382982630792e-01 -4.9863518547345748e-02 -5.5431496551274183e-02 -2.1488369691370321e-01 9.3814098284319747e-02 5.6821756487733854e-01 1.0924792583474389e-01 2.5335582421732700e-01 -1.6853461761440511e-01 1.1765569520484200e-01 -1.7686962539010229e-01 1.4709252180337831e-01
-9.7826077186850130e-02 -1.1112127247336430e-01 1.2723852480788511e-01 -1.6985602096941599e-01 -2.7036324472597828e-01 -1.5040559843052850e-01 -2.5056688531201637e-01 5.6916929025522901e-02 3.0665537121466918e-01 2.9713921211298672e-01 -3.7194407150059638e-01 2.6165006344857600e-01 -1.5750462162901521e-01 -6.1828400317606072e-02 -1.9793939281894721e-01 2.2107968582071921e-02 3.9841229226295093e-02 -2.2434178670039490e-01 6.2365497496883228e-02 1.2760517900333859e-01 -5.6749199409795087e-02 -3.4047199940726153e-01 7.4551166465030475e-02 -1.9860049995869331e-01 2.7863524018874669e-01
2.8816193986699101e-01 -1.4655370657739469e-01 2.0808708970217879e-01 3.8364605140219871e-01 -2.3327405971576620e-01 -2.5166885132322309e-01 -1.7201682273363730e-02 -3.0164329485921920e-01 7.8048674324800935e-02 -1.2861517543563969e-02 2.9536278181363862e-01 1.6349847730886261e-01 -1.7364111813808270e-01 1.1986430812659320e-01 1.5747194086603561e-01 -2.8849268398501970e-01 1.9157756844394320e-02 -4.1230476075896839e-02 1.4160871891212670e-01 -7.3218702014762521e-02 -6.8281297092475324e-02 -2.2106979064507701e-01 1.8273941723426670e-01 -7.2848437371124425e-02 -3.2167340263282501e-01
-3.9565479616229339e-02 -2.0821891553797001e-01 -1.5052097932457559e-01 -4.9678587325848338e-02 -5.9332705926045837e-02 1.0063465601887300e-01 2.7970169114111369e-02 -5.5328478815765891e-03 -1.0105530119542680e-01 2.1759368273795951e-01 -5.6888882132297017e-03 -7.4805587624826281e-02 2.4207001978711759e-01 1.8669017264151971e-01 1.0033059416629610e-01 -5.6634848396054562e-03 3.2745782028893899e-01 1.0970983918360019e-01 -2.5216221956918772e-01 2.8259860504612633e-01 -6.8653106934719099e-02 -8.9488350048367693e-02 6.4313483752665457e-01 2.4431096777150971e-01 3.6232874015023580e-03
-6.0174182168985599e-03 -2.7755242216598253e-01 1.6191578560388190e-01 -7.2118624172394563e-02 1.9336187349233550e-01 -3.9614622572596331e-01 1.9621945709452199e-01 -4.3864315908103808e-02 2.6612507487934822e-01 -1.9017185611374310e-01 2.8182756614036870e-02 2.0971731345587549e-01 9.9705809197663323e-02 -1.4771995917997180e-01 4.3242815389148953e-02 2.3837092095458540e-01 -2.6708707808886539e-01 4.4565452485283652e-01 -1.3569170997395401e-02 1.6150937316375591e-01 -1.1963389836723649e-01 -6.9788782912589678e-02 -3.1703209432825440e-03 2.8462932776059929e-01 1.3463926967620549e-01
1.1495907688436269e-02 -2.1421406116170491e-01 -3.3402102687799978e-01 1.3173141635950511e-01 3.3180936044031989e-01 -1.7585891602662621e-01 3.1468118929087679e-01 -8.4067047298515239e-03 1.2653477279161390e-01 -6.2386057247389118e-02 -1.1362896366699821e-01 -8.2376246204484818e-02 -3.1682937326643229e-01 -3.6470399889164083e-02 -2.0025403351742960e-01 -2.7104175340878639e-01 8.6378412003622076e-02 -7.7220046259187727e-02 -3.5309787572802981e-01 -1.3050066978304220e-01 -2.5187211221478051e-01 9.7089310728502326e-02 8.0213549798098208e-02 -2.8777110631187452e-01 1.1321001445804590e-01
-1.1691149863518870e-01 1.2621240724830429e-01 9.6733669396057119e-03 1.8199106049297931e-01 8.6787397964336585e-02 -1.5217620673686810e-01 1.1113689419363471e-01 7.0013821181550306e-02 -2.5972037596053688e-01 -1.9344995637311211e-02 -4.1417505955973821e-02 3.4919848085049049e-01 3.5489982732558012e-01 -1.7553598135071430e-02 3.8600208696384519e-01 -2.8692124991736491e-02 2.1488173013818079e-01 -4.8258649548840273e-02 2.3937126123579081e-01 -1.3966618956413110e-01 -2.6854401347339868e-01 7.7543530102210961e-02 3.1794444054475943e-02 -2.7153421222353141e-01 3.7881282494516388e-01
-4.6549480987418629e-01 -1.2187983064808480e-01 1.7067893488008509e-01 -2.2763846520363722e-02 7.8227314611132137e-02 -1.0058903334061280e-01 -7.8742386850468915e-02 -2.0367477173287261e-02 -5.5742634823887327e-01 -3.6210502137480172e-02 2.9407711806427111e-01 1.2493258488980420e-01 -2.8293422285400027e-01 -8.0760631886424739e-02 -7.1336219858200406e-02 -1.1416492962712370e-01 -1.0335306949551200e-01 -1.6037545453526211e-01 -1.6383137368675241e-01 3.2133184358783051e-01 -2.7929980303674801e-02 -1.2214922666483180e-01 -9.1816516478375992e-02 6.3874414902358456e-02 4.9278884319545850e-02
-3.5320550286606953e-02 -1.7846561708831840e-01 2.6117835660309452e-01 -2.9308055419286422e-01 -1.0183261639930261e-01 5.5649986088772758e-02 -4.0959664299123053e-02 -8.8416316395495964e-02 1.3400603510025341e-01 -1.7321289098921899e-01 2.2207593775354920e-01 -9.1749795175286308e-02 1.1280005001621871e-01 3.7662959325527812e-01 5.0084873214332117e-02 -1.2156486247178820e-01 3.4903325853364009e-01 2.5975370486200161e-01 -2.6000571524355742e-01 4.9394401691475417e-04 9.8162092618107974e-02 -5.0620137441028057e-02 -3.2493778449213628e-01 -3.2915578521102490e-01 1.7102106553183960e-01
