# CEC 2013 LSGO F04 permutation vector 0-based (D=1000)
197
971
696
253
102
895
236
799
230
474
880
485
582
958
304
325
507
946
700
119
698
913
221
8
50
75
78
598
820
972
589
87
89
331
774
749
261
394
565
613
515
312
392
386
196
734
369
166
740
22
907
926
389
23
462
309
893
385
939
968
636
96
885
301
136
491
302
735
645
11
506
668
771
693
131
580
180
982
989
807
918
105
793
154
198
594
326
794
861
942
745
947
786
476
709
653
569
576
611
157
950
84
857
738
227
459
329
417
345
891
757
566
324
980
699
216
125
191
648
967
172
85
997
553
856
252
159
190
963
177
617
768
778
315
354
690
206
39
855
362
773
948
659
712
761
456
30
139
249
111
882
66
996
570
52
133
328
805
453
224
128
220
929
873
106
870
638
215
933
272
268
586
295
606
43
265
411
214
852
35
547
884
689
143
423
126
715
753
922
222
228
662
1
938
234
725
171
818
117
795
378
678
327
397
2
628
675
283
463
823
775
629
388
686
851
158
883
770
556
379
77
446
365
160
603
620
277
534
575
944
527
174
879
372
114
751
104
371
951
178
409
889
38
129
877
578
618
702
37
998
900
555
321
614
916
471
622
49
494
763
273
223
953
524
483
313
602
68
750
695
179
788
760
232
518
358
585
5
208
289
377
135
55
777
489
903
416
666
27
536
540
338
825
357
410
859
381
401
98
691
246
960
168
762
148
711
721
297
57
567
523
468
145
254
70
97
545
500
426
936
526
824
994
147
928
62
962
24
841
650
487
558
593
434
671
110
748
737
217
767
271
656
477
940
255
56
130
520
779
344
259
559
828
874
16
694
248
240
733
528
789
832
987
835
352
934
522
347
490
132
655
925
860
729
308
719
780
596
186
495
32
639
517
513
976
809
554
53
850
798
448
787
866
182
314
48
955
430
752
993
334
985
642
717
14
812
310
597
854
604
663
667
113
425
82
10
790
868
300
207
107
817
454
263
461
59
95
956
539
625
3
71
364
886
822
910
284
815
930
706
142
211
7
134
235
465
151
504
428
46
422
619
108
343
183
921
676
727
519
238
398
316
692
205
270
988
257
535
919
58
209
407
212
601
816
548
472
801
353
595
941
438
581
759
970
244
9
264
986
979
665
888
18
975
443
834
279
631
651
287
239
61
612
831
350
187
848
644
905
646
219
867
291
42
25
713
137
204
937
896
892
541
498
363
532
100
69
81
731
403
704
118
152
360
375
862
641
163
716
890
482
146
797
330
764
680
977
510
684
634
161
115
303
457
391
688
376
743
285
756
424
562
635
305
792
912
247
333
404
865
746
36
262
643
120
86
383
116
741
838
175
278
184
858
276
920
496
736
349
282
294
935
503
413
213
399
103
63
966
605
839
755
210
201
600
710
307
400
41
390
599
51
140
853
332
231
486
83
299
844
67
537
492
840
995
464
170
621
311
218
123
54
451
837
672
992
531
833
475
810
505
722
292
318
181
436
723
843
189
765
47
356
28
902
742
384
632
542
233
871
974
804
419
367
990
577
348
141
445
90
479
470
819
323
670
76
162
466
705
660
664
969
336
766
442
508
370
144
626
714
949
965
924
732
661
744
150
915
875
572
21
754
449
339
169
395
138
306
382
720
512
33
624
514
149
418
458
563
29
898
480
674
202
269
973
415
281
346
784
237
26
112
677
88
571
845
781
654
881
592
266
80
739
509
431
983
730
573
961
286
551
546
658
473
728
821
588
155
521
406
408
31
685
455
811
484
591
544
44
516
945
427
701
847
335
772
657
366
497
564
927
452
91
574
530
124
914
981
549
649
776
226
957
610
195
932
450
342
703
499
127
243
917
0
164
380
707
931
623
791
864
488
203
991
863
726
156
199
718
846
525
256
274
878
15
538
260
267
176
412
478
769
830
20
687
557
959
242
229
869
101
579
387
6
109
225
943
99
298
814
615
796
747
904
697
173
543
290
673
12
493
906
447
188
908
813
836
4
911
826
74
361
590
359
341
368
317
923
587
802
511
568
94
414
607
72
640
433
876
783
19
319
984
758
396
724
952
669
351
842
609
92
60
897
153
435
275
608
421
185
293
637
355
829
616
437
561
122
165
200
40
782
583
439
647
373
245
627
999
460
93
502
964
405
192
121
683
909
73
708
340
633
393
806
552
65
529
785
584
467
64
679
441
320
45
429
241
808
901
251
681
402
560
849
827
469
978
800
887
533
501
652
250
34
167
444
337
17
193
803
280
194
872
258
432
481
894
79
550
322
13
630
374
420
899
296
954
682
288
440
