# CEC 2013 LSGO F04 shift vector (D=1000)
5.6815328640677357e+01
7.7641595123103983e+01
-6.3623596759984480e+01
-1.4983196301124989e+01
9.0534104111220842e+01
2.8011303298354779e+01
-8.8078462850541186e+01
3.6568658529589847e+01
2.5594680105351841e+01
6.4691988640206148e+01
-1.5075089635696280e+01
-5.3244627463638693e+01
3.6450335112782589e+01
-2.9383429510413240e+01
8.7574452272503521e+01
-5.8569607699360759e+01
-8.3094956101295281e+01
-4.7227888230112328e+01
-3.0603385714008500e+01
5.5890027230998001e+01
5.6478749766155907e+01
-6.9523948203851296e+00
-6.2563278824443680e+00
2.2493879636340331e+01
-1.2119068453313480e+01
2.6751596931753749e+01
-9.0878229013022661e+01
-7.8491715896235263e+01
-3.7256208954143652e+01
3.4643292508199089e+01
-3.4281706068898373e+01
9.3008385391913833e+01
-4.9739284932194479e+01
6.8216497984050108e+01
-9.1704641707119393e+01
-4.0469037161928000e+01
2.9515440683156058e-01
-2.0494607438045481e-01
1.1365055403428901e+01
2.3765826979900719e+01
7.9022361750436602e+01
1.4195212819211500e+01
8.0965740845795455e+00
2.1480027118533432e+01
5.7047846077253347e+01
-4.3618207148909022e+01
-5.5570427358173021e+01
6.7299384161362525e+01
8.3293467132878106e+01
6.2417224921020782e+01
1.1679087027024661e+01
-1.8757476976336601e+01
8.7893248349774183e+01
3.4427813324891432e+01
9.1735773093299841e+01
7.4280016194340348e+01
-1.7969366475715709e+01
1.9479193743882671e+01
-4.9093913054617083e+01
1.2317950982879560e+00
4.8851356144786102e+01
3.8085647170361270e+01
1.3510797497609150e+01
2.0371525881001141e+01
-7.3669985414987082e+01
-8.7488721793437896e-01
2.4169882599716470e+01
-6.0683413639806759e+01
-6.8954015818513639e+01
1.4824449112912039e+00
7.6115871342565001e+01
9.2671001842011421e+01
-2.8683945258277571e+01
3.4142117268690967e+01
-7.4540739697742922e+01
-3.6295452675028507e+01
2.4499148601526709e+01
5.3361084957848398e+01
-2.6168024198394932e+01
3.6323193506493048e+01
3.3212436362284798e+01
3.0113572663086330e+01
6.1432266010480262e+01
-6.6326013956267090e+01
-1.1851201106405091e+01
-8.9053735731592809e+01
2.9412425684736160e+01
-2.2295072149097891e+01
3.9828456868117819e+01
-5.7306309879508248e+01
-6.4061874290758531e+00
1.3943067523925061e+01
5.8161788608487747e+01
7.2240094555019727e+00
-9.5065885767949240e+01
-2.4967545618156201e+01
-1.0555438283575040e+01
-1.8938075819102870e+01
1.2577160877300649e+01
3.3164504360453300e+01
-6.3905915184382430e+01
7.4360921721533259e+01
-5.4706600332977857e+01
2.8078594332467208e+01
3.8869907457254129e+01
5.1905300931770107e+01
9.3738994692013904e+01
-9.3073969294447338e+01
-4.0227390646932463e+01
-5.6873518307260946e+00
-9.0817015558632320e+01
-4.6748811848997163e-01
6.1622403456423477e+01
-6.2579697985688050e+01
-8.9085502891168815e+01
7.4526784225198185e+01
7.6147859234610804e+00
-8.5296203472120965e+01
7.6876742174501231e+01
-1.7411678433760521e+01
8.8563563437110005e+01
-5.1958315529848711e+01
4.9166313254801092e-01
9.2170961129912516e+00
-7.8710879517410746e+01
-1.7115963172382610e+01
-4.0222544597537947e+01
-2.5489271259688639e+01
4.9822509318693413e+01
-4.8896440686620878e+01
-8.5011953161158985e+01
-8.3910783432460860e+00
4.7475959855865447e+01
3.0212701911976890e+01
-5.5612932171255601e+01
-3.1797815918542749e+01
1.1366830284473879e+01
9.0626805591015099e+01
-3.9663170355487111e+01
2.6771508551651920e+01
6.7262597842578757e+01
-3.1119257848549249e+00
-4.5013906557018771e+01
-9.7301541675812288e+01
-8.0111436100654245e+01
7.0063169875487233e+01
-1.4770910845735729e+01
-7.6596607731627813e+01
-2.9767358343859438e+01
5.5890672730385639e+01
-6.9252519300534701e+01
8.3456845458128953e+01
5.4630754441533988e+01
-1.1872057366368750e+01
4.9082559661724389e+01
4.9056472017140948e+01
-9.9164414203844473e+01
2.4196172174857828e+01
-6.2934416176506209e+00
-1.3180988888541350e+01
2.4564338102743162e+00
3.7463050610123361e+01
-7.6471032134704075e+01
6.5777919724699160e+01
-1.1294642175567990e+01
7.3478154402868768e+01
-1.7273944833979961e+01
-4.0834086828930587e+01
5.5115506658806837e+01
3.5954027958378120e+01
8.3094872216405165e+01
6.4413406712600747e+01
-7.7926612735140992e+01
-6.5454257201156793e+01
4.0246454877481931e+01
-5.0339724665597828e+01
3.6724426747686422e+01
-8.1402233269757588e+01
3.3625703179421834e+01
-2.4431169638919609e+01
-5.5698788219642857e+01
-3.9115069448638977e+01
-5.5723827291944090e+01
-6.2385169002730507e+01
5.2653114857880688e+01
5.3038044370782487e+01
-2.4747873797166491e+01
9.4380737926082674e+01
7.3195117562989962e+00
-1.2072621021693781e+01
-1.4780771505200731e+01
5.2541052303857462e+01
-5.0504559420016037e+01
7.7776390601028368e+01
-2.7085663433192519e+01
-1.2798864832224970e+00
3.2249931166393459e+01
-8.8530833779876431e+01
-5.1202795043512793e+01
3.3352742043966728e+01
-4.1640369758649342e+01
6.5306407922886265e+01
3.5919330280836277e+01
3.5428461273471747e+01
-9.6054198689654982e+01
5.6907013223732719e+01
-2.1296022475517550e+01
-1.4978172941002111e+01
1.5208370990858270e+01
9.3989234445449299e+01
5.8908409526536893e+01
4.2202829790768646e+01
-6.4573433840077669e+01
-6.8736900556598655e+01
4.4800960473197570e+01
-4.6052291696585243e+01
-6.2244586143760351e+01
1.7089982066637809e+01
5.1688441722895853e+01
3.3738658519564900e+01
3.8294004452090697e+01
8.8498426135760880e+01
6.3593213875523652e+01
-2.4332012929353979e+01
-8.9366498495295843e+01
7.4751252779608905e+01
-2.2495798371132331e+01
4.6704697839088830e+01
-8.2008666547836611e+01
-2.4914060950978659e+01
-2.5794002892398279e+01
-2.0312791316916218e+01
-5.0992685780936910e+01
-5.7690236960338188e+00
7.9914116706488599e+01
3.8963865656989110e+00
6.5175568733364827e+01
6.3507301773783214e+00
3.1954591744688958e+01
-9.3294135949403895e+01
5.5362658105561202e+01
2.5948965502675051e+01
-4.4080925375475459e+01
2.3418595791220021e+01
5.5729693443788257e+01
5.2399389568676732e+01
1.1498573637409949e+01
3.5595703194873913e+01
-3.2785177023027309e+01
-4.5375335014484122e+01
-6.1053088897058380e+01
6.5939361130978867e+01
-3.2862673270661908e+01
7.5976378182650762e+01
9.7157508040442465e+01
4.9595731100361348e+01
5.2446568039137979e+01
-8.6625717393089218e+01
-7.0429836056670894e+01
-9.6701512296384422e+01
-9.5181049715623629e+01
2.2596452937343379e+01
-9.9638740602710300e+01
5.4321460293576720e+01
5.8192653041046000e+01
6.1375254933351641e+01
7.2008120811242433e+00
-4.1755012058236737e+01
-7.8655353590253894e+00
6.0755455825523903e+01
-9.6377506602168125e+01
-2.9021547964073669e+01
4.2344345142779831e+00
1.3251619077896740e+01
-1.9689175415078310e+01
7.6103948525226794e+00
-2.3994265560466811e+01
-4.9728206829030292e+01
1.4419825280291130e+01
9.8293000863791292e+01
-5.9844922553416552e+01
2.5692902592217521e+01
3.0394020509596700e+01
-2.6723186558706089e+01
-1.5207167665956749e+01
-8.4471469565735106e+01
4.8562465371499371e+01
2.4311461993205210e+01
-4.2912701367344788e+00
-1.2950066289792579e+00
6.2330504305006109e+01
-4.6250128195188376e+00
-5.5332370796212793e+01
6.0011706904770868e+01
4.7464331034908973e+01
5.8205554820347110e+01
3.6399833914301740e+00
-3.5380287926928752e+01
4.1389961205491197e+01
-9.2509206278475897e+00
1.8095736037022540e+01
6.5722291504789212e+01
-4.2237119164874343e+01
2.3623917337996090e+01
1.7803133921864081e+01
6.2384789289348689e+01
-2.1997166205695621e+01
5.3124234341351993e+01
-1.2845092331620370e+01
7.0376330098288506e+01
1.4582393573311490e+01
-8.0856457301073974e+01
-7.8246171541580367e+01
-1.6777021410918628e+01
9.4057589763138779e+01
2.3499528169322939e+01
3.6402623027962257e+01
-5.0081979164573482e+01
-9.8507345768782699e+01
-5.7786755525397787e+01
8.8451963678713668e+01
-8.9937017431832786e+01
2.0670467754335240e+00
4.9968639488213832e+01
2.7033724921781729e+01
9.8881460781062103e+01
-9.5342039595600170e+01
7.8463849025338606e+00
2.3725377252160090e+01
-4.0068779237686392e+01
6.0980909440834523e+01
4.0039991478115347e+01
2.3800167963131489e+01
7.7792487245060030e+01
7.7747084083282928e+01
-4.0182458973419131e+01
6.9815913691821137e+01
8.6138798592885280e+01
-1.3171388912964639e+01
7.0617486531146536e+00
4.5842898823534057e+01
6.7434545190389755e+01
-4.2284412548949078e+01
-6.2739889962161826e+00
-3.7928487809425002e+00
-3.4434450422643700e+01
-5.5835751636513272e+01
4.6612239140151878e+01
3.4598407947922993e+01
-8.8187025313410288e+01
6.1949009644455778e+01
-3.1918683798903370e+01
-6.1329688213950362e+01
1.3660098806895331e+01
-4.4885559550224229e+01
4.2407172139262727e+01
-4.3338250823992922e+01
-7.4025751615274402e+01
5.1835472593006680e+00
8.7938667531583459e+00
-8.5504262469310234e+01
-8.9737931918913503e+01
7.7376282424896445e+01
3.7682213415520003e+01
8.4644170345365339e+01
7.4813742728706117e+01
1.9956994159328680e+01
7.0818741046757310e+01
7.0339583530705482e+01
-8.4294008890998228e+01
7.2210196868937246e+01
9.8973437320614977e+01
9.5746276984426032e+01
9.3257978797200934e+01
8.0739017632089940e+01
-2.9515567729237400e+01
-5.7876647309333947e+01
2.7117323087819280e+01
-9.5725413445239695e+01
5.1807141118541573e+01
-3.1786129075413349e+01
5.1040487644835526e+00
3.6651529359123217e+01
-9.3989376196733915e+01
-4.3369521528408477e+01
9.1694792038193413e+01
8.7767337268122958e+01
9.2585620331986309e+00
-2.3947326999225648e+01
-2.2445772345026320e+01
-4.1967003916755083e+01
-2.2382873732613639e+01
1.3800576723016700e+01
9.8788962292251213e+01
-3.9418844973715977e+01
5.9753491544744563e+01
-6.1113708975325189e+01
-4.7377023828406330e+01
6.5113899176569561e+01
6.0456467155255751e+01
-1.5912355756048941e+01
9.7679802100726818e+01
6.9919553194251449e+01
-7.1975527569695160e+01
-4.7871256277011092e+01
3.9511268426029481e+01
7.9604047910924351e+01
-5.6084660088404718e+01
4.5253475501371078e+01
9.3642870181064115e+00
-5.0279346393858702e+01
2.1065156684243160e+01
-5.1825616149401100e+01
8.2543874471066061e+01
9.0808948287500073e+01
8.1066921233584651e+01
1.8475430473501099e+01
2.5334758997222231e+00
1.0294666993551200e+01
-8.0009486774553082e+01
9.1006912485800822e+00
-4.1129332070496893e+01
5.8409422746843433e+01
-6.5109810111345510e+01
-3.3549211614733039e+01
-9.0237839976784571e+01
1.2089792638091981e+00
1.2850679827422679e+01
8.2867361883542543e+01
-1.9749678763380590e+01
-8.5575788364085980e+01
2.5759042228932390e+01
-3.2515935033486137e+01
6.6048411367300560e+01
7.2101140103694036e+01
2.0676501309874499e+01
2.7752752361183600e+01
-5.0400430957233127e+01
5.8027908174843127e+01
-9.6732869596455316e+01
-1.4267878229976500e+01
3.2319324396567772e+01
-2.7685303803163079e+00
2.3076264196640938e+01
-6.0334405703791823e+01
-1.4785618052214760e+01
8.1430813291437758e+01
-3.3899651079829788e+01
4.9474095624564953e+01
-9.1973721618234080e+01
-5.3633564188326299e-01
6.3395312279180509e+01
6.8801999317280263e+01
-7.6185317956526205e+01
4.4720942090226314e+00
3.6196371792288751e+01
-6.3508680349347863e+01
-8.1336541366512364e+01
3.6852703005856981e+01
5.2960247632802123e+01
1.6610686796415020e+01
5.0740783568332063e+01
9.9505915329689483e+00
1.9210307019905940e+01
2.5182495812661902e+01
7.8780399422981233e+01
-5.4475834647251638e+01
2.8641237425985128e+01
-5.2859850801481947e+01
-3.9102191461724949e+01
4.5715777912662567e+01
-8.4776519128388244e+01
-2.7845073354827480e+01
4.8334638837444487e+01
4.3064275327832050e+01
2.9869027610438881e+01
9.8313823266874437e+01
-8.2428048955424686e+01
6.6821084001172402e+00
9.6533376029431096e+01
-1.8674664925941499e+01
-6.0829351022763489e-02
-5.7919091022458769e-01
-5.6681555861365091e+01
-3.7108446057860483e+01
-5.9173429397243687e+01
-7.7562801940723006e+01
-6.3901711331185957e+01
2.7679940094479569e+00
1.3485036579603950e+01
-9.5386771751260440e+01
2.8766159880725500e+01
-4.9724022084545368e+01
5.9487140493081633e+01
2.8834649302924952e+01
6.4032220629924737e+01
-6.3161446019821533e+01
4.8642474487904387e+01
-9.1960989820071759e+01
-2.4235187592443278e+01
2.6308053901395301e+01
5.2264698371419037e+01
-5.1068664896093352e+01
3.1449488127051890e+01
-6.3558139569746693e+01
1.0144425700412150e+01
-3.4461216809855948e+01
1.1294379166269810e+01
7.8195263194147302e+01
8.7406357918182493e+00
-7.1369881372315106e+01
1.0325499799948171e+01
-1.5509248935906649e+01
7.3371956248088608e+01
2.0686484883053449e+01
-3.8990205292101123e+01
-1.7410704756406432e+01
4.7138981268550999e+01
-3.1484906969578610e+01
-2.9312130214350969e+00
-9.9763115263377102e+01
-6.2756705478458557e+01
8.8984809714944063e+01
-1.2820895624841220e+00
2.5797347949678560e+01
3.8828828726668341e+01
6.1774689192484857e+01
-7.7877357364243579e+01
3.5908324396169959e+01
-8.7957454519750527e+01
9.3047165689982194e+01
-4.5312000085033453e+01
7.7988152093887941e-01
-9.6261912741612683e+00
-2.9653644433230259e+01
-6.4059484725908703e+01
-9.4637782767569661e+01
-3.5579488400250789e+01
2.0395732882017569e+01
1.3245251346753401e+01
6.3219077428399110e+01
3.3431664783580644e+01
-5.4262619640116959e+01
7.2435984314092456e+00
-2.1731627538648310e+00
-2.7887460721017380e+01
-5.6504594619261027e+01
3.5555260942671829e+00
4.0433755973932527e+01
4.6342438626900730e+01
7.8788130302574313e+00
6.1814983642063432e+01
2.5649325871741119e+01
-6.2034406102958947e+01
2.3185038766124691e+01
-7.8667011074032587e+00
1.9760188350698751e+01
-4.6095068587359087e+01
-1.0328465410324270e+01
6.0299501882271180e+01
8.4707409077850514e+01
1.4859670607915319e+01
-1.1042930604462089e+01
4.1309885149328480e+01
7.5244351086037938e+01
7.8161189768734360e+01
-3.5737847878932207e+01
1.6550365902985260e+00
1.8586239295544260e+01
-1.6605063481077831e+00
-1.7686364401243031e+00
-2.8200809487109289e+01
9.1319016690378120e+01
-3.2346194442573960e+01
-6.4432407304474282e+01
5.0086196411962213e+01
4.5073652600072258e+01
-6.7002676856204616e+01
1.7541463239856789e+01
-8.3600555283082215e+01
4.1662918785367236e+00
7.5795945842002780e+01
2.5895271059078240e+01
5.1902124834633632e+01
6.5978680142110704e+01
9.3659985255892657e+00
7.6011294330680439e+00
1.5928514857333390e+01
3.4443284829790430e+00
-8.0866747233710097e+00
-5.8821680690271187e+01
9.1648790341218955e+01
-6.6481198316779899e+00
3.5030098993756368e+01
1.3061059996514540e+01
4.4937185212355537e+01
2.2988965254202669e+00
6.7430313086365823e+00
-1.4802775448134870e+01
5.0142907972536527e+01
4.8729058793555133e+01
3.4701764347876477e+01
-9.7628228615441031e+01
2.4940217098239589e+01
5.0262477302035222e+01
5.2537319963907990e+01
3.7741530765373412e+01
8.5117678143270751e+01
-5.3625912508406827e+01
2.0535477046943289e+01
2.1077772443647120e+01
8.3051353525234042e+00
-9.5259690645704765e+01
8.4087705726057266e+01
3.9873831697834370e+00
8.3949049493792742e+01
-6.9781908243839553e+01
5.0911131252487237e+01
-2.4639388478569380e+01
-3.5779400551835039e+01
-5.0604062978951653e+01
9.6653891651540121e+01
-1.7521829503226151e+01
4.5093340372698968e+01
7.7757078260909495e+01
-8.8632657745424467e+01
-9.4549872893094388e+01
-5.1461006735460003e+01
-4.2478915291471843e+01
2.4421096460163199e+00
-3.3056725809149327e+01
9.3712142868014524e+01
1.7204626399954210e+00
-7.0177590731834727e+01
-8.8496832684491082e+01
-5.0267422254056157e+01
2.3390533304588221e+01
-6.7271223308838231e+01
-3.8659503108266982e+01
-3.1920969157618920e+01
6.8885133156557842e+01
2.6882711048899591e+01
-5.1961429092389068e+01
-2.7753877283159980e+01
-9.4460392206347947e+01
-7.1147507079504621e+01
4.9019859533240428e+01
3.2696729575865433e+01
-5.9329490005027132e+01
7.1403452203787921e+01
8.3316646204275003e+01
-8.2042390957724081e+01
-1.2952789647499189e+01
1.7472408214234431e+01
5.0409883543591313e+01
-5.7887821459208332e+01
-3.8939894766684702e+01
5.7478110981514753e+01
-4.8241095371603372e+01
9.0066539547653818e+01
-5.5390236935630481e+00
5.2829408724285322e+01
-7.0394197943981709e+00
3.5339953306687278e+01
9.5493501491354024e+01
1.5489058045399981e+01
9.4937823965861199e+01
4.8481388664989700e+00
-2.4441122364993870e+01
1.5561056726643701e+01
8.9356436732795913e+01
-8.2268733162424382e+01
6.9713867823422078e+01
8.6989829129396043e+01
-3.6453072168686511e+01
-7.6899282123400482e+01
8.9723414288171938e+01
7.7811605676130128e+01
3.6275008969175182e+01
2.3696378552697940e+01
-1.9312954367167212e+01
3.8422273155555153e+01
6.1486715937576349e+01
8.8109089634094531e+00
-8.2182703394392291e+01
3.1050070117078139e+01
8.9511140942819253e+01
9.7385033695025900e+00
-8.0450620325729162e+01
1.4948352304712749e+01
-9.2903184076941400e+01
-1.2097567211669251e+01
-3.9994473951580818e+00
3.9619597515431707e+01
4.9189063286497372e+01
2.6459839663085831e+00
-5.0677676961186172e+01
4.1325520856630739e+01
4.9906499792393511e+01
7.0825642933972802e+01
-1.0978789386775940e+01
-1.3664449574886421e+01
5.1001724215957907e+01
-3.1453655408604658e-01
-3.8686414404735856e+01
-3.9101750443050051e+01
5.7216534338531147e+01
7.7051051650193457e+01
-7.0808349113412248e+01
-1.0793036205329550e+01
4.1971953853869621e+01
4.6900361733743132e+01
-3.7613102752449251e+01
8.5803246774508466e+01
4.5825535285004449e+01
-1.8830410205776619e+01
1.6404310305099099e+01
2.3022097790472229e-01
-4.3011562034388703e+01
7.2363145037007428e+01
-2.1906698343316080e+01
1.4525956833064230e+01
6.5412013797288296e+01
-6.4800492941092998e+01
-1.7441972943512638e+01
5.8775517750064438e+01
-8.6798579861392554e+01
-7.4165674862312912e+01
7.6354148754352593e+01
-7.3203694179373215e+01
7.4050186582049051e+01
-2.4280259077983999e+01
2.3328957812476389e+01
1.6905775636344281e+01
4.1995255463191441e+01
2.0728877822932269e+01
3.3048627883912417e+01
-5.9441961992078888e+01
-7.8210773085272734e+01
1.8626256305941840e+01
-4.6589515655886757e+01
1.1678775925310100e+01
-3.1236546851054779e+01
6.7418403376454606e+01
4.8880790638683557e+01
5.5859550017438593e+01
-6.3604476793556401e+01
3.5241982361458163e+01
-3.2807435024710351e+01
5.5648946817425397e+01
2.2667535038525280e+01
-8.8005865862376531e+00
-4.2008658829632431e+01
-5.3458884979672384e+01
9.9047599842355769e+00
7.1807991666350887e+01
7.6228034256132915e+01
2.8087412604004509e+01
1.7010048318213389e+01
-2.8466398564662061e+01
2.7280370846745551e+01
4.6182914430118387e+01
2.2889473283151371e+01
-4.1472481594648123e+01
3.0033568114803639e+01
-2.7238416840673640e+01
-3.5074636503990742e+00
-6.4346596714273517e+01
-4.3772410118446508e+01
2.6119281023301429e+01
3.4990466689162247e+01
1.0879519913582330e+01
8.7700946554084254e+01
8.4078661392516651e+01
1.2027670945973239e+00
1.5501364807244300e+00
6.0265644090625621e+01
9.0511998745350283e+01
-6.3303524926137349e+01
-5.6786018722844240e+01
2.0795524449502611e+01
-4.9547742966691551e+01
4.2643042635472540e+01
4.7127253939413073e+01
-3.3125498905284893e+01
-2.1784024493112170e+01
8.6067029797386994e+00
-1.6494158274049771e+00
-9.6151919537374198e+01
3.2265215233902083e+01
2.3039970804323300e+01
4.4000463822809238e+01
-8.0377481963146238e+00
-7.9912189981117436e+01
-5.3327153489145992e+01
5.6915767103096513e+01
7.2587127332742511e+01
-2.4240322595914140e+01
3.9695667506595939e+01
-7.4225778757992344e+01
4.6894305885637912e+01
7.9414604232105042e+00
-3.8384554768879028e+01
-4.5648527745527749e+00
-8.3466100626651112e+01
6.3169152538697180e+00
-7.4448080112089229e+01
-1.8469786842248631e+01
-5.8824349873550887e+01
-7.7993276465045966e+01
7.5609415097422001e+01
-2.8772764737137141e+01
9.1332083180213086e+00
8.4385353777698242e+00
-3.4921315368628157e+01
-9.7634460372981607e+01
-3.2099262050019767e+01
-8.7261807923847542e+01
-1.2104602074561020e+01
5.8475546189227060e+01
3.0047769460785800e+00
-7.2744080136691935e+01
-8.8400527162862076e+01
9.1639848097434637e+01
5.0469581727040577e+01
-5.2245668623805813e+01
2.4126101162155880e+01
-9.9597859330615478e+01
-9.8035247989641462e+01
-7.6275146004079872e+01
6.1799069221945373e+01
-8.8668748148821223e+01
2.6335902109257930e+01
-2.4673299352251121e+01
-4.8353986781567508e+00
-3.7483554521032843e+01
8.4054702531679865e+01
2.0100878697718940e+01
3.9449680033956177e+01
-4.1878236561740117e+01
-7.0533432480058709e+00
-7.7916918308680776e+00
7.9683525638906502e+01
-4.8772456700815212e+01
8.3489537806013004e+01
5.2967277000890711e+01
6.1402162317957647e+01
4.3545098371022446e+00
-5.5110173982043683e+01
-9.9232434863259613e+01
4.7518699630260013e+00
-6.3885974238755239e+01
7.5646413148801173e+01
4.4676041541822418e+00
2.2576347535429142e+00
-3.1575404937468079e+01
4.7448848137058746e+01
4.6957197754544588e+01
7.8312465034573080e+01
-5.2893195034166478e+00
-8.6824650502653924e+01
-9.1744907956462640e+00
-8.8332244287545237e+01
5.9224998614914437e-01
8.1934798300279070e+01
-4.2518697829636238e+01
-5.2457021183839487e+01
4.1337116209229542e+01
1.5588268499323091e+01
-1.7849088615207130e+01
-6.0672891697584364e+00
5.3577072292717467e+01
5.0659982101112568e+01
5.3466306216557108e+01
-5.0062645382324447e+01
5.0285694309058513e+01
5.0743464623396646e+00
2.3758526223617049e+00
7.6289119368192900e+01
3.9491423658993611e+01
7.1536582938956997e+01
8.0283993756003924e-01
1.3977977627346361e+01
-3.0534713849041381e+01
-9.4979008343517151e+01
2.5294488662184360e+01
-6.7290370571898306e+00
3.0233772646742661e+01
-6.9018373608665641e+01
5.7697670852546672e+00
1.5047436896466539e+01
6.8765612931031640e+01
3.6282071215494227e+01
-7.9935188711416544e+01
-8.1076630133155845e+01
5.8063186781988158e+01
-2.3344553313367982e+01
-9.3601143096647917e+01
9.4475196359522769e+01
-9.3714533131012487e+01
9.7075600448210189e+00
1.9554778231212261e+01
4.9832714732217859e+01
-4.5273356548796698e+01
3.9276608912862187e+01
-2.0748410839230729e+01
6.2536791032445480e+00
7.4391497835593725e+01
1.4500491009571810e+01
-8.9632716228692331e+01
6.7439104546318219e+01
2.3807894597554391e+01
8.9027697300823419e+01
5.2184718589594013e+01
2.0142529232576290e+01
2.5210210128915200e+00
-5.3781717881134270e+01
1.0091650133446450e+01
2.1035054615856819e+01
5.4494961470733543e+01
6.5667216206066001e+01
-2.0498638736399650e+00
2.9799917915238371e+01
-7.1588992147548367e+01
9.4366190813513029e+00
-6.2361908309666703e+01
-2.2972916615248881e+01
2.7925424338346581e+01
3.6006801864937060e+01
3.2632506786639688e+01
7.2019066566971006e+01
-9.4360398355195599e+01
-3.4536888635405923e+01
-7.0717462118810730e+01
-1.8095025583478431e+01
3.9014918535924373e+01
3.6833385555393818e+01
-8.5328409431414897e+01
5.6212997085171779e+01
-2.6413351746901991e+01
-7.2835921741297767e+01
5.3605783891280232e+01
-6.7132314016662690e+01
8.4208650409910675e+00
-4.4673931079685680e+01
-2.1937386608029961e+01
-3.5429929972736197e+01
8.7783795681778642e+01
-3.1592455810887891e+01
4.1218877715377502e+01
-4.6427625788649422e+01
1.6607698950568281e+01
9.0233986426280559e+00
5.9946520045832742e+01
2.4827761575752330e+01
-7.7262177300151450e+01
-6.0733857106734902e+01
-3.0375446457625991e+01
-4.4550886985202347e+01
-6.2292175507628137e+01
5.6597071676476823e+01
-2.2678399932503620e+01
9.0106788639960271e+01
1.4282351910730441e+01
5.3287347673828940e+01
-8.9954120793079326e+01
7.6457102564228322e+01
-9.6365495046869910e+01
-2.5932956451856938e+01
-5.4285238973474911e+01
5.8190297833388172e+01
-5.1422688217727249e+01
-2.4146142606220149e+01
-6.0692561625855291e+01
-9.8095593711165193e+01
2.4903784320351861e+01
-9.9825947233214137e+01
-8.9858067968245933e+01
8.9036242978571224e+01
8.6243147079558071e+01
-1.9166181851620641e+00
-1.0109147188435109e+01
5.2508619587709077e+01
-9.6964836082288429e+01
-6.6453753000098374e+01
-2.7706551960924241e+01
-4.9710227065744803e+01
1.3482985851156750e+01
9.2314854599052907e+01
-7.5568113759239480e+01
-1.7062334298977131e+01
-1.4988433216905960e+01
3.4505723197978502e+00
-7.3140305222723583e+01
-9.4407993189199090e+01
5.1500745556300132e+01
-2.5055238499299080e+01
2.0699785698618712e+01
4.7156765125574793e+01
4.2615246235568762e+01
