2.356755658990206115e-01 2.626288910147325240e-01 7.419789084116733269e-02 -2.804552194321559555e-01 8.032741977843889380e-02 2.770911769708359618e-01 1.029346620341762969e-01 -3.391368955418497255e-02 2.014575433843589572e-02 1.606067145828596887e-01 1.522292968893065590e-01 -1.247184940734079317e-01 1.715647095125953092e-01 -2.185605361968252780e-01 -1.371919000461090804e-02 -3.100544024369459306e-01 1.031979279109399988e-01 -4.624275602812619873e-02 2.050704235275419007e-01 -8.650503659735861439e-02 -2.450385160661132933e-01 -3.786353490367433405e-01 2.364922640313884827e-01 6.014291790261704074e-02 6.266111645469217561e-02 -3.104471061554263667e-01 -5.977112621468345932e-02 1.073988234632457656e-01 1.055848993450221318e-01 7.779683319429622768e-02
2.887485239194609865e-01 5.381145264453072313e-02 -5.100571852600704892e-02 -1.770216884355321485e-01 -7.243757676647059884e-02 -2.445831823851547793e-01 -4.852336520080084009e-02 -4.180701144571898759e-02 -1.866012620587211013e-01 -9.783734868491217318e-02 -2.542987435419882120e-02 -6.807448608657154510e-02 -2.088926801358528818e-01 -7.484248093111200983e-02 -1.164016516907474402e-01 3.150075491054207255e-01 -1.077021592576196257e-01 1.823328330001394437e-01 -1.911316439576279391e-01 -4.949563381087698222e-01 7.641515588562491912e-03 -3.584274799062755340e-02 -2.846209524520099468e-02 4.139617855351886977e-01 -9.802282813444490595e-02 -2.015349777768485617e-01 -1.660114477175632652e-01 9.327592342779904289e-02 -2.088215446373423156e-02 -1.101521931607743893e-01
2.140319402285581762e-01 -1.991310891011889572e-02 1.508824720252379958e-01 2.174128246547366028e-01 3.892159395585559345e-02 -3.205577651120180005e-01 2.650975031174111485e-01 -7.849764790405372450e-02 1.254443642744396473e-02 -1.255606265165564728e-01 1.306414804411338282e-01 -2.465744826201131668e-01 -1.223299856561301663e-01 1.871389840226502232e-01 3.924401596838401618e-01 -2.986220546123320718e-02 3.005105438818573838e-01 -6.525752444716947410e-03 -2.183787989647605343e-01 8.900879378437918932e-02 -3.047210792220135245e-01 -1.649370726640779772e-01 -2.088803456926645874e-01 -1.080479465370115383e-01 5.306299701291997822e-02 -6.080011278777459893e-02 -1.470098907360566920e-01 -3.271430624542488730e-02 -1.372008036841636802e-01 1.871615403129996968e-01
7.384148670427628791e-02 -1.305201820858755413e-01 7.305867640046054268e-02 2.111699101387891908e-01 -4.797336366060444557e-01 -5.241480833363074826e-02 1.939250100455106873e-01 -3.559102976701874338e-02 8.933058005605187812e-02 -1.002836706673954914e-01 2.096044496773212251e-01 1.286464885100588318e-01 -1.002406809876502658e-01 -3.672138814474787405e-01 9.129848205439987374e-03 -1.642251713868465302e-01 1.606877783531546477e-01 3.113380022438180794e-01 6.982098922252331918e-02 -2.285402610991771680e-03 -7.831958709724347323e-02 6.663073206934418125e-02 2.202380293190745464e-01 7.511498071532167475e-02 -2.754820707499034960e-01 2.593501973460676235e-01 4.536905213190028929e-02 -3.170004517292681484e-02 2.552034822065450403e-01 -4.062490100489393047e-02
-5.481923270755856628e-04 1.662362566819610143e-01 2.266892584582224646e-01 -1.378045624625008070e-01 -1.475602230521571301e-01 9.746098478198218784e-02 -2.449582839201775719e-01 3.389291553717694860e-01 -9.633934772133702362e-02 -7.824103124947384691e-02 -3.390445446833063176e-02 -2.969333892551871967e-01 9.085716100234536574e-02 -7.506414526688320876e-02 1.429494220582700204e-01 -2.713555106796828806e-02 1.525067358440951593e-01 1.797672347838262519e-01 -1.220480265898781919e-01 2.885802009157443782e-01 4.403117136545756094e-02 4.622642475281672075e-02 -2.866697274437879916e-01 3.251085433281253878e-01 2.509978501233757209e-01 3.652033738685034336e-02 1.715127025971054098e-01 -1.317858827049796511e-01 2.209710876866494977e-01 -2.245193657092465489e-01
8.685366840854680248e-02 2.728676418762593925e-01 -3.197213937677106932e-01 2.283146490414813545e-01 -2.693737568824489670e-01 -2.181529935792243802e-01 -5.902693529707729592e-02 1.004745222875971650e-01 1.706277489680215267e-02 -2.123230871422403243e-01 -3.770459623887031930e-01 -7.520278015759644663e-02 -1.136592490246284004e-01 -2.666203661974445582e-01 2.872922015957751762e-02 -1.775409035973966876e-02 -2.567474769768412352e-02 -2.246964116435433423e-01 3.804587911604492834e-01 2.273716555768896461e-02 4.625873928601931945e-02 -8.166874721627087608e-02 -1.969988464474261292e-01 -1.483499412436063147e-01 1.679925177463661035e-03 -2.544775826742144420e-01 1.209661283133454529e-01 -2.528323497892928998e-02 2.467757228609253339e-02 6.999413020277876762e-02
3.390762235833623406e-02 -1.949598570798083685e-01 7.966716007939350641e-02 -8.774141577692795568e-02 -2.188603334495065333e-01 -3.006140824761346919e-01 -7.670112006342463644e-03 -1.161640561168928304e-01 1.121085393861369628e-01 1.057808208768701852e-01 8.707592524568601167e-02 -6.689069873013281310e-05 -2.531357578525015098e-02 7.994672149245950210e-02 1.316307040693782786e-02 -4.136562405166511330e-02 1.853374505844159748e-01 -4.558320876629932683e-01 -4.631851204509137426e-02 2.219615342970945315e-01 2.493951717175320326e-01 1.064470583700978523e-02 3.683172642081076753e-01 2.942765746336117871e-01 4.945447756785826404e-02 -2.551666061416969500e-01 2.120881560848478509e-01 -1.209874598725199299e-02 -1.676911949149167969e-01 -1.892103431195643892e-01
1.175250426950706500e-01 1.430730669538134991e-01 -2.831650453594258821e-01 -1.149375191165222659e-01 -9.616339899599912755e-02 -2.949491130648969617e-01 8.332682955494741250e-02 5.214450917368260163e-02 2.408640990289144523e-02 1.260376970435419242e-01 -1.083493949726611894e-01 -4.303986692517377394e-02 3.830858764211714229e-01 -1.980387224964176851e-01 -1.032109815623079990e-01 -2.284700205876180057e-01 3.365421109998277538e-02 -1.483151577952507016e-01 -3.138345680606104970e-01 -9.038852901903507431e-02 -2.717945704164232562e-02 1.696597743222756083e-01 5.618986879049771288e-02 -1.155107108813759054e-01 2.812994206194122104e-01 3.430965757668043570e-01 -3.075861766157035326e-01 -1.538592061638316584e-02 -4.408007221507492801e-02 -1.344922898572728509e-01
2.112766830149090114e-01 -2.515705524337371046e-01 3.780935305773351629e-02 -2.685517252528337173e-01 8.364015718624938367e-02 -8.231501145870470659e-02 4.120330074549582999e-02 3.866887650067947230e-03 1.344527251632109399e-01 -9.031234619635562788e-02 -3.499342984982568017e-01 1.341494506514654683e-01 -3.995967480517099296e-02 1.444598467288167598e-01 9.272777649204068384e-02 1.975226618961182720e-02 3.673286851519765028e-02 -1.079437178286631049e-01 2.006279837052059589e-01 1.916866158032665690e-01 -6.768496661975813289e-02 -1.636707455453155491e-01 -1.106036582042930205e-01 8.878674855375794095e-02 -9.391472769742573168e-02 2.851391917153114353e-01 -1.310802555273310743e-01 5.024043227450476490e-01 2.883364630716200305e-01 -1.434094685605357133e-01
1.489172694904753180e-01 -7.329994710449902473e-02 -4.635320051803177299e-01 -3.066555092993035747e-01 1.914170572587122199e-01 -8.327201497501561522e-02 -1.292800650673756602e-01 -1.004784512679124109e-01 -2.409834901354862835e-01 4.882371113083622260e-02 1.626312638469739058e-01 1.174293246801240247e-02 -5.069552723455966747e-02 -5.894419034841220928e-02 5.065496237652412637e-01 8.363916125362647058e-02 6.819701727256945699e-03 3.613605883867346269e-02 1.236642836846127413e-01 1.823738658204907340e-02 2.350827501083019300e-02 4.329891489467171950e-02 1.462089947760596975e-01 -5.151725783124775325e-03 -3.251261387790851248e-02 1.959411128512689726e-01 2.506704277368540512e-01 -2.518723747866636886e-01 1.258755455020776071e-01 1.187953668371156679e-01
6.461102135696111803e-02 4.457621793857614347e-03 3.330510079049469052e-01 -7.875041283543106341e-02 -1.674570091985511933e-01 -2.018857895379928824e-01 -4.009660692555347961e-01 -4.323973428250344614e-02 1.879900366068482376e-01 2.917473118343110183e-01 -8.599783260615678770e-02 3.677901181673891573e-01 1.890946978404423884e-01 -2.020755101014689303e-01 2.478053384848352136e-01 2.886128507248874042e-01 -8.355756680030258787e-02 1.460697293807632913e-01 -8.050527659991611740e-03 5.267088102586591630e-02 -5.811897098801473149e-02 -1.571708820261046302e-01 -4.069823253071196134e-03 -2.166185082281867902e-01 3.551081011248516384e-02 -1.094839331883514788e-01 -1.393831607512922843e-01 -1.091131676026270703e-01 -6.759881871870115910e-02 8.655071617126781913e-02
-2.852465016257537626e-03 2.237598921545251307e-01 1.428438973954795077e-01 -2.297824962195137988e-01 -9.123262636177081886e-02 7.654805323301359932e-02 3.181559745307482312e-01 1.201138771164785984e-01 -1.058398794002413240e-01 -2.316268127927674780e-01 -1.840801190553906230e-01 -3.026684072473208309e-02 1.170795821804464648e-01 9.107241326466078424e-02 2.126965291360638777e-01 1.910751926827091718e-01 1.446165433135536138e-01 2.453537117422538993e-01 1.991740278630820538e-01 8.719064153927412464e-02 2.891560838466635808e-01 2.982478013942008732e-01 3.254388503210110528e-01 -1.157103940298371131e-01 1.216987706197160055e-02 -7.265002221630222079e-02 -2.075761121884744931e-01 9.353254412337910773e-02 -2.424586690989240234e-01 8.475675738509637347e-02
4.492131637682784950e-02 -2.305601881255064933e-01 -4.501404151498369921e-02 -1.762861527746545365e-01 -1.860852595660344999e-02 2.101389346331389296e-02 5.679876585278737650e-02 -2.449386178678008841e-01 2.477193005990891150e-01 -8.459633439984044767e-02 -2.191360784636440726e-02 1.905478541754644095e-01 -7.329832653334615589e-02 4.342262208926687267e-02 -9.624030405589104054e-02 -2.558586477366790457e-01 2.177913981177231617e-01 2.347533717633376316e-01 2.659891373725650210e-01 -1.739221824959487350e-01 2.498337679692246016e-01 -3.947083889613062224e-02 -3.200007163599054572e-01 1.487421617758271086e-01 3.972093612018300357e-01 -4.752600539826603611e-03 -7.480062824447716863e-02 -2.653475846495993440e-01 -1.535226270975718066e-01 1.049073501297267674e-01
-1.107597850622733526e-01 -4.921126881134089276e-02 5.554222264103148010e-02 -2.986740432816245572e-01 -3.113296129659829936e-01 1.021194563575065217e-01 1.941323965878360147e-01 -1.672474134922213029e-01 9.265090966885367041e-02 1.227920170244555104e-01 9.054106970839378640e-03 -1.958260780751281127e-01 1.067531729457828066e-01 -6.172594279998794113e-03 -2.138972610897618351e-02 1.517766353329438045e-01 -8.132564474557327228e-02 -2.755033681526470324e-01 -1.360422185190759137e-01 -2.230294353383187669e-02 1.070133566643250156e-01 1.720359234746458854e-01 -2.668125988708525687e-01 3.112377751977822918e-02 -1.688156860538097825e-01 -5.199311256341161008e-02 -5.354461091243969961e-02 -6.636555242261625576e-02 3.283072511043248487e-01 5.118594225927451946e-01
1.358625714302291176e-01 1.509502336717472581e-01 -4.312071194091724596e-02 1.302932110793330600e-01 2.136905959288777357e-01 -2.630108935072855703e-01 1.368016257632041766e-01 -3.500188454344489997e-01 -1.793613829098464896e-01 1.206224946199465492e-01 -1.090617868151581710e-01 1.144231969799067439e-01 2.815746645827000849e-01 1.279419331251219205e-01 -1.782150759749285829e-01 -1.309179507397431330e-01 -8.248624541403390409e-02 3.029218813172577240e-01 -2.145123619322443563e-04 3.692328133680694013e-01 9.373430227529760961e-02 1.035575045170566144e-01 -8.695000970436621290e-02 1.093933231939709511e-01 -2.022970979430722127e-01 -2.656219907829541205e-01 -2.359839974155981002e-03 -1.194796598659174092e-01 2.557905536626142173e-01 -4.967335077910890045e-02
3.888210610749723815e-03 2.542817345785846062e-01 6.068649738176404296e-02 2.682985250357678431e-01 2.465741360590866793e-01 -4.174216436408042380e-02 1.885544088486386660e-01 6.644628381799481953e-02 3.104126781645843436e-01 1.922596943104207812e-01 -1.726229058116114934e-01 4.226866230250295176e-02 1.950460455635142643e-01 -7.480914866920379547e-02 1.706467047040423624e-01 8.340835696618380257e-02 7.036857003615694384e-02 3.767499180030218359e-02 -7.572162674428721540e-02 -2.416477773457572364e-01 2.342864405061382549e-01 -1.102872691841958602e-01 1.418392181633193819e-02 3.278617727232924772e-01 -3.422784794182386070e-02 2.264992620462139283e-01 3.800493572807794318e-01 1.429304658890226121e-01 -4.756650062415319902e-02 2.183546057868881451e-01
2.189011482447276169e-01 -6.074236703687280886e-02 1.315228472895603185e-01 2.129377766843670028e-01 -6.567326560473892016e-02 2.667742365210160616e-01 4.729186864359384221e-03 4.767715053036351153e-02 -4.823224504065351526e-01 -7.800835769082042903e-02 -6.679127610595031461e-02 3.494432166810997886e-01 2.434630646948120203e-01 -1.179004137547641842e-02 6.506609335594246146e-02 -1.597742142419669026e-02 8.727457552203368718e-02 -3.529276010502615524e-01 8.457389779099140636e-02 -2.697174157395471408e-02 -3.886382018144365902e-02 -1.762135749658890263e-02 -1.295018963312708493e-01 2.903956754708939547e-01 -1.212167072123379874e-01 1.395477492579163536e-01 -1.618155770925829295e-01 -1.939576865811746820e-01 -1.738348835357153843e-01 8.726489906103007677e-02
-2.271573681379765106e-02 2.401459765334097440e-01 -3.552382532264048987e-01 9.858214509007776072e-02 -1.764775337911628772e-01 9.582864697597398562e-02 1.403109947087711751e-01 2.221978243389287344e-02 1.073424569564689207e-01 1.050073495473272667e-01 2.668475179947542020e-01 1.766096803813176908e-01 -2.058900435708466495e-02 1.850147481503197633e-01 -1.940135633112155256e-01 5.092746298259156479e-01 1.268928316241968168e-01 2.562655025611944651e-02 8.833159489230514583e-02 2.821767718304076800e-01 -1.335829528149404255e-01 -1.976885756089205026e-01 1.618304934171750989e-02 1.717950104032228975e-01 2.620459427079362968e-01 9.167718991673336204e-02 -1.320047551455515999e-01 1.381767018265526482e-02 5.341839349665444131e-02 1.900811750224914304e-02
-1.179956460166555199e-01 -6.062184807606382786e-02 -1.700339497229495511e-01 1.584775285887474461e-01 7.499799599650160131e-02 1.216615466750554098e-01 -2.803685195708319755e-01 -6.119572474884217572e-02 1.844878674921024420e-01 2.684198553545646959e-01 -1.574346399509322647e-01 -1.675691973188082051e-01 5.394391490783168736e-02 6.597533335678835986e-02 9.495554036838517453e-02 4.757580119668902707e-02 4.749465918087051874e-01 9.754288190416088994e-03 1.740389840815260158e-01 -1.469309185996081624e-01 -2.469681836536641029e-01 4.035237104009326559e-01 2.768637223438537645e-02 1.575415505399138105e-01 -1.915737199112411415e-01 -1.377830686489110446e-01 -2.393566846147767713e-01 1.096068129209623251e-02 4.244251289950965594e-02 -7.904991603612643303e-02
-3.455230976863594705e-01 -3.437928967181272943e-01 -2.315726960345654284e-02 1.772293132785958958e-01 3.449793037926895262e-02 -5.628363876346329647e-02 8.641044245652940159e-02 -3.464683604586896171e-02 -2.736297439029652390e-01 -1.118449047570116844e-01 -9.212233636289682281e-02 -8.455402840817644039e-02 3.079056394985103529e-01 -7.321498841248305633e-02 5.331916038164748184e-02 1.955182869093555487e-01 2.184246785089084819e-01 2.973761831180022491e-02 -1.501198883380685037e-02 -2.245604529504689473e-01 1.531909248039017291e-01 -3.220658742092329385e-01 1.318077134250560667e-01 -1.162669756152935607e-01 2.347469917893179880e-01 -1.505034754507600381e-01 -3.957921450503577160e-02 2.594400756287981724e-02 3.617509106285676790e-01 -7.071899799099569395e-02
-2.110065293074135928e-01 -1.415828039206379618e-01 -9.776376413527874953e-02 8.071956266486758624e-02 -4.929750830235438835e-02 -1.221882906241994887e-01 1.980608657039885090e-01 3.764678824427967196e-01 1.587478469124722069e-01 5.059473188547742445e-02 8.141395483458746529e-02 9.167705058488230530e-02 9.415704562173374259e-02 1.635053116380317806e-01 3.282496269139852374e-01 -1.912414845015013298e-01 -4.929686177504420952e-01 2.621999167929897276e-02 1.543748165315576570e-01 -5.907340310270791511e-02 -1.336409791455232809e-01 5.624380244023349101e-02 3.185238654278512577e-02 2.991203521047605118e-01 6.345843422517730148e-02 -2.007046260159675022e-01 -2.349114696968176152e-01 -9.106459494946832212e-02 8.637365695329787818e-02 -2.330145765797175111e-02
2.073673169298719532e-01 -2.546663193292775240e-02 -2.117600342483446363e-01 -5.145823087354843735e-03 1.296277439798159672e-03 3.335193445976648574e-01 2.216016254573042188e-01 1.236173766235804661e-01 1.935138794459129452e-01 4.401581012108839869e-02 6.467287948478825377e-02 2.573535591800892863e-01 -2.278989056559670504e-02 -6.251022756466206864e-02 2.295293915476134539e-01 3.055715608042630302e-02 1.145092092232141145e-01 -4.827421921289983681e-02 -3.336772476380910901e-01 -3.929236239365724304e-02 2.577861323435644003e-01 5.795136821058458412e-03 -2.318340465601909373e-01 -2.219732713298307458e-01 -1.610885817415078636e-01 -2.977709542190147829e-01 -3.814563342281788397e-04 -8.351999130849151534e-03 7.785597653158493614e-02 -3.865632340534376210e-01
3.042582866237480976e-01 -2.490043949957801983e-01 6.735515498052824235e-02 1.558595318636621652e-01 9.935447934617808174e-02 2.404523144500811949e-01 2.060013011692408136e-01 -5.492732615276972596e-02 9.061601432994306760e-02 1.838222941711284419e-01 -4.108147219032017849e-01 -2.475291635141930457e-01 -2.237362108472000233e-01 -1.726928940962285941e-01 -4.623400755583866040e-02 1.872374954449861351e-01 -2.113225849182696903e-01 6.676182995353457765e-03 -5.330290161048489156e-02 1.465839067482357649e-01 -6.945821646187425036e-02 1.680783380438799837e-02 2.429562013324537140e-01 2.385896371142054440e-02 2.152240500704927784e-01 4.050242704978715413e-02 -6.208219843625984585e-02 -3.542228146252816012e-01 4.847925534779084361e-02 -3.100436157818754410e-02
3.626586046120220952e-01 -2.601249994071981320e-01 -1.117133237828210335e-01 6.817627903671205636e-02 -2.450755917184739840e-01 7.589191940970108075e-02 -9.130671549328674141e-02 4.415583740802839913e-02 1.269772793277674783e-01 -3.260042987031572248e-02 1.072916198316685304e-01 -3.459071362135550665e-01 4.949332439745761092e-01 2.822409581015487001e-01 -8.548979416298520262e-02 1.021794164490032325e-01 -1.462715048484856950e-01 1.502981849573235551e-01 1.672631447499767776e-01 -8.417592967733519838e-02 1.575446589675614725e-02 -9.072957910756082600e-02 -5.096884981884770155e-02 -1.184340657414116732e-01 -1.486400808958672215e-01 4.055434064752767853e-02 1.969313038421824369e-01 1.090640032831625451e-02 -2.111563423865755462e-01 -7.404002207258357504e-02
9.409454186765744618e-03 2.043209867681990838e-02 -1.435777845894305460e-01 1.050530038513369929e-01 -1.832232946783250993e-01 2.652512230477030442e-01 -1.938780276685108661e-01 -3.828090418987313837e-01 7.874930649105991998e-02 -3.635433447967009735e-01 -1.567667821598021094e-01 1.435851916879190837e-01 1.074992567201638327e-01 6.272834463802601235e-02 1.977160122313822155e-01 -9.527979618475522494e-02 -1.554978394946207598e-01 7.014118969138512238e-02 -3.174857544937528808e-01 3.655560438310395677e-02 -2.149854410107733815e-01 1.357882380857116933e-01 1.557320429426004849e-01 1.224069540706286124e-01 2.702156664729859492e-01 -1.374444200780172431e-01 1.417817123635533028e-01 2.591410144481854361e-01 3.481592492914303925e-03 1.351391132226648084e-01
8.287977157982299309e-03 3.365404769973284749e-01 1.301683157413510705e-01 7.094588430248195687e-02 3.154535608900688876e-02 3.892736340518773708e-02 -1.848425933727995130e-01 -2.357841572479641712e-01 2.626246478694388431e-01 -3.144326544713276217e-01 4.773046272313588578e-02 -1.022467996986966277e-01 -9.112247133424398885e-04 2.572909274225746445e-01 1.059671464795346602e-01 -1.046740875027614426e-02 -7.993782378614765205e-02 -1.844799544634305455e-01 4.156052481096982054e-02 -1.424662256451917075e-01 1.977501395385352634e-01 -1.716343912531259064e-01 1.660222962475457198e-01 -8.997069132989738913e-03 -1.343603809711877706e-01 1.954663012306870895e-01 -2.639505974825803181e-01 -3.475657431959768839e-01 2.601711745861532421e-01 -2.030707055458877697e-01
-1.603649824180894135e-01 9.362580477081090813e-02 -1.447065899179802440e-01 -5.732267224919842391e-02 -3.732867343658113346e-01 8.639994298190126210e-02 -2.123717455147252839e-02 9.251547574073858485e-03 -2.089432336797516498e-01 3.572495876606660015e-01 -3.571381423331782545e-01 -9.571448983364993363e-03 -1.942559657360422576e-01 3.751401288699477421e-01 7.300205845239016167e-02 -2.545769845707991363e-01 6.097442311211326987e-02 1.856841238011337214e-01 -1.745887708542163685e-01 -4.555741647250940302e-02 6.347636384855456781e-02 -3.534581126141003171e-01 8.158167609691914512e-02 -1.445189079348926237e-02 -1.445018232572188310e-01 8.235557928350832613e-02 -9.172624458350527553e-04 -5.979094875275706156e-02 -8.998045905105175879e-02 2.244547473585907851e-02
-2.749398697984422602e-01 -6.834765586126340109e-02 -1.535100498132398184e-01 1.347232498112770072e-02 4.733482156369574201e-02 1.018423447740269966e-01 -2.331536756735151997e-02 -2.716391300872240122e-01 2.757194811626339018e-02 -2.217598224464076631e-02 5.948931530797491735e-02 -2.683674789620518752e-01 4.861643854258203279e-02 -3.992570359297957783e-01 1.588598699388427959e-01 2.032165958224510863e-02 -1.371627686200302954e-01 6.030721879372202138e-02 -1.560720366506908666e-02 2.776640090251137893e-01 1.790616674508021255e-01 -2.462047374870505456e-01 -1.409166727361112759e-01 2.003172645267354557e-01 -2.112134705432209547e-01 7.566761078591340006e-02 -2.903823065568721384e-01 1.276007266209205626e-01 -3.639046700805437795e-01 -9.482469299025515774e-02
-4.743697867326025081e-02 -1.433767147682908916e-01 -1.803738783127830925e-01 -1.715050190010581066e-01 1.688078207311176915e-01 -4.681778689548705963e-02 -1.045231543264531493e-01 3.462536807216373691e-01 2.253711409225497564e-01 -3.586617621082734408e-01 -1.636716680313232697e-01 1.004630966216516763e-01 1.081545932787880970e-01 -4.243101685239766135e-02 -2.301259045844540052e-01 -1.259750219268380989e-02 1.866597364055625485e-01 7.123486012845686721e-02 -2.637828857266522609e-01 1.636120585333010469e-01 -1.045894456554306018e-01 -1.958941641157567193e-01 1.640889257907039711e-01 9.061253791329595964e-02 -2.865919342118498081e-01 -9.214066081827181065e-02 -3.376321670012627507e-02 -2.669834887495279308e-01 -6.211786424346196767e-02 2.884335161593482022e-01
2.940721895054172474e-01 -8.421503388451458127e-02 -8.014532793794626464e-02 2.751329848328615268e-01 4.624232832050701597e-02 3.690394656020114933e-02 -3.232948742161054212e-01 2.039588367743647435e-01 -4.811729983565350699e-02 9.310059306784361499e-02 1.879973643998970878e-01 -7.459672464422999194e-02 -1.430075942455472371e-01 2.815959495853987901e-02 -1.374395417908339315e-02 -1.560235861799075807e-01 -8.169593031230339662e-04 4.882533411544408286e-02 -6.329471412955312015e-02 1.090927637187929095e-01 4.676201897471612412e-01 1.272877535634607711e-02 1.167076684395285668e-01 -1.222565592916128631e-02 1.061570660652333964e-01 -4.170919863788309645e-02 -3.009930992173129316e-01 2.482457487293479592e-01 1.590547924631252608e-01 3.682374131779369009e-01
