8.105035925604875402e-02 1.734846442875238870e-01 -1.864080922015886599e-01 -7.304878831289639551e-01 -2.911081127974583516e-01 -1.282631689937342723e-01 -1.077918000607942101e-02 -1.387382170654919700e-01 2.263539342340209759e-01 -4.724165875879872134e-01
4.735977824791338109e-01 7.165079682785735482e-02 2.967878499112394652e-01 1.634000902326989968e-01 -6.759693837358128343e-01 2.728466320471861772e-01 2.139372259621636352e-01 2.216132535576750551e-01 1.507284584651753523e-01 8.251154487724705888e-02
2.941011433455774648e-01 3.652191993991636774e-03 6.426531478633794592e-01 -4.869742957585041498e-01 2.744205325846885146e-01 -1.376215922829528149e-01 -1.212266066644628465e-01 -3.759976814983397031e-02 -1.531651745836306588e-01 3.599008349367456283e-01
1.495864930499729295e-01 2.375965555255853956e-01 2.166849957328860210e-01 1.686100968208063822e-01 2.487971178520181903e-01 4.059679796586658229e-01 2.535396933859724311e-01 -6.791799409351015893e-01 -5.402793692790977716e-03 -3.057499647482357363e-01
1.977335964205805541e-01 3.940366277720283583e-01 -1.311572888925651159e-01 9.676426302574268890e-02 3.410398953661680777e-01 -1.502356984884488655e-01 6.982164430168134872e-02 1.118433108932668923e-01 7.525826022226587142e-01 2.375446633532361795e-01
-3.553010898233980863e-01 -2.211255458606979363e-01 1.090764347912799997e-01 -3.122202105683210549e-01 2.216687239547336097e-01 5.468738749308142966e-01 4.341001849066423723e-01 3.790456491745339274e-01 1.865054403119492943e-01 -1.935427090768813280e-02
-5.498059278912920123e-01 -1.119478283969503329e-01 5.147794034411513620e-01 1.408104463278546936e-01 -2.556773527654274680e-01 -3.811402260591575386e-01 1.085113293576270982e-01 -2.163444784795720555e-01 3.565412821370751439e-01 -6.336876910163011245e-02
-9.972441661302852700e-02 1.020584471143453908e-01 -3.037868487603225254e-01 -1.745962621963602912e-01 -1.869507144824349432e-01 -1.557859290733981383e-01 5.939647549807816063e-01 -3.155246101016186966e-01 -1.880461957814117124e-01 5.567204891337826922e-01
2.639153123798756440e-01 -7.855296460538135905e-01 -1.695763487499611366e-01 -4.357623245164496395e-02 -4.433993292145229671e-03 7.748470254031128435e-02 -1.102876943347085442e-01 -3.462938722339755082e-01 3.512957275208932750e-01 1.453334369812352422e-01
3.362203577570145319e-01 -2.532535113451000464e-01 4.553256717569389295e-02 1.227168551804788815e-01 2.352200082679216930e-01 -4.776722357034726141e-01 5.523460505076511762e-01 2.155816527319783238e-01 -1.244968640414101796e-01 -3.938598660544311292e-01
