3.348591224792929477e-01 4.218994615286579541e-02 8.386199708897408567e-02 1.708643186979506845e-01 2.284543852658918461e-01 -1.251957336748636407e-01 -1.588335047161373581e-01 -1.692047809873965525e-01 -4.350095784646184627e-01 -3.881050362164820827e-02 -7.974728825451343761e-02 4.036883827598168883e-01 1.390907067216248794e-01 6.779286805675972805e-02 4.857640311458186894e-02 -1.304959855806487046e-01 2.135894955464919531e-01 -6.990076986997490263e-03 1.422637839204735355e-01 1.736705090540413554e-01 -3.836468210479099944e-02 -1.719053072456256381e-01 7.733128916566568700e-02 2.284824407878385810e-01 -8.301701002070949187e-02 -1.866202887542287581e-01 5.200066812273160255e-02 -1.746394648604242261e-01 1.769598638615975106e-01 -1.822897415057155579e-01
-1.396773258322293321e-01 2.308450025263206751e-01 -2.104081376337888498e-01 -7.440529198629175500e-02 5.224137871961521268e-02 -6.261301059989421436e-02 7.103943810699139827e-02 1.125507348233238392e-01 7.700805264443424947e-02 2.983680803816170513e-01 9.089025737100640823e-02 3.167937555049627485e-01 -2.759509713301520062e-01 -1.128454838459778953e-01 -1.108055093296289872e-01 1.949018621980429244e-01 -9.042022379084234396e-02 1.445448136950284457e-01 -2.782460239800953195e-02 1.834373301053414222e-03 -3.603532310791354165e-01 1.636012194618086668e-01 2.048913561443068132e-01 5.243366143314807243e-02 -1.417336926196008373e-01 -1.579141817855213570e-01 -3.258487257398858666e-02 6.562271845504065448e-02 4.646566831258537866e-01 1.131950865354976049e-01
4.412823219593108026e-02 -1.669264385091410730e-01 -8.873582238749516682e-02 1.258124653722118846e-01 -8.180737950759672805e-02 9.943189142765393451e-02 -2.052167703218516215e-01 3.811897705086381705e-01 -3.141121471306972807e-02 1.887094153400651619e-01 3.623722623595471704e-01 -2.642203312230492207e-01 -4.287038515837942459e-02 -1.304200878064405711e-01 3.719496636907590470e-01 2.740154693139889089e-03 2.939801894218898592e-01 -2.599116113066994305e-01 -5.290967152249500399e-02 4.138379039209381591e-03 -5.647123646187093143e-02 -1.893690529551798618e-01 5.920181567230395521e-03 8.109663490960035415e-02 1.730742146341028298e-01 -6.086566634102121010e-02 1.280238809513096487e-01 9.759323664395122555e-02 2.649581727379092255e-01 -1.238080839699770147e-01
2.941576594496321806e-01 -4.272315765142945532e-01 -2.586627558205447652e-01 -3.352722177268848552e-02 1.418280546190518465e-01 1.163457314000053942e-02 -5.476844347659607509e-02 1.046912577128790850e-01 8.871603811563583131e-02 -5.561175555528028586e-02 -3.852008451467500705e-02 4.430429634694287716e-02 -9.340627391739217411e-02 -1.278018616634903348e-01 3.137286651682191091e-02 6.239516546956445919e-02 1.260340892919943438e-02 4.408769359336110472e-01 -4.648109323623326183e-01 3.282983292125613711e-02 1.414408087234395317e-01 -1.056188052901002872e-01 -1.721478037551323614e-01 -6.343780056109954435e-02 -1.622474413412549610e-01 8.241979704799088854e-03 -1.915038444579816590e-01 -1.985933455280447790e-01 6.943889330440292107e-02 2.351351574062911232e-02
-1.449939862583000949e-01 -5.153997416974899493e-02 1.831567652681980740e-01 -4.106445344676220577e-01 -1.140882024786509102e-01 -1.621028520565219733e-01 1.356875084967862355e-01 1.598281036622374862e-01 -1.719961325041333422e-01 -3.440334539222494881e-02 -7.952261514438962314e-03 -5.930386028335281334e-02 2.848408010889083575e-01 -1.812203984798899659e-01 -5.335407423393472015e-02 7.968645835910469211e-02 -5.284826840946440368e-02 5.829324958916978772e-02 1.999345655894362722e-02 -3.425779253463916985e-01 4.543821644038636975e-02 1.549413375103869672e-02 -1.155098474371956813e-01 1.986775746477507099e-01 -2.076064759621480404e-01 4.736104480568729957e-02 -1.323199618055822258e-01 -3.425407671693773189e-03 2.007957308182394263e-01 -5.011228872310204974e-01
2.539871889070720035e-01 1.069588116607926020e-01 -6.732710147144310708e-02 -3.865495960826769162e-01 2.771025305499052148e-03 -2.278761605383086419e-01 -9.214747497057419745e-02 -1.066591604687208705e-01 3.098046932651449259e-01 1.013266601309280868e-01 -1.222693333948936083e-02 -1.490089744858514587e-01 1.218931975027117733e-02 2.503472972913588501e-01 1.100696754280249962e-01 -7.949774676421342279e-02 -3.604101155459247252e-01 -5.343099090277600438e-02 9.850871140308993523e-02 6.147687992965222142e-02 1.384148635590524978e-01 -1.471079317555493149e-01 2.215068623934149730e-02 5.264369481314441768e-02 3.549788359950388217e-01 -1.756638688401120363e-01 8.266537912660141055e-03 -2.819973046077501322e-01 2.466299982781648414e-01 -2.928111126255362323e-02
-2.291164126077362487e-02 -1.832026017027240938e-01 1.322035847397356467e-01 -1.209035255308977541e-01 3.114437457634900985e-01 3.950798042255801445e-02 -7.635039168425089562e-02 1.106022202246844388e-01 -7.932001031151518500e-02 -1.429623264330264487e-01 -3.898782892688367613e-02 1.050398869343403679e-01 -2.486675928220194176e-01 -3.879750406962269998e-02 -1.269851450861351483e-01 -1.530881923693857838e-01 -3.394142987618094937e-02 1.199500736653213856e-01 -7.356069559581973616e-02 -8.090082567175355122e-02 -3.585093172081321167e-01 1.887614879157707426e-01 -2.211416203911715020e-02 1.433693278437821461e-01 6.127208606759168008e-01 1.658017747484971105e-01 3.585809017290497724e-02 6.972169282230394893e-02 -1.169390260947992116e-01 -1.989276454227729418e-01
8.751967844998376211e-02 7.975628241728521806e-02 1.350660494713959436e-01 -1.932452091874792277e-01 2.587418716164434640e-01 -1.966871508962322879e-01 -1.232148773753638099e-01 -2.357073941226078551e-01 2.813899298477378630e-01 -6.616419696277353601e-02 -3.366360652206352305e-02 7.297058077876364401e-02 -2.309503803248866005e-01 -2.074826557862719523e-01 2.937292925626697748e-01 6.476710286227267688e-02 1.733555174947158314e-02 -1.156618415875290684e-01 1.123835851628482083e-02 1.385495159715208757e-01 -8.165537027335297016e-02 -1.180537518950643266e-01 -1.228433649910868064e-01 -1.457969304745721506e-01 -2.937592345958811024e-01 3.663529283393495706e-01 2.863843747234313675e-01 2.300690230929773039e-01 -5.135227983847041400e-04 -1.781457664305370892e-01
-1.468683045186996994e-01 -4.142544161152412197e-01 2.733476879136688409e-02 1.784066738670590790e-01 -1.882314465403783776e-01 -1.107014183192187584e-01 -1.299308124695187916e-01 -5.148333733409572732e-02 3.333115005827328448e-01 7.231739889046349956e-02 2.604954092848187353e-01 2.683916215242202474e-01 1.439052893851884007e-01 8.488301974901611702e-02 -2.911751836072842270e-01 -2.012360628925947692e-01 -5.104169426712289181e-02 -6.138070579920164305e-02 1.637576596322101452e-01 7.045105460964544430e-02 -8.142023342038774703e-02 1.650622901140946786e-01 -3.350085970006140279e-01 -9.619297295570842718e-03 -9.534110062351090764e-02 -3.010943194373191800e-02 2.599412691253555896e-01 -1.337498556025961127e-01 9.378873649865170081e-02 -9.494811056700427909e-02
-9.753868342076822684e-02 -6.604530467781191683e-02 1.041176096565784026e-01 -3.141985252674860812e-02 1.500480917016683291e-01 7.432965893614885966e-02 -6.680874353046399594e-02 -1.286296937266445395e-01 7.473406295758796940e-03 2.180828414323741082e-01 9.443838261599774367e-03 1.083174327114717339e-01 5.165867093341514060e-01 -3.464587050134302904e-01 8.835752127069310125e-02 3.763957224560491310e-01 4.430318095844235082e-02 2.594878918142949908e-01 1.637869806096105274e-01 7.969386956209005557e-02 8.612122215497754196e-02 7.047636771851412997e-03 3.274740106393941169e-02 -2.100393330371877476e-01 3.375663408001706722e-01 9.431069473724190688e-02 1.197890281650055705e-01 -3.246684069522477734e-02 6.445043435330749526e-02 1.786105832430390228e-01
2.255966422902179747e-01 4.641494781362338895e-02 3.780801295411631013e-01 2.800206356063723590e-01 -7.088719434069863656e-02 -1.941607551461969061e-01 -4.874617949166999697e-03 1.959111478845650678e-01 1.108864457966828726e-01 2.034905389192379066e-01 -2.283188336499806792e-01 -2.570149505061051776e-01 -8.887749238380793226e-02 3.967863394030807407e-03 -6.937068030517887229e-02 1.001801830898059811e-02 -3.395540564445165277e-02 3.876958670790531247e-01 2.064112356603323151e-02 -6.726695623046731465e-02 1.411659947447969077e-01 1.162140190536360557e-01 5.598110404864573703e-02 3.172504293139719045e-01 -5.618445075012529211e-02 -2.600203722446976437e-02 3.619470405799488089e-01 1.535629903727662726e-01 3.461703756011415972e-02 8.064584349892836568e-02
1.316471440954496142e-01 7.557481698202840603e-02 5.260994894470121669e-02 -3.041747060311551787e-02 -1.833452535057740473e-01 1.141067392729863961e-01 -3.873950072187224425e-01 -5.991246875536807709e-02 2.612296469591549597e-01 8.015607389281817485e-02 -2.739291839347238189e-01 -3.466932924626753287e-02 3.173174379364281095e-02 -1.951275456963709742e-01 1.682604125248843840e-01 -2.612317664251910254e-01 2.530333718779233521e-01 9.196364048327314300e-02 1.632653993636250245e-01 -4.919956691548364042e-02 -1.072791869420419153e-01 3.796755766366743945e-01 7.769904114967388087e-02 -1.668800002386986170e-01 -4.445901524667654481e-02 -1.816770687987710187e-01 -3.693642646931985518e-01 7.982258970226984579e-03 -3.297471008626646355e-02 -1.508372412014343245e-01
-4.922510249690591894e-02 8.500190377071090630e-04 -7.910394209160702406e-02 -2.510118326882154749e-01 2.858657016737842782e-01 -2.636697014788680349e-01 2.678210959768035360e-01 1.269734468075988942e-01 1.295737468744101173e-01 1.646895516789014247e-01 4.866364459627632588e-02 -6.130052826098448746e-03 1.495225807661523243e-01 -2.999020055061141776e-01 -1.738208506355503821e-02 -4.069034704834135763e-01 2.769662543242545905e-01 -1.467995175033298683e-01 -6.612784136414935621e-02 -1.330379530162158555e-02 1.424421556916501477e-02 4.915273765291141433e-02 9.409297535334433527e-02 1.856509821194343712e-01 -7.366535711684266130e-02 -1.285967025280066733e-01 8.679160280805804650e-02 -1.530733241220668395e-01 -2.661632553261554790e-01 3.036646451474445674e-01
-3.095375381701159778e-01 1.190585689264751224e-01 7.921841513191640871e-03 1.079545009988030768e-01 2.821785861730004025e-03 1.470813539603143816e-01 -2.075315425488974408e-02 -1.167629046726187531e-01 8.908694738744707409e-02 9.622314719231048197e-02 -2.675572133087406046e-01 -1.225958970210316301e-01 8.180741618834104500e-02 -7.412954836977467266e-02 1.710749899058146006e-01 1.188464010122856351e-01 -7.989971795303460467e-02 -7.576166680796560249e-02 -2.030043162950035673e-01 3.804711120008157921e-01 -1.940032125320012013e-01 -1.612626839237813955e-02 -3.787340834272326928e-01 5.056685933054122506e-01 1.689862607064564941e-03 -3.907813036503604565e-02 -1.291554584694918073e-01 -1.679988072383645503e-01 -3.203796512397519280e-02 -2.464259707782727807e-02
2.683726658927008679e-01 3.109697066847341707e-01 1.364449832940197171e-01 -4.144856703180292701e-02 1.329918624530843085e-01 1.664608483480529144e-01 9.798339078239172439e-02 2.901967466942609319e-01 -1.394893106447822606e-01 -1.124022171672592885e-01 2.230573480510192608e-01 -1.422127873401557718e-01 -3.796057254262288905e-02 -8.306098340426812388e-02 -7.763579494603697895e-04 -3.452270351936939652e-02 -7.993416681658001288e-02 1.151733647700981245e-01 2.912269325498579309e-01 4.772646984763462968e-02 -1.964858314499818570e-01 9.573740716193616940e-02 -5.209438430940194209e-01 -2.002456931495815717e-01 -1.035035226366543826e-01 -2.034640580605989735e-02 -8.252004706740461576e-03 -2.407731023446048613e-01 1.239413715665189236e-02 1.574986570456535229e-01
-9.837202344795326070e-02 -5.731502003895911496e-02 -1.604510859111564838e-02 9.450428433927088312e-02 -1.966375966565852007e-01 -1.834675567197304458e-01 -8.161090776886772979e-02 2.804015175287608019e-01 -3.025052251620170551e-01 2.899734065510476896e-02 -1.978593418543495297e-01 1.795050264553179897e-01 -1.550432016357627951e-01 -3.344061014934908149e-01 1.793012642709712612e-01 -1.648333077378612010e-01 -4.166969516567013421e-01 -1.890490932361332255e-01 -2.619287419956718363e-03 2.039935723092048958e-01 2.620206690802726612e-01 2.041370883441953055e-01 6.814132466106444241e-02 -1.373793976121354954e-01 4.084012166289267831e-02 1.829086067517615988e-01 4.099649163046265726e-02 -1.942353273538743874e-01 2.466458050817819936e-02 3.678044531447407367e-02
-1.029721029105206409e-01 2.142939865046800119e-01 -2.721681163547941540e-01 -6.515091000726867809e-02 1.300009154302850523e-01 -3.257050925573834466e-01 -3.784051483504388691e-01 2.668832224626362382e-01 -6.415015659134279402e-02 4.002475345202412965e-02 5.262766728976367436e-02 1.001356968842443268e-01 1.685004524588868680e-01 2.567861732770374550e-01 -7.343555486699200607e-02 -2.201789535246739815e-02 6.354156636353140708e-02 1.016968586866998370e-01 3.924548060535792277e-02 1.057670770596586263e-01 2.159307402890351391e-01 5.647784081210126955e-02 -2.655454175280334006e-01 8.761201352469299986e-02 4.062703289199345869e-02 1.565691125226379432e-01 -1.994456918842406057e-01 4.146457855560260475e-01 -7.093497925879049815e-02 1.049368187098856514e-01
-2.509720904841319378e-01 -6.045534902502432140e-02 1.241502310505282619e-01 9.623248118378009697e-02 2.854487440700735346e-01 1.744834945199012222e-01 1.191324856489575784e-01 6.182579581132308794e-02 1.074585683219001081e-01 -4.023573843301919001e-02 -4.051901465073091263e-02 -1.560981362404821049e-01 2.249787644321553370e-02 1.985812084212947026e-01 -3.540948484347957500e-03 -3.125404949550039668e-01 1.117165943521090249e-01 1.133090021082414911e-01 1.750851666046415733e-01 1.394674930279136971e-01 1.454020241239871725e-01 -1.439156896425006389e-02 1.933847485947287892e-01 -1.156631545476628255e-03 -8.728573179769333334e-02 4.420687904357769593e-01 -2.071788111603084237e-01 -1.439732831386950629e-01 4.460726864405278880e-01 4.566287423951171515e-02
2.102404285470809431e-01 -1.929915776966296681e-01 3.432510611703988579e-02 4.215374464533361981e-02 1.294265495341192507e-01 7.420809549774201597e-02 1.322323752245435635e-01 1.371683089013682466e-01 2.044377206878594255e-01 4.679565331437161857e-02 -1.604273442809933670e-01 2.446352524976118381e-01 -2.035486294449453948e-01 5.588299993203818365e-03 -1.633645193047503414e-04 3.970303797800174839e-01 1.222009514800148494e-01 -3.610859311891014278e-01 3.241066778161886819e-01 -2.116160402104728666e-01 2.528652383218187860e-01 1.062118910231842212e-01 -1.189302091890273860e-01 2.488314864080103939e-01 4.469364460886864759e-02 8.221930219190125289e-02 -2.424097097652293253e-01 -4.484428024882654296e-02 -1.850112307118546850e-02 1.098901933640342304e-01
-2.664341055109706868e-01 1.427143589890126352e-01 1.022115453634613036e-01 1.726522734455465391e-01 2.744673643079738046e-01 1.426945909465300588e-01 -2.686402895632164153e-02 -8.075355001812858924e-02 1.116898143653387993e-02 1.278354188906662414e-01 -1.043819815258735656e-01 1.986973757898624349e-01 -5.886426082639190094e-02 6.858702259960601511e-02 2.535709114927970909e-01 -2.159439401441624606e-01 -9.877925868978426616e-02 -7.150441345220442946e-03 -1.940119959330069421e-01 -5.173047287930174765e-01 2.372244933634029551e-01 -6.145124580101406220e-02 -2.893997018101763796e-01 -1.545441320389814022e-01 5.353737946330932446e-02 -2.611407538679142992e-01 1.009289873714962343e-01 3.461289847230485800e-02 1.184958030156503667e-01 1.681391436124906463e-02
1.914459277973880325e-02 7.257233845079523460e-02 7.558986975471319869e-02 -2.643100043068656868e-01 7.945191943357320097e-02 3.286845515560108399e-01 -5.619508256542407043e-01 2.663193797447397163e-02 -7.381333837399363385e-02 -5.187957289095127683e-02 -3.599866332189018830e-02 -6.704204067145981549e-02 4.509837817155808171e-02 -9.416843985829335961e-03 -3.180092397009348093e-01 8.121580038527680123e-02 -6.737495435035104757e-03 -2.211164482761193151e-01 -2.121187334245813738e-01 -1.502886872110112682e-01 6.179670621223119081e-02 9.289642276631919493e-02 1.125851451447651419e-01 1.289290638746970197e-01 -1.776846155382126591e-01 1.106282748170917124e-01 2.505428957074183893e-01 -2.070120656147336480e-01 7.063747169065878739e-02 2.268891594138995049e-01
-1.074014158298445126e-01 -1.349888925831540520e-01 4.198643763912771054e-01 -1.082977294161739101e-01 -2.081535311216557438e-01 -2.353506555368036490e-01 -7.684183018118499742e-02 2.583512570842579348e-01 4.916046757123876398e-02 -1.399203137532787911e-01 -2.615397242516970810e-01 1.652670853897125758e-01 5.410706442788867226e-02 1.653338860385310805e-01 7.562208760710041611e-02 4.167578862018141844e-02 1.184720379038036453e-01 -6.167033427356832798e-02 -1.053445243800519432e-01 -2.636139444303475451e-02 -3.287489366739758112e-01 -3.544222690708830892e-01 -2.856831903390633781e-02 -1.847608266215062245e-01 1.021622090002669188e-02 -3.668257308928526972e-02 -1.304129409925863514e-01 -2.356819861673046038e-02 7.700987302354640740e-02 3.636110464840540124e-01
4.606687942709856987e-02 -1.719267153829987516e-01 -4.039393263566717213e-02 -1.832840758507159051e-01 -7.306078720546785310e-02 3.257031201984360025e-01 -6.283329042850503698e-02 7.457112916375373268e-02 -7.593835755844698110e-02 4.312082766251661980e-01 3.645998862397044349e-02 1.763759156860881250e-01 2.142462208551258393e-02 1.653263175187334177e-01 2.372540221178433828e-01 -1.662779461326646391e-01 -2.763329875760134335e-01 1.872313158781525044e-01 2.397909452972009636e-01 -9.373108400029617204e-02 -1.617353022381758931e-01 -2.401918102949193445e-01 9.119351283418269949e-02 1.624073080313797601e-01 -1.858437774502406381e-01 1.774710530021675892e-01 -1.282737355999661287e-02 5.603220500239725760e-02 -3.298092425810633110e-01 4.398563305425219616e-02
-2.617246542813892254e-02 -2.334121128051286076e-01 2.888110758469588646e-01 -2.517792472235382828e-01 1.508010598748928677e-01 1.442449915685091455e-02 9.916381624349263069e-02 -1.046349401149207665e-02 -1.859134447205914586e-01 1.701985822983813346e-01 1.178022384978134468e-01 -3.214966408240366169e-02 -9.858952511225087256e-03 3.978770402951579688e-01 2.473240671867692198e-01 1.483045880407507233e-01 4.659601754464186979e-02 -6.214861769622660737e-02 -1.749368764459125758e-01 2.721783429582706471e-01 7.604307859198335129e-02 5.015723115280381617e-01 1.827412645320135309e-02 -1.268514192870078272e-01 -1.157152988344598010e-01 -2.045495968821865462e-01 2.471830477981221824e-02 6.305742270493332191e-02 -2.832392361410374787e-02 2.804244327555466699e-03
1.958549906882418035e-01 4.917389037815433211e-02 -1.172486003317473220e-02 -1.732729694709690960e-01 -2.060058536981843880e-01 1.473338319876090763e-01 2.080792848905575754e-01 -9.962693643018163958e-02 -1.542824383714882786e-01 4.696804538406044727e-01 -2.726371092332861013e-01 1.956296642227749530e-02 -7.707002914425055418e-02 7.303899290018227514e-04 -3.258352112886640506e-01 -1.596425897088434021e-01 2.413083944622040899e-01 -1.368204770852837204e-01 -1.521381792725115256e-01 1.323750463359389395e-01 7.148994161776107970e-02 -9.804743501844284670e-02 -2.771700848793212102e-01 -1.950097810352600380e-01 1.514915217762992095e-01 1.753255272919291841e-01 5.098368939798331168e-02 1.502653008791633160e-01 1.603671381570646870e-01 -5.658730007671982504e-02
1.952049103768590740e-02 3.069076497340442744e-01 2.399626022360647204e-01 1.616042735246246698e-01 -1.163652332426415859e-01 -1.953259214809793809e-01 -5.614884307699689187e-02 -4.322723797800874512e-02 7.163985124163593787e-02 2.801342231926317039e-01 3.551410750441093556e-01 1.392971791767178835e-01 -7.262453233529407581e-02 9.843289514413461339e-02 1.379330426166128221e-02 1.025308014863461209e-01 1.490344519332073570e-01 3.985148923921918301e-02 -2.798595328528795667e-01 -1.153394232025875960e-01 3.346246877397403979e-02 2.390183685500981911e-02 6.654477547043453900e-02 -1.503530019898736275e-02 7.486885297006902473e-02 3.289806476903635590e-01 -1.983121725752513831e-01 -4.092884312606947517e-01 -2.179989682751683477e-01 -1.422695170048540736e-01
3.189278644339822028e-02 -1.609436786716809120e-01 6.026334381088564729e-02 -6.440266539010426616e-02 -2.025574430990799979e-01 -1.711816314049934007e-01 -6.286530479355327550e-02 -5.007000307434079645e-01 -2.686238911203869262e-01 -2.857151443202800983e-02 2.375372317540944966e-01 -1.288468215982301046e-01 -1.651742749158663370e-01 -1.372878204531926549e-01 1.342533816757293941e-01 -1.127027624737623052e-01 7.297005509484860188e-03 5.942302068117309016e-02 5.642982150357853804e-02 -1.968164359758863835e-01 -1.939311302843452905e-02 1.147940662139870366e-01 -1.601646694369035784e-01 2.281322893316685974e-01 4.466470096871175827e-02 1.335289577729973920e-01 -1.760154530426400743e-01 1.053967195421064845e-01 1.938040423833456150e-01 4.257081090916746136e-01
1.297721593312607669e-01 -1.363349673608698076e-01 2.184607464950646949e-01 2.408830734949370667e-01 3.441849372964546627e-01 -1.153143533424029754e-01 -1.082628383775855740e-01 -5.372181440002168212e-02 -1.927943683437059741e-02 2.678185806722860884e-01 8.625335577152218325e-02 -2.325462774204926919e-01 1.075689000417347635e-01 -1.572926597931360304e-01 -2.790228989299860518e-01 -1.591641929446924869e-02 -3.751244050228043081e-01 -2.675100540390993875e-01 -7.256425064244557965e-02 1.548469630434236646e-02 -1.333719749189123949e-01 -1.212296310580974756e-01 5.776332354698648919e-02 -1.230725462616599486e-01 -1.004626112399988475e-01 -1.009536090479482007e-01 -3.716031330471532002e-01 1.897737844128933871e-01 -1.860909330983040108e-02 -3.053693558101226724e-02
3.830570306924938051e-01 1.118765734660448208e-01 -5.345294486341972684e-02 1.250704702586550587e-01 -8.612027454650465763e-02 1.212094071001406370e-01 2.073743133833635677e-01 5.373083737735143139e-02 1.499496134768087408e-01 -1.564973173492122671e-01 1.410064234150803716e-02 1.843697369236813599e-01 4.557776341671953557e-01 6.920588679594237569e-02 1.903615000630822507e-01 -1.223434837890103738e-01 -1.839010960397615413e-01 -1.721921272333757080e-01 -3.101962396570566716e-01 -1.074227524663101813e-01 -1.742390712804764430e-01 2.477822458579119480e-01 4.251516153790673574e-02 1.030018250871874153e-01 2.788480763034876728e-02 2.457729149383857670e-01 1.980589942370360179e-02 1.970941222340829024e-01 1.579819904011065534e-01 9.259720077964417317e-02
-1.008558839576492901e-02 -1.191032904565618861e-01 -3.708491717598488835e-01 1.523904980704444134e-01 1.247565854709534600e-01 -2.857387830498940295e-01 -2.535012739294392747e-02 -4.673678159412264499e-02 -1.668399163977030142e-01 1.702361602289911013e-01 -3.182389090808882548e-01 -2.866279295159345764e-01 9.677793268991503883e-02 2.202868089654578254e-01 9.354374267777633423e-02 1.337375749371771394e-01 6.131678686630567116e-02 -8.167918482666973456e-02 9.030354295276130094e-02 -2.902755943264472838e-01 -3.345164679071114811e-01 1.591537353936531285e-01 -4.653152340639055140e-02 -1.605777747670123490e-01 -6.904305097491160448e-02 1.924400419281269980e-01 1.529023873483965068e-01 -2.578802592110877034e-01 -8.299359152043836799e-03 -1.921384112465310615e-02
