-5.728064225252693653e-02 -1.446897930281846288e-02 -3.545652754009142593e-01 2.341855290944613310e-01 6.135121553804541439e-02 -1.652449178455955014e-01 2.564663230228902621e-02 6.212746567326590114e-02 -1.189195221405697361e-01 -5.135563505475935209e-01 -1.039733228803628867e-01 -1.423827043305324613e-01 -1.438635192760806536e-02 -1.404782945993361953e-01 -2.356704516978146147e-02 -2.370410882813286935e-01 2.000182726777693376e-01 -2.192827463892156326e-01 1.118217137899761987e-01 1.288021932181909190e-01 1.529472744290896920e-02 -2.349657652529262009e-01 -3.908241209371503266e-02 -1.268475100938775413e-01 1.961345291923372591e-01 -1.662938021614786266e-01 -2.172598467128966093e-01 -1.720995693300813867e-01 1.639265416697567590e-01 1.861483113437973347e-01
-7.700298973030982042e-02 5.032913855366024508e-02 -3.104836752991914639e-01 1.521164341163726841e-01 -4.197579360432845408e-01 -1.152734869217741515e-01 -1.841263725563464793e-01 -7.610390053598063698e-02 7.113082510411619652e-02 -8.336164221955078002e-02 3.959038841429877997e-02 -1.221750896249310936e-01 3.894371884892926933e-02 1.173082671229373763e-01 9.331386828988275095e-02 2.723619159304123405e-02 -9.139309186444087574e-02 -1.718993601600568299e-01 2.490354772454470567e-01 -2.726742449842204374e-01 -2.631564899226475074e-01 6.324805240578537657e-02 3.025753710322045750e-02 3.139912733539574896e-01 -4.089410845096267955e-01 -1.425545275306956683e-01 1.839588638714043656e-01 -9.506967576004587972e-02 -7.378156314397339710e-02 -8.174231670302542496e-02
-1.081387814802279163e-01 1.101120172892706139e-01 3.407468001611498321e-01 6.827583933361290602e-02 -3.195979520935635088e-01 -1.228029753922750128e-01 -1.247905939672497716e-01 1.472004048224945516e-01 -1.140446022723572705e-01 -6.922814748480489444e-02 2.954988365167621894e-02 4.183000116015555547e-01 5.313065376646184390e-01 -6.635378454402204862e-02 -1.146979110611255070e-01 2.597390090867872717e-02 1.081493647186669571e-01 -2.152876292629370136e-01 1.577619754497815718e-01 -4.730247914986922958e-02 -4.513754628562821614e-02 3.285903881014302919e-02 2.093883130650080193e-02 6.770361956831493291e-03 1.509610733208182065e-01 6.583641944471861629e-02 -2.585922314881592965e-01 1.323149370536799707e-01 -8.065454036458336029e-02 -1.401062121203322779e-03
1.054716152429511777e-01 5.513696908835831467e-02 -1.639045331981804632e-01 3.161940359384578236e-02 -6.845319392185605922e-02 4.738558040539193883e-03 1.561161375736305479e-01 -4.358106220933507385e-02 -2.269077414701031192e-01 1.601112336518338564e-01 2.224616762195592568e-01 5.620323259226935736e-02 -2.704598721413813411e-01 -4.052340856183681561e-01 -1.406381354849904342e-01 1.497200230220532002e-01 -2.516298717056998924e-01 -8.926848846737991949e-02 3.357802442948506494e-01 -1.714642148060435689e-01 -2.579107432451114290e-01 2.535128829640896919e-01 -2.367797123122645370e-02 -2.524197659489076928e-01 2.687580853170610240e-01 1.302050199562263255e-01 1.886786041633610120e-02 -1.950884534414020627e-02 -3.949202767275640513e-02 1.329805302914314757e-01
-1.261498578613231558e-01 6.079211638569844561e-02 7.954477913112492637e-02 -2.734450550059192714e-02 -9.665450929062562035e-02 -4.124400948884637819e-01 1.549806341644269399e-02 -2.152322568446093098e-01 6.077613613276848514e-02 2.899371922953558611e-02 -1.773857220829190007e-01 6.336860949751974698e-03 -2.051258301862439182e-01 -2.383981858719972161e-02 6.014485756767009444e-02 9.307452181685846315e-02 -1.549079110991054102e-02 -8.658504970658449651e-02 -1.544917350256390653e-01 -4.170005492145065218e-01 2.978651598923763300e-01 8.125640086595378730e-02 1.765609037728823882e-01 1.446501506301724194e-01 3.203002113380415405e-01 6.938970183381117096e-02 -5.387686182276610336e-02 -1.153485811674880845e-01 3.499953146266527870e-01 -2.393873574365327495e-01
2.390862469918364208e-01 1.624596623494427017e-01 3.038725569636672175e-01 -2.132904035222723399e-02 -1.808488313768576994e-01 2.474153040106120138e-01 -1.436885547808062213e-01 -2.958473024079138480e-01 2.264666665458930916e-01 -2.026797490302409965e-01 1.395631160970646489e-01 -2.540225145896051265e-02 -1.388898489730660546e-01 -1.524345796762673899e-01 8.418107942263494204e-04 -2.121485676068596282e-01 -1.237665745546407542e-01 -6.350112599749853370e-02 -1.291597948131499862e-01 -1.269728211228340065e-01 -1.410882098122863970e-01 -2.592533225656492579e-01 -3.630464813425482440e-01 8.677125512355594872e-02 2.351370365490747516e-01 -2.336428919173893226e-01 8.523772174047782035e-02 1.529297939819014851e-01 4.250517459671813297e-02 -2.432159148132035514e-02
2.040981342453684899e-02 7.649530053231656801e-02 -1.373749631226901802e-01 -4.218839491840218475e-02 8.032886887032030659e-03 4.838108397494790269e-01 1.254158414326969895e-01 2.647197325398633061e-01 2.985191719728859105e-01 1.043945797634792706e-02 -9.537163128236389453e-02 -1.427547965845646014e-03 1.184156244602309060e-01 -9.867671094267399176e-03 1.315222314219486599e-01 1.171144663861814345e-01 1.778956070124334266e-01 1.585316545606978988e-01 7.510387635026218034e-02 -2.642879212075318618e-01 -1.958962079438116843e-01 1.767212834358470874e-01 -2.877849007205878287e-02 7.490309059180431939e-02 4.658076026123442182e-02 -1.187594859683362147e-02 -3.122861349574983514e-01 -4.694473442637309146e-02 4.462337278823508280e-01 1.445773733806085017e-02
-2.054279813596304460e-01 -6.859277678721314997e-02 3.854754486751280768e-02 2.982856591564136406e-01 7.694430294021038785e-02 -1.120664246670850239e-01 -2.999571829572375004e-01 3.615308857366306139e-01 8.662054307337184456e-02 3.602696925615408302e-02 1.415588765657243286e-01 -1.212938400404427186e-01 3.682095944388315278e-02 4.092938682568786346e-02 3.496133276260177114e-01 8.072138874536248510e-02 -2.630314919035733334e-01 2.627692108700698803e-01 -1.726183047616365041e-01 -1.388933504148919251e-01 -1.207140207909295770e-01 -7.838675882683376894e-02 -4.528334493189650756e-02 3.171883113612809779e-02 3.526897052484450623e-01 1.134226955043066490e-02 -9.769571484663581301e-03 -1.559261941316956446e-01 -2.477930150203479509e-01 1.634752820975617360e-01
-2.354878801897893337e-01 1.619894172931003185e-01 8.639688362605807415e-02 4.079118653311869513e-01 -9.472564862598325391e-03 8.218896844310659422e-02 -2.182026708870959120e-01 -1.703923390438837615e-01 8.769420307111765178e-02 1.667460570587736557e-01 -1.363641475621380286e-02 -4.660739816713208028e-02 -1.441740244910740265e-01 -1.188327998360982768e-01 -1.181150527206012435e-01 1.467435569119587835e-02 -1.221261275910553029e-01 1.532207770054445917e-01 2.667547954407330502e-01 3.294207251191006991e-01 1.084687507655209826e-01 -1.488420382978182799e-01 -1.791938372422434145e-01 9.235467928565681273e-02 -1.502931183457164310e-01 3.494680173987916305e-01 -2.341072360759320070e-01 -8.659507865874467580e-02 2.044549132951933579e-01 -1.805038776177952109e-01
2.534373194175327214e-03 -1.874967950873737133e-01 1.481470666747835285e-01 -8.696913759470020766e-02 3.340300908925065981e-02 1.518961338498634739e-01 2.464738744359996209e-02 -9.510720861861111930e-02 1.007687792038459013e-01 -4.776700633336076751e-01 -2.276515237303249894e-01 1.699286269115865902e-02 -1.696358860569455174e-01 -6.156811422087336838e-02 1.487332231653865910e-01 -8.472495791338983950e-02 7.691356523982463556e-02 9.171960835912496002e-02 2.040332542609349653e-01 -9.822576153692604006e-02 6.242267850324693945e-02 2.977652687017490196e-01 -3.926806633776394606e-02 5.746661885983967571e-02 1.395041235469778214e-02 3.162489349915708070e-01 -1.165882945791295866e-01 -1.287627362140661424e-01 -4.697340325592606058e-01 -1.874579371127350902e-01
1.178435179306148717e-01 -9.412459611090356892e-02 1.380544237637130189e-01 1.910323111628407788e-01 -6.712568805011781548e-02 1.765879871142571333e-01 1.901805925752741728e-03 -1.200490183966143182e-01 -6.322351992608061209e-03 -1.475795181694340985e-01 1.170001058037900832e-01 3.693046166905984973e-01 -1.434467222543958365e-01 1.914990735381033593e-02 5.140191156141741408e-02 6.021945905118846615e-02 -2.869262116667878337e-01 -4.650879054598108797e-02 -1.373201759165882385e-01 1.248593369874618775e-01 2.379157584362200928e-01 2.224032393373931993e-01 2.439853153377572748e-01 1.336212903835125032e-01 -1.781204893040732873e-01 -2.212890129245341786e-01 -1.248024466070982719e-01 -3.117269240109770134e-01 1.102148875534262745e-01 4.055987282174480235e-01
1.374670867083276349e-01 4.679429305152615903e-02 -3.234373966462480293e-02 -2.664245015918629833e-01 -1.016965941564502464e-02 -1.249580115714997858e-01 -6.695861852567100425e-02 2.625318009985931900e-01 -3.900338060577001470e-02 1.664559739406535899e-01 1.378668200593487769e-01 1.260033250145175532e-01 -3.875119909021084164e-01 -4.416470433132268364e-02 -1.646857427867428336e-01 3.581953491379688548e-02 2.038080674998966335e-01 -3.290006707109638384e-02 -4.107056704628056498e-02 1.304404422294568322e-01 -1.573766114590396947e-01 -1.638815007476313867e-01 1.708410760563134137e-02 4.280247692112201241e-01 3.693974300233725944e-02 -1.465448985957121253e-01 -3.838701046380371129e-01 -2.050437568164571178e-01 -2.113938896524319155e-01 -1.405610070566057912e-01
2.797717455068714498e-01 4.036595832316814403e-01 -2.233738889849525844e-01 -1.975780998808675804e-01 4.504172923419034330e-02 -9.459630068854579799e-02 6.354002684900927900e-02 3.043860282139310841e-02 1.611571736742588301e-02 -2.568931791076672910e-01 1.837292778009550764e-01 -1.038941383049288014e-01 2.129691150855246295e-01 -1.145068068982994236e-01 1.810663021051645005e-02 2.522518877488420519e-01 -2.770708086877110010e-01 1.748633425267691333e-01 -1.732901833612706874e-02 -1.257270764827782272e-01 3.393774067061761657e-01 -2.150415837939453068e-01 1.527887325324876755e-02 7.607528689949448475e-02 -1.549586068614531853e-01 1.943567971813551232e-01 -1.990884195816622626e-01 1.122159949746953794e-01 -1.090662658065827961e-01 6.226751824482141401e-02
-1.004577764677570401e-01 9.097947435976345976e-02 5.641736804695415136e-02 4.498258205518337882e-02 8.311470104158985572e-02 -1.874452126440925848e-01 1.363799696388520166e-01 2.086238518729495173e-01 -6.467388775214182040e-02 -2.447897673433295229e-01 -1.692896458188000164e-01 1.765646795891136489e-01 -1.989448704967721471e-01 3.392957325882267616e-01 -3.987952955881091666e-01 -2.260991289035829410e-01 -3.541814387292822608e-01 2.279745860294270232e-01 -9.175166781930001181e-02 -1.502128675293967486e-01 -2.718147099612641115e-01 6.144452254132626995e-02 -1.001246292201626864e-01 -1.801241022673981396e-02 -1.281217305590585942e-01 5.229014696406634327e-02 -8.341278412577445012e-02 2.151115375201444468e-01 1.186308479362678386e-01 2.447170469704300702e-02
-1.199048660035682834e-02 1.384306424161975066e-02 -1.048331353321973469e-01 2.173085696324674743e-01 -2.555278813101954372e-01 2.020099689015704414e-01 5.820930865656099434e-02 -1.096956512833527214e-01 -2.759522298534498042e-01 -2.414840261871749605e-01 2.157431182054048713e-01 -5.368644214890713057e-02 -7.026718382104486793e-02 3.078200194334792042e-02 3.207087855260729037e-02 1.772112446520420215e-01 1.167095544000727320e-01 9.199386631105031797e-02 -4.430361411726577159e-01 1.696398425079496952e-01 -2.493129915201266755e-01 5.673787370267703231e-03 3.497611411372452128e-01 -1.076413776003225416e-02 8.550159273223296996e-02 1.840872130351113301e-01 -3.824477026065642438e-02 1.829630787215900667e-01 2.692211071847989620e-02 -2.984570224524433213e-01
-3.933698865030420960e-02 4.153980837129783721e-02 -1.092126852927883390e-01 1.501762867001252000e-01 7.009866144404849897e-02 -1.454559832189921131e-01 1.563328527928412037e-01 7.701855864216358705e-03 -1.185566882041143577e-01 5.700674395681725598e-02 -3.395500995560849500e-01 1.496539772700361814e-01 -3.384854470147980604e-02 -3.431442341654462602e-01 3.385039048227019842e-01 1.669067716399466883e-01 -3.715235096113076591e-02 -1.008633302306312096e-01 -2.664894593262920885e-01 1.367460142387659228e-01 -5.162481906872739418e-02 1.988990425646136873e-01 -3.961174908283544571e-01 2.023246661393570123e-01 -1.492561416804516206e-01 -1.258166247028055518e-01 -8.185021390222342597e-02 3.267519858118251852e-01 -4.851584526359616067e-02 8.732385240238423399e-03
9.635937885890154264e-02 1.090061632930675178e-01 -2.161655174659680295e-02 4.578353796516238527e-01 2.468161223154000938e-01 1.564452235216232667e-01 8.946613741279284271e-02 2.881348950680845400e-01 3.357326935769115728e-02 -4.555685158416763331e-02 8.544218617567871099e-02 2.373237623204850211e-01 -4.705554102093072177e-02 -1.244058750475410674e-01 -2.592099727474662108e-01 9.059462331288685444e-02 1.869371441117795851e-01 -8.935123158592783721e-02 -5.072767418908880055e-02 -2.792958233870933005e-01 2.440034678285321612e-01 -7.020403764563713789e-02 -5.606265588352590812e-02 9.305306257883517659e-03 -7.663825801051840636e-02 -9.584227120590149696e-02 3.342367511213663600e-01 -8.805480134899426603e-02 -1.266856054305275925e-01 -3.010619089752743505e-01
-2.474377374362538851e-01 -3.604898081847235924e-01 2.708331004533006889e-02 -8.446406346770585216e-02 -2.991366032510293649e-01 -2.895613570699001257e-02 2.615321588931213692e-01 1.831378671399195301e-01 1.598991733728304387e-01 4.552875618141641323e-02 1.693970250606747774e-01 -1.173117886327451481e-01 7.380220892103826758e-02 -4.959144263066028180e-01 -1.509146880723455098e-01 -3.172387368823675335e-01 -7.677252699781603185e-02 1.101268525259339326e-01 -2.310293588739948389e-01 -9.556443295264216431e-02 1.142989482384284133e-01 -9.300275894657018816e-02 1.607196812085710108e-02 1.910815284924657215e-02 -2.236460195761898195e-01 9.033719487684095661e-02 -2.521722562635558829e-02 -4.180243621570268325e-02 1.499433821331389895e-02 1.224363459221843378e-02
1.622155993225667392e-01 -1.080041683281951076e-01 2.321513572565205574e-01 -4.283408683661309863e-02 -5.524638701972146848e-02 1.331811515235722665e-01 5.570313185241532183e-02 4.906558792251105444e-02 -5.759252294312200426e-01 4.971162240475173605e-02 -2.752666829595467046e-01 1.236420850501058176e-02 1.634029809211442336e-02 -3.297087383271992550e-02 2.200631972634848610e-01 2.828172165783956679e-02 -7.851468249926819853e-02 7.295350250993554164e-02 3.610374158492136304e-02 -2.394106467873873545e-01 -1.029492818110847169e-01 -4.194117526631966353e-01 -6.694744291403370573e-02 -5.533045285461962032e-02 -1.900143605066614283e-01 8.326631506117129766e-02 8.713128245205281966e-03 -3.090495956101998454e-01 1.189341481829269964e-01 -4.896437372626812751e-02
-1.551573155194648501e-01 1.146138287514096750e-02 2.748128836265670283e-02 -2.004744711287828954e-02 3.264208105113488023e-01 3.072390455578143109e-02 2.121331638713573262e-02 -9.148713581228054559e-02 -1.170606995075720996e-01 -3.443964940038446443e-02 7.792513779319350242e-02 1.549857618474705101e-01 3.838704079355628046e-02 -2.340876079729969084e-01 2.099800677683541783e-01 -2.577715830422690479e-01 -7.384476965450184616e-02 2.497500603001569508e-01 3.371490457535732399e-01 -2.583333745796045564e-02 -5.243176539889177201e-02 -1.188088174434386579e-01 4.369607765247304210e-01 2.872201799397460231e-01 4.109188035551108314e-02 -2.397660767571063167e-01 7.198748878025536257e-02 3.059286154777783873e-01 5.574589824175324448e-02 -1.140812038235168024e-01
-1.315235242911122759e-01 3.138749989215766645e-01 -3.077125734623150158e-02 2.228341380453601264e-02 -1.476711724897775968e-01 1.683864145395158329e-01 -1.033218824663224428e-01 9.363505243652221754e-02 1.349351806040171263e-02 1.918264402367033106e-01 -1.315874213167530504e-01 -3.384840625123068658e-02 -2.345055402345052609e-01 2.823466765252498692e-02 1.826778736711309470e-01 -2.469559118149028953e-01 -7.247509312453688513e-02 -1.486308970774588845e-01 -5.626737883911747673e-02 -1.307417162000827360e-01 1.734964164680363186e-01 -1.183216878567208523e-02 2.086608277992315352e-01 -4.736365912536480982e-01 -1.574363732334988220e-01 -2.264527371533153755e-01 -3.129959467789641958e-01 1.368976858774943461e-01 -2.321959049007501774e-01 -1.230586895424287952e-01
5.032080148582588341e-01 -6.092204006309837050e-02 -1.375335961243824012e-01 2.247819678442548041e-01 -1.738153953944743257e-01 -4.584728910435047905e-02 -2.105749818787605865e-01 3.646306725780682628e-02 -2.289874385293954040e-01 2.012996988798268772e-01 -4.973370718817488739e-02 -1.021250714252738834e-01 6.205456227335173075e-02 3.178299184499536190e-02 -4.405679105532106510e-02 -4.315069021394485338e-01 1.573891748868092300e-01 2.842382596874633016e-01 -7.237415243903056253e-03 -7.201705097554732260e-02 2.116075744277413073e-01 2.775989827899891793e-01 -3.745408718492247019e-02 1.473759408728844700e-01 9.105294097148340648e-02 7.595248590330035132e-02 -5.607263032276850467e-02 1.340774592345517213e-01 2.035926772219081096e-02 7.365373550648823819e-02
-2.034580983587802594e-02 1.725048242202023019e-01 2.899196339004321832e-01 1.226282136582511201e-01 9.442212050758946873e-02 1.031023725980113361e-02 -1.311510461762990243e-01 -2.867524955595993769e-02 3.698274964179498053e-02 7.205911818696654481e-03 -2.709772459955713808e-01 -3.357775988588409533e-01 -1.014965710809297567e-01 -2.193721471513332411e-01 -2.509277197016656080e-01 1.602270346309294657e-01 2.529529559349475987e-01 -4.115204728725388450e-02 -8.135880143119145202e-02 -1.622436797231082140e-01 -1.431858999882666961e-01 -3.219577549172518427e-02 2.999473830466440893e-01 1.257473938683596748e-01 -1.305321170756903182e-01 9.365195249866081761e-02 2.259944478188730121e-02 1.394836226662050649e-01 -1.059988174831904967e-01 4.754810991803338771e-01
3.746536357627012759e-01 1.165807570307716701e-01 3.042275046945137063e-01 1.785996008529491530e-01 -1.584952331763855304e-01 -2.688671400585241344e-01 3.648210360176994960e-01 3.092312046311093132e-01 2.787387515754447542e-01 -2.829402668104780832e-02 -5.958420072813504220e-03 -1.065547941111066599e-01 -1.173359050896106565e-01 2.833288708969860722e-02 2.964270150285242544e-01 -4.854516450509315656e-02 -2.303356477632425778e-02 -8.387507146113439005e-02 1.860436088979133817e-01 2.594353061114908487e-01 -9.846464915827177200e-02 -3.657415049921727140e-02 1.886865813759203148e-01 -5.707892026143077113e-02 -3.440712821147500627e-02 9.249617416281785687e-02 1.257918678163311432e-01 2.048620086295819404e-02 1.042745656286594852e-01 -6.743531807427208258e-02
4.395583758535359653e-02 1.911759524410384103e-01 2.231839610660173445e-01 3.523339270438673176e-02 3.101953205237120148e-01 -2.804384478937537728e-01 -3.574664528653695439e-02 -1.958398500973326517e-01 -4.795446982117747281e-02 -4.667205161000823749e-02 3.361851131729843845e-01 -1.181943969531493444e-01 1.636386330184103344e-01 -1.175130348758757076e-01 7.553655959175128998e-02 -1.204074023155561196e-01 1.732059749437294127e-01 1.261989356906760285e-01 -1.369513058307657571e-01 -9.399814227991225291e-02 -2.469231355989404686e-01 2.945510991521286259e-01 -9.178753913236638307e-02 -1.983437985278508620e-01 -2.852166018465376873e-01 -1.253097285205011513e-01 -1.728874329377539654e-01 -2.880132294052700770e-01 6.551650042695543463e-02 -1.432160046291316158e-01
-7.386764013980194610e-02 -9.036527096575626417e-02 1.187868269329029058e-01 -3.847884510539079095e-02 2.434561366855355902e-01 1.266371992188803086e-01 -7.340869409033629056e-02 1.927316717441248106e-01 -1.959084659031966325e-01 -3.333020411410201472e-02 3.567691028463117475e-01 -1.825396812429970483e-01 -1.134652360857040521e-01 1.466937134277780386e-01 1.643458743422118451e-01 -1.647874139391442561e-01 -5.812567135501266191e-02 -5.449616276780681057e-01 -9.317937915533505006e-03 -1.210781559549321262e-01 1.092815294401759951e-01 9.141533466316471845e-02 -8.706262354656348068e-02 2.020215533858581436e-01 -8.955700520081547045e-02 3.021650678256383449e-01 -7.318226064334323877e-02 2.183652547265365063e-01 1.583196008248802522e-01 5.533611408489836486e-02
1.497459950894857728e-01 7.409414087965723872e-02 -3.059564420776369337e-02 -1.750786560783773593e-01 1.223996508024968594e-01 9.148070931471252720e-02 -3.630257616458901215e-01 2.188136168412780913e-01 1.277087392071210754e-02 -6.440277869942784283e-02 -2.884010738557570286e-01 -1.269923503839606449e-01 1.908630284675055799e-01 -2.696340903734799066e-01 -1.598729658842918677e-01 -8.354715175227846180e-02 -3.783197970677433242e-01 -2.171223471398648075e-01 -1.398758443995936629e-01 2.208673154354004464e-01 -1.023041275430951469e-01 1.963456385098956425e-01 1.843845231314920619e-01 2.841495846454908381e-02 5.181432693085156332e-02 -4.153491851571557668e-03 1.401128129826298974e-01 -1.829792619662682085e-01 1.178827409619017663e-01 -2.829249899493641585e-01
-2.306330966618513542e-02 2.221275525439661835e-01 -1.926372901723454878e-01 -1.844552632912694612e-01 -9.928376664265787382e-03 -7.441731590536988794e-02 -2.741889650326245209e-01 3.910832516828850053e-02 1.208302474277412053e-01 -3.386780822509854322e-02 2.057879153450055051e-02 4.755541567326538877e-01 -1.566908166536231939e-01 -1.248779382636425322e-01 2.158493634788684612e-01 -2.118011067905876954e-01 2.260827120663473078e-01 3.386793973885438014e-02 -1.398105332948233748e-01 1.122004144240224379e-03 -1.146578494744517895e-01 -9.377910841228367933e-02 2.945496266314786421e-02 -1.136497582621791291e-01 -1.074291444215879493e-01 4.079860703243268216e-01 2.845510294848715982e-01 -6.291337651841544254e-02 1.156384188509359812e-01 1.972380727941398515e-01
-2.746528948641157042e-01 5.359092803922952397e-01 1.345165795453986610e-02 -4.716286762648305708e-02 -9.249481980531740200e-02 1.673975991355140802e-01 3.829561882209691626e-01 -1.000131901388701637e-02 -1.868989696873022133e-01 7.717240212557349710e-02 -3.146793761580752441e-02 -1.129217545775812598e-01 1.056267575838821665e-01 8.428922321206507029e-02 1.176212020864718377e-02 -2.681731732595979412e-01 6.074634826631208776e-04 3.256422239169339417e-03 -6.450410652980620441e-02 1.117308493768315314e-01 4.838045454120747102e-02 1.376297993429680122e-01 -6.439289157230836114e-02 2.737091334012416999e-01 1.923631078843120179e-01 4.136344020845953567e-02 1.928061256932447065e-01 -2.936204241310926277e-01 -1.302695966353373813e-01 1.030080893486654825e-01
1.897490820747193274e-01 -9.957060328912592517e-02 -1.894869676072119535e-01 2.134625859529091507e-01 2.345875967999107026e-01 1.474307797846858246e-02 2.239976516917023541e-01 -3.087126142320726352e-01 2.377216796319689684e-01 2.491960626990009364e-01 -1.106034000192966660e-01 1.305413390607784163e-01 2.250977082374448768e-01 7.997219612142260348e-02 -1.439019722598638279e-02 -2.074671666402305159e-01 -1.539843312605271575e-01 -2.557132570363720436e-01 -1.581726062289574575e-01 -1.259163815160189437e-01 -2.440786151409836680e-01 -2.071767158466515102e-01 1.529101005263893143e-01 8.068343888810035336e-02 5.800779431098950639e-02 2.385799305868841758e-01 -2.231237052722961356e-01 -9.141939081873934336e-02 -2.071104479594621794e-01 -2.432884847201193272e-04
