2.745377660769077188e-02 -4.878376084138179025e-01 8.666261974727742720e-03 1.733471284976044599e-03 -5.167460619850097192e-01 -4.362440283439392164e-01 4.526309905666214134e-02 9.309551294240253627e-02 -2.706695274298291376e-01 -4.689027493624640108e-01
-4.189792883280742120e-02 -5.681357595970213392e-01 1.768147619010955740e-01 -4.720094053790522826e-01 -6.547315686790268485e-02 4.118420573985054900e-01 -4.234306749430739036e-01 3.107622188730724266e-02 2.355510984238344263e-01 1.084701843988214592e-01
3.893068523919303026e-01 -1.134222852530106240e-01 -6.825674519123620110e-01 -2.914834328934701735e-01 2.727648791319308708e-01 -3.256992548536666310e-01 -1.987601812904515319e-01 -2.488499576402164182e-01 2.275708615713831900e-02 4.779290609045212107e-02
-1.123584668192938868e-02 1.496275925205175772e-01 1.936384869376546469e-01 -4.919329805292683155e-01 5.261234065865563921e-03 1.536285050680330777e-01 1.755339714075911106e-01 -4.346833984852856436e-01 -6.740401916870398802e-01 1.643192472798002055e-02
4.618007498906164660e-02 5.250387884820117979e-02 -3.574545938586408123e-01 4.121823279314332789e-01 -2.406193728254346631e-01 5.720722225854472098e-01 -2.754610863816731037e-01 -3.235449895062265657e-01 -1.354094299712166882e-01 -3.367231663358374316e-01
4.101241189748887628e-01 5.194190958798649005e-01 9.939932523034776535e-02 -2.686864010414499737e-01 -6.108963545884911195e-01 -5.730285993010821727e-02 -2.091220571661721039e-01 5.363155099176612067e-02 2.279459089204601552e-01 6.988356498572299846e-02
2.083683220167594219e-01 -2.983423981048893836e-01 -2.352556212191373175e-01 9.494323683996906682e-02 -3.487705476504868729e-01 2.225117658343316596e-01 5.992726549009095294e-01 -5.264176994132375997e-02 4.405202551027034841e-02 5.179026913300036616e-01
6.084659688090669760e-02 1.244095511410478611e-01 -2.603465890252912307e-01 -3.769600242669863821e-01 1.189264230827167951e-01 3.359891253545099210e-01 4.062412870336127302e-01 4.734776990539529273e-01 9.279189371748576554e-02 -4.960696645884105638e-01
-5.778609974642534564e-01 8.546053157529726052e-02 -1.436640788890043152e-01 -2.114673113808206439e-01 -1.879036443894567254e-01 -1.299007254104632969e-01 2.126889678037740261e-01 -4.924461607150829590e-01 4.798388555531288846e-01 -1.524737690320068506e-01
-5.426116414952316669e-01 1.401460502858059010e-01 -4.287753631231375206e-01 -1.110194211118639140e-01 -2.281977345682040803e-01 -2.389399395155698130e-02 -2.435832310816512247e-01 4.030860000342039173e-01 -3.245216896663411510e-01 3.316436299057777259e-01
