-3.242122026825557946e-01 4.124731146620984057e-01 -1.377426692705569777e-01 -2.238423145667196301e-01 -5.016882375313131970e-01 -1.022773772771801010e-01 8.525290655689368724e-02 2.705252970880802077e-01 -4.069523135411970416e-01 3.840052383325118779e-01
-3.772375648544746829e-01 -2.972928182559196331e-01 -3.645795420212338128e-02 -2.351546396457494525e-01 1.171289528117002154e-01 -3.553482484381769169e-01 -4.701507502793996623e-02 6.130968977288777655e-01 7.301283743468221787e-02 -4.350416599991620559e-01
9.820740431756527777e-03 -3.749005789085065321e-01 -7.048456623326797565e-01 4.157329644090250187e-01 -2.012941941619969255e-01 2.189236230723476673e-01 2.225165850132618806e-01 1.865118132535777962e-01 8.160983467979680828e-02 1.015108173443197981e-01
2.583533689851290945e-03 -4.007099476746230904e-01 -7.107396106983379647e-02 -6.244016870443594991e-01 -6.120761819865318254e-02 -2.365981831986941133e-02 -3.133369861740908924e-02 -1.361776887208676901e-01 4.144090818618362815e-01 4.989275280337013285e-01
-1.463847473422514589e-01 -4.357823741367614079e-01 -1.228064738708514736e-01 -2.061602343170939045e-01 -1.434346182588697172e-01 1.095921636983840375e-01 -2.632284751200414941e-01 -4.312465258852879457e-01 -6.113604289483676180e-01 -2.635781735154788530e-01
-3.617397068726646014e-01 -1.780278224792510855e-01 3.471738810400340491e-01 1.888780650824237184e-01 1.909994028188138904e-01 5.928436491616889681e-01 -3.165022058646830283e-01 2.986950037882731834e-01 -6.866302285930417360e-02 3.149516235985133639e-01
4.406561990433313092e-01 -1.587012350116043941e-02 -1.948480454658218786e-01 1.173636653711978284e-01 1.305966576173056004e-01 -3.441368856433563717e-01 -6.794252820824137062e-01 2.321370179948664125e-01 -1.742454470459874338e-01 2.692151458217679205e-01
5.543542117627294763e-01 -1.288063201253194512e-01 2.834437271729933761e-01 -1.744482772836960238e-01 -5.336036226122803372e-01 3.210745272546931539e-01 5.532783752268954913e-03 3.434460597936676574e-01 4.238360934983003390e-03 -2.439310196996172520e-01
-5.889773096164491184e-02 -4.212105035739639458e-01 4.713822037295070655e-01 4.204088520789308059e-01 -2.944898137018950313e-01 -4.788758339079970394e-01 1.834659386383811763e-01 -7.667755545188684185e-02 -6.919432531860568447e-02 2.445293777549717162e-01
-3.086026820295594830e-01 1.565330739265380078e-01 -4.147813878200428545e-02 1.809932296977919963e-01 -4.947293912786366876e-01 -2.155164909037176821e-02 -5.246466817470557542e-01 -2.113828948720974099e-01 4.868474184578701625e-01 -2.088154071728726136e-01
