# CEC 2013 LSGO F09 rotation matrix (50x50)
-2.2104343603204291e-02 -6.9149832277919848e-02 -1.2941230331171871e-01 -6.1703565316454503e-02 4.0768070156779967e-01 2.4649281486013511e-01 7.0357542316539165e-02 1.1641729307269311e-01 -1.8608860638672689e-01 -9.8404732532573855e-02 1.3572194260200271e-01 -6.3373176575830900e-02 -1.8673565873742470e-01 -6.7021515192257713e-02 -2.2248319148697779e-02 -2.1780257929894711e-02 9.7474878533875695e-02 2.4951466001581390e-02 2.1099471573329379e-01 2.2436682323334570e-02 -1.4440794240318330e-01 1.1024231368714210e-01 1.4746909696548791e-01 2.1382628202051829e-01 2.4371977970025091e-01 2.7723060184912489e-02 9.3207669550259650e-02 -2.5023905824447717e-01 -1.2886698928981730e-01 -7.6607775204980216e-02 2.5759174084801491e-02 6.4300937817639736e-02 -3.9190631429349308e-03 -4.6097406948602968e-02 -6.7644081259874825e-02 1.5733941538363530e-01 -2.6739194798136218e-01 -9.5063163175908277e-03 -2.5602221978310968e-01 -3.2991384126775693e-02 1.6144435333867242e-02 -6.2209267560084991e-02 2.6329344960732221e-02 1.3764025816613340e-01 -2.8531944446604340e-02 -1.4609358559082111e-01 2.1734943255473571e-01 1.3439975520142719e-01 1.6154630165900150e-01 1.5310366461748281e-02
-1.1200793242305790e-01 -3.9900296279063947e-02 1.4214104349601520e-01 1.5248801792454580e-02 2.2742449290091940e-01 5.3848870113954297e-02 1.4719523280258209e-01 5.9070052498702327e-02 4.1478111568779792e-02 5.2780096441830578e-02 6.3833351766656637e-02 1.9335703292314721e-01 -3.0269906929547520e-03 -2.8362211452196329e-01 -2.3297156815932610e-01 -7.2479882014273495e-02 -2.6274554278405811e-02 -1.8224126895245571e-01 -5.5594317756054723e-02 4.7846817945887299e-01 -3.2405184689916128e-02 -1.5307628730398570e-01 4.7818197742145421e-02 -8.9324906553146149e-02 -6.2861555152664034e-02 -8.1818819135509573e-03 -4.1241933118637407e-02 2.0310150298216789e-01 -2.3410121741891801e-01 3.6590284287249718e-02 1.3261401634497219e-02 -2.5585173111794479e-01 4.7968560850709288e-02 1.7357879318077260e-01 -4.8588125952468503e-02 -1.5917966665289171e-01 -1.6964200771230101e-01 -1.5234024912792229e-01 6.6850646318738063e-02 -7.6105266953179146e-03 -1.1259766055079050e-01 -2.0291284352897579e-01 1.4246860638351150e-02 -1.4355106065361281e-01 -7.1092502562756607e-02 1.5553467135489671e-01 -1.7073303863321600e-02 6.0428332461734201e-02 -1.0081061121200130e-02 -7.5406156276346420e-02
9.6505165475544899e-02 3.7290002678191259e-01 1.1090595154941620e-01 4.1954992121002191e-02 -8.6774402985260041e-02 -9.8925242314925318e-02 1.3979596469611849e-01 1.1541675223410140e-01 1.4771176023357621e-01 2.1959687094007291e-01 -1.1786788602052840e-01 1.8456145381882849e-01 -5.6691298551255244e-03 1.6917669943176281e-01 8.6738680726996410e-03 -4.2651954876942837e-02 -1.5513779828790611e-01 -9.1764678022333054e-02 6.6204766159871128e-02 1.3079182369097639e-01 1.9427037723022980e-01 7.2339880163199269e-02 2.4842737447946189e-01 7.0112899692876637e-02 9.5008281962944335e-02 -1.6727065085434001e-01 1.4493720373017399e-01 -1.6133494233632059e-01 6.9177094585577983e-02 -3.1436898935857382e-02 -2.4668496148771021e-01 -1.1117005128192139e-01 -5.7413951269610540e-02 -2.8713588795433530e-02 1.9971796763272229e-01 -2.1607229406398022e-02 2.4758909300905681e-02 9.7955940091219856e-02 -1.3630901792723099e-01 -2.9862309561543882e-01 1.7303119491816552e-02 5.1628731050137652e-03 5.7041903790183673e-02 1.2357639832525270e-01 -2.8699923774576019e-01 9.2644591272272495e-02 1.7594587264179640e-01 9.0887572904109093e-02 -9.6877345884591529e-03 2.6122316851923809e-02
1.5435210020038939e-01 4.6724673796712461e-02 6.7970925997309726e-03 -6.7594257455054235e-02 -3.0305816387281997e-01 1.9149110894297849e-01 2.2992045547824629e-02 -1.9410188862438779e-01 -6.2731085649605098e-02 -2.4364103995071870e-01 1.3841242077071439e-01 -4.6725283121794282e-02 -2.2989141256658299e-01 6.1345999578392311e-02 1.1176943949565900e-01 -2.1913961508212920e-01 1.3114766997940441e-01 7.1220705713955293e-02 -1.7863081749014759e-01 2.5734863915565920e-01 -1.1678380156439190e-01 -7.8604631782909481e-02 9.1618875730563099e-02 -1.8820985825463540e-02 -1.9243952587324190e-01 -2.5436211583361468e-01 6.8416359559933665e-02 1.9127403291247441e-01 -1.0559224728624340e-01 9.3596803831489259e-02 2.0730672906705050e-02 2.5175810324495739e-02 -9.8661870775457322e-03 -2.6178482855670387e-01 1.5178885974588141e-02 6.5325404623610653e-02 -3.2860915841622193e-02 7.8995282426955582e-02 2.0437383656855192e-02 7.6206504407625164e-02 4.5068409458758139e-02 -1.6094573708812479e-01 -3.1852857691292237e-02 2.1679379401443230e-01 -2.5798955334404089e-01 -2.0165054835911039e-01 -3.0771865077990870e-02 5.5091467864028770e-02 -7.2226144547695798e-02 9.4370008599138508e-02
-1.2073911202756910e-01 -4.7855027554088379e-04 7.9927031819740410e-02 -2.7993513953351201e-02 -1.1885572340846770e-01 4.1022446182529801e-02 9.0960758110601905e-02 -3.1474654350291648e-02 1.5341749156901979e-01 -2.1737362815766301e-01 2.5519833642554463e-01 1.7945462034051671e-01 9.8414402289212777e-02 1.6200082816044331e-01 1.0042728494599069e-01 2.3576536848960419e-01 5.9329788858782248e-02 -7.8745554364513137e-02 -9.5731516077148068e-02 4.6341904921531809e-03 -1.0102260629995299e-01 -6.9591020354220615e-02 -1.3087851825826760e-02 -1.6196391154485701e-01 8.1411549240226588e-02 9.6673944132108044e-02 7.7938608456749742e-02 1.2381874589521250e-03 1.7424176017494850e-01 -9.2712259243401318e-02 7.8625198096971133e-02 -7.9054500043202651e-04 3.3869469002760701e-02 2.3657618033648681e-01 -2.2136899672203320e-01 1.5641140563611561e-01 -1.4007693128036061e-01 2.0170682225050701e-01 -1.3476535822691979e-01 -3.4242547102707098e-02 -2.1410687621584529e-01 -7.8172899473735791e-02 -5.6599748471756868e-02 3.7014384626317748e-01 1.0090079341436201e-01 2.7811169283409909e-01 1.2820717529410150e-01 -6.3222993741857123e-02 -2.1124025662303730e-01 -3.0623343622364640e-02
2.7602466687573279e-01 -4.5661630031814442e-02 -2.7859387246283412e-01 -1.2118403309695100e-01 -1.7284432356064131e-01 1.4246544598408989e-01 1.2787457755975720e-01 1.1645193908412441e-01 -5.6185774303312293e-02 7.0037429510139110e-02 -1.3510051870519421e-01 1.4985425587676629e-01 1.5006038372090411e-01 1.1737727489287320e-01 8.0118014492911484e-03 5.5355042713454407e-02 2.0737292683769651e-01 7.7284928187359936e-02 8.7883202209755068e-02 1.3005839309698600e-01 3.5870344820608979e-01 -1.3598041163557309e-01 3.8562443156403290e-03 2.7916760154524222e-03 1.6515991664202711e-02 7.5123102056510446e-02 1.1048336759093970e-01 9.1124889984225174e-02 -2.4275217235709659e-01 -1.6744429636521929e-01 1.3397483307402019e-01 1.0312783312820840e-01 -1.8631526813565119e-01 7.9131542489608298e-02 -1.2623535364261559e-01 -8.4079949282527461e-02 2.3900492656612919e-02 -1.9842277503641259e-01 -4.1190038778352303e-03 -2.9003336395631421e-02 -1.2353071984919060e-01 8.3003323728348177e-02 2.5858301893705388e-01 1.6094911766359349e-01 9.9102534098495981e-02 -1.1773743383497530e-01 -2.2088465285903650e-02 -1.2993678174925799e-01 4.3685770965529343e-02 -1.8896771199756779e-01
1.0772448829465660e-01 -2.0446492273314010e-02 4.2729800895520018e-02 -9.1379784367592268e-02 1.9855877756707298e-02 4.3807631335257902e-01 -1.8286129670596521e-01 -6.7376483010707977e-02 8.8357532852675696e-02 -1.1694183426230470e-01 -2.5213335316605778e-01 9.6095036983953330e-02 1.4093603500927471e-01 1.4855783473748271e-01 -5.7383664701530362e-02 -4.4624432455579538e-02 -1.1378054213764741e-01 1.7659869718209240e-01 5.5676063761514190e-02 -1.1803539015805430e-01 -6.7500623728007740e-03 -2.9105770482491328e-01 4.8970676268699151e-02 -6.5236733816345052e-02 2.4880577085519759e-01 -7.9818234621231610e-02 1.2088302738543449e-01 -1.5826591389206640e-01 4.2990748811449202e-02 -2.1308467702547629e-02 3.3257673816733148e-02 -1.4134517538317501e-01 1.9807340774380011e-01 1.1136475355211350e-01 -4.6932506916665222e-02 -8.0339126928249571e-02 2.9944199761929441e-02 -1.3060213382739949e-01 2.5564331841782839e-01 -6.3248335909050879e-02 -6.4312164740803549e-02 -7.6496299500252593e-02 -2.3191708717634429e-01 -1.0970718034965310e-01 -1.0587860540685719e-02 -7.1843579293222201e-02 3.9370451084421713e-02 1.8353629887502221e-01 -1.3066527382882900e-01 2.0278141745223471e-01
2.3021647727590288e-03 -9.4545272668247332e-02 -8.2435035372433754e-02 6.1052393985723347e-02 -2.2509469292319430e-02 -3.0165885161191949e-02 -1.7082256798003700e-01 -2.9445690863661889e-01 -1.2586158879979861e-01 2.2485385013488601e-01 1.1296962992580679e-01 -2.0375425155474691e-02 1.9163792907324240e-01 -2.0660136220809019e-01 -5.8127127194112907e-02 -9.0414824799909727e-02 -3.8133913286670658e-02 -1.9310015444412501e-01 -1.6982134745645039e-01 -1.0303050028512820e-01 -1.1500819906312620e-01 -1.5133750145214420e-01 -2.7337351989525549e-01 -1.3241134660782830e-01 1.8420444647696141e-01 -1.3171049307216159e-01 3.1249964322193469e-01 -2.1950059479832579e-01 -2.2673677778230941e-01 -3.2864610008943099e-02 -5.5410595040118046e-03 -5.7633175514954622e-02 2.1504590179538688e-03 -1.9351910728837940e-01 -8.0033463156332585e-02 6.4215916663437650e-02 3.7240032023771179e-02 3.7338750496429943e-02 -4.4462768375369152e-02 -1.6812817455603879e-01 -8.3852628984241187e-02 1.3897851227071259e-01 -4.9700225674771002e-03 4.4260980695372938e-02 -2.2767551111944759e-01 5.2245118156357240e-02 5.2802756692372631e-02 -1.7734054793784210e-01 1.1271327475413370e-02 -1.8674063627832210e-01
1.6646002219201171e-04 6.3156521125072529e-02 1.3152449489237081e-01 -1.1323698899337289e-01 -2.1667890437011439e-01 -2.3243497036096250e-01 1.9593229568360471e-01 1.5595275116674040e-01 -5.0620780596497463e-03 -1.6697929086713220e-01 5.9869645105910897e-02 -5.1806471250536973e-02 2.3808317828793342e-03 -1.0009716465488501e-03 -2.1420487452232381e-01 -1.3018559705098879e-02 -6.4543253862869104e-02 -3.0175506060408561e-02 3.9279203174216763e-03 1.5689921140079160e-01 -2.1997539520018591e-01 -1.1768901226291401e-01 1.1925171831690159e-01 -2.6539342690854350e-02 4.9351981061065538e-02 2.9772798525624890e-02 1.4918482332608160e-01 -2.5497343153892482e-01 -5.8204959736624290e-02 -3.3840303436731459e-02 1.8660253280601530e-01 1.4213156807756189e-01 1.6791213735240251e-01 1.3861642619238621e-01 -8.8503461303472725e-02 -1.1597963988210420e-01 1.5418093054718040e-02 -2.1959992754686619e-01 -7.0367138798821588e-02 1.0735075303153201e-01 2.3291952800941379e-01 4.0351250467649308e-01 -5.8976557620489971e-02 -1.9299437951295459e-03 -8.5584267949707096e-02 -5.0240812285971159e-02 -6.9228463192536560e-02 -1.8263302483181210e-01 5.0221716148142803e-02 2.4544607106509081e-01
5.5546064112579348e-02 -2.3331894798078630e-02 -3.9338008759712960e-02 3.0141810121231682e-01 5.8109055372701094e-03 -5.2271496398340257e-02 -8.9166883629848689e-02 1.7748546934045670e-01 -3.5346394426754640e-03 -1.1142510058675580e-01 1.3620597520898231e-01 -6.6671366931744885e-02 4.3590942719919867e-02 3.8375464148957157e-02 -1.3068047894957929e-01 -2.9745737810073142e-01 3.1269826016474012e-01 -6.2951653555254047e-02 1.4273646212000979e-01 -2.4832954931095211e-01 1.1785052206227190e-01 -9.5113346607863195e-03 3.0770253431512551e-01 -2.4774848378808759e-01 -2.2479699335777931e-01 -6.3972985110169966e-02 -5.6025662956693041e-02 -1.2687175511367049e-01 -1.3259316183511510e-01 1.3197034848999150e-02 -1.6486002988420731e-01 5.4235641374194232e-02 -4.7794912579515937e-02 7.4772144186025125e-02 -9.7869181906579533e-02 -1.3120598230960731e-01 -1.2688230670151510e-01 1.3673367051949051e-01 5.3547682531176213e-02 -5.7084814786626291e-03 -2.4996999394121569e-01 4.4472632375720841e-02 -1.6977668361714801e-01 -1.4004273105264661e-01 -5.0119528822755388e-02 -1.7247267608083410e-02 1.0988145358534390e-01 -1.7853830242593860e-01 -7.9522061008151942e-02 5.9069710018136490e-02
1.0717467760994390e-01 1.1862383287173910e-01 -3.7305844187685588e-01 3.1934920615828851e-03 1.2737932294607809e-01 -1.0058765794263670e-01 -2.6618983244396301e-02 -2.9940105364063779e-01 1.9168553899130439e-01 -1.1853179883580470e-01 5.2003257810257678e-02 1.0325406321539890e-01 -2.4381746729769441e-01 -5.6922385180406349e-02 -1.2664916422678299e-01 1.9391231708849979e-01 -1.0133053356064441e-01 1.1217638850778880e-01 1.5505525395164871e-01 -1.4054500465899841e-02 6.1710274419701901e-02 -7.3054028396405304e-02 9.3834371442159982e-03 -3.0064866409580399e-01 5.0952760324215092e-02 -1.7387613513545311e-01 -8.9032163016465979e-02 1.8376197983226439e-01 3.2891635023523463e-02 -2.2169623576647510e-01 -8.4260404834107447e-03 1.2296292450251840e-01 -3.3204966809160900e-02 -4.2811862309026297e-02 -1.5580973773318271e-01 -1.1713648615203220e-01 -1.3517005190232689e-01 6.9276013194474725e-02 -1.2668253056022871e-01 -1.9717378029418869e-01 2.8236223354382678e-01 4.6442892329114173e-02 -8.3863025983449732e-02 -1.6680492877687411e-01 -1.8497338423126321e-02 8.6912195891711536e-02 -5.5374710915764437e-02 -7.5965460500994576e-03 4.8080988265055663e-02 4.9143616910291871e-02
2.5567250252703001e-02 -8.8597830250686394e-03 -1.0311060797790680e-01 1.4744424178057319e-01 2.0326227754612869e-01 4.6231474764335381e-02 1.7976479705435131e-02 1.1835173747146879e-01 6.2275526675505267e-02 5.8356069302043907e-02 -1.6963897389347521e-01 -3.8778693069650327e-01 1.4081075834556961e-01 8.0343945907712891e-02 -1.6032564646259931e-01 6.6740542448289267e-02 2.1030836718810020e-01 -2.8775262449192351e-01 -1.9044421062175121e-01 1.6539451775353309e-01 -4.0823484206672152e-02 -1.5899746529698461e-01 6.7459008315604904e-02 3.7187246380205562e-02 -1.5364877436261949e-02 -1.9983722999285061e-01 -2.4754393433917631e-02 1.3482531697888331e-01 2.9787600432659561e-01 -2.5737681823054742e-01 6.2719429169745142e-02 -1.3049303419979169e-01 6.9876138190018963e-02 -1.1809560879025560e-01 -1.2197835963139900e-01 1.1038863661623710e-01 4.7879746652347177e-02 1.5744698094706761e-01 1.2390169891179430e-01 -7.3268128537673866e-02 9.3476845752553505e-03 1.5573247603632129e-01 1.6943403696042059e-01 9.6891858096647701e-02 7.7326741176273542e-02 -4.8761034469950823e-02 -1.4798435383693640e-02 4.8854800932714007e-02 7.9581252781777620e-02 1.8539629401222271e-01
-7.6698744230978499e-02 2.3768394019119041e-02 -1.1162183910150481e-01 -6.6330302863008297e-02 1.8995647763931980e-01 -1.4032903111952050e-01 1.5308691423372359e-01 4.4515470463301232e-02 -5.5394516361451963e-03 -8.9949618081241051e-02 -8.1196332592264775e-02 -4.2864073187946203e-02 -1.0022472455354731e-01 -1.3988162478707980e-01 8.5930821156641260e-02 -5.9471124906982607e-02 2.9132520320114941e-01 2.9881439393964970e-01 -1.0740802036425970e-01 -1.5375491824178239e-02 -2.9386453554239231e-03 7.8346417246292113e-02 1.4225031129128199e-01 -1.1097465540303721e-01 2.8964902640835832e-01 9.8846379847634280e-02 7.2646437648659690e-02 1.6122261894513659e-01 -2.6970131496794297e-01 1.3952586397955419e-01 -1.0602539248037940e-01 -1.0611894007279760e-01 1.2042547741537570e-01 -1.8552883852709541e-02 1.0633678768414060e-02 8.7120272266800761e-02 4.4140143871668808e-01 7.8293026423869885e-02 1.2416539692559660e-01 -9.8573718551407272e-02 1.8549567850315449e-02 1.3469047599448339e-01 -8.1222945645880677e-03 1.2390342825926340e-01 5.8789927089874464e-03 2.5193193206882369e-01 -7.2493566296120667e-03 2.1365153535845331e-02 -1.2779208532193101e-01 1.0603154142724730e-01
-5.2815953668830101e-02 -1.1606909692139560e-01 3.4331001534937860e-03 9.6662807928332740e-03 7.2291712244317449e-02 -9.3919033213701944e-02 1.3418642942426560e-02 -9.6823160126700517e-02 1.2473783048947400e-02 -1.1484316906026421e-01 -6.7830481899155706e-02 1.2946938790919571e-01 1.6027458913270931e-01 -2.3450883650935789e-01 1.2185007798240299e-01 2.3437926767032220e-02 -6.7551259250162379e-02 -7.2521779541291478e-02 2.0166701395018891e-01 -8.2017638896198355e-02 1.6141933590081259e-01 1.4088146291128230e-02 -1.1207451894111900e-01 -1.8851452360019549e-01 6.0427656137857721e-02 -1.2521261496586861e-01 6.9785928763458099e-02 -2.9924068796553110e-02 -1.3571065780639390e-02 8.3397966835119727e-02 -8.1564165964224583e-02 -3.4307175171339077e-02 -8.3018986113578275e-03 1.2161605014132560e-02 1.5940698107020351e-01 -7.7671446318697129e-02 -1.2990074342073399e-01 7.7795365107247619e-02 4.6911459425420722e-02 2.6068417243464098e-01 6.5391107522644329e-03 -1.0494773860459319e-01 4.2690777733450830e-01 2.0233075674714521e-01 -2.7678909716883991e-02 -7.5103624841912187e-02 2.1897725983895281e-02 -9.2600298984312754e-02 2.4161831047566050e-02 5.3157787573114357e-01
5.0881379915820583e-02 6.9131223519484711e-02 1.6080623378004491e-01 -3.8467167724189782e-01 -5.1215031457420498e-02 8.6338232847542069e-03 -1.6233079654372570e-01 2.3844661398486419e-01 2.4284644473128059e-01 -4.5704940802563730e-02 -1.3871969871872630e-01 5.8880728964034547e-02 -1.7250762844886240e-02 -2.5128168923854231e-03 -2.3331978665732452e-02 -1.8244447831506780e-01 2.9248954658035731e-02 3.8053484072381759e-02 6.8247081630379347e-02 -1.5530177560370201e-01 -1.2431576919677810e-01 -5.0977726071258639e-02 -1.6127834637647839e-01 -1.6937477248199901e-02 -2.0935466183882581e-01 -9.6384044561719645e-02 2.8371270617376040e-02 3.6535138011540999e-02 -1.9333747744458479e-01 4.4028007495652458e-02 -9.5878776834755930e-02 -3.0936184900259572e-01 5.3478954660934892e-02 -5.5360230349668617e-02 -2.3517609724347860e-01 1.3329505279228621e-01 -2.4295915053672582e-02 1.7941025144768480e-01 -2.4049863738105501e-01 -1.1923034080566480e-01 1.1107933649273841e-01 -2.5138981684750750e-02 1.0230428383151000e-01 -2.8124249123808391e-02 2.3932860068903450e-01 1.3342097752611561e-02 -2.1460801081788210e-02 -1.1800390344702449e-01 2.4517118333588869e-01 8.3987499893546144e-03
-2.0823481927732060e-01 -9.4026829780900961e-02 1.4905824647805199e-01 -1.9340151160700431e-01 1.7745107639171201e-01 1.4358946299153810e-01 2.2991520879652599e-01 -2.0533120072238540e-02 -1.4432804776430139e-01 1.8148669811341980e-01 7.8374169517853275e-03 2.0210878105478211e-02 1.1841763786039371e-02 2.7822484302743178e-01 3.7303983513891081e-01 1.3498655934258780e-01 7.1018411672433460e-02 -1.0569381431878801e-01 6.1324038744168252e-03 1.0867656730875080e-01 1.1131268737107090e-01 -2.2137144656061369e-01 -5.8114840058790723e-02 -2.2908743959392611e-01 -4.3616283401011847e-02 1.2153556051506691e-02 -1.6516259957541940e-01 5.7275227446737017e-03 -1.0552273706797310e-01 1.4692597997906831e-01 -1.0128897893134510e-01 4.9659347705522557e-02 -7.3739028672508408e-02 -1.2854081410153839e-01 5.5205370532201502e-02 7.6167174666996948e-02 -1.3274598206609151e-01 5.8417574737105737e-02 -6.1839217429614422e-02 -1.2940040350878540e-01 4.2991025191526699e-02 2.7976899564348878e-01 -1.6582372995980979e-01 -1.9598008631303479e-01 -7.1433493791993449e-03 -1.2256678763876309e-01 -2.3127691663063998e-02 -1.1659759813840340e-01 -5.5236734113367547e-02 1.5099740071773279e-01
2.3850891784038791e-02 3.7135428395873561e-02 4.9081827357627901e-02 -5.5789817866143752e-02 1.4207308006886560e-01 -1.3949168986199609e-01 -3.4047280391228441e-01 -4.2689471209740197e-02 2.6622236733617949e-01 -1.5358179474022601e-01 -3.1450815587645863e-02 -2.1293874422676709e-01 -1.5796677958822311e-01 1.4545248761251980e-01 1.1706758088196340e-01 1.1864483414351371e-01 -1.5824995989660501e-02 -1.9885008892271550e-01 -1.8556854470619169e-01 -3.6127982387716799e-02 1.5705187751239619e-01 -1.4359311524753859e-01 1.3232536817230570e-01 3.6326599464173423e-02 5.4116503528392500e-02 -1.0220103419242709e-02 -9.7051918979199639e-02 -1.3335183448565141e-01 -1.6347081291682469e-01 3.0836232339155389e-01 -4.9567640621689502e-02 1.1292280860602361e-01 -1.5542148206511730e-01 7.3713483213801764e-02 -1.8945612728801631e-01 1.1126569157817810e-01 -8.3715693733467988e-02 -3.2446837730587808e-01 8.2906617049575998e-02 5.8987428443476042e-02 5.7948092188394501e-02 2.9595191238290639e-04 2.3303170010804961e-01 3.0858503596592299e-02 -1.4621761493350779e-01 1.3059154206718659e-01 3.6375553795257212e-02 8.3659419454926470e-02 -3.1241834289949640e-02 -8.1904978770053288e-02
-9.8887164269932298e-02 -7.8647628371358483e-02 -1.2595412032296099e-01 -1.2988071417718860e-02 -2.2268232764016349e-01 -2.2143774546580400e-01 1.0003245140903280e-01 -1.2494388978706221e-03 -9.3658545651044700e-03 1.2452735797000709e-01 -2.5403590922742247e-01 -5.6363269795859913e-02 -7.4654091158204067e-02 -7.3741197528359601e-02 1.3390357813758391e-01 1.0929347237487359e-01 5.6668447594055309e-02 1.2513801870498050e-02 2.5795743795037679e-01 1.6556929692054750e-01 -3.1003235184127991e-02 -1.1764684361939400e-02 8.1778329500771643e-02 -5.9826451010317042e-02 1.3365650961202169e-01 -1.1056517785243210e-01 -1.1567960480667140e-01 -1.7551466329868901e-01 1.0513119713729301e-01 1.9276660927916811e-01 1.0788232185851750e-01 -3.0907925920713931e-02 3.0881582695804571e-01 -6.4862173218147870e-02 -3.7745137227358472e-01 5.1861973394102590e-02 4.2921002469989568e-02 1.5201808636045819e-01 -6.1065798923809027e-02 7.6314776736854092e-02 -1.7523606176372289e-01 -1.9978592583537511e-01 1.0198801193510630e-01 -2.0364987117738559e-01 -1.1453729679262580e-01 -1.7803934491735529e-01 4.7233324765001729e-02 2.4203809172446852e-02 -1.2463093714364280e-01 -1.6281263947785921e-01
-2.1952070121056401e-03 -1.5328098978762711e-01 2.2396575799557450e-01 8.3352781281196608e-02 3.4755779693632680e-02 -1.8482812569491591e-01 1.0688177862842339e-01 -8.7232466402324890e-02 -8.7061121517958931e-02 -2.1725270749858530e-01 -4.8785335009171232e-02 -5.0243020339059773e-02 -7.1576646396552174e-02 1.5456635437012961e-01 -1.0102387814161271e-01 -1.6251560202125571e-02 -3.2950046288076112e-01 4.6831014203692227e-02 -7.9530200840642246e-02 -1.5974444566300650e-01 -1.0493075030455870e-01 -5.2661195769007837e-02 1.7421359606806841e-01 -7.2622239349214773e-02 1.1889054188213230e-01 5.6477122693486988e-02 1.3820686661058831e-01 2.4214677110592939e-01 -1.0961181898357390e-01 -1.2492238907504860e-01 9.5956176258991562e-03 -6.9157165449686628e-02 -1.9071613532165119e-01 -1.3824026844581510e-03 -1.6483971516593261e-02 4.7023105770779852e-02 6.1068549464604313e-02 4.0140737144089493e-02 -1.9671077802793710e-01 -1.4369540890988949e-01 -3.2375472470403083e-01 7.1943593984416174e-02 2.6177462754182390e-01 -1.8259437155034311e-01 4.5551908409370442e-02 -2.9964722409731231e-01 -8.2467575070041169e-02 1.4641702089838690e-01 -1.0214768003469840e-01 -1.7713566124475891e-02
-3.0527672265352890e-01 1.8069923806546109e-02 9.6127182719329018e-02 3.4345394869820953e-02 -1.4765910885818620e-01 5.5481630088854133e-03 -2.8031392170309688e-01 1.1105651951133000e-01 6.9355367576776961e-02 -1.0141316951760659e-01 8.4267443303052358e-02 1.8706127220752610e-02 -1.1534974879150039e-02 -1.5960634401994339e-01 2.5013365142224703e-01 -2.1226232829636590e-01 1.0493825454917380e-01 -1.5885503696837580e-01 1.3633254748658219e-01 9.7274440219105238e-02 8.2986458448744610e-02 -1.5884946400692701e-01 5.8996118105396962e-02 -9.7006583986277872e-02 2.8835323611821001e-01 -9.3502059237122515e-02 -3.9288217246830667e-02 1.4501198612868771e-01 9.1974632454103006e-02 -2.8129786185580208e-01 -2.2452380049377671e-01 1.3916502311101039e-01 1.5040217457959501e-01 -2.3188502591867409e-02 1.3216156907570711e-01 -6.9136293457698866e-02 1.1094918975484520e-01 -1.9565097467400361e-01 -1.9301354366137460e-01 3.6239416805160587e-02 2.2805397755037191e-02 6.6511962141432943e-02 -3.7486738831933049e-02 7.4229892281602927e-02 1.5311301584609549e-01 -1.2480121831236030e-01 -1.0422581277326309e-01 1.0864084867707401e-01 5.9939646460113738e-02 -1.8630120274831369e-01
-5.1295113983049888e-02 -9.0012614424456780e-02 -1.8596348692396031e-01 8.2206336403386635e-02 1.2262630493811591e-02 1.5521179802658991e-01 -1.3662068505929270e-01 2.3678965498948340e-01 3.2277496562231150e-01 1.2088607299427551e-01 5.7769370741614923e-02 1.6229105434228061e-01 -2.8094870047999269e-02 -2.1369924669369919e-01 -3.7271705049927828e-02 1.5327826430678301e-01 -2.0199327742868139e-01 4.3707564317394379e-02 -3.6905297195414327e-02 7.2799352466710987e-02 -1.4097344635643699e-01 -1.0643967937365210e-01 2.2352141475401949e-01 2.4387568803050100e-01 2.6008637693481731e-02 -7.9559813186436110e-02 7.1099589701160648e-02 4.2047254565607137e-02 -3.5995917200089808e-02 1.7846243730781311e-01 -2.6400487937424031e-02 8.9743265819616697e-02 -1.3448777064589151e-01 -2.2446261353821970e-01 8.0451515172637614e-02 1.7546749699091820e-02 -8.9226954051175936e-03 1.2450974157828180e-01 -6.1271714568319991e-03 6.0074504726959757e-02 -2.5153104262324519e-02 1.4632308966104421e-01 -1.6856343958971259e-02 -4.4865984884114750e-03 1.8932201550703340e-01 -1.2107176465668140e-01 -4.3884866581215091e-02 -2.7178301603610200e-01 -3.7403647165738280e-01 1.9396225920947571e-02
-3.6129908663990053e-02 6.8849504815355567e-02 5.0421908921763077e-02 1.2511330053943101e-01 2.0365746647652189e-01 -1.2276468136494800e-01 1.9130674220476751e-01 1.0979320536916359e-01 1.1671290242196630e-01 -9.9310822514488292e-02 1.8871030445562580e-02 -2.6172446765781648e-02 1.3376437164802710e-01 2.7352016337463270e-01 -3.1519819401270299e-02 8.0592361016493669e-02 7.8774460633521295e-02 3.2055221686669223e-02 1.1724826776632720e-01 -1.0696424316653461e-01 3.3742757211251959e-03 -1.6374743138962450e-01 -1.7957160902612529e-01 9.8814449501905766e-02 -8.2281438414245067e-02 4.2868955720867449e-02 2.9059160555744229e-01 9.4756864727163714e-02 -1.1349099506544209e-01 -2.0277135743837110e-01 -1.6030160855505859e-01 5.1820332364367838e-02 2.0434065761708481e-01 -2.6109395751361342e-01 2.4784124558601461e-02 8.0244601824181763e-02 1.3644148198191600e-02 -1.3219888106001071e-01 -2.5438658469465799e-02 2.6007997983686360e-01 2.0839187030322620e-01 -2.9913385508408202e-01 8.8721156606177149e-03 -1.3589639619576399e-01 -1.3057415964171601e-01 2.0129322330354769e-02 2.3755104517686251e-02 -1.2443474324253610e-01 -2.3495533271369279e-01 -1.3069385516390639e-01
-1.0178281346547970e-01 -1.2763736111113899e-01 1.5110747519512299e-01 -1.2306951899935080e-01 1.0078471682736451e-01 -1.7989534969998909e-02 2.4335425648437339e-01 -2.2180537192099700e-01 3.7378043215829571e-01 3.9425247395151693e-02 -2.7820376840368441e-04 -1.7675186518552061e-02 8.8471922472356551e-02 3.7084283861070828e-02 -1.8895889411162711e-01 2.1917415768107310e-02 1.4036558006069020e-02 1.2743970710675201e-01 -9.2157011193156016e-02 -4.9695196749553791e-02 2.0980435633145309e-02 -5.2098272497812577e-02 1.1074542309887800e-01 -3.4459731490331401e-02 1.4903591052248619e-03 -4.7076940840480412e-03 -1.5142498925761841e-01 -1.2416350788963740e-01 1.4006281631822050e-02 4.9742064849972158e-02 -3.0916556029647779e-02 1.8040978948873321e-01 3.1271355579276662e-02 -3.6174955985795620e-01 4.6778765132232947e-03 -3.0534180825963769e-01 1.0902640153842130e-01 -4.3552615504023458e-02 -9.2806878253718084e-03 7.7821395398494933e-02 -2.3045143789546221e-01 -6.5175217568065491e-02 -8.5941429914748305e-02 2.1662175165453379e-01 9.0613298472337969e-02 -5.3449049736126700e-02 1.2706471855236040e-01 -2.5203455192818469e-03 3.4496844658967829e-01 -8.9664583867833769e-02
-1.8083203005396850e-01 2.7594123924577080e-02 -1.4473784076854829e-01 1.6287109663348781e-01 -3.8716364217374850e-02 1.0834039953279410e-01 8.9819290452557154e-02 -3.4197332444815332e-01 5.7583822652577131e-02 3.3729975570183937e-02 -2.0083407042749060e-01 2.0299739424817689e-01 1.1060867905928130e-01 9.2339748539058367e-02 -3.2608377404848302e-02 -1.7593542273934279e-01 5.4691847154649760e-02 -8.4507751116336113e-02 -5.3129292012108011e-02 -1.1610507468693530e-01 -1.3851271398632389e-01 9.3241546151030530e-02 2.0922180036204699e-01 -6.0258957115142543e-02 -1.5496714047310289e-01 2.4530058624474091e-02 -1.8360063392688400e-01 -1.0122658898119891e-02 -8.7488763112902476e-02 -1.8420698896917250e-03 9.2081780052803722e-02 -2.4190994529555451e-01 9.5057523000515814e-02 4.7694251481153117e-02 7.4805833004654446e-02 1.3084612783287569e-01 -2.1989123538214899e-02 -1.6743555417142000e-01 -1.4355931857629520e-01 1.6766423868289770e-01 2.6512017775521768e-01 2.1897618913370970e-01 1.4665169904761341e-01 4.9403399900447821e-02 1.3085860297206239e-01 -6.6749918023189428e-02 2.9132006836539581e-01 6.1713232834732623e-02 -1.5086510569828471e-01 -1.4409974619327601e-01
2.2241170995981479e-02 2.2271733285561660e-01 1.7725834055725551e-01 -5.7263083975918207e-02 2.0616127939166071e-01 2.0969293523797350e-01 -1.4144942388318921e-01 -1.7787368478319510e-01 -4.9300224548798212e-02 -3.3513215951423717e-02 -3.3691155157528158e-02 -1.2011987477448310e-01 -2.5048860260809460e-02 5.2520107188382882e-02 1.7982543614472098e-02 -1.0532564533699521e-01 -6.9570930968642336e-02 1.4907006802467221e-01 -3.6964739406083108e-02 2.9039979166502472e-01 7.5407249113396149e-02 3.1358938688019788e-01 -8.5759887171220209e-04 -1.1444401334281430e-01 3.8610500544766280e-02 6.2510734020752773e-02 -4.3558447423877419e-02 -2.3213256605048210e-01 1.0153491289904960e-01 -2.1238829442975979e-01 -1.0767262636611299e-01 -1.1225763958733991e-01 -1.3343826820382401e-01 -5.7330958749544893e-02 -2.2225924766717939e-01 -1.4087190875364780e-01 1.2859127991236941e-01 2.0676070685201189e-02 -1.1451395817123150e-01 2.3359386710549010e-01 -6.0937978340209219e-02 4.4762791996471311e-02 1.1009693389976739e-01 -4.5679679687134267e-02 2.8670639264693869e-02 2.3544477539545281e-02 -1.5905802325393850e-01 -3.2160760966141327e-01 -2.1543834649688159e-01 -3.2538985146650670e-02
3.6183970535196779e-02 -5.6179004486323673e-02 -8.2354399498679245e-02 1.2676549506335739e-02 6.7698208358730388e-02 7.1512591065374873e-02 -7.7048483303395240e-02 1.4603745446116009e-01 4.7519411455960142e-02 9.9569923687051740e-02 2.0919353777184860e-02 3.4508421525430749e-01 -7.7028996102902009e-02 -2.9671581006392719e-02 -6.3512834380772213e-03 7.7012053252910287e-02 2.2528883733112910e-02 -4.1367445241821781e-02 -1.3074773855869279e-01 -4.4001017554731917e-02 -6.0444162879030677e-02 -1.8516797242645949e-01 2.1894281693424458e-02 -8.5518233385104406e-02 -1.2995653570349450e-01 8.7890708894537956e-02 -1.3983662617498749e-01 -1.5069554918345371e-01 -1.3459540910511729e-02 -2.1671052867581919e-01 1.8709856348867841e-02 5.9900741377649142e-02 -1.5016937810739131e-01 4.2394286064674637e-02 -4.4929467988513071e-02 1.9871363503077150e-01 3.8615310185953211e-01 1.3669524509703540e-01 -1.7012532730758351e-01 3.6600576749019781e-01 -7.7354879249239422e-02 1.3551195387334691e-02 -1.0335137287732010e-02 -1.0549877578173091e-01 -3.3122861688825339e-01 1.7319862052823091e-02 -8.8359870966998835e-02 2.2346926007331391e-01 1.6471741463946260e-01 1.1558215350365980e-01
-2.9863458865536691e-01 1.2315669886495380e-01 -6.6008709811575354e-03 6.1202244082970682e-02 1.5982146453136309e-01 1.1945170474326471e-01 -2.3185327170365901e-02 9.6927355836822340e-02 -9.0828271765097654e-02 -5.1495191364862657e-02 6.1136417234984482e-02 1.6055794837722120e-01 4.3228395533181380e-03 4.5429636334113871e-02 3.2297576030828397e-02 -7.2083487003425969e-02 -1.9872334046304990e-01 -1.8154323890119081e-01 2.0143026893791730e-01 -1.9518785725516111e-01 1.8574115115670159e-01 1.3879874050402249e-01 4.0411591497093197e-02 5.6709169595507931e-02 -1.5589133118324000e-01 -4.5962221633753702e-03 1.1580990780241510e-01 2.0507184143088689e-01 5.3550097053982081e-02 1.4542427222459731e-01 3.1349158377360181e-01 -4.4190495868900150e-02 6.4176684004401477e-02 -1.8477317315301769e-01 -3.6364860946034672e-01 -1.3954211451245011e-01 1.6994801262557649e-01 -7.2323234222359298e-02 7.5233779401188361e-02 -8.8612706649514580e-02 1.3519616073775430e-02 1.1446994882792200e-01 -6.5397342399694941e-02 2.2711870302371090e-01 -2.0144606012382871e-01 -2.6395913370950659e-02 -1.7190810589974351e-01 3.1203131677701699e-02 3.2179224273972823e-02 4.9139467669848322e-03
-9.3657499613224282e-02 1.5057935597960789e-01 -2.9739208307856070e-02 -4.0068029294618559e-03 -7.3928187871987572e-02 7.8149535780506471e-02 -5.8396548228538132e-02 2.5942216509972699e-01 -5.4462854977704089e-02 6.5508726961867769e-02 -1.4650473315016800e-02 -1.5991365531799179e-01 3.6298747297615191e-01 3.0369123323744380e-03 -7.4798217419023419e-03 -1.5268326407376890e-02 -2.2906655018517971e-01 5.1662534266671847e-02 -4.6515190375115908e-02 6.0172232240471288e-02 -2.2588854961319771e-01 1.5114244067739530e-01 -3.8556170264256992e-02 -2.7560626983253128e-01 1.0603930326703740e-03 -8.7899392316486517e-03 -2.7819043408942512e-01 2.4945210176386120e-02 -2.9243347728009028e-01 -9.7834816558011323e-02 6.6604085435247110e-02 3.4564086688412021e-01 -8.3448567573076379e-02 -8.4995950139304471e-02 -9.0177974391846799e-02 -1.7957863449340621e-02 6.9275739809085357e-02 -2.7290381188895870e-03 3.0157969432533151e-02 -1.6187933930920309e-01 1.2228945411603589e-01 -2.2085825352659330e-01 8.5223152973235530e-02 5.1893979989625950e-02 -3.7316815810799100e-03 6.1866859626874063e-03 1.8563449804130611e-01 1.5193083318061959e-01 -1.2747753132047140e-01 9.4055620213541039e-02
-1.7604504214667599e-01 1.7657466354510480e-02 -5.3024710503331088e-02 -1.8242449935544011e-01 -1.6950113541483131e-01 1.1761927785251169e-01 9.2476082366082388e-02 -8.0538395691898690e-03 1.2362126363683849e-01 -6.2805219714194616e-02 -1.3861292187012431e-02 4.1270545208496262e-03 -8.7007536224684531e-02 -6.3198649991469610e-02 1.5716947998689060e-02 -1.1216103552137120e-01 1.9591016860089089e-01 -2.3351729498035390e-01 -2.2281523775132220e-02 -1.2415391344098520e-01 -1.4744558404498659e-01 -1.3223535825161911e-02 2.2266645483010741e-02 4.4203231409879362e-02 2.1365242903111531e-01 3.6158456288679591e-01 5.1601269346029183e-02 8.2306247850187933e-02 2.0574154083301641e-01 -4.8384122633872081e-02 1.9312396487715929e-02 -5.6735781436110889e-02 -3.5473243014304701e-01 -3.7070600494303163e-02 -4.9350777812253083e-02 -1.9526395796999629e-01 6.3732292865496462e-02 3.4305377407929667e-02 1.4715448346663060e-01 -1.1246372895912440e-01 1.6459188649663689e-01 -1.8281880440173481e-01 1.1143216196731751e-01 -2.3645655356239220e-01 -1.9313977395463430e-01 -7.9550103202634795e-02 2.1960765169489591e-01 -1.9558870569621639e-01 1.9394701741614461e-02 6.0616006129346221e-02
2.4981749676256981e-01 -6.2794713443553418e-02 2.1321481880195911e-01 -1.2207906270303710e-01 -1.0721188255180539e-02 9.3125516175715198e-02 8.3890291768550160e-02 3.2644887433981168e-02 1.8273643392636640e-01 3.0851838683257682e-01 8.9328611276796227e-02 2.7656096483040762e-02 -8.1507470411793861e-02 -9.8533698762229380e-02 2.3100839862651310e-02 -1.4658294379794581e-01 -7.9000056652478681e-02 -2.2375934618682640e-02 -6.1910556415997041e-02 -1.9997291832492939e-01 7.2701332016535516e-02 2.1931632788442529e-01 1.6881567552570459e-01 -1.2710301967335960e-01 2.0483368135948771e-01 6.3957109071732285e-02 -1.0129089492704710e-01 2.4245679978742921e-01 2.3919051753239051e-02 -1.8080403648110979e-01 8.5457984400746853e-02 1.2840536461344859e-01 2.7548590622822039e-01 -2.4801563147843830e-02 -5.7401946343096012e-02 3.2827586793655977e-01 -2.3182135347821040e-01 -6.7725274299964958e-02 1.9505839267298131e-01 1.0542822935280370e-01 -1.9126532631728831e-02 6.1086603117570359e-02 5.4711406443567603e-02 -2.4362908677272262e-02 -1.7010003240992910e-01 -6.6974615778774456e-03 -5.3524248846878439e-02 -1.5823857738502561e-01 1.5312919578673810e-02 -9.5671441603614009e-03
1.1361476823145961e-01 -2.2776644715743591e-01 -1.7294458376068200e-02 2.2917396927920269e-01 -5.5232253276492040e-02 -8.1037655986177057e-02 2.8494120903393871e-02 4.2936953625241969e-02 1.5217516162693809e-01 -2.6790642495816641e-01 -2.0827315643742930e-01 -3.7616025388684509e-03 4.8289346587630511e-03 -1.7479347330083650e-01 2.9096869433390188e-01 9.7552450876115610e-02 -1.3664924867930919e-01 -9.0247095494674689e-02 -1.3309923107163871e-01 1.1283189293980150e-01 1.5717188682502151e-01 2.0112904905989101e-01 -7.4510368756940448e-02 1.1077817207972340e-01 -7.8016511109797279e-02 1.1019261722544020e-01 -9.2734955423911289e-02 -4.9932865107123581e-02 -1.3256955467910950e-01 -2.3238945072883810e-01 2.5533782570027849e-02 -1.7702332736881579e-01 1.8865655723291980e-02 -1.0070261149667310e-01 -7.4485096889539387e-02 1.0373671203091379e-01 4.7730395146593073e-02 -1.9355654824030741e-01 -7.7328673548563612e-02 -1.6963195881003451e-01 -4.9236719356091183e-02 -4.8028480233598347e-02 -3.4059197969399002e-01 5.9265709225787876e-03 -5.8238632786725530e-02 -7.5942263670918858e-02 1.8456607189690599e-01 -1.7724792986558091e-01 7.8154834091031758e-02 1.7631659081071899e-01
-1.0210500826499430e-01 4.4813904013462101e-02 1.8209444086661819e-01 2.3181856264814921e-01 -1.8215152935102261e-01 8.9926790365700240e-02 -2.9387621887289592e-02 3.0138991160540290e-02 -1.7444056583598741e-01 9.1610095631204286e-02 1.7868221645612259e-01 -4.2423405515203662e-02 -1.3603398088596061e-01 -7.2439175274996839e-02 -3.3834455849051409e-01 1.2265748896955921e-01 -9.0861205820820509e-02 1.5767431543941551e-01 -1.0800497685695409e-01 1.3686904660182690e-02 4.0272464635396921e-01 -1.8362616979793511e-01 -7.1183047097816740e-02 -2.9617059013524009e-02 1.2422213652276221e-01 1.4465524135486710e-01 -7.1350520871612436e-02 4.4391617132051413e-02 -5.9656815518443259e-03 1.1626928615091690e-01 -1.7054956552963579e-01 -9.2929424297411634e-02 2.0533619695518000e-02 -1.6176937140070222e-02 -2.2324798540855151e-01 1.5451544093463870e-01 7.7099298815341791e-02 7.6305418140794223e-02 -2.2910064737308850e-02 5.8883362615048437e-02 2.4428322789595039e-01 -4.1749349815711018e-02 -1.2871152472093391e-02 6.8959667769949703e-02 1.1419502984755610e-01 -1.9184935781810181e-01 2.7081572080089428e-01 -3.5769617950475230e-02 6.3016251782688965e-02 7.3202112634853156e-02
3.6564443551649362e-01 -4.8767009598139822e-02 -8.9313928948496213e-02 4.7177400069781890e-02 3.0384928859674191e-02 1.1051677869535430e-01 6.0686543829300853e-02 2.4260874996553431e-03 -1.0410725016451079e-02 1.2174748489618180e-01 6.5065422537131046e-02 -1.5542790148783811e-01 -1.2209505984455370e-01 9.0439846040136676e-02 1.0577973035202141e-02 -1.9445258974062121e-01 -1.0583107477815440e-01 -3.3313299567067828e-01 1.3736938624205960e-02 -2.9585952717392259e-02 6.2124244066500911e-02 -8.6660568009835681e-02 -2.6012977830844750e-02 -1.0348710075825671e-01 1.0525216028610920e-01 1.4587236066048881e-01 -2.4010247534797268e-03 6.8551452211934621e-02 3.9773742054353557e-02 2.3705209756327511e-01 1.7542907535865390e-01 3.7999678556386182e-02 1.5486178137680071e-01 -4.9079651467389858e-02 9.0882782870006715e-02 -1.5509660928928229e-01 2.2692045259122731e-01 -4.5124148484246368e-02 -4.4581246975022848e-01 5.0239432804245331e-02 -4.8945260130534773e-03 -1.7254708928231310e-01 -4.2169599866507840e-02 -2.2561580535557020e-02 2.0023036748126019e-01 1.8289141868452649e-01 3.8888815305416338e-02 -2.3355253815671780e-02 -1.0984514596844160e-01 1.6203089941428431e-01
-3.7226563377532683e-02 7.7692397255974724e-02 9.4831638617793687e-02 2.3988054612543061e-01 -7.7408782533370329e-02 6.4651496026342948e-03 5.7024711585033340e-02 1.7335980530276129e-01 -6.2023765972954253e-02 -5.2061398460362680e-02 -2.2989110487784140e-01 1.3838910764077400e-01 -5.1150969975548660e-02 7.3386815462287563e-02 -9.8917508077974114e-02 6.0404370257143543e-03 1.2083729110552870e-01 4.0542733679211893e-02 3.2285676607656838e-03 1.3904034592629981e-02 -8.1199718888295233e-02 1.1064897898466659e-01 -5.9129375130225377e-02 -2.7570388009603652e-01 2.7515750037894648e-01 -2.4709663386155670e-01 9.3561963401345927e-02 1.7684785612306200e-02 1.1103547438185070e-01 1.7475171390417210e-01 2.0503908233749349e-01 -3.3658699565316107e-02 -3.6351713664047458e-01 -2.4321126352466421e-01 3.8975255611282261e-02 2.2289724253215759e-01 -1.1777159487339139e-01 -2.0977822360509021e-01 -2.5904471304937820e-02 1.5376174068561499e-01 -2.5767442862221091e-02 -6.5103892947459427e-02 -1.3717821032886229e-01 -6.6455504497572315e-02 1.3516638136769599e-01 1.8051689202245980e-01 -7.6331173274294048e-02 -5.8024905812675227e-02 1.7361965605789581e-01 -2.5117288565983619e-02
-1.1082869390100510e-01 -1.3334266106349410e-01 -1.4805234769022901e-01 -2.1608747353189180e-02 -5.4247742734933192e-02 5.5108500051092559e-02 -9.2832484411574004e-02 -3.1113648264752571e-02 1.7983760250625841e-01 -1.8594318027175269e-01 5.1919352130753282e-03 4.0692809729699748e-02 9.1936439217197727e-02 7.5825386546669690e-02 -3.0037490224524338e-01 -2.1785935045736471e-01 1.3303608635898790e-02 4.3495806407735711e-02 1.5845508030036981e-01 2.7030380612368687e-01 1.3499856788036260e-01 8.4411830223924358e-02 -1.6575104391703591e-01 -9.3345286161265639e-02 -9.4497698819881557e-02 3.6252934470069531e-01 1.1371329218790079e-02 -9.4343265535829279e-02 1.4841409207272521e-01 1.3841506631306330e-01 -4.7026130652314577e-02 1.2792532820900601e-01 1.0384083495745680e-01 -1.9628684502109439e-01 1.4647383345802881e-01 3.4935747149889129e-01 -4.5502103350641587e-02 -2.6773478874736429e-02 -3.1690324778945442e-02 -2.2859793405590420e-01 -1.1129525877055510e-01 1.1395635151114160e-01 1.2454399487694720e-01 -8.1096186687143162e-02 -1.0059175641375330e-01 6.1437220491654287e-02 -1.2802154850463190e-01 9.4324571332594406e-02 -4.0400030429276347e-02 5.8575781961476538e-02
-8.5538974779968496e-02 -5.4491800146775397e-02 6.6232365492288683e-02 -9.0846226733913960e-02 -1.1036775207925360e-01 1.6831860062580559e-01 -7.3878243141233299e-02 -2.0192768332481359e-01 -7.0646659235420600e-02 1.9901663746679139e-02 -2.5750858097686419e-01 -2.2041008379162910e-01 -1.8723899886908750e-02 -7.9485096267819869e-03 -1.1689704282665270e-01 1.3808062292094361e-01 -1.2952181992873510e-01 -1.2886337281676660e-01 3.8061532954112037e-01 9.0175968839224172e-02 -8.4015245869333732e-02 1.5198653073675321e-02 1.1619592383545820e-01 8.0704815154723455e-02 -1.1203206192957391e-01 -3.7519114365296730e-02 1.5856209153067441e-01 2.8570539665019318e-01 -1.1165312047278250e-01 -5.1469944669995903e-03 -1.8741086363145831e-01 2.0360902581477860e-01 -8.0320312762163587e-02 1.4013263130256051e-01 1.3054750805880770e-03 1.6639651768054489e-01 1.4980740329440881e-01 4.2894321483247733e-02 -4.7929761164988427e-03 1.7325769331423740e-01 -1.2933093965243550e-01 8.8296842641448450e-02 -1.4074883621248191e-01 4.2176547064960660e-03 -6.6795448797365015e-02 2.5187403003478859e-01 2.2742325300102809e-01 -1.4302405249527850e-01 1.4275742303129779e-01 2.2538132678614500e-02
-2.2001281237930239e-02 -3.9993085525882988e-01 1.3465220981224779e-01 1.4002491379967280e-01 -1.8380936541097671e-02 1.4691557518582990e-01 5.8213160010689199e-02 9.5244304480460978e-02 2.6427640498828151e-02 8.9113654427397868e-02 -2.5375275499136679e-01 -1.9435387789564521e-01 -2.3351924909151649e-02 -1.5379706532761450e-01 9.5037183886974963e-02 5.0353531484010894e-03 -5.0278677938803418e-02 1.8139483942348089e-01 -2.0966786832926420e-02 -4.4159325286019208e-02 1.1701844395077749e-02 -9.2367807781063502e-02 2.0221604358001011e-01 -2.3652274958222211e-01 -1.7207941068697410e-01 1.5225019515287161e-01 2.0386555862045480e-01 -9.5775452135032052e-02 1.1578227660775180e-01 -2.1844219809998429e-05 -2.7099790721035751e-02 9.8544893443129385e-03 -8.2820177997612932e-02 5.5610242351300833e-02 -9.3571999587912062e-03 -1.1498606664847660e-01 -1.1406773648091161e-01 8.7609032715412385e-02 -1.3852224937447319e-01 -7.9496839991210530e-02 3.4410337880943881e-01 -7.1352784934651331e-02 3.5393026205798372e-02 1.9356863036283589e-01 -1.4929949892012331e-01 1.3669907971521661e-01 -2.1934369575864521e-01 6.8419059283809841e-02 -1.8418770109783940e-02 -1.9109866644486001e-01
1.2005193576000990e-01 -1.3655945850997031e-02 -2.7514689298480782e-01 -2.4200786770582619e-01 -7.1733501541498004e-02 -7.4743615388612947e-03 1.0295984431715249e-01 1.1263487870372940e-01 -2.1535771682732449e-01 -2.0794317249374220e-01 1.6155443287107950e-02 -4.7385992993480092e-02 1.7020923742657099e-01 1.7368811391874479e-02 -1.5435895216205781e-01 1.5333920503753781e-01 -2.0305954304858961e-01 -2.4217507231008181e-01 -4.6226231900276102e-03 -9.9264343991865053e-02 -4.1407754716323207e-02 3.2287104061845602e-02 1.7210838441283391e-01 -1.3735566934107399e-01 1.2474314334218700e-01 8.6998315702035714e-02 -2.1343591278780569e-01 -1.4676450642467810e-02 2.3142537529874291e-02 8.1056676618259840e-02 -3.6984467410420713e-01 -2.8798175422481281e-01 5.8597983017742300e-03 -1.2593917079681971e-01 5.2848626548933367e-02 3.4825497812741663e-02 -4.3176238757619889e-02 -3.2677910013861770e-02 6.0123284560122191e-02 1.4159686744298161e-01 2.9310905251784730e-02 -4.0227274871815037e-02 -1.4719914344198901e-01 1.6502115475326939e-01 -7.0403556882889962e-02 -4.6844842756905140e-02 -2.3835415051513120e-01 -5.1292021378262879e-02 2.7505543385358440e-02 -1.7874284232416701e-01
-2.3336124742069661e-01 -9.2506228749081251e-02 -2.0355552143149780e-01 -2.6316516830202702e-01 -1.0760563449441540e-01 -1.1852094949026540e-01 9.0795006025989833e-02 4.2021836164299747e-02 1.9877729761590260e-01 1.8720311591325739e-01 1.5757948448209250e-01 -3.4166382328128803e-01 5.2868348205124677e-02 -3.4684443413764360e-03 -4.4940216129985951e-02 -1.7477083583773881e-01 -7.9934746628306366e-02 1.3203736319157530e-01 2.3828488766930049e-02 -3.5680457645292603e-02 2.4821377177519249e-01 4.6924320090755332e-02 -6.9631245386098564e-02 2.0768874880354841e-02 2.6849661942152148e-02 -1.3232028184689160e-01 8.1806652457808604e-02 2.0112364128820271e-02 -2.6146130874632391e-02 -1.2107639688012981e-01 1.3479558268016320e-01 -2.4944140182598981e-01 -2.5608644484878118e-01 5.3734377184379040e-02 4.6252353297041948e-04 3.4820586987031887e-02 -1.0944153992790420e-01 -6.6607445456591613e-02 -1.2113880293799439e-01 2.2831461166780509e-01 -6.2055323873611130e-02 3.5207713211121157e-02 -2.2483581388716450e-01 -5.0145000000904154e-03 -6.6703156120645812e-02 3.7414246121243840e-02 4.5358918886626763e-02 2.3782037678458251e-01 -1.9451757497527181e-01 1.1172384980549650e-01
6.0452099567378431e-02 -1.3650834633871300e-01 -7.0134753477372636e-02 -1.7324054238990100e-01 1.5091722168921981e-01 -9.0653336745141297e-02 -3.1623654267461371e-01 1.5414650903525989e-01 -6.0020070674780331e-02 1.8446429250545019e-02 6.7203536469443492e-02 7.4768383367761940e-02 1.8429411446953439e-01 9.0715879019914625e-02 -1.0443851704481691e-02 1.5955157382037580e-01 7.1089709507156221e-02 1.6593223803913751e-01 -1.9275340231670951e-01 1.1450115746995040e-01 -1.8954049131049970e-02 2.1188038207096921e-01 6.7113192181933290e-02 -2.1762402335079889e-01 -5.4878044355335297e-02 -3.7697848053904311e-02 2.2193947385433249e-01 2.5337113691181712e-01 2.5580862532409421e-01 1.7829225731426229e-01 1.2609455340576690e-03 -4.2360195378960637e-02 1.2778177048313721e-01 5.3615502013633229e-02 6.8896025318105708e-02 -1.3344508762023549e-01 1.7670047666243981e-02 -1.1362412424969991e-01 -1.8669768698524561e-01 5.3921642992262923e-02 1.7595519433930620e-04 5.7323308983175947e-02 -2.9844456663476258e-02 -8.2579457002211781e-02 -1.8503584665056810e-01 -1.8436154632337651e-01 3.4984375438881671e-01 -6.3958171354735499e-02 8.9259918009742797e-02 -5.4012679476830722e-02
-1.5646250295940589e-01 -1.5574884019115470e-02 -3.5729838143004949e-01 1.2981512518974109e-01 4.8634515392608713e-02 -5.9872057178791592e-02 1.0489893317048310e-01 5.5071634604485172e-02 -1.2351622392427810e-02 9.8055885770736456e-02 -1.2617944460611319e-01 7.5629247043567993e-02 -1.0553303382480091e-01 2.3090991814476861e-01 1.4940475126569860e-01 -3.8638122912522099e-01 -2.9972797891254749e-01 6.9434408190212196e-02 -2.7908345623384778e-01 9.4345877249102872e-02 -8.8402513079093581e-02 -3.9170361165858848e-02 -7.9662943437806513e-02 2.3444876839384839e-02 4.5060902649248731e-02 5.5811748361471923e-02 1.5342194629365530e-01 4.3578928009053448e-02 5.5392042331336933e-02 5.1971995995788112e-02 -2.7946858871928409e-01 1.5933514317754860e-01 5.6069143039199139e-02 1.7503546689533200e-01 -2.1198373713280069e-01 -2.3239686297611709e-02 -1.2991537097990061e-01 3.1179289788334449e-02 1.0490209010268930e-01 1.1628954310279790e-01 -5.2225567374644177e-02 -4.3566873085635949e-02 -1.7369310327819701e-02 3.4120644401653431e-02 9.3804891631245405e-02 1.2342131450439241e-02 -3.4832327234378371e-03 -9.7221198450006138e-02 2.3579719169144711e-01 6.3407196181398937e-02
2.1316331522702411e-01 1.3522753786295649e-01 1.1103772132486980e-01 -7.2156783333735874e-02 1.5056797544078840e-01 -1.4257666842315059e-01 2.2662583851845320e-02 1.0273945282426510e-01 -3.9828451488377548e-02 -9.4807362978371071e-02 -3.3724001809387161e-01 5.7571114090089512e-02 -1.1763347730463540e-01 -2.0127707334375269e-01 -4.7665154885723857e-02 -1.6037993920085089e-01 -4.5739815909277464e-03 -4.5052579199853122e-02 2.7178886141798649e-02 -1.9317627780567840e-02 -2.3621436450882480e-02 -1.3733652823826850e-01 -3.2714840334048512e-01 -3.1810154114968389e-02 9.7344254942987665e-03 1.4952787991142971e-01 -9.6719198153674926e-02 1.0372620793093590e-01 1.1344437249741010e-01 2.4591310917622840e-02 -4.2124840913514421e-02 1.3183988266040589e-01 -9.6162981420435251e-02 -8.4085656149573404e-02 -6.0487872242192750e-02 -1.1661809365700181e-01 -1.7320982458086309e-01 1.2125366824480210e-01 2.0521217507538259e-02 1.4510879817478431e-01 -6.4385443393609049e-02 2.7773468403312918e-01 -1.4722186928062561e-01 2.1315980741981791e-01 -8.2482882196636617e-02 -7.8779511989743103e-02 2.4487542622406760e-01 1.8098346982934299e-01 -2.7237991856121418e-01 -1.4428769898596910e-01
-1.2704931445098999e-01 1.7882426579063779e-01 1.7242831148784221e-02 -4.9696207870554669e-02 -7.2823925296796807e-02 4.3265975866219393e-02 -4.7255363901209650e-02 -1.2792395791448219e-01 -5.3421236024719272e-02 -5.9262705730098980e-02 -2.6900091864139408e-01 5.2292884125051453e-02 2.6137923877282510e-01 -1.0462395681050840e-01 -1.1183039709165279e-01 7.1587292500780553e-02 1.9700343683124111e-01 -7.5701254707075866e-02 -3.3429208955766659e-01 -8.8109344271890336e-02 1.9600861899489200e-01 1.1617351379362230e-01 1.1628396068711780e-01 2.3866745255838381e-01 1.1758786100204750e-01 7.8251172449475340e-02 6.1960690686443949e-02 1.0613376921482000e-01 -1.3939708691628111e-01 6.5132528356067712e-02 1.2728136479735919e-03 2.1524385432700291e-01 9.3710537967510180e-02 3.7667087283087312e-03 -6.4435810214759304e-02 -6.7815686893163932e-02 -2.5122524794508921e-01 1.9150100702855999e-01 -3.2169777715199699e-01 6.2376253217364203e-02 7.1412531741786222e-03 -5.8830895163392169e-02 -1.3039653132905091e-01 -1.4741034975958481e-01 -5.0756937272814120e-02 1.8122531961199079e-02 -2.4462618090335531e-01 7.9972045542241146e-02 -4.6495448685084642e-03 1.3170209746278730e-01
-8.5624251725021985e-02 1.6120309390790559e-02 -2.4235359821225291e-02 1.9064473586753500e-01 -4.3042463956764823e-02 -8.5132997573741195e-02 -3.0764942949604140e-01 3.6142472100386860e-02 6.9785805177757496e-02 1.0440276952218440e-01 -7.5399207868952808e-02 -7.9045864219211392e-02 -9.4629539671026816e-02 3.2466707219517371e-01 -3.0952343108193881e-02 5.1810662998997198e-02 5.5092292677518051e-03 1.1278828942165560e-01 1.3015379995902379e-01 8.7212708284174531e-02 -1.1373587171176210e-01 -8.5217359168524021e-02 -5.1706552969560178e-02 2.7230960349446120e-02 2.1497847033444101e-01 2.4832087262225239e-01 -2.0265404217447061e-01 1.1874392673049990e-01 -2.5706960270177748e-01 -5.5810954167763778e-02 2.3365765788431911e-01 -2.2924749900255390e-01 7.4716406419508372e-02 -1.7625674418095372e-02 2.1364666059207771e-01 -1.7885258899147000e-01 -1.7162630548355690e-01 2.1721591789245170e-01 -2.4201686941664021e-02 8.3916883265865924e-02 -3.8080311187866013e-02 2.0736784430501979e-02 -2.7773663380160699e-02 1.9417317123142691e-01 -2.1398352866212650e-01 -8.8880142189730997e-03 -7.6255706890946004e-02 -1.6441016115907059e-01 1.3121852956977670e-01 1.8017429381895111e-02
1.9500744961853181e-01 2.5993292159616921e-01 -7.1023691331628261e-03 2.1528755033073799e-01 1.2250077137168429e-02 1.2705735353825390e-01 1.4704454473844711e-01 -3.1168312521019328e-02 1.7814177676751020e-01 -1.8110181554733040e-01 2.1375425941439119e-01 -1.6988148473251991e-01 3.8736122577057119e-01 -1.6302640320270129e-01 3.0358932914455611e-01 -4.7877165250206521e-02 -1.1469491279968309e-01 1.5304208123791310e-01 1.1529646868572931e-01 7.2968967776839880e-02 -1.0114848886983710e-02 -1.3643867483559169e-01 3.4345602575601673e-02 3.3221315306585043e-02 7.9591037725759428e-02 1.1528056648986050e-01 2.5098133952081391e-02 8.8544271675914540e-02 3.5654479453988558e-02 1.9279149049567590e-01 6.2521580878670255e-02 -1.0230777586160179e-01 -5.7821822663248569e-02 1.0873474714993510e-02 -4.9262393243913918e-02 4.2636408874552223e-02 -3.0909582933536090e-02 1.5538311731813839e-01 -2.1511561256770759e-02 1.3832707163406421e-01 2.1655323229263630e-02 1.9404740136565940e-01 4.4604487194052390e-02 -2.0165395561838900e-01 -6.9101102317775137e-02 2.5215262216515190e-02 3.7351424517183422e-02 9.0953969754759278e-02 2.6691999247545078e-01 -1.4947330161095890e-01
3.8328906327162772e-02 -3.9871195427911038e-01 9.4708390414790067e-02 -9.7257797699105558e-02 7.3086699370485425e-02 -8.6839836761871028e-02 -1.0805286361090160e-02 2.3457516772303171e-02 -1.1497456595318040e-01 -2.3969703046052759e-01 2.7966345626493951e-02 1.5326778287522799e-01 1.6972743634373391e-01 1.5821897297211790e-01 -5.9407554259079703e-02 -2.6334057041280268e-01 -1.0855614961385790e-01 -5.9890064248782973e-03 -2.6935351997889119e-03 8.9836818994968329e-02 1.9277513656287021e-01 -2.0634206938841639e-02 3.4292441607707877e-02 2.3424902298692829e-01 1.9968063733352101e-01 -2.9341283214312441e-01 -2.2384438789026270e-01 2.3520671178796850e-03 3.3049301048464062e-02 -1.9027254805575270e-02 1.4212243438644409e-01 9.0958861751180467e-02 -6.3247739645963641e-02 2.2077829369921809e-02 5.1385507232408183e-03 -5.0614587034482818e-03 8.9325871595014872e-02 2.8584169337307330e-01 3.9196071161027662e-02 1.7070083046302989e-02 2.4637070376902201e-01 9.6847056568520919e-03 1.9613846807022259e-02 -8.9083422796451636e-02 -6.4205604510247108e-02 2.1113387711629980e-01 1.0898366357268040e-01 -1.2363906733604910e-01 -2.6995504724811541e-02 -1.5691296045165651e-01
9.6108541382995002e-02 -1.8440675619279659e-01 3.8756164337043097e-02 8.5736883431938471e-02 -1.8004376254673091e-01 -4.9749645039925050e-04 -5.5302348568097397e-02 3.6740402174614000e-03 -1.5751487380477991e-01 1.2671958224315150e-01 1.0386589593408529e-01 9.6891750722295764e-02 7.2182843446250602e-02 5.0827966556637023e-02 5.3750790707608541e-02 2.1691583694081050e-02 8.3600590371634059e-02 1.7590533745997339e-01 6.9088583984945787e-02 -3.9060636498904240e-02 -1.7590486514412240e-01 -3.1819421872654428e-02 1.1187059755646791e-02 2.3384690324301749e-01 2.7127264308702860e-02 3.1350567648850441e-02 -1.5803016554499291e-01 1.1932486915191989e-01 9.3922643149853810e-02 -4.7139127202215303e-02 -2.6781432029758151e-01 -1.0538438800624020e-01 -1.0741538632515139e-02 -2.8830975753177518e-01 -2.8614176386353779e-01 -1.8732264613255439e-01 -1.4428222884585401e-01 -2.5602386729583332e-01 -1.1343926473605170e-01 -2.2012792082653179e-02 -6.6950351883276138e-02 1.6270235285855880e-01 1.5345510325238251e-01 -4.9462940504996451e-02 -7.2393431148120010e-02 3.6417432863026372e-01 2.8110212798604949e-02 1.5188853836545260e-01 -5.5819292052796628e-02 2.2957693250118821e-01
-1.9866001692792820e-01 2.0860542414780850e-01 -1.1509777379046680e-01 -1.1621605447593510e-01 -1.8274638294481910e-02 1.0467228009547810e-01 4.0635634789509011e-02 1.3110739869965349e-01 -2.2169514181268421e-01 -1.5458410463675551e-01 -9.4235087012301752e-02 -1.1612707703540180e-01 -1.3301329919877961e-01 -1.7379305310302620e-01 3.2558353970914229e-02 -7.9076126531284294e-03 -1.5714588220834749e-01 2.0282642267143119e-01 -1.8000174094781021e-01 -1.6771606660881949e-01 1.2326269641017749e-01 -2.9138619875804811e-01 6.3231992587107419e-02 2.3315314737347151e-03 -1.4432175022586499e-01 -5.7419105891845172e-02 -1.3918432554950391e-01 -3.8488445401969940e-02 1.3210285251439019e-01 -1.0108675517296370e-01 1.7592708122536951e-01 -1.1814644146505250e-02 1.5979282214840471e-01 -1.0337720124987040e-01 2.2451023998242889e-01 3.0858776630838500e-02 -8.1352088528101982e-02 -9.8887408788739556e-02 -1.0220896028187290e-01 -4.8576495037266673e-02 -2.2190310423506671e-01 -2.0695115583853410e-02 1.8542642709343080e-01 -7.9048492940058335e-02 -1.1312990628636389e-01 2.5941606645813242e-01 1.5076259500542011e-01 -2.6029942335828610e-01 2.4865424121397920e-02 -5.6731288409103561e-02
7.0413560836352446e-02 1.0185240335799860e-01 3.0995702998463149e-02 -1.5178332252518620e-01 1.0770578488495200e-01 -3.6902519600615002e-01 -2.1853191137434669e-01 -1.6811090913836360e-01 -2.0765848324662059e-01 1.2742503120584900e-01 -1.2941812623620110e-03 1.0033429220890951e-01 1.6024527604544650e-01 -5.6670480089455542e-02 1.0565626191934339e-01 -1.3215706640775149e-01 -4.2663695724024953e-02 3.9924338114788849e-02 7.9732626269166940e-02 1.2510893927361791e-01 1.8605684661609188e-02 -2.4756347450350430e-01 3.8494817081764848e-01 -9.9840389191895983e-04 -9.6412951185694706e-02 2.7074696262876791e-01 1.1073047631055050e-01 -2.5388177959363031e-02 8.0371535998804589e-02 -1.0362908157791190e-01 1.6138284774787121e-01 -1.2771011491660539e-02 -1.1497557100846270e-01 -2.1074623443780119e-01 -5.1681444049078457e-02 1.7640969418025701e-01 -5.4034017960691988e-02 6.0631300847297830e-03 1.1076440765703260e-01 6.1792947487838380e-03 6.0505137369650748e-02 -1.8743134901869060e-01 -1.5243743935406359e-01 6.3676024198897480e-02 2.2211453053841970e-01 2.8598589616815100e-02 3.4511583639698223e-02 -6.6622872098604010e-03 2.6658585075200979e-02 1.0440223633917130e-01
-1.8073710635785289e-02 -5.3822031769761892e-02 -1.9056383529119009e-02 -5.6072369222347408e-02 -1.5717578660777201e-01 7.0393754863100566e-02 -6.6164943228687156e-02 1.0559394412593090e-01 -3.9676285262272508e-02 -9.9730411008527267e-02 3.6468455967596403e-02 2.8333198460717690e-02 -1.9544387407240760e-01 6.1920128581212097e-02 8.1348874626988588e-02 1.3817439080280511e-01 -9.2950709564003503e-02 -1.8297113921414301e-01 -9.9697643919955115e-02 6.7226291130001281e-02 1.3439003123556281e-01 1.8131982778712810e-01 6.3885308992880974e-02 -1.3984348699902430e-01 -3.1905679418186852e-02 9.9924963302372535e-02 2.6555323304782408e-01 -1.2286717416302430e-01 -1.8223647652367911e-01 -1.4191166812357819e-01 6.0141597931988172e-02 -3.7083855587199982e-02 1.4970636749466171e-01 -2.8918390578618802e-01 5.0761251047603081e-02 -1.8388282395044361e-01 -1.0034904930026541e-01 2.4091819017592159e-01 2.4155155624678690e-01 1.7948288835213230e-01 1.5581873924629491e-02 1.5805265122412790e-01 9.9101754006205106e-02 -2.0146339119858220e-01 2.1864889409604321e-01 1.9947751954012519e-01 1.6983623121269659e-01 2.7937449108779239e-01 6.0770833648228509e-02 -7.5200859891127528e-02
