# CEC 2013 LSGO F09 rotation matrix (25x25)
-2.4644226565574701e-01 2.6323552827883628e-01 -2.8965360672052048e-01 -2.3698922993349299e-02 -2.0827866206428569e-01 -9.6525796496523569e-02 -4.1385961028032020e-01 3.3546896085715143e-02 -1.0753299799455940e-02 2.6438091333324132e-01 -1.9482121204909419e-01 4.4519482900706037e-02 -2.5556793541203687e-01 4.8977845297112389e-02 -2.1235703847427961e-01 -7.6896456920317227e-02 5.7265053216683577e-02 -1.8212186833643351e-01 2.0263647717373271e-02 -3.3913550924418229e-01 -1.0110976315155711e-01 1.2603550334653890e-01 -2.2658249445074230e-01 -3.1183795815228638e-01 -7.1941689050597890e-02
2.6815335040286280e-02 7.8074377779878967e-03 1.5477456138290460e-01 -4.2136558942419282e-04 -2.2268651833556141e-01 -2.3276367341925880e-01 1.6508755106641701e-01 -2.2439889210265809e-01 -9.3398695733536638e-02 7.1647787725736441e-03 2.3163290851379389e-01 7.1843465040961787e-04 -2.5308993554214931e-01 -4.1385866982452257e-01 -2.1967306078890900e-01 1.5891047029201191e-01 -3.7184796311620250e-01 -2.4699945827121009e-01 -2.7063698538250752e-01 -2.4831739618784360e-01 3.3458747374355127e-02 -1.8855871878226649e-01 -5.4909265034424740e-02 1.9345976762395650e-01 1.0637317955204389e-01
-3.5602571735748492e-03 -2.7103694990644478e-01 -5.9595335595245102e-02 -9.6580640275574642e-02 3.6513275554870189e-01 3.0325441386958601e-01 -3.9216593005159339e-01 1.3433657305917329e-01 -7.1096825374736800e-02 -2.3117230979175180e-01 5.6558077732510710e-02 -9.9891343328592994e-02 -4.9885861549297771e-02 -1.6712681073549870e-01 -3.0965596637460041e-01 -6.5147906838379996e-02 -3.3041200207970323e-01 -5.5955298042863998e-03 6.6857883179635508e-02 1.7636190843301180e-01 -9.3444822549602735e-02 1.5689390487625321e-04 -3.8876159550817929e-01 9.7496438205224356e-02 1.2155212963193340e-02
7.1096193849632533e-02 4.0005313005281778e-01 2.2342095221734831e-01 -1.1898580132611340e-01 -3.0424620819176271e-02 1.7034791522822160e-01 9.7607966563712317e-02 -1.6713328275597969e-01 -1.8407180317449101e-01 -1.0874543273908339e-01 2.4806461976048291e-01 -6.9154830118939459e-03 2.7144409091512489e-01 1.0544859372925330e-01 -2.6943960589562432e-01 -7.7082270561208407e-02 2.0787130514794451e-02 -5.0416395364199418e-01 2.4532550957560431e-01 2.2219108454316941e-01 -3.6635556512409169e-03 7.5311114320142758e-02 1.8027996938380881e-02 -2.5020147004571802e-01 -3.5995137542894321e-03
-1.5125549910060290e-01 -4.3957872810090032e-01 2.9017767525611771e-01 -7.6693936609459418e-02 8.6337397179589201e-02 -6.3618399714309229e-02 3.3076552943387622e-01 3.0521127619905319e-01 -2.0767046478631309e-02 1.0816306380090381e-01 -1.1919767591213130e-01 -7.5143433191161596e-02 1.1585766482334610e-01 -9.4863651368660415e-02 -7.9644596713043192e-02 -1.4034024130151601e-01 1.8694123429795531e-01 -3.0892241258097469e-01 1.8161903827808989e-01 -3.5655142909116139e-01 -1.5215511588545161e-01 1.4971816869536350e-01 -1.0777494028428081e-01 3.0217279244595840e-02 -2.2518983397743811e-01
2.0874012712938830e-01 -1.1658079436869270e-01 -8.3594912041625724e-02 5.6680595779909426e-01 -5.7580604967733220e-02 2.6970731172812779e-01 -2.4113995684956978e-03 -1.7860817117779040e-01 4.5962072150267071e-03 2.1264250456848729e-01 1.6022455393066101e-01 -1.2931204045565961e-01 -9.7642858537522040e-02 1.7746770623966471e-01 -9.1637428636769727e-03 -3.0746618774556339e-01 -1.0445791473681260e-01 -1.5219777746999569e-01 -1.9792504353147680e-01 -1.6193181179285011e-02 -1.1645212521765680e-02 3.6473456391824738e-01 6.5474575547488187e-02 1.8483702878923189e-01 -1.9545992530200271e-01
2.4205402274609500e-01 -4.2258945382121639e-02 -2.3834319744299520e-01 1.7745626197366859e-01 -3.6242870010002542e-01 -5.9646616479691272e-02 2.9073033180613012e-01 2.5847074846555101e-01 1.1314374755214410e-01 -2.3509488265119950e-03 -1.4236055479713941e-01 3.0334836923374769e-01 3.7188159606758538e-02 1.2100440816509619e-01 -2.9771429849302428e-01 5.4527168351181522e-02 -1.2905356282709310e-01 4.3783168896583111e-02 3.4611598643840968e-01 1.2443439948022710e-01 1.2654466498794670e-01 6.8271261603008934e-02 -2.7625863066466838e-01 1.5791397355289249e-01 2.3785352559114040e-01
1.2910981292918160e-02 4.2271736286001241e-02 -2.0491661061243191e-01 -5.5354312271575778e-01 -2.7582426807723331e-01 1.2634203513421560e-01 9.2141897373414328e-02 -2.1481712267896511e-01 1.4003107655602690e-01 7.7518203539966066e-02 -1.6031503276188899e-01 -7.0694165291480426e-02 3.0849134516017479e-01 -4.1131848520227027e-02 2.1414651983921711e-02 -3.3087545996086809e-01 -3.1759803375651458e-01 1.3031929073029930e-01 -4.2471406882632887e-02 -5.1569379350570412e-02 -8.1776814536195189e-02 9.4020475113638841e-02 5.4609625902731850e-02 2.1337546100341029e-01 -2.3130509670705429e-01
-1.1833255879600450e-01 8.1681559797737863e-02 3.9269863344336520e-01 -1.0621771443121840e-01 -2.2050742381798710e-01 2.1598209600761500e-01 -1.0982286636792880e-02 7.4175058348574838e-02 3.0479223088410362e-01 3.1661250068960078e-01 -1.0903293641697040e-01 -4.0166956173212809e-01 -2.5989411186630562e-01 2.0060283471762361e-01 -1.4438208449350379e-01 1.5928542218900291e-01 9.6530392328418674e-02 2.1383349219394231e-02 -2.6833317807102301e-02 2.8364673288606790e-01 7.4165623872651243e-02 -1.9118208160791339e-01 -1.4285701743144211e-01 1.9068816889921389e-01 -5.2837478711571302e-02
3.7549038647773542e-01 5.5838412388422333e-02 -3.6358009640663269e-02 -1.6648351898529071e-01 3.0770254371719158e-01 1.9425585782864360e-01 1.3740398888008479e-01 -2.6642351171593631e-01 1.2156206125614541e-02 2.0058190207266419e-01 -1.9236191968903540e-01 3.3152553725054247e-02 -3.6146301170945992e-02 2.2367555216301671e-01 1.7537280438430941e-01 2.1307000940222859e-01 4.5560142834199277e-02 -1.4715098348851210e-01 -6.0344990571206930e-02 -2.4994172521065930e-01 -3.2761591380471172e-01 -2.8782088981104788e-02 -2.6266210259414441e-01 7.3161549028147643e-02 3.5531942893111518e-01
-3.3435358201610638e-01 -8.8134213074147594e-02 -5.8137515736778320e-02 -4.1883138329011256e-03 -2.7735510932010798e-01 3.5196456348521110e-01 8.4630436342665399e-02 3.2930652715286821e-02 6.7936165513083818e-02 -1.2111522135297730e-01 2.3793471173894579e-01 1.8719805689858909e-01 -5.7649758107678438e-02 -2.4257145918148170e-03 3.0112000982936332e-01 4.9246242289544317e-01 -1.5121483841530731e-01 -3.6247447975948650e-02 4.7298445206082763e-02 4.4842016993653422e-02 -3.2489249052362967e-01 2.5185595701965441e-01 -4.1862070586940699e-02 -8.1674394781392559e-02 -1.2120766184843390e-01
-1.3217379360099490e-01 -2.8434513431020450e-02 1.3135556543212720e-01 9.0881232316914862e-02 9.7156781691274993e-02 2.2190582973487891e-01 1.9531440005598799e-01 -2.4759496961392180e-01 -2.6106915729419361e-01 3.1046316371548999e-01 -2.2219370489651871e-01 4.4866621976813870e-01 -4.1022941381699082e-02 -1.8665706785002370e-01 7.5510887330082668e-02 -9.6585588445767562e-02 -2.8118570131321002e-02 1.2754498382710369e-01 -4.8004706996026110e-02 1.9608276996374180e-01 2.1200749115837281e-01 -1.9563281109363939e-01 -2.8702922686084059e-01 -1.8948432777941929e-01 -2.6829872804626520e-01
-1.8375597267861801e-01 -8.5600027806172263e-02 1.9207351225804231e-01 -1.5710630575432150e-01 1.3905674314459171e-01 2.9196080255459601e-02 6.7589847692628435e-02 -1.5029852299832530e-01 4.1937745568288748e-01 1.1663464175154660e-01 1.8441453839779909e-01 2.5876978962806130e-01 -1.8188183758403190e-01 -1.3186814084971549e-01 -1.6474419165627840e-01 -2.6180899681654829e-01 6.4230652302152469e-02 1.5598886501054260e-01 -3.2681748313904448e-02 5.8168236733834283e-02 2.9384333611573971e-02 3.8887588374099641e-01 1.0341675613665340e-01 -1.6307989699219741e-01 4.3713886989368150e-01
-4.7345286406869269e-01 -1.8650092224649081e-01 -1.8206628472012509e-01 1.5372160527061540e-01 2.0081079136479130e-01 -1.7875205723461990e-01 7.0347560069457707e-02 -1.8853372124031820e-01 2.4368422049960919e-01 8.4074104366312255e-02 4.3274400860457703e-02 3.9358611616777534e-03 1.9360873806106541e-01 4.0745114571753221e-01 1.1146681980075511e-02 -3.7002247724492350e-02 -3.2130985560330072e-01 -2.4134493827179709e-01 6.0063176196294317e-02 2.3970853349489799e-02 5.7902119480480678e-02 -3.4262087335659802e-01 2.7944565749428892e-02 -1.6662501086770240e-02 1.0347779156384630e-01
8.8992795493006871e-02 1.4325529439984569e-01 3.0632585191604611e-01 -6.2255299140169000e-03 -1.8788818112805421e-03 -1.1114292103937390e-01 -5.7818160419000099e-02 4.6471789400362429e-01 -1.1562009195607049e-01 1.2525601815485049e-01 -1.0036096056564790e-01 2.5194134746619068e-01 -9.0735111659319689e-02 1.8562657646370720e-01 1.2449232293644540e-01 -2.2843540756558131e-01 -4.2417787578242860e-01 -3.2839895145978813e-02 -1.9621932470915049e-01 1.4444379677359631e-01 -3.7781725575609743e-01 -7.0291684522542086e-02 1.8967773832990731e-01 -7.3342705982705231e-02 6.0266226043605403e-02
1.1182785623194599e-01 -3.8837040615153862e-01 -3.6641329398579801e-02 -1.8967257595786219e-01 -1.5119794531724259e-01 -9.2984716143684018e-02 -3.3985843892212908e-01 -1.6742879621224709e-02 -2.2138261482770971e-01 4.5232315907665072e-01 2.7664270180063771e-01 2.2798030114935861e-01 2.7404721724902298e-01 9.6130758165537650e-02 -1.8268182505612179e-01 2.0097349321261401e-01 2.0371567961674850e-01 -3.2531845814389497e-02 -1.1020273867234361e-01 1.3980232987619390e-01 -4.0307247446380902e-02 -3.8930863193758561e-02 1.4316758712632330e-01 1.0586466536159091e-01 5.2370048191772059e-02
8.0841432989662343e-02 9.3625671117191403e-02 -4.1635073845638297e-02 1.2495814676118860e-01 1.2327200721829291e-02 -1.1423741437954869e-01 1.9511655680982279e-01 1.0247594353095189e-01 2.4388487053233121e-01 -1.4059634048394170e-02 2.4836489394411060e-01 -9.4134285623837577e-02 3.4582953495334201e-01 1.0527376929322201e-02 -2.2630614661747861e-01 2.3811939698076798e-02 9.4393474838801505e-02 2.6136927713657071e-01 -4.4775294353721312e-01 -4.5134982102097926e-03 -2.5353435533119600e-01 -9.0409797240598666e-02 -3.6367107185532382e-01 -3.1338652935178291e-01 -1.5236212722009640e-01
-8.6133414385232782e-02 -1.0123809299328160e-01 -2.0872644510801691e-01 5.8684996760378604e-03 -1.3963396915806020e-01 -1.1954796347421889e-01 5.7246376176349770e-02 9.3888148925353576e-02 -9.5520676223699377e-02 1.0651148260103620e-01 -1.6939932207708561e-01 -2.9452222271899708e-01 1.1580865139961791e-01 -3.0800990631096392e-01 3.3601057070785029e-01 -1.0429212369038950e-01 5.5724443969666387e-02 -3.1853802492937738e-01 -2.2327143381661030e-01 4.2496908115335391e-01 2.2776864874100342e-02 1.4408430633656580e-01 -1.8851892417639871e-01 -1.2057279934970951e-01 3.4424172066765862e-01
-1.7948910122040179e-01 -3.9918255364888557e-02 1.9824279603626649e-01 8.1982974110454770e-02 -3.0460877290970573e-01 2.4822226109892900e-01 -1.9034230529875160e-01 -3.6114088521083783e-02 -9.6585998689799491e-03 -4.1144029368057622e-01 -1.3526318006963040e-01 2.5299704704993953e-01 1.6896260828681089e-01 1.2610072521825630e-01 2.5424422362748760e-02 -2.3710269757509500e-01 2.8234782722970853e-01 -1.1032923576524130e-01 -3.1566042090474589e-01 -1.6401859322765819e-01 1.1904877440221730e-02 -1.8020629602147220e-01 -1.3416499317827610e-01 2.2926112451291991e-01 2.3157353353331539e-01
-9.1999360181953801e-02 1.4614763671092740e-01 7.6930823230674274e-03 -2.4354004746863431e-01 1.3695602459516401e-01 1.4995752169095711e-02 7.8751334339883683e-02 2.9413979058732409e-01 -1.8809055968725061e-01 5.2882877588586202e-02 2.4873927609686189e-01 8.4723398650700336e-03 2.0694836976893768e-02 2.9658751016772128e-01 1.5444798745154559e-01 6.5302394844666864e-02 -1.2590067338781361e-01 7.6181576060673209e-03 -2.5309792287122262e-01 -1.8752242811361181e-01 5.7117274468619517e-01 2.7072019521803298e-01 -2.4029781922862789e-01 9.5667727668862529e-02 3.0335409617016289e-02
-3.6716277545293569e-01 1.1135614309330760e-01 1.2168342281462780e-01 1.2168164676659179e-01 1.7494198715719229e-02 -1.7853464591629489e-01 1.1343543629615779e-01 -1.9352794091902509e-01 -4.9324540598597572e-01 8.7978540975327015e-03 -1.3784366512389579e-01 -1.9107730303843251e-01 1.0074119000980150e-01 1.3374494109550961e-01 -2.1902947401421680e-01 5.3136360119394821e-02 -2.1633220842752560e-02 3.6129165624303661e-01 3.9509800965428957e-02 4.7411002346442722e-02 -2.5213420852168089e-01 2.7964940689247858e-01 -5.5043477276790119e-02 2.1942227361539871e-01 1.8762494717089179e-01
1.9809835462666550e-01 -3.5646384375119422e-01 2.6940020340692489e-01 6.6683952076917897e-03 -2.0769529386406721e-01 -9.1186171361322850e-03 -1.0478924236482670e-01 -1.8339315782884519e-01 -3.3955042194894508e-02 -1.6097852650363051e-01 -3.1574250186248198e-01 -1.5765925405959069e-01 8.4539300220615718e-02 1.9062573916554479e-01 -6.0624010581785563e-02 1.8428491590272941e-01 -2.7788484646954592e-01 7.8222477063136078e-02 -8.0462306991571850e-02 -1.0062425869810961e-01 2.1999300218865411e-01 1.5896697828628900e-01 6.1837177140861142e-02 -5.0950077195077492e-01 5.8964270726288653e-02
-1.7608459838608960e-02 -1.0537170921913920e-01 -2.4544800990537149e-01 -2.1361134945445071e-01 1.3284591524497480e-01 -9.3735391300914739e-02 2.3241120322803641e-01 -3.7890974545131087e-02 -3.6288886044901818e-02 -2.6182371294690909e-01 -2.3526298900766740e-01 1.4254542399191319e-01 -3.2887403770371620e-01 2.1374085086843039e-01 -3.0601878088116741e-01 1.1482490835047621e-01 1.6364497693108690e-01 -2.0763076193798041e-01 -3.8133891215610949e-01 2.8156740915185241e-01 -3.9103223392756480e-02 1.2139738626462290e-01 1.7223877191729839e-01 3.6634187035842702e-02 -2.2967537484959771e-01
-1.4093971251875240e-02 2.3097767771766139e-01 1.8962652051369111e-01 1.6601589434172889e-01 2.0456515158046890e-01 -1.7152163714372021e-01 -2.3746721659676651e-01 -1.9835028068565429e-02 3.1791999233873242e-01 4.5034943810271802e-02 -3.2448568877897999e-01 1.9181166169262431e-01 3.5633032609276821e-01 -2.0059125520363910e-01 -2.8183616653452159e-02 3.2144576767345467e-01 -8.3134012227492379e-02 -1.6580541869377891e-01 -9.4567216188575651e-02 5.3015218915756113e-02 8.9803828963516588e-02 3.0287200023932809e-01 7.6569430949668680e-03 2.6170282031360870e-01 -1.5449032104488669e-01
1.2833821756285599e-01 -9.5035081040816927e-02 1.9762308659522829e-01 -9.7847260550903301e-02 -9.0844401030797745e-02 -4.9855744556615550e-01 -1.5814871132376149e-01 -2.6688719208755479e-01 7.0680111602414858e-02 -1.7079485792252419e-01 1.7483415261030860e-01 9.6097903572036694e-02 -1.8106240891483541e-01 1.9805619737694971e-01 2.8952045441855528e-01 -1.4710020883399069e-01 5.1529403774860393e-02 -2.0992996610566882e-02 1.6515029117289690e-01 1.8004598798233001e-01 -9.6237443573417694e-02 1.2307535621040540e-01 -4.2115953026924507e-01 8.8893644167080593e-02 -2.2114270541639380e-01
