# CEC 2013 LSGO F09 shift vector (D=1000)
-2.2440144544249221e+00
-4.6717306270893042e+00
-1.6723636031918310e+00
-3.3528597122954960e+00
3.6496348498069868e+00
1.1788586313473021e-01
-2.3638370431840819e-02
-1.0788575349366160e-01
-1.5723186950236350e+00
1.9454279444064200e+00
2.9108276814987741e+00
1.0616843002359719e+00
3.2811225450225061e+00
-3.4568907586304340e+00
-3.3496345580091602e+00
3.2746614385872408e+00
-1.8350412594662029e+00
2.1500835042320761e+00
-2.4481584046206168e+00
-1.2383614522444499e+00
8.2454358846269105e-01
1.2787735357639101e+00
2.9582232742054209e+00
-2.3466924443515040e+00
-1.5116796178723280e+00
3.6287760447780091e+00
-6.2534161452333137e-01
-3.8386271581373341e+00
-3.9623063949003301e+00
3.1348012809241381e+00
1.1266498238747731e+00
-2.4743131527134219e+00
-2.3027445050697279e+00
-3.1685605926110689e+00
2.3573381072224100e+00
-2.2009737434271539e+00
-2.7268213815083859e+00
-1.5959000790200790e+00
2.1805022751225280e+00
7.4021048504428122e-01
-2.7110417074611339e+00
3.6455739944154059e-01
-4.4649896288068156e+00
-5.8115806986764784e-01
-3.6658362904325248e+00
-2.0593041162559440e+00
1.0622683049146859e+00
8.3612242577097629e-01
1.0928549016327429e+00
-1.5615386527430390e+00
2.8551714744255601e+00
2.2443813784850901e+00
1.5238946491658381e-01
1.5779731588329511e+00
4.3755478570918154e+00
3.3021410189962408e+00
-2.4146345268616280e+00
-2.6742913117403440e+00
3.5574957126424178e-01
4.6637369181846937e+00
-1.5324624561709319e+00
-3.9423641500135531e+00
-3.4503797976680273e-01
2.4851424019757902e+00
6.0504078082161250e-01
-1.2523008616862041e-01
-3.9797940454067948e+00
3.1689498447005668e+00
-4.8235022114248114e+00
-2.8519312206823422e+00
-1.8444936708437509e+00
1.8753195033932140e+00
-3.6055300684912628e+00
2.3807791580735969e+00
-6.2895174151824285e-01
3.8562720604762668e+00
-3.1260421988230491e+00
-2.0233554493705102e+00
-2.4106951647896679e-01
-4.8654844505337413e+00
3.3349328970900580e+00
3.9728270014283358e+00
3.9262869699961960e+00
-2.9441852044802861e+00
3.3431091534202778e-01
1.3747420328443740e+00
6.8206410928750516e-01
4.4471300341926634e+00
4.8062552018035021e-01
-1.6243829152375271e+00
2.7635302005283560e+00
8.0238678564442578e-01
1.0365256792615090e+00
-1.2584793338963509e+00
-9.5449654146923454e-02
-2.6985314517744352e+00
-2.9107331561662968e+00
1.6639119750610529e+00
1.3112277674961430e+00
-1.3847924434488870e+00
2.6333372485113422e+00
-2.2517781225397520e+00
2.6260959226033300e+00
7.1306925981994662e-01
-2.2993867931409739e+00
3.0801405818640699e+00
1.4933529781785460e+00
4.5175673792619060e+00
-4.6969131806903217e+00
4.0341448276065872e+00
-2.3074697677816300e+00
-4.9961352732927482e+00
-4.3213172544059226e+00
1.7495910111399939e+00
-6.4302598025064528e-01
2.7715315275100388e-01
-1.7144714966843979e+00
-9.5187643066364791e-01
2.4132329448378602e+00
2.1039307247568182e+00
9.5615772572088376e-01
4.8049726931551353e+00
1.4395468592909910e+00
-1.2579927738852441e+00
4.2329677792095838e-01
-4.8889179738514166e+00
-1.6586602977500799e+00
3.0772214725585720e+00
-3.5006082935196909e+00
1.7142135954658171e+00
-2.1473923679325260e-01
3.2568793590772280e+00
-1.5496788433420119e+00
-4.4920939721082492e-01
-2.5701197732016738e+00
-4.3853649608744636e+00
-2.6199817962897858e+00
4.2524246103801588e-01
-2.0509659221800671e+00
-8.7582660852241656e-01
2.7270362907092500e+00
4.4801294203362181e+00
-1.4299711240112221e+00
1.6572568593790700e+00
9.0285233626829664e-01
-2.0586848291775270e+00
-1.6985139550489610e+00
1.4741343167906320e+00
3.0649117518469131e+00
3.1421037903194149e+00
-3.4950667909653321e-01
-4.4842483220477716e+00
-1.7093196549859240e+00
4.6484469234940082e+00
3.5962809288344402e+00
-2.6133432448718432e+00
-4.2047500735748997e+00
1.1543611788474790e+00
1.1258766736043380e+00
2.2664065904298818e+00
-4.5939843231051452e+00
4.5295891628593266e+00
-2.4775809266323270e+00
-1.8803367976761041e+00
3.4097774215412402e+00
3.8132014854353260e+00
7.2445673789103071e-01
2.4239984544478732e+00
2.9216996741475021e-01
2.3170087191325490e+00
1.0679828349408420e+00
-3.0631346836304911e+00
-2.5834268777535130e-01
1.7613145840974480e+00
-4.3505244017002980e+00
-9.6444176616486565e-01
1.7464015436379980e+00
4.9292799114944819e+00
6.5530241564399561e-01
2.9140578685456000e+00
3.7901951757777050e+00
-3.2597201293063138e+00
-4.9215101378215689e+00
2.8577537291784960e+00
-3.9224653773749250e+00
5.1828154058464315e-01
-2.7513835170620282e-01
-2.8520851500438180e-02
-2.2988850194075470e+00
-4.7569291168321728e+00
4.8765467197658030e-01
-4.9776722493173917e+00
-3.4584260920448043e-02
-3.6899148676421660e+00
-3.5730489828438690e+00
1.6195285359067191e+00
1.0463986451053990e+00
1.0817137899610720e+00
1.1578787167806659e+00
4.1206983614799677e+00
2.5745014097359120e+00
-4.2641736653503219e+00
2.6630573102644628e-01
2.1413660095781220e+00
3.9119819532859079e+00
7.3562190266774008e-01
2.0568835055557280e+00
-3.3360277818681570e+00
4.2563953075823191e+00
1.8070472109368499e-01
3.9402274584048329e+00
4.6812743163471178e-02
-4.4316842791536653e+00
2.6591413690875272e+00
1.6435216413469280e+00
-3.7521558916651049e-01
1.2800139965199280e+00
1.6145708126935761e+00
1.6795658436374910e+00
4.5107577872635058e+00
-2.6210588757881430e+00
4.7024717309144837e+00
2.7045481662433661e+00
2.0132498849448739e+00
-1.3667834435683659e+00
-2.1503567683614291e+00
2.5486466262890528e+00
-8.4524786939839425e-01
-4.0593747141436856e+00
-1.3098902625379341e+00
7.0550182033284736e-01
3.5400390144164762e+00
-3.8228160744162691e+00
-2.4821224009628060e+00
2.0588589021176400e+00
-1.7823836192273179e-01
3.5966811233528401e-01
-4.2172138392797862e+00
2.9713298970570379e+00
1.4170155886846310e+00
2.7166620301851432e+00
4.4477297494323992e-01
4.4909259264641721e-01
-7.8819014679138377e-02
-2.3131122600083098e+00
-3.7479858574839842e+00
-1.5204700745551261e+00
-7.3937221254055818e-01
1.2542985385539871e+00
3.6280924860808490e+00
3.0590031834719191e+00
1.2057338153871171e+00
-1.0258466101598669e+00
7.3670347029107808e-01
8.6880842053235291e-02
-4.0200272344025029e-01
5.8820816347791638e-01
3.9033328390991882e+00
-3.5361341765896270e+00
-3.9910963791377632e+00
-3.6664462641699549e+00
1.2919698214468561e-01
-4.5875678249127967e+00
-3.4495362200554900e+00
-3.8577929997552070e+00
-1.8311788722432749e+00
3.0497505222885291e-01
-1.2101015203918331e+00
4.9360913824581569e+00
2.1473807490206251e+00
-1.3795405017362570e+00
-3.1765496559319581e+00
3.2827673911095530e+00
1.7600830271865591e+00
-1.3556721810524119e+00
2.9909988408396622e+00
4.0840351229013514e+00
2.0993614210077971e+00
-8.6702696132144452e-01
1.7975427638658690e+00
-1.8057873249235670e-01
3.2575643269999150e+00
2.6168491978174542e+00
4.3283066110395971e+00
-1.0283672910900850e+00
4.9250326101083211e+00
2.3838856538205269e+00
4.3850866368349689e-01
4.4357927059207176e+00
7.0932382360012136e-01
-4.4137777396537690e+00
-4.1916952203619866e+00
6.7759246866745038e-01
-3.0125933380836112e+00
-6.8243498306562755e-01
1.0280404975438020e+00
2.2330382888856990e+00
-3.2736142559420860e+00
-3.8853865287491471e+00
-7.9816499003434016e-01
-4.0463008179669702e+00
2.3233622847712039e+00
4.9289064967719352e+00
4.5809833124139958e+00
1.0735815808638440e+00
-1.3380361131954199e+00
-1.2224533211612330e+00
1.6314797080461960e+00
-3.9529103128895282e+00
-7.2817912676153906e-01
-3.1717971823872602e+00
-3.9672856138548771e+00
3.7800314682495042e+00
-3.8634432584781143e-02
-2.5633261800215319e+00
2.8767217964978559e-01
-2.7982640173952671e+00
1.8888754695573200e+00
1.1727596034299419e+00
-2.3924296672455618e+00
-1.9918505499620380e+00
4.1313498024548414e+00
-4.9963329341677838e+00
-7.5468663118653057e-01
-4.0521955065247877e+00
-9.6925664555946700e-01
2.4809060226856898e+00
2.1182575042566601e-01
-7.6429632752714249e-01
1.0903638789125440e-01
-3.6255480981354497e-02
9.8189494352314921e-01
-4.0391300192709503e+00
-1.7489765007818201e+00
8.0045004851371715e-01
3.9578902437256871e+00
-9.8893562632870260e-02
1.0002577302708839e+00
-1.2530997802189241e+00
-5.6908369756005683e-01
3.0030886938355721e+00
-9.5705567124204394e-01
4.3542159786961401e+00
-1.9822709439826289e+00
1.6630797668447530e+00
3.8441214542663551e+00
6.6863241218202540e-01
-3.0980589650577302e+00
7.9183869227910886e-01
4.3467508836749520e+00
-4.0829475738195198e+00
9.7073595939887003e-01
-2.8403274055567591e+00
-1.4095160044187141e+00
3.8191281934644392e+00
-2.2669604426049759e+00
4.8402255538375476e+00
1.3189512712865781e-01
2.1836676240710098e+00
9.8768390645785564e-01
-5.4503170695075931e-01
-1.1777653241534420e+00
-4.0850737607702010e+00
1.8093049088895241e+00
4.5098715048061413e+00
-4.1092250244777793e+00
-1.6484559886805981e+00
-2.3862533650574340e+00
-1.5344914275460111e+00
-1.0107528735159650e+00
-4.0326727448237971e+00
2.5595112219932039e+00
3.2561278598474103e-01
-1.0928490128526260e+00
-1.7220725028742569e+00
4.4278977123028662e+00
1.7364924068652769e+00
-4.7281196099523024e+00
-3.6221762103307991e+00
-1.9920175550503849e+00
-4.1078188706060779e+00
9.1615627449699255e-01
1.7299928375601721e+00
3.9831915598184540e+00
-2.3628484652486521e+00
4.0681998004476636e+00
3.6034880019276110e+00
1.1756485579907221e+00
-2.8396287697784111e+00
2.5234163031142209e+00
7.2524708500866464e-01
-5.1963872400054334e-01
-3.9704229330943079e-02
-4.3032129965315029e+00
2.4460591011126218e+00
-2.8904938353153291e+00
-2.1843063989844551e+00
4.2546283200877433e+00
4.3643078513215752e+00
4.8156289678996007e+00
2.3990742064575028e+00
-3.9312446117808002e+00
-1.3248253539627490e+00
-4.4374018097762367e+00
-1.3875137687060639e+00
2.9375048519395048e+00
3.5757437819581690e+00
2.3670229397753291e+00
4.5676987528214026e+00
-3.6031873367580531e+00
1.3288079714928169e-01
-1.7480737515357170e+00
1.7703458010132720e+00
2.3008950339924241e+00
2.0687970865486052e+00
2.2943681284073150e+00
-4.3658267177501484e+00
5.7931820157883507e-01
-4.1944253044104167e+00
1.8605067218760090e+00
-2.5010066511012710e+00
-1.4035759310342699e-01
1.7310852659200919e+00
-4.3556648127278512e+00
-4.6884300038171558e+00
-3.7203572129361988e+00
4.3899601819967797e+00
1.3794285030848481e+00
1.1559954997912790e-01
1.2552549220009961e+00
1.2936924103980760e+00
2.3958731817016532e+00
2.8598251729079438e+00
-2.2582667076830901e-01
-4.9352488025765249e+00
3.2573498379613909e-02
1.7526829481154280e+00
-9.3782969624876311e-01
4.1111915751572683e+00
2.7284004646823932e+00
3.8902965316236231e+00
2.0037905753452798e+00
-3.0202150195273711e+00
-3.3182645286658419e+00
1.5569732525352149e+00
9.8789076997900316e-01
-2.2673227720205071e+00
-2.4016465280757791e+00
-4.4722026907763928e+00
1.6209030943397820e+00
3.8368633564711713e-01
-1.9011120413435010e+00
6.7678737071308959e-01
-8.1553111218333241e-01
-8.7343849990131806e-01
3.7075695771307982e+00
-2.7571482306485590e-01
4.0950742398971256e+00
2.0440818040085321e-01
-8.9388259875309872e-01
2.3628070402500740e+00
4.7650621395435344e+00
-2.6291144371981101e-01
7.4178247943502462e-01
-1.9130697983639550e-01
-1.9791594567732469e+00
1.1526390728784421e-01
-3.1620527995668080e+00
-8.6169731758093637e-01
3.4121649614567029e+00
1.5863002545401750e+00
9.5099366440943656e-01
1.0218613467626890e-01
-2.8904859638716571e+00
-7.2158311297636724e-01
-1.0907954138898130e+00
-1.6700817878447771e-01
-4.0149110092166262e+00
3.3369435156682141e+00
1.2303572179195119e+00
2.7173163521487859e-01
-1.8402666332860760e+00
4.8033195818442991e+00
4.3825832791644682e-02
3.2591458547837400e+00
-4.2356620695392888e-01
-4.6677946825197782e+00
-3.2499573890801701e+00
-1.4511295210244470e+00
3.6285640674192492e+00
3.4797420998848749e+00
-3.4829346082440922e+00
1.3352820358436011e+00
-1.7424025111290140e+00
-6.3641326385149755e-01
1.0377644931103389e+00
-1.7401433268223679e-01
-3.5110124228527422e+00
3.5390465793435171e+00
-3.4117717673554990e+00
-3.7004697448712869e+00
-2.7513247004302648e+00
-3.3755297582893240e+00
3.8564503420902660e+00
-2.5027887080299611e+00
-2.2843132571747180e+00
2.9228119021671208e+00
3.8664477238594022e+00
-3.4285746581597860e+00
-1.3912254946336511e+00
2.8150814791576089e+00
-3.4341153995996310e+00
2.6557771108463522e+00
-3.8930602969958379e+00
6.3114108030399341e-01
2.7593087990833109e+00
2.2903094366262611e+00
2.9653338462961338e+00
-2.2008835664878230e+00
2.2894164061739861e+00
4.7661182895759158e+00
2.3427171642240499e+00
-4.2688084569679541e-02
-2.4170669606835888e+00
-5.9337845642574083e-01
-5.0238881540425084e-01
-3.3023466842704141e+00
-3.6856629600942878e+00
2.2510545061366480e+00
3.7073299407796059e+00
-7.3718822787482097e-01
4.1650888025455899e+00
3.9900921116956392e+00
2.9277771690152732e+00
1.7196428799276371e+00
-2.8455706430904831e-01
-2.9619951216691409e+00
-4.3067666765682242e+00
-4.3438585089183874e+00
7.1857017034600235e-01
2.7042415577170309e+00
-2.5197835264704600e+00
2.5264227872091829e+00
1.3757839168680150e+00
-4.1922668781325099e+00
4.5338834171779387e+00
-1.5114466899454730e+00
-3.3803456992929122e+00
4.1223465403173671e+00
4.4124702268879092e+00
1.6577262352340669e+00
3.0609122344243711e+00
-2.4029001575904139e+00
2.3313684621254291e-01
3.6558963271653959e+00
-7.4759354173408437e-03
-7.9930845622683799e-01
1.5241956310418849e+00
2.9356823995924590e+00
-8.4667103834279597e-02
-2.3789142137780308e+00
5.5198433173397243e-01
-4.8488757938603738e-01
1.0299029150937780e+00
-1.4758964689816250e+00
6.2096643910843541e-01
3.7130142271097821e-01
-4.4215239427140114e+00
-2.2255828202271681e+00
-3.5130318573264319e+00
1.4300525223501150e+00
-3.3084062314834328e-01
2.3477627922835559e-01
7.7614679615641624e-01
-3.0501717212974322e+00
6.9368803006486637e-02
-4.6638930024291536e+00
-9.4829711870817002e-01
2.8843162526185768e+00
1.7868658832023749e+00
2.4930601193813979e+00
4.0272294630159777e+00
-2.1848594781130881e+00
-4.3803867949993496e+00
4.3955322466478144e+00
5.3093225605113303e-01
-1.8652720106775880e+00
2.9582159344788850e+00
-4.6703569737258048e+00
4.8344241636365393e+00
-1.6525495999998800e+00
3.8711054301982650e+00
1.8112634349254479e+00
-8.7141188727196872e-01
1.4781997884919169e+00
-2.7719400118697402e+00
-1.6650522537691970e+00
-1.6156083309720040e+00
-1.2527015279895100e+00
-3.2333822812147082e+00
-8.2113355131316637e-02
-8.6548793491128317e-01
-3.2472284512265350e+00
-4.1324083915178162e+00
1.0851145636824069e-01
1.2022104473617490e+00
-9.0119344045642014e-01
4.0926686843525797e+00
-1.4194201393751931e+00
3.0031162557862562e-01
4.0339879912923324e+00
-2.4488073395357781e+00
3.9483790192835739e+00
-2.1232347887333469e-01
2.5010663047907261e-01
4.5870890052455113e+00
-4.7279887671839909e+00
2.4632317595943611e+00
-2.5264862646662167e-01
8.8552098512419941e-01
3.8091677521428071e+00
5.9813319470400272e-01
-4.6901465536096456e+00
-4.6851956586081140e+00
8.4141707760260742e-01
-2.9267110424710158e-01
3.4287881709229229e+00
1.2212181992728380e-01
4.3157483081804038e-01
2.0964826136256440e+00
-2.2821358958046352e+00
-2.9824843320211412e+00
-7.3021534947743871e-01
-1.1291721354315549e+00
-4.1348497519834950e+00
-3.5622334502485731e+00
-1.8116785833121409e+00
3.6088227799311499e+00
1.0275341338175590e+00
1.8387982618473580e+00
-4.4002550934095321e+00
4.9721279676749699e+00
-4.8851057761305876e+00
4.1925716127642234e+00
4.5128724353298910e+00
1.6171790477328609e+00
-1.0574079922054691e+00
-2.2715828847900439e+00
2.6027911301390012e+00
-2.8714396963331540e-01
1.1916892450144820e+00
-2.4295270783637428e+00
2.7620176535583441e+00
1.6752903795747600e+00
-1.2161883325980449e+00
2.9795885170710581e+00
-3.3075531458878329e+00
-1.2351645292508671e+00
-3.0975107274676108e+00
-4.3653604125584762e+00
4.5358142483340043e+00
4.6775753041823256e+00
3.6301015341532041e+00
-2.2667449633072199e+00
-3.8603121306904098e-01
-4.1843919651964354e+00
4.5183918670822347e+00
4.1663008330006612e-01
-2.0943240926977089e+00
-5.1166472817374875e-01
4.2318724087912098e+00
-3.8914355890141321e+00
2.4369646713808951e-01
1.4326596729205980e+00
-3.9958470232552261e+00
4.3530505941856248e+00
-4.4140556556316639e+00
-1.2408909076351851e+00
-2.9449120480464961e+00
-4.8997606323417946e+00
-1.3052477060297141e+00
5.3664787192787755e-01
-7.8081374785678948e-01
-1.1663740013854600e+00
-2.9260302141498742e+00
-1.7791853041762860e+00
-1.9554174017499870e+00
-2.4673199935660071e+00
-5.5711413748629524e-01
-3.3094068868170901e-02
-2.7236411290144318e+00
-4.5756533106898498e+00
4.4404050611857224e+00
4.9868468300902469e-01
-2.6675560118782582e+00
-8.0240290696143002e-01
-2.8719916780705339e+00
1.1830255799758120e+00
-1.9154130388509940e+00
-1.2541915533221619e+00
1.1519450376726130e+00
3.6941082387786262e+00
9.8890469059579056e-01
3.2760026813257759e+00
-2.4284834964130569e-01
-1.1044774137419919e+00
1.9126559334472630e+00
3.5510007019632810e+00
-2.5911446081805258e+00
-1.8488616808799641e+00
-3.3969435257232630e+00
-4.3651780708237249e+00
4.5702566993077571e+00
-3.7377329600981710e+00
4.3718973130594758e+00
2.2515820534490021e+00
4.9371515531505104e+00
-1.6069911320676000e+00
-4.8765517940697017e-01
-4.7215078888784694e+00
2.2997418920367312e+00
-1.4065610270250231e+00
1.8595431491079220e+00
-3.1118435463759160e+00
-5.9700747108956809e-01
-9.8313194416485428e-01
-1.3854072065527521e+00
-2.1967274943644450e+00
-1.0695962913010559e+00
2.5131436546743222e+00
3.5647176242986620e+00
1.1418751819883231e+00
4.2256314116235014e+00
-3.9553373623283949e+00
4.8242957169453264e+00
-3.0834011233264378e+00
-2.5311739349460902e+00
-2.5613837370102521e+00
-3.0360495921400821e+00
1.0446959103746880e+00
-5.6647900937206275e-01
-1.0997649356012480e+00
1.7604163358740930e+00
2.6671069843552830e+00
4.3694411391041781e+00
7.9406902696588244e-01
-1.9607181223252190e+00
-2.7908999173882520e+00
2.3555288718029042e+00
4.4282423628617469e+00
7.0066743868159198e-01
-2.7296514052183571e+00
2.5955253243218221e+00
3.5868965183192718e+00
-2.6649030501485780e+00
2.1852408799314609e+00
-1.2688414459352639e+00
-3.9160196354797279e+00
4.5506093321247736e+00
-2.3194768340721650e-01
8.8736869157849868e-02
3.5090980161417979e+00
-3.0775559232522940e+00
-4.9374077189103369e+00
-3.3711613375001641e+00
-1.0827224907188970e+00
-4.6715259110328269e+00
2.0628979572610011e+00
1.6802029533796881e+00
-4.8313358087331648e-01
1.1494207205618689e+00
-3.4727373904523411e+00
-3.9214999686079759e+00
9.3802776654261358e-02
-3.4363490492456958e+00
1.9812541799334000e+00
-3.1273111364542872e+00
1.0579682618063451e+00
-3.8764909116966968e+00
-3.6330856286575699e+00
1.6016313425543289e+00
-3.6484756724354099e+00
-1.3319600937328879e+00
1.2042056888662429e-01
-3.8077990780115458e+00
1.6915718506991899e+00
2.6539322806975818e+00
-3.4266206941640731e+00
4.5800786066689394e+00
1.6182827521387919e+00
-2.9423103385806231e+00
3.4187546122532888e+00
4.3044678713687343e+00
4.9422251768685301e+00
2.0437395342993860e+00
3.1457584076531360e+00
2.3949827323789469e-01
4.8835823519160861e+00
-1.9003098317399540e+00
-2.3905582057614030e+00
-3.3852905622120582e+00
-4.3380621463255986e+00
2.2369632386370589e-01
-2.4411968972352120e+00
1.0247461626999499e+00
4.5893450352636016e+00
-2.3778853805239808e+00
-7.9824588912433470e-01
-1.6251506362788819e+00
-1.7599883027201939e+00
-5.8613136689371859e-01
4.9910125106724674e+00
-3.5298236941712751e+00
-4.7157020889463839e+00
1.8982106205785421e+00
-3.1183341922366452e+00
3.0788922267842258e+00
7.1548187835514987e-01
3.4748685089341760e+00
1.1599175894515410e+00
3.8336226877221060e+00
1.1545705094022389e+00
3.0393126858992858e-01
-2.9529597366498090e+00
-2.5563869373789379e+00
3.5634550064640269e-01
-3.0990730296107429e+00
1.8583577057487430e+00
-1.2331222498125420e+00
-3.9924177889725190e+00
-1.9714789199043989e+00
-1.5698382867546281e+00
1.8308764066650580e+00
3.6210732283687839e+00
1.0844202541087560e+00
4.7569849608209029e+00
-3.4334271507929039e+00
-1.5504309002584380e+00
-5.0416567444439586e-01
2.5635192604400139e+00
-3.2397971173317881e+00
-4.6577554225875328e+00
1.1096180644016360e+00
8.2614585201421620e-01
-2.4382599750702578e+00
-8.3588147228834475e-01
-1.4752413798386921e+00
3.7488179730301270e+00
-2.5853543472369158e+00
1.0280041206840760e+00
4.0266473387657147e+00
1.0768098555041861e+00
-3.2763967294206742e+00
9.3886060868575449e-01
-1.0410898036485470e+00
2.5927529207903399e+00
6.1152777724040053e-01
-1.8135914052746549e+00
3.1484749501171470e+00
2.4832023219027599e+00
-1.2486246103039691e+00
3.6501213668477082e+00
4.7013251765165753e+00
-3.3927646706602649e-01
-4.2824272873016502e+00
-2.3691180185809539e+00
-4.7975375004321599e+00
-1.1325423153942731e+00
3.2335243625555350e+00
2.6192555709726828e+00
1.6360040816538990e+00
-4.5084798439399947e+00
1.1174207877905129e+00
-8.2408853339065014e-01
-1.5210193624165369e+00
-4.2680284162941584e+00
-4.0246572753014487e+00
-2.2902218341743179e+00
3.5036674807676218e+00
-1.0484645245680759e+00
-1.8196110389577289e+00
-4.9224817564964141e-01
2.7360048879790189e-01
-4.5684581733792280e+00
-3.2978582773947469e+00
9.2158725790256091e-01
-3.7950276823712259e+00
4.9637217185379440e-01
1.9622629305872941e+00
2.5397137253542268e+00
5.6750209595954471e-01
2.2104420632938022e+00
2.0843091030297578e+00
7.0624531638826560e-01
2.9068600142821799e+00
-2.2154449312256950e+00
-4.4553199254525921e+00
-1.8309903276907311e-01
-3.5117525853611240e+00
3.7491414630786690e+00
-4.1636936475327122e+00
-9.1838032818837800e-01
6.7108904175798156e-01
-4.5961571491303737e+00
1.1332789681771851e+00
1.4979655696125069e+00
3.0642971425059029e+00
4.5394756433437369e+00
-2.2684704084200118e+00
4.1946386470195227e+00
-2.5031694042970760e+00
-6.8964578699552592e-01
6.8937128708534678e-01
-4.3570461099393096e+00
2.5589757817421881e+00
2.8981214683346561e+00
2.4157500384502919e+00
-3.6710258447235788e+00
-6.3276298130116437e-01
-2.7499243670135431e+00
3.6954599153567651e+00
-4.5853563919879239e+00
1.8000492652392890e+00
-2.5969447458388371e+00
4.5453092145269460e+00
1.1143215618905460e+00
4.7041076604451506e+00
3.5331421649244552e+00
-1.1559051793218200e+00
1.8069177087285440e+00
-2.8642199759092279e+00
4.8794505365325387e+00
-2.4012894232459150e-01
1.4475568220758681e+00
-1.8228527686691931e-01
1.0543017184138530e+00
-3.6198786185678039e-01
-3.5368240248964820e+00
-2.3897419323873699e+00
8.0463967906753697e-01
1.0032596086061720e+00
-2.7974077377656631e-01
-1.7703710128342041e+00
3.2764916526862131e+00
-1.6508424787468570e+00
3.1595387915299589e+00
7.5028781817439594e-01
1.5176892471005550e+00
8.5109091595567998e-01
1.5234392079088941e+00
3.8314162635159632e+00
3.7066330628567710e+00
-2.3947496767491798e+00
-4.4060063958619000e-01
-2.4193574007845231e+00
-3.0276040719009258e+00
-1.0031754306156699e-02
2.7873270998517650e+00
2.6566614384099112e+00
1.0481244366870259e+00
1.5003045832851440e+00
-2.5173232096480449e+00
2.9526089198640499e+00
-3.3885382261739032e+00
2.2927705736326360e+00
-4.0010752700480001e+00
-3.5240407511055611e+00
1.9672702724517589e-02
-5.4678236381272072e-01
4.3721874033854871e+00
2.3811440770015531e+00
-1.6900255918651901e+00
-2.4986391201747840e-01
-4.4858308631418149e+00
1.6432049305728560e+00
-3.1008507880686209e+00
-3.1812927153949881e+00
-4.9093487074560098e+00
-3.2812673632977321e+00
2.0167446020567970e+00
-3.4317755144072848e-01
-6.9900961487432689e-01
6.7888003716971501e-01
-3.6355408799449962e+00
8.4063581658641873e-01
-3.3518844217673331e+00
-4.1201609210210952e+00
9.9337250400470645e-01
-2.2011276182636000e-01
1.3959214071237671e+00
-3.1930938640993212e+00
2.2571722351239090e+00
-1.4911218101540700e+00
-2.3959277073951739e+00
-3.0102756550212901e+00
-7.1208696382900938e-01
1.2942514508291669e+00
5.0450937931937656e-01
-4.8481559547699540e+00
4.4517623502450809e-01
