# CEC 2013 LSGO F09 permutation vector 0-based (D=1000)
557
632
816
553
732
636
578
48
937
19
114
372
585
825
576
692
939
324
768
879
482
351
942
327
775
383
346
142
963
919
922
796
494
363
44
623
450
752
221
858
830
620
975
492
714
11
887
631
335
144
45
718
467
475
1
723
412
258
377
698
197
866
738
991
828
677
125
176
371
892
186
794
184
743
227
314
602
112
766
776
431
672
821
456
902
702
536
958
946
452
954
156
310
910
204
587
517
603
422
530
835
29
15
78
510
208
710
71
340
241
345
695
550
901
938
73
693
599
289
790
564
232
374
566
490
601
432
140
489
742
395
269
166
388
972
349
590
251
295
499
493
988
518
668
505
486
567
10
717
266
644
791
740
823
288
300
676
595
250
339
94
875
671
470
40
123
207
338
907
974
191
245
529
264
407
956
861
329
75
47
657
534
757
263
214
591
985
904
99
552
18
690
769
989
994
460
701
98
612
20
934
541
104
303
206
152
91
199
824
476
332
235
782
179
226
572
433
622
741
560
881
538
747
549
290
141
342
192
423
734
662
160
354
810
868
554
930
739
309
777
308
347
84
546
522
605
912
54
940
860
762
611
500
926
650
914
79
652
370
205
247
697
581
77
933
93
447
481
955
589
333
468
406
106
4
267
962
337
286
848
367
461
313
480
220
960
259
947
635
236
471
600
195
297
147
525
397
359
980
149
800
254
153
683
49
610
688
851
831
694
6
645
808
105
565
414
597
822
420
961
277
280
231
878
8
667
369
479
164
380
101
929
949
413
417
604
864
507
33
498
736
511
465
96
925
449
121
143
163
373
577
23
731
686
906
421
391
801
190
396
435
999
111
936
689
533
886
674
268
559
318
453
772
802
52
202
806
704
883
322
890
296
920
429
514
984
888
588
403
615
348
968
477
58
535
320
326
209
853
389
218
630
832
969
110
884
57
720
34
537
751
524
182
928
684
292
681
172
109
362
889
643
812
959
213
497
462
146
488
138
634
885
443
154
224
472
820
311
294
107
542
62
74
685
607
478
279
448
265
803
899
873
737
379
234
256
200
174
520
927
663
459
556
424
136
168
911
457
664
759
573
783
360
24
640
789
242
9
981
444
854
441
217
827
17
571
95
474
735
548
92
180
281
931
426
656
129
765
65
584
276
625
582
64
26
132
513
261
66
867
458
809
813
829
532
839
817
100
580
278
504
315
446
293
528
442
624
637
352
485
990
849
13
506
408
967
516
30
42
763
394
543
463
466
491
837
390
673
399
724
784
119
375
655
401
957
658
438
203
575
976
67
325
418
387
464
764
665
81
629
16
131
512
797
915
454
357
134
523
880
896
745
416
941
120
859
302
246
312
992
786
618
230
27
225
700
705
970
617
709
545
579
628
291
792
113
167
805
642
341
815
272
299
83
780
965
569
755
175
748
355
846
666
317
361
948
455
877
547
223
165
14
469
770
773
501
725
124
3
386
619
162
756
473
274
945
334
31
563
43
298
659
951
608
767
253
627
749
721
196
863
675
127
616
319
682
519
935
843
583
2
894
366
916
638
173
844
233
194
53
973
633
983
97
811
22
170
228
586
37
716
178
678
306
188
996
719
484
336
305
515
551
60
483
72
670
238
157
237
229
932
439
80
135
210
282
508
798
85
198
148
384
252
540
41
108
189
774
905
115
760
836
451
434
409
527
171
687
7
89
393
971
133
21
882
151
385
654
819
365
544
102
712
169
262
818
964
321
257
646
283
273
895
900
953
304
28
215
986
614
70
606
82
526
55
193
411
903
509
201
977
88
212
744
841
696
39
840
103
921
826
561
137
56
708
185
804
183
950
779
924
428
679
847
814
159
495
38
378
5
649
244
703
243
323
754
966
275
555
753
715
987
216
353
86
730
750
398
116
838
368
842
870
358
726
781
63
562
531
653
239
795
711
568
161
330
90
558
521
647
918
382
909
59
850
913
979
130
392
761
271
12
978
436
405
381
998
36
727
270
897
364
923
248
222
139
400
876
807
260
856
331
87
158
641
660
758
598
626
787
307
729
219
857
639
539
613
126
570
328
982
187
249
25
952
908
255
788
287
445
865
651
917
51
240
778
592
680
862
785
503
344
871
402
350
117
834
487
891
661
594
128
32
596
713
440
722
502
728
872
855
691
771
425
35
76
845
415
943
61
316
593
437
799
669
430
995
993
284
648
118
0
404
68
46
181
122
410
706
356
376
150
285
211
574
609
852
733
496
699
833
898
155
427
944
893
419
177
343
869
145
301
793
69
707
50
746
621
874
997
