# CEC 2010 F17 permutation vector 0-based (D=1000)
586
237
480
749
812
740
951
84
360
878
54
943
222
499
698
569
754
561
637
568
660
799
308
14
120
258
994
745
912
203
49
534
972
782
634
881
498
202
802
486
702
417
139
530
552
853
336
510
269
147
990
432
146
970
760
65
161
549
405
529
327
573
69
857
879
984
20
226
373
940
130
713
554
908
473
672
209
525
21
581
33
692
259
664
107
764
31
864
887
704
688
368
956
2
67
629
892
313
335
770
585
935
127
909
906
670
32
792
570
326
562
911
933
509
135
518
553
512
724
977
256
379
715
200
348
701
343
493
298
255
727
618
402
441
426
815
631
173
882
460
351
576
236
822
535
506
567
946
285
694
495
101
341
731
369
377
322
502
116
169
309
365
290
827
624
466
174
475
229
494
962
26
487
987
712
398
836
53
923
507
723
319
38
633
204
691
152
966
180
526
340
47
4
604
596
718
583
239
427
523
810
164
25
642
252
995
381
76
885
765
73
349
595
143
384
835
971
721
929
464
7
149
520
299
275
301
287
140
866
451
953
768
854
675
891
271
916
928
615
44
894
397
477
957
291
218
965
117
738
63
106
420
880
528
839
676
148
700
600
823
796
55
133
364
592
483
162
395
791
134
533
654
665
468
921
516
601
725
890
922
564
70
188
183
776
942
850
708
737
657
889
800
556
337
170
283
284
716
851
153
809
705
508
185
387
408
616
144
388
354
808
968
974
541
414
1
277
590
524
747
900
37
950
886
632
625
687
34
501
511
233
438
18
151
15
238
30
976
497
897
787
459
589
57
773
636
619
598
138
312
469
729
644
584
954
179
382
722
406
599
279
248
806
478
262
445
899
242
447
910
207
119
611
742
819
51
919
986
221
272
115
177
488
375
993
399
805
527
187
847
690
602
620
450
696
491
23
594
296
767
479
345
60
689
514
160
302
213
103
658
982
400
667
58
141
0
605
726
6
930
462
227
640
19
883
409
214
449
131
755
471
925
421
461
205
81
370
777
36
948
11
888
175
610
769
811
394
673
276
16
83
813
61
80
978
419
555
12
856
292
90
649
681
331
452
607
91
416
540
759
339
247
251
918
306
845
458
171
858
913
662
122
128
869
228
404
843
666
267
844
870
627
871
981
706
266
68
695
832
46
390
482
548
779
750
489
27
860
401
967
82
278
293
157
431
457
66
85
485
300
96
412
43
254
353
121
316
310
176
538
781
268
95
52
118
321
855
440
282
391
663
539
517
756
794
999
410
558
927
546
786
597
372
111
653
703
960
830
841
150
374
87
3
719
193
875
939
196
361
48
156
434
356
465
587
311
628
453
50
167
102
208
230
189
588
804
297
280
113
614
9
544
952
572
646
446
532
998
774
350
430
124
873
264
270
543
56
896
758
220
575
997
223
834
88
74
961
163
582
429
537
798
937
433
989
476
496
89
820
926
638
996
484
877
571
403
617
97
717
505
105
515
728
42
265
545
344
563
288
682
648
190
435
656
273
108
504
428
677
362
934
346
902
212
245
904
741
490
294
707
314
630
668
623
77
333
79
78
898
651
536
40
603
914
64
992
244
219
357
29
766
574
243
790
315
783
655
444
785
945
757
693
393
907
454
75
893
947
647
234
198
142
979
743
281
165
367
112
481
86
826
751
422
685
172
257
376
320
24
797
329
389
168
955
378
674
635
958
744
418
396
289
924
216
938
848
366
334
385
828
17
423
439
246
425
359
500
578
261
241
557
323
577
988
455
225
443
622
679
816
380
762
186
551
895
94
752
753
159
413
565
560
110
868
784
735
788
720
980
780
114
249
352
659
825
932
342
13
803
324
355
863
807
606
383
72
442
201
840
253
710
184
846
964
709
286
641
436
621
824
789
392
579
699
683
181
109
748
711
821
671
678
307
371
463
983
99
71
328
975
593
985
920
456
941
123
415
686
305
859
407
235
867
41
197
317
973
775
191
829
199
542
503
818
215
874
470
849
363
166
778
862
714
736
158
22
437
318
842
793
931
59
136
10
274
332
522
303
195
182
917
550
801
645
761
559
358
155
492
519
386
580
901
178
872
684
448
936
669
467
531
861
814
98
472
661
217
92
260
424
45
125
591
206
969
137
746
613
513
295
126
304
330
771
639
865
154
730
224
547
697
944
852
609
612
905
240
680
643
903
210
263
838
959
338
411
104
521
232
650
28
949
763
145
608
732
795
93
100
626
211
772
884
991
194
837
739
833
876
192
733
231
5
250
915
35
734
129
325
474
963
347
8
817
566
652
831
132
62
39
