# CEC 2010 F17 shift vector (D=1000)
-5.4295202000000003e+01
-3.5862424300000001e+01
7.6918014400000004e+01
-7.2780223199999995e+01
-9.0989531299999996e+01
3.3266747000000002e+01
4.1553851199999997e+01
4.7983535699999997e+01
-3.7049609300000000e+01
-9.1258867699999996e+01
-1.5695641400000000e+01
1.7923812200000000e+01
-5.9700122100000002e+01
-3.4455021600000002e+00
-4.1377830000000003e+01
-3.4065971500000003e+01
3.0229276800000001e+01
1.0288581799999999e+01
3.5155953799999999e+01
-7.3961761399999997e+00
1.9838120799999999e+01
-1.3141971300000000e+01
-6.9577348700000002e+01
-5.4095530699999998e+01
5.1817433600000001e+01
9.7467973799999996e+01
-4.5433998299999999e+01
7.4350625399999998e+01
-4.8963499700000000e+01
-7.5168710099999998e+01
-3.4615281299999999e+01
-5.5506364900000001e+01
8.5015877700000004e+00
6.7252428199999997e+01
-2.7592291500000002e+01
7.4151968000000004e+00
-8.0045616600000002e+01
-3.9246537900000000e+01
-2.6190680700000001e+01
4.3996049900000003e+01
-4.4632914599999999e+01
-2.3460521600000000e+01
-3.6297297100000002e+01
7.0329618900000000e+01
-1.8245160299999998e+01
-3.0725533899999999e+01
-8.8294708400000008e+00
6.0323488099999999e+01
-1.8246429100000000e+01
-7.9860059699999994e+01
2.8434072400000002e+01
-2.0506651200000000e+01
-9.6139589700000002e+01
-7.1032232100000002e+01
-8.9811758200000007e+00
-9.0737088499999992e+00
-1.6617364599999998e+01
-5.2342833400000004e+01
-2.4914073200000001e+01
2.0103871500000000e+01
-6.4494270099999994e+01
4.5606255400000002e+01
-3.0150425299999998e+01
-6.2189749599999997e+00
5.0490014000000002e+01
-3.9000997099999999e+01
-8.5108686199999994e+01
4.4537649400000001e+00
8.1078766000000002e+01
6.2238965600000000e+00
-4.7837223500000000e+01
-4.5220357600000000e+01
2.6257608399999999e+01
-8.4086156099999997e+01
-2.1802906499999999e+01
-1.1901142300000000e+01
-4.8945337600000002e+01
9.9585934199999997e+01
-1.4407090699999999e+01
-2.5145760500000002e+01
7.5609764600000005e+01
4.9699933299999998e+01
7.5290825100000006e+01
2.6095625200000001e+01
9.7534797900000001e+01
7.5440747299999998e+01
-5.5999333100000001e+01
5.4452244499999999e+01
3.8644543300000002e+01
8.8582124199999996e+01
8.7921979300000004e+00
-3.2315476199999999e+01
-2.5123956600000000e+01
2.1798171400000001e+01
-8.5989802800000007e+01
4.5700349799999998e+01
6.3289375100000001e+01
-2.2052622299999999e+01
-5.3477315500000003e+01
4.4812428900000000e+01
7.2156832699999995e-01
-4.5980146200000000e+01
1.5240036600000000e+01
-3.6577752799999999e+01
-1.1575404400000000e+01
-9.7914092299999993e+01
1.9041553600000000e+01
6.2248220000000003e+01
3.5643823800000001e+00
-1.8746441399999998e+01
1.3721370700000000e+01
1.2087966200000000e+00
1.6888425200000000e+01
2.6761258099999999e+01
1.9764432800000002e+01
6.5146038399999995e+01
9.3020732899999999e+01
1.3695830400000000e+01
-4.6198039600000001e+01
-1.3282255100000000e+01
-1.1823302000000000e+01
-8.9337774899999999e+01
-2.7191781100000000e+01
4.5022002700000002e+01
7.0743432999999996e+01
-4.5077335400000003e+00
-6.0810915799999997e+01
9.7571510700000005e+01
-6.0658122300000002e+01
-5.8204214200000003e+01
9.0881493000000006e+01
-5.5366998500000001e+01
-3.9225820800000001e+01
2.6605905100000000e+00
8.6321418500000000e+00
4.9289279299999997e+01
-3.5923054499999999e+01
-5.9989018199999997e+01
-4.4806441900000003e+01
2.8014798400000000e+01
-9.3561866100000003e+01
1.8396220400000001e+00
9.2576577599999993e+01
6.3037857299999999e+01
-7.4145695399999994e+01
2.8878965200000000e+01
7.1985610199999996e+01
-6.4465144100000003e+01
5.8258270400000001e+01
5.9186777399999997e+00
9.7474578600000001e+01
7.6123182999999997e+01
1.1761788700000000e+01
-4.7235318700000004e+00
1.2935817999999999e+01
3.2180006700000000e+01
3.7222229800000001e+01
7.3811852399999998e+00
7.4338615799999999e+01
2.0531060700000001e+01
2.2844597300000000e+01
-3.0430247099999999e+01
-9.2001810699999993e+01
9.4406880900000004e+01
-2.5706838000000001e+01
-4.4877357300000000e+01
9.0951752099999993e+01
1.7844122499999999e+00
6.9719101899999998e+01
1.7886947899999999e+01
4.6183941700000002e+00
2.1909210200000000e+01
7.4681695700000006e+01
4.9372186800000001e+01
-3.2709707799999999e+00
4.9011248899999998e+01
-5.3271897600000003e+01
-6.1420281099999997e+01
6.1486480399999998e+01
2.6892793800000000e+01
-1.1935826799999999e+01
-3.8877208899999999e+01
-7.6063306299999994e+01
3.8249806300000003e+01
-6.9744403500000004e+01
-3.4420882000000002e+00
3.3814949499999997e+01
2.1079615799999999e+01
6.8485270600000007e+01
7.5672296700000004e+01
-4.3119184699999998e+01
3.0376558500000002e+01
-5.2164176400000002e+01
-1.7680016500000000e+00
-5.5411157299999999e+01
2.3256843900000000e+01
-7.1740016700000000e+00
-6.3506938599999998e+01
-8.8662363400000004e+01
9.6723803099999998e+01
-1.6435832000000001e+01
3.3363783599999998e+01
4.2603111800000001e+01
4.7216059999999999e+01
2.5897410499999999e+01
-2.5665452399999999e+00
8.2718954699999998e+01
5.4740123199999999e+01
7.3886830500000000e+00
8.1447939800000000e+01
6.5568037400000003e+00
9.2385590600000000e+01
-8.8756171699999996e+01
-8.3348381399999994e+01
-7.1583634200000006e+01
-1.4001170000000000e+01
9.4096016700000007e+01
4.3931571200000000e+01
6.1882295999999997e+01
4.7484873099999998e+00
8.7352150499999993e+01
-4.2062376299999997e+01
-1.8473970099999999e+01
-7.4746806800000002e+01
4.8274018200000000e+01
1.1173718000000001e-01
-2.0357163300000000e+01
-2.3804854800000001e+01
4.1021363900000001e+00
6.5582829300000000e+01
5.0207680000000003e+01
-9.2572335300000006e+00
3.9803758100000000e+00
-8.3264369200000004e+01
-2.9659306699999998e+01
2.7391744700000000e+01
-6.2938298599999998e+00
1.7624236100000001e+01
-5.2783033900000000e+01
-9.3646260400000003e+01
-8.0513396400000005e+01
5.3641615299999996e+00
-2.0067564200000000e+01
-8.0101493899999994e+01
3.0564890299999998e+01
8.4595309499999999e+01
1.7043115799999999e+01
2.4703188699999998e+01
-1.9640203499999998e+01
-1.9943991400000001e+00
-1.1633406000000001e+01
3.8359712199999997e+01
9.1495232400000006e+01
-1.5521338099999999e+01
3.9590741100000002e+01
-9.1536417700000001e+00
1.9969417199999999e+00
-1.3867755700000000e+01
5.5342463200000003e+00
-4.9185647299999999e+01
-7.6987924100000001e+01
7.8097208400000000e+01
-4.3890784300000000e+01
-4.2389334800000000e+01
-8.9806597800000006e+01
9.5763907599999996e+01
-3.5564245600000000e+01
-4.7855668500000000e+01
-1.5119000200000000e+01
-8.7621167400000004e+01
-4.3318362399999998e+01
-5.8105737499999996e+01
3.6435517200000000e+01
-6.1372228800000002e+01
-8.7198572799999994e+01
-8.7148280099999994e+01
2.8026083300000000e+01
-3.4893690100000001e+01
5.0663054500000001e+01
-2.8101123800000000e+01
8.5762910599999998e+01
9.6233762200000001e+01
4.3468521899999999e+01
-1.4125083800000001e+01
2.3730972900000001e+01
-3.5580712900000002e+01
-9.3349192000000002e+01
-5.9601926499999998e+01
4.5791672599999998e+01
9.1639589000000001e+01
3.2337874399999997e+01
7.2662127999999996e+01
-7.8684855799999994e+01
1.5437151999999999e+01
2.6809191299999998e+01
9.9734097100000003e+00
8.0197038899999995e+01
7.6557283999999996e+01
-2.2257776499999999e+01
4.3946002800000002e+01
1.4507281200000000e+01
-4.9673352000000001e+01
8.6829215500000004e+01
-9.7400040899999993e+01
3.8019884599999997e+01
8.0603839100000002e+01
9.6900084500000006e+01
1.0453463100000000e+01
7.0367625400000000e-01
8.6927920100000000e-01
9.9592894000000001e+01
2.4050291500000000e+01
-1.3271298800000000e+01
3.2101573399999999e+01
-9.3071916799999997e+01
9.0637235399999994e+01
-4.3368559200000000e+01
6.9294433699999999e+01
-3.2035161600000002e+01
-1.6431489500000001e+01
-4.7346512400000002e+01
-4.6189068300000002e+01
6.3006902699999998e+01
3.7620169300000001e+01
-5.6727767100000001e+01
6.8813466399999996e+01
3.7797547999999999e+01
9.2583446199999997e+01
-9.5276800199999997e+01
-4.7157494600000000e+01
3.9782438500000001e+00
-7.3174158500000004e+01
2.4437958200000001e+01
5.0329384299999997e+00
8.4076561200000000e+01
-4.9039154199999999e+01
-2.5837167800000000e+01
-4.5592364300000000e+01
8.4584977199999997e+01
9.9465818999999996e+01
9.5931809299999998e+01
1.2263903400000000e+01
-3.6641273599999998e+01
-1.9749971500000001e+01
-1.0942228599999999e+00
8.7082603700000007e+01
6.8173497299999994e+01
-4.9543011999999997e+01
2.7997664000000000e+01
-8.1537629199999998e+01
-7.3227322000000001e+01
-3.7590885299999997e+01
2.7748398200000000e+01
-6.8934255199999996e+01
-1.0009596000000000e+01
1.3285316500000000e+01
3.9323048900000003e+01
-1.4685028800000000e+01
-7.5659860699999996e+01
-1.9557066500000000e+00
9.5400772799999999e+01
3.6169379899999998e+00
9.6374653800000004e+01
3.5390084799999997e+01
-2.2720618699999999e+01
6.1857541200000000e+01
-5.5788089899999997e+00
-3.6454498399999999e+01
-8.6301531499999999e+00
-1.7328517399999999e+01
5.5933046900000001e+01
-7.6883821699999999e+01
-9.1469505999999996e+01
4.0876047300000003e+01
4.6684180599999998e+01
2.6371268100000000e-01
7.5117123699999997e+00
-5.7766712400000003e+01
3.3387120000000003e+01
-1.6947170600000000e-01
4.6827618899999997e+01
5.9120840700000002e+01
-5.0833211200000001e+01
3.9933658300000001e+00
2.5321327600000000e+01
-2.0798800400000001e+01
2.4865346500000001e+01
-5.8617371399999996e-01
-1.8946526100000000e-01
2.7842314099999999e+01
5.1986404200000003e+01
-4.7936056999999998e+01
-3.4801679800000002e+01
-6.7491509399999998e+01
-3.5977651700000003e+01
-8.2336513800000006e+01
5.8669994299999995e-01
-5.7389966399999999e+01
-1.8772593900000000e+01
-7.4571035199999997e+01
-9.0580511299999998e+01
-5.7267959200000000e+01
8.9791743699999998e+01
9.5584411500000002e+01
-6.7257212800000001e+00
6.4500260000000003e+00
8.7309209100000000e+00
6.3180218799999999e+01
-5.6150770600000001e+01
3.0549071500000000e+01
5.0044256099999998e+01
-3.5696090800000000e+01
-3.8141007000000002e+01
7.1162448200000004e+00
3.3268917199999999e+00
2.4445875500000000e+01
1.3447849400000001e+01
2.9991015600000001e+01
-6.7124795700000002e+00
-4.9649945600000001e+00
3.8548362200000000e+01
3.1995535799999999e+00
6.7427543900000003e+01
5.3706330199999996e+01
3.4105877200000002e+01
9.3415779599999993e+01
-3.1258085600000001e+01
-2.9688655000000001e+01
-1.2359171800000000e+01
5.3946552199999999e+01
-4.6256172700000000e+01
-3.9911884800000003e+01
7.5634674399999994e+01
6.5447122699999994e+01
-9.1072473800000004e+00
-2.1214569500000000e+01
-7.8589748799999995e+01
-3.7519915099999999e+01
7.5099657100000002e+01
2.3271318800000000e+01
-1.8657050600000002e+01
3.4096967399999997e+01
1.6164617499999999e+01
1.9270610099999999e+01
2.7382498600000002e+01
-4.0143348699999997e+01
9.5044785700000006e+01
3.7852501100000002e-01
3.5043121999999997e+01
7.2749666599999998e+01
-9.3086794499999996e+01
8.9165695399999993e+00
-4.0171867800000003e+00
9.9630171599999997e+01
-3.7233555000000003e+01
1.4107199100000001e+01
4.8359773400000002e+01
3.8324370100000003e+01
-9.2241500200000004e+01
3.2570031299999997e+01
-2.4878801400000001e+00
-7.7752811900000003e+00
1.9524916099999999e+01
8.4422412699999995e+01
9.0841020799999992e+00
-9.2256157200000000e-01
5.8870072000000000e+01
1.6972885200000000e+01
-3.8245548800000002e+01
-1.0082870600000000e+01
-2.5618347600000000e+01
1.0487083900000000e+00
5.2973575599999997e+01
-4.0133481699999997e+01
-4.4745594400000002e+01
-8.1574859000000004e+01
-3.9596263800000003e+01
-8.7494387300000000e+01
-6.3612792499999999e+00
-5.1615016300000001e+00
5.7847578700000000e+01
3.2757658999999997e+01
-1.9487684800000000e+01
-9.5932423900000003e+01
6.6878920800000003e+01
8.2968490599999996e+01
-9.2181756500000006e+01
-9.8156841400000005e+01
3.2574135599999998e+01
-6.2506427700000003e+01
-2.6628097300000000e+01
-1.6939131900000000e+01
-9.4348815799999997e+01
7.7495579199999995e+01
-4.2926590699999998e+01
2.2165799499999999e+01
-5.6922598800000003e+01
-7.8559569199999999e+01
4.2405731400000001e+01
3.6628930300000000e+01
-9.6688545000000005e+01
-1.1184932200000000e+01
2.3366946400000000e+01
5.0577384500000001e+01
3.9360260099999998e+01
-3.6465578499999999e+01
4.0432188099999998e+01
6.7564250700000002e+01
-4.8748658599999999e+01
2.1265663900000000e+01
-5.0451365500000001e+01
3.9210073199999997e+01
6.1193008300000002e+01
-1.0964410500000000e+01
-2.8777305699999999e+01
-5.1196922700000002e+01
5.5593328600000000e+01
-4.1992006199999999e+01
6.2029135300000000e+01
-3.8846382900000002e+01
6.4229361400000002e+01
-8.8542966100000001e+01
-3.5590591500000002e+01
-8.9467151700000002e+01
2.5482924900000000e+01
-1.1818649900000000e+01
7.9334040099999996e+01
2.6983447200000001e+01
-5.8334707000000002e+01
4.9922588300000001e+01
9.7662320699999995e+01
4.8641583699999998e+01
-4.7730147100000003e+01
2.7861898799999999e+01
3.1232856699999999e+01
-8.7991038799999998e+01
7.1233392600000002e+01
6.9594608100000002e+01
-4.2179181600000000e+01
9.3795541100000008e+00
-4.4328709799999999e+01
-5.2096275900000002e+00
5.0024663300000000e+01
-3.5003756099999997e+01
-6.3389631700000002e+01
-4.2728758399999997e+01
6.3974390399999997e+01
-4.8468454500000000e+01
5.2600312000000002e+01
8.8162566900000002e+01
7.3077907800000006e+01
6.6830494099999996e+01
9.0600679099999994e+01
5.0972051399999998e+01
-2.3793115400000001e+01
-8.5776933499999998e+01
6.5616216399999999e+01
-1.4033962000000001e+01
-5.0083366300000002e+01
5.5020215500000003e+00
-1.9147345800000000e+01
1.4714918000000001e+01
-7.2575588400000001e+01
9.9948957600000000e+01
-4.1640295100000003e+01
-1.4334397600000001e+01
-5.7414867299999997e+01
-4.0650857100000003e+01
-8.5977626900000004e+01
3.2873399100000000e+01
-1.6932193000000002e+01
1.4695651000000000e+01
-2.2937972400000000e+01
1.6417331600000001e+01
9.6876911300000003e+01
1.5508689100000000e+01
4.3858784999999997e+01
-2.7270094900000000e+01
1.0687764000000000e+01
5.7313404800000001e+01
5.7657154200000003e+00
-4.5318868000000002e+01
-4.5296188400000004e+00
6.0527705800000000e+01
-7.2366146000000002e+00
2.1501407199999999e+01
5.0836056499999998e+01
-4.5418399399999998e+01
4.7573038699999998e+01
-7.9793446799999998e+01
-2.0872783699999999e+01
3.0522935100000002e+01
-2.2324297699999999e+01
-5.4153704599999998e+01
4.3268128200000000e+01
1.9847384699999999e+01
-6.1920183199999997e+01
3.1895399699999999e+01
-7.5744679200000000e+00
2.2293741900000001e+00
6.4553701799999999e+01
-5.1715051299999999e+00
6.2048549199999997e+01
6.6328107500000002e+01
1.2591609800000001e+01
7.1706189699999996e+01
-9.6141106199999996e+01
6.2589597200000000e+01
6.8207629100000005e+01
7.2063267400000001e+01
-7.9073862199999994e+01
-2.7875711800000001e+01
-6.3971791199999998e+01
2.9596224599999999e+01
2.6852854399999998e+01
4.0297305999999999e+01
-2.3872225000000000e+01
1.0198934400000001e+01
6.0008317599999998e+01
-8.9540693399999995e+01
1.2617333399999999e+00
8.8262501000000000e+01
3.1898596800000000e+01
3.9071702999999999e+01
-2.1503131199999999e+01
9.2454609000000005e+01
-5.2995347000000002e+01
-8.6206801900000002e+01
-3.5266315400000003e+01
-2.9110352500000001e+01
-2.1955096300000001e+01
-3.1048781500000000e+01
2.0495833300000001e+01
5.7533712800000004e+01
-3.2824074799999998e+01
5.5253679900000002e+01
6.3316180900000001e+00
-6.0730375100000003e+01
5.7810395900000003e+01
9.1970572399999995e+01
-1.1869481499999999e+01
7.3259987300000006e+01
-6.6768273500000006e+01
-2.2548032599999999e+01
7.0601888400000007e+01
-4.3145209800000003e+01
-6.7403789500000002e+00
-1.1594725600000000e+00
6.2361792100000002e+01
-4.2701699200000000e+01
3.6957179400000002e+00
-3.6404805000000003e+01
4.1819717500000003e+01
-2.6451326200000000e+01
-1.3484768100000000e+01
8.6620246899999998e+01
-5.0830178900000000e+01
5.2854638600000001e+01
6.9718239900000000e+01
1.9691392900000000e+01
9.6846930699999998e+00
4.2868086800000000e+01
-3.7756844800000003e+01
-4.2599633300000001e+01
-6.2808619900000000e+00
-5.1211204799999997e+01
-5.5446701200000000e+01
-8.9474495200000007e+01
6.2178796699999999e+01
-1.7974894200000001e+01
-5.8035640700000002e+01
6.8124598100000000e+01
6.4704671099999999e+01
-9.6185512099999997e+01
-2.6725348000000000e+01
3.5722637200000000e+00
4.5887025299999999e+00
-1.3979534100000000e+01
4.8167724300000003e+01
-4.0240332600000002e+01
5.5394398299999999e+01
2.8164726000000002e+01
5.1620845199999998e+01
-8.4557374499999995e+01
2.5711940800000001e+01
-8.1055765500000007e+01
-7.6738898199999994e+01
4.8204115399999999e+01
1.6845667899999999e+01
-7.0496771199999998e+01
4.3524502399999996e+00
9.6895188399999995e+01
-4.2677776900000000e+00
6.0308454800000000e+01
-6.6670664299999999e+01
-3.5437413399999997e+01
-7.4302261099999996e+01
4.1922142999999998e+00
4.7420445700000002e+01
4.3760091600000003e+01
2.4716256500000000e+01
3.9782664699999998e+01
-1.7640027400000001e+01
-8.2398572299999998e+01
4.7990040600000000e+01
-2.6123725300000000e+01
5.0918331899999998e+01
-2.6322701599999998e+01
4.7747140600000002e+01
2.1671492600000001e+01
6.9219397200000003e+01
-1.4298622399999999e+01
-6.3785143599999998e+01
-3.3226992600000003e+01
-1.9633059799999999e+00
-4.4814905199999998e+01
-4.5034079499999997e+01
-8.3336783100000005e+01
-7.2283606100000000e+01
-2.9889717699999999e+01
-5.3267797199999997e+01
-5.8287370599999999e+00
-3.0118083400000000e+01
-2.8976735399999999e+01
8.6814947200000006e+01
-1.9576007700000002e+01
1.5898871099999999e+01
-2.1808897800000000e+01
-8.0329936799999999e+01
2.4467361400000001e+01
-5.5687256400000003e+01
1.3057612799999999e+01
9.5552095200000000e+00
-7.3198328799999999e+01
1.9360492700000002e+01
-6.8987495600000003e+01
-9.8874060600000007e+01
-9.7327096800000007e+01
-2.8658468599999999e+01
-3.8437718400000001e+01
-3.3603886799999998e+01
5.4949301200000000e-01
-4.7747969200000000e+01
6.9199866999999999e+00
8.7483696200000001e+00
9.0983839000000003e+01
2.7564994700000000e+01
-6.2536061300000000e+01
5.0873838400000002e+00
3.5327962700000000e+01
-1.0559483000000000e+01
5.1757002999999999e+00
-1.4805957500000000e+01
2.0851828800000000e+01
1.1046681899999999e+01
2.3685217800000000e+01
-8.5865821900000000e+01
4.6304544100000001e+01
-9.2700724400000001e-01
-9.3307496000000000e+01
3.7335453100000002e+01
3.4625070700000002e+01
-6.0138166300000000e+00
1.1373052899999999e+01
2.2627076899999999e+01
2.2989592699999999e+01
-2.9196783600000000e+01
9.7074808700000006e+01
-5.9034256599999999e+00
1.3425744399999999e+01
-2.4837841300000001e+00
2.2730677100000001e+01
8.5406763100000006e+01
5.0864830800000000e+01
7.6301719800000001e+01
5.6153292999999998e+01
-1.7363467000000000e+01
5.5586998299999998e+01
5.1018400900000003e+01
9.0688053499999995e+01
-2.9239080600000001e+01
1.6905554800000001e+01
1.8571626599999998e+01
-4.9015431000000000e+01
3.8034889200000002e+01
9.7441060899999997e+01
5.3648251500000001e+01
-1.6648017599999999e+01
3.9873914499999998e+01
4.0828422300000000e+01
5.9469454200000001e+01
-4.6141300200000003e+01
1.6214943600000002e+01
-4.4129612100000003e+01
-1.8633220699999999e+01
-2.9103349000000001e+01
-5.1067079300000003e+01
-7.7551550599999999e+01
7.1056088500000001e+01
6.2990481299999999e+01
7.3926492699999997e+01
-5.8393498999999998e+01
-4.4774292000000003e+01
-7.8417814199999995e+01
5.0602164600000002e+01
7.0581227999999996e+01
-1.5864107799999999e+01
4.4323873000000003e+00
-6.0914544300000003e+01
-5.0211275200000003e+00
-6.6296722399999997e+00
1.9444689400000001e+01
-2.4718445899999999e+01
-6.0311414799999996e+00
3.8998934100000000e+01
-8.0849334200000001e+01
2.1876431199999999e+01
-9.7830599100000001e+01
3.4597800700000001e+01
9.9584664099999998e+01
-3.8254073300000002e+01
-1.4382700900000000e+01
-5.3988204699999997e+01
4.3215883000000002e+00
9.2070117400000001e+01
3.1563430400000001e+01
-1.6669337400000000e+01
3.0982918500000000e+01
3.9066023400000001e+00
-5.0693161199999999e+01
5.3683366999999997e+01
1.0306632499999999e+01
8.5351338299999995e+01
4.1779125800000003e+01
2.5805481100000002e+01
3.9008378999999998e+01
4.5613359500000001e+01
9.3666603700000000e+00
-1.9201827099999999e+01
-1.5833894300000001e+01
2.5460637299999998e+01
5.8600217299999997e+01
6.5105218300000004e+01
2.2589614800000000e+01
9.5089516099999997e+01
-7.6673919299999994e+01
-1.0697956100000001e+01
6.4687765600000006e+01
4.2425752000000003e+01
7.1452103899999997e+01
-3.3393882099999999e+01
5.2492983799999998e+01
7.2036691199999998e+00
-5.9543706399999998e+01
-9.9267637199999996e+01
4.7939563300000003e+01
3.3290730799999999e+01
8.9087075200000001e+01
-6.6381470100000001e+01
-1.5427482100000001e+01
3.5646032699999999e+01
-3.1718013800000000e-01
-2.6557479699999998e+01
2.4966508300000001e+01
1.5218992800000001e+01
2.5953500900000002e+01
-2.0560493800000000e+01
-2.9247209099999999e+01
-1.6715219399999999e+01
3.8958080299999999e+01
-4.1396887999999997e+01
5.7939360499999999e+01
-3.3062626500000000e+01
-7.0268301699999995e+01
9.9906136200000006e+01
1.1449570400000001e+01
-7.2259271900000002e+00
-9.5847798999999995e+01
6.2502631800000003e+01
4.4218439600000004e+01
-3.9490591700000003e+01
-5.8262876900000000e+00
2.5794729799999999e+01
3.1638744500000001e+01
4.3749009299999999e+00
-2.9653611799999999e+00
5.7022911899999997e+01
-9.6733798300000004e+01
-1.8738169899999999e+01
-6.2319640600000000e+01
2.2545810100000001e+01
-2.7163659599999999e+01
1.5156324500000000e+01
-5.4131011899999997e+01
1.0986057600000001e+01
-7.3128298000000001e+01
5.7017456400000000e+01
-1.7326858000000001e+01
-1.0818151200000001e+01
5.7231825700000002e+01
7.7590769800000004e+01
8.7628084799999996e+01
5.2161926299999998e+01
-9.2612658800000005e+01
2.2653120099999999e+01
6.7308685400000002e+01
9.5479608999999996e+01
-7.4224480900000003e+01
4.6730731800000001e+01
-8.8076871899999993e+00
-2.2715459100000000e+01
-1.0944501900000001e+01
-1.6510426400000000e+01
5.2655920999999999e+01
6.6836563200000001e+01
-8.5835418399999995e+01
9.7217971899999995e+01
4.2277392999999996e+01
4.7995281299999997e+00
5.8498858599999998e+01
-6.4784155600000005e+01
-1.6576129800000000e+01
-2.9705858700000000e+01
-3.5493359200000000e+01
-2.4063525100000000e+01
9.3726810000000000e+01
-2.4186286400000000e+01
-3.1236654300000001e+01
1.7076097000000001e+01
-2.8301505400000000e+01
2.5039256499999998e+00
-3.3295519400000003e+01
3.6357893599999997e+01
-5.5862399199999999e+01
6.4018933700000005e+01
-1.2370084500000001e+01
-3.0631882999999998e+01
6.9467201000000003e+00
2.0225415999999999e+01
-4.4014442299999999e+01
-4.1725979299999999e+01
-6.7471321000000000e+00
-7.6540762000000001e+01
-1.4650654100000001e+01
-6.8087231099999999e+00
6.9420890000000000e+01
-7.7099360799999999e+01
-5.6062589600000003e+01
9.6275217900000001e+01
5.3825875500000002e+01
-2.7934513899999999e+01
-3.5494884300000002e+01
7.6860332099999994e+01
1.3559089900000000e+01
2.4629749500000000e+00
6.8458801899999997e+01
-2.5057005900000000e+01
2.1913035199999999e+01
4.0828506200000000e+01
8.0327892800000001e+01
-7.1904666800000001e+01
-3.6261644599999997e+01
-7.8754582499999998e+01
-5.5237737199999998e+01
5.0748317600000000e+01
3.4411457699999999e+00
3.9006133800000001e+01
-4.5002165400000003e+01
-4.0504126400000002e+00
9.4039967200000007e+01
-1.1431160200000001e+01
-5.2290977500000002e+00
4.2380601900000002e+01
1.3889134100000000e+01
-3.3860427899999998e+01
-2.9291983699999999e+01
8.4446958899999998e+01
-6.1112541499999999e+01
1.8576388500000000e+01
6.7250553100000005e+01
-4.1065218100000003e+00
2.9303912100000002e+01
8.1343346800000006e+01
3.0065489899999999e+01
7.0153126700000001e+01
-7.6968758300000005e+01
-6.7750399200000004e+01
6.7599036699999999e+01
8.2508292000000005e-01
-7.1761766499999993e+01
-7.8833202399999998e+00
-7.1544386799999998e+01
-5.8698403499999998e+01
5.9082828999999997e+01
9.9307190199999994e+01
-2.8775894099999999e+01
-6.4678981699999994e+01
7.1134944200000007e+01
-6.4583258999999998e+01
6.2362303099999998e+01
